SegmentId;StartTime;EndTime;Speed
1071729215;2019-06-03 00:00:00;2019-06-03 00:30:00;
1071729215;2019-06-03 00:30:00;2019-06-03 01:00:00;
1071729215;2019-06-03 01:00:00;2019-06-03 01:30:00;
1071729215;2019-06-03 01:30:00;2019-06-03 02:00:00;
1071729215;2019-06-03 02:00:00;2019-06-03 02:30:00;
1071729215;2019-06-03 02:30:00;2019-06-03 03:00:00;
1071729215;2019-06-03 03:00:00;2019-06-03 03:30:00;
1071729215;2019-06-03 03:30:00;2019-06-03 04:00:00;
1071729215;2019-06-03 04:00:00;2019-06-03 04:30:00;
1071729215;2019-06-03 04:30:00;2019-06-03 05:00:00;
1071729215;2019-06-03 05:00:00;2019-06-03 05:30:00;
1071729215;2019-06-03 05:30:00;2019-06-03 06:00:00;
1071729215;2019-06-03 06:00:00;2019-06-03 06:30:00;
1071729215;2019-06-03 06:30:00;2019-06-03 07:00:00;
1071729215;2019-06-03 07:00:00;2019-06-03 07:30:00;
1071729215;2019-06-03 07:30:00;2019-06-03 08:00:00;
1071729215;2019-06-03 08:00:00;2019-06-03 08:30:00;124.0
1071729215;2019-06-03 08:30:00;2019-06-03 09:00:00;110.83333333333333
1071729215;2019-06-03 09:00:00;2019-06-03 09:30:00;98.33333333333333
1071729215;2019-06-03 09:30:00;2019-06-03 10:00:00;87.16666666666667
1071729215;2019-06-03 10:00:00;2019-06-03 10:30:00;89.43333333333334
1071729215;2019-06-03 10:30:00;2019-06-03 11:00:00;98.83333333333333
1071729215;2019-06-03 11:00:00;2019-06-03 11:30:00;94.63333333333334
1071729215;2019-06-03 11:30:00;2019-06-03 12:00:00;88.86666666666666
1071729215;2019-06-03 12:00:00;2019-06-03 12:30:00;90.83333333333333
1071729215;2019-06-03 12:30:00;2019-06-03 13:00:00;89.56666666666666
1071729215;2019-06-03 13:00:00;2019-06-03 13:30:00;97.96666666666667
1071729215;2019-06-03 13:30:00;2019-06-03 14:00:00;82.93333333333334
1071729215;2019-06-03 14:00:00;2019-06-03 14:30:00;83.4
1071729215;2019-06-03 14:30:00;2019-06-03 15:00:00;89.53333333333333
1071729215;2019-06-03 15:00:00;2019-06-03 15:30:00;94.33333333333333
1071729215;2019-06-03 15:30:00;2019-06-03 16:00:00;96.46666666666667
1071729215;2019-06-03 16:00:00;2019-06-03 16:30:00;90.63333333333334
1071729215;2019-06-03 16:30:00;2019-06-03 17:00:00;102.66666666666667
1071729215;2019-06-03 17:00:00;2019-06-03 17:30:00;113.83333333333333
1071729215;2019-06-03 17:30:00;2019-06-03 18:00:00;108.06666666666666
1071729215;2019-06-03 18:00:00;2019-06-03 18:30:00;83.76666666666667
1071729215;2019-06-03 18:30:00;2019-06-03 19:00:00;106.3
1071729215;2019-06-03 19:00:00;2019-06-03 19:30:00;87.86666666666666
1071729215;2019-06-03 19:30:00;2019-06-03 20:00:00;93.24137931034483
1071729215;2019-06-03 20:00:00;2019-06-03 20:30:00;98.2
1071729215;2019-06-03 20:30:00;2019-06-03 21:00:00;92.0
1071729215;2019-06-03 21:00:00;2019-06-03 21:30:00;92.0
1071729215;2019-06-03 21:30:00;2019-06-03 22:00:00;86.5
1071729215;2019-06-03 22:00:00;2019-06-03 22:30:00;106.06666666666666
1071729215;2019-06-03 22:30:00;2019-06-03 23:00:00;99.5
1071729215;2019-06-03 23:00:00;2019-06-03 23:30:00;135.0
1071729215;2019-06-03 23:30:00;2019-06-03 23:59:59;106.6
1071729215;2019-06-04 00:00:00;2019-06-04 00:30:00;91.1
1071729215;2019-06-04 00:30:00;2019-06-04 01:00:00;89.2
1071729215;2019-06-04 01:00:00;2019-06-04 01:30:00;92.5
1071729215;2019-06-04 01:30:00;2019-06-04 02:00:00;92.0
1071729215;2019-06-04 02:00:00;2019-06-04 02:30:00;92.0
1071729215;2019-06-04 02:30:00;2019-06-04 03:00:00;92.0
1071729215;2019-06-04 03:00:00;2019-06-04 03:30:00;101.16666666666667
1071729215;2019-06-04 03:30:00;2019-06-04 04:00:00;90.7
1071729215;2019-06-04 04:00:00;2019-06-04 04:30:00;93.86666666666666
1071729215;2019-06-04 04:30:00;2019-06-04 05:00:00;98.23333333333333
1071729215;2019-06-04 05:00:00;2019-06-04 05:30:00;91.9
1071729215;2019-06-04 05:30:00;2019-06-04 06:00:00;95.13333333333334
1071729215;2019-06-04 06:00:00;2019-06-04 06:30:00;92.96666666666667
1071729215;2019-06-04 06:30:00;2019-06-04 07:00:00;92.16666666666667
1071729215;2019-06-04 07:00:00;2019-06-04 07:30:00;92.16666666666667
1071729215;2019-06-04 07:30:00;2019-06-04 08:00:00;99.83333333333333
1071729215;2019-06-04 08:00:00;2019-06-04 08:30:00;104.7
1071729215;2019-06-04 08:30:00;2019-06-04 09:00:00;98.93333333333334
1071729215;2019-06-04 09:00:00;2019-06-04 09:30:00;92.8
1071729215;2019-06-04 09:30:00;2019-06-04 10:00:00;95.06666666666666
1071729215;2019-06-04 10:00:00;2019-06-04 10:30:00;104.5
1071729215;2019-06-04 10:30:00;2019-06-04 11:00:00;87.56666666666666
1071729215;2019-06-04 11:00:00;2019-06-04 11:30:00;90.0
1071729215;2019-06-04 11:30:00;2019-06-04 12:00:00;95.1
1071729215;2019-06-04 12:00:00;2019-06-04 12:30:00;94.13333333333334
1071729215;2019-06-04 12:30:00;2019-06-04 13:00:00;101.4
1071729215;2019-06-04 13:00:00;2019-06-04 13:30:00;103.06666666666666
1071729215;2019-06-04 13:30:00;2019-06-04 14:00:00;111.66666666666667
1071729215;2019-06-04 14:00:00;2019-06-04 14:30:00;105.86666666666666
1071729215;2019-06-04 14:30:00;2019-06-04 15:00:00;97.3
1071729215;2019-06-04 15:00:00;2019-06-04 15:30:00;88.46666666666667
1071729215;2019-06-04 15:30:00;2019-06-04 16:00:00;82.16666666666667
1071729215;2019-06-04 16:00:00;2019-06-04 16:30:00;25.2
1071729215;2019-06-04 16:30:00;2019-06-04 17:00:00;
1071729215;2019-06-04 17:00:00;2019-06-04 17:30:00;
1071729215;2019-06-04 17:30:00;2019-06-04 18:00:00;
1071729215;2019-06-04 18:00:00;2019-06-04 18:30:00;
1071729215;2019-06-04 18:30:00;2019-06-04 19:00:00;
1071729215;2019-06-04 19:00:00;2019-06-04 19:30:00;
1071729215;2019-06-04 19:30:00;2019-06-04 20:00:00;
1071729215;2019-06-04 20:00:00;2019-06-04 20:30:00;
1071729215;2019-06-04 20:30:00;2019-06-04 21:00:00;
1071729215;2019-06-04 21:00:00;2019-06-04 21:30:00;
1071729215;2019-06-04 21:30:00;2019-06-04 22:00:00;
1071729215;2019-06-04 22:00:00;2019-06-04 22:30:00;
1071729215;2019-06-04 22:30:00;2019-06-04 23:00:00;
1071729215;2019-06-04 23:00:00;2019-06-04 23:30:00;
1071729215;2019-06-04 23:30:00;2019-06-04 23:59:59;
1071729215;2019-06-05 00:00:00;2019-06-05 00:30:00;
1071729215;2019-06-05 00:30:00;2019-06-05 01:00:00;
1071729215;2019-06-05 01:00:00;2019-06-05 01:30:00;
1071729215;2019-06-05 01:30:00;2019-06-05 02:00:00;
1071729215;2019-06-05 02:00:00;2019-06-05 02:30:00;
1071729215;2019-06-05 02:30:00;2019-06-05 03:00:00;
1071729215;2019-06-05 03:00:00;2019-06-05 03:30:00;
1071729215;2019-06-05 03:30:00;2019-06-05 04:00:00;5.666666666666667
1071729215;2019-06-05 04:00:00;2019-06-05 04:30:00;88.63333333333334
1071729215;2019-06-05 04:30:00;2019-06-05 05:00:00;97.9
1071729215;2019-06-05 05:00:00;2019-06-05 05:30:00;100.23333333333333
1071729215;2019-06-05 05:30:00;2019-06-05 06:00:00;98.83333333333333
1071729215;2019-06-05 06:00:00;2019-06-05 06:30:00;100.33333333333333
1071729215;2019-06-05 06:30:00;2019-06-05 07:00:00;95.46666666666667
1071729215;2019-06-05 07:00:00;2019-06-05 07:30:00;107.23333333333333
1071729215;2019-06-05 07:30:00;2019-06-05 08:00:00;103.89655172413794
1071729215;2019-06-05 08:00:00;2019-06-05 08:30:00;101.6
1071729215;2019-06-05 08:30:00;2019-06-05 09:00:00;81.86666666666666
1071729215;2019-06-05 09:00:00;2019-06-05 09:30:00;103.93333333333334
1071729215;2019-06-05 09:30:00;2019-06-05 10:00:00;93.13333333333334
1071729215;2019-06-05 10:00:00;2019-06-05 10:30:00;110.1
1071729215;2019-06-05 10:30:00;2019-06-05 11:00:00;96.3
1071729215;2019-06-05 11:00:00;2019-06-05 11:30:00;95.5
1071729215;2019-06-05 11:30:00;2019-06-05 12:00:00;108.1
1071729215;2019-06-05 12:00:00;2019-06-05 12:30:00;89.56666666666666
1071729215;2019-06-05 12:30:00;2019-06-05 13:00:00;100.16666666666667
1071729215;2019-06-05 13:00:00;2019-06-05 13:30:00;100.06666666666666
1071729215;2019-06-05 13:30:00;2019-06-05 14:00:00;114.33333333333333
1071729215;2019-06-05 14:00:00;2019-06-05 14:30:00;94.43333333333334
1071729215;2019-06-05 14:30:00;2019-06-05 15:00:00;93.4
1071729215;2019-06-05 15:00:00;2019-06-05 15:30:00;109.43333333333334
1071729215;2019-06-05 15:30:00;2019-06-05 16:00:00;100.6
1071729215;2019-06-05 16:00:00;2019-06-05 16:30:00;101.36666666666666
1071729215;2019-06-05 16:30:00;2019-06-05 17:00:00;97.33333333333333
1071729215;2019-06-05 17:00:00;2019-06-05 17:30:00;103.43333333333334
1071729215;2019-06-05 17:30:00;2019-06-05 18:00:00;105.6
1071729215;2019-06-05 18:00:00;2019-06-05 18:30:00;92.86666666666666
1071729215;2019-06-05 18:30:00;2019-06-05 19:00:00;111.0
1071729215;2019-06-05 19:00:00;2019-06-05 19:30:00;98.86666666666666
1071729215;2019-06-05 19:30:00;2019-06-05 20:00:00;83.03333333333333
1071729215;2019-06-05 20:00:00;2019-06-05 20:30:00;92.0
1071729215;2019-06-05 20:30:00;2019-06-05 21:00:00;92.53333333333333
1071729215;2019-06-05 21:00:00;2019-06-05 21:30:00;94.76666666666667
1071729215;2019-06-05 21:30:00;2019-06-05 22:00:00;88.3
1071729215;2019-06-05 22:00:00;2019-06-05 22:30:00;90.8
1071729215;2019-06-05 22:30:00;2019-06-05 23:00:00;93.8
1071729215;2019-06-05 23:00:00;2019-06-05 23:30:00;93.4
1071729215;2019-06-05 23:30:00;2019-06-05 23:59:59;95.0
1071729215;2019-06-06 00:00:00;2019-06-06 00:30:00;94.06666666666666
1071729215;2019-06-06 00:30:00;2019-06-06 01:00:00;100.1
1071729215;2019-06-06 01:00:00;2019-06-06 01:30:00;91.3
1071729215;2019-06-06 01:30:00;2019-06-06 02:00:00;108.4
1071729215;2019-06-06 02:00:00;2019-06-06 02:30:00;111.4
1071729215;2019-06-06 02:30:00;2019-06-06 03:00:00;103.73333333333333
1071729215;2019-06-06 03:00:00;2019-06-06 03:30:00;122.6
1071729215;2019-06-06 03:30:00;2019-06-06 04:00:00;91.13333333333334
1071729215;2019-06-06 04:00:00;2019-06-06 04:30:00;99.0
1071729215;2019-06-06 04:30:00;2019-06-06 05:00:00;102.2
1071729215;2019-06-06 05:00:00;2019-06-06 05:30:00;90.8
1071729215;2019-06-06 05:30:00;2019-06-06 06:00:00;86.33333333333333
1071729215;2019-06-06 06:00:00;2019-06-06 06:30:00;85.86666666666666
1071729215;2019-06-06 06:30:00;2019-06-06 07:00:00;87.56666666666666
1071729215;2019-06-06 07:00:00;2019-06-06 07:30:00;94.2
1071729215;2019-06-06 07:30:00;2019-06-06 08:00:00;89.53333333333333
1071729215;2019-06-06 08:00:00;2019-06-06 08:30:00;97.6
1071729215;2019-06-06 08:30:00;2019-06-06 09:00:00;94.93333333333334
1071729215;2019-06-06 09:00:00;2019-06-06 09:30:00;89.53333333333333
1071729215;2019-06-06 09:30:00;2019-06-06 10:00:00;101.93333333333334
1071729215;2019-06-06 10:00:00;2019-06-06 10:30:00;112.46666666666667
1071729215;2019-06-06 10:30:00;2019-06-06 11:00:00;102.36666666666666
1071729215;2019-06-06 11:00:00;2019-06-06 11:30:00;104.8
1071729215;2019-06-06 11:30:00;2019-06-06 12:00:00;96.76666666666667
1071729215;2019-06-06 12:00:00;2019-06-06 12:30:00;100.13333333333334
1071729215;2019-06-06 12:30:00;2019-06-06 13:00:00;119.2
1071729215;2019-06-06 13:00:00;2019-06-06 13:30:00;112.36666666666666
1071729215;2019-06-06 13:30:00;2019-06-06 14:00:00;94.43333333333334
1071729215;2019-06-06 14:00:00;2019-06-06 14:30:00;98.3
1071729215;2019-06-06 14:30:00;2019-06-06 15:00:00;104.76666666666667
1071729215;2019-06-06 15:00:00;2019-06-06 15:30:00;110.9
1071729215;2019-06-06 15:30:00;2019-06-06 16:00:00;94.2
1071729215;2019-06-06 16:00:00;2019-06-06 16:30:00;91.23333333333333
1071729215;2019-06-06 16:30:00;2019-06-06 17:00:00;103.8
1071729215;2019-06-06 17:00:00;2019-06-06 17:30:00;100.93333333333334
1071729215;2019-06-06 17:30:00;2019-06-06 18:00:00;93.3
1071729215;2019-06-06 18:00:00;2019-06-06 18:30:00;94.56666666666666
1071729215;2019-06-06 18:30:00;2019-06-06 19:00:00;100.8
1071729215;2019-06-06 19:00:00;2019-06-06 19:30:00;103.8
1071729215;2019-06-06 19:30:00;2019-06-06 20:00:00;102.2
1071729215;2019-06-06 20:00:00;2019-06-06 20:30:00;97.53333333333333
1071729215;2019-06-06 20:30:00;2019-06-06 21:00:00;95.86666666666666
1071729215;2019-06-06 21:00:00;2019-06-06 21:30:00;93.3
1071729215;2019-06-06 21:30:00;2019-06-06 22:00:00;90.4
1071729215;2019-06-06 22:00:00;2019-06-06 22:30:00;92.0
1071729215;2019-06-06 22:30:00;2019-06-06 23:00:00;92.0
1071729215;2019-06-06 23:00:00;2019-06-06 23:30:00;92.0
1071729215;2019-06-06 23:30:00;2019-06-06 23:59:59;92.0
1071729215;2019-06-07 00:00:00;2019-06-07 00:30:00;92.0
1071729215;2019-06-07 00:30:00;2019-06-07 01:00:00;92.0
1071729215;2019-06-07 01:00:00;2019-06-07 01:30:00;92.0
1071729215;2019-06-07 01:30:00;2019-06-07 02:00:00;92.0
1071729215;2019-06-07 02:00:00;2019-06-07 02:30:00;92.0
1071729215;2019-06-07 02:30:00;2019-06-07 03:00:00;92.0
1071729215;2019-06-07 03:00:00;2019-06-07 03:30:00;85.0
1071729215;2019-06-07 03:30:00;2019-06-07 04:00:00;85.0
1071729215;2019-06-07 04:00:00;2019-06-07 04:30:00;92.0
1071729215;2019-06-07 04:30:00;2019-06-07 05:00:00;93.43333333333334
1071729215;2019-06-07 05:00:00;2019-06-07 05:30:00;94.6
1071729215;2019-06-07 05:30:00;2019-06-07 06:00:00;92.93333333333334
1071729215;2019-06-07 06:00:00;2019-06-07 06:30:00;110.66666666666667
1071729215;2019-06-07 06:30:00;2019-06-07 07:00:00;86.83333333333333
1071729215;2019-06-07 07:00:00;2019-06-07 07:30:00;101.33333333333333
1071729215;2019-06-07 07:30:00;2019-06-07 08:00:00;101.06666666666666
1071729215;2019-06-07 08:00:00;2019-06-07 08:30:00;101.76666666666667
1071729215;2019-06-07 08:30:00;2019-06-07 09:00:00;93.3
1071729215;2019-06-07 09:00:00;2019-06-07 09:30:00;90.7
1071729215;2019-06-07 09:30:00;2019-06-07 10:00:00;89.86666666666666
1071729215;2019-06-07 10:00:00;2019-06-07 10:30:00;92.56666666666666
1071729215;2019-06-07 10:30:00;2019-06-07 11:00:00;93.43333333333334
1071729215;2019-06-07 11:00:00;2019-06-07 11:30:00;92.1
1071729215;2019-06-07 11:30:00;2019-06-07 12:00:00;90.36666666666666
1071729215;2019-06-07 12:00:00;2019-06-07 12:30:00;103.8
1071729215;2019-06-07 12:30:00;2019-06-07 13:00:00;104.1
1071729215;2019-06-07 13:00:00;2019-06-07 13:30:00;100.53333333333333
1071729215;2019-06-07 13:30:00;2019-06-07 14:00:00;100.73333333333333
1071729215;2019-06-07 14:00:00;2019-06-07 14:30:00;91.63333333333334
1071729215;2019-06-07 14:30:00;2019-06-07 15:00:00;96.73333333333333
1071729215;2019-06-07 15:00:00;2019-06-07 15:30:00;109.86666666666666
1071729215;2019-06-07 15:30:00;2019-06-07 16:00:00;101.1
1071729215;2019-06-07 16:00:00;2019-06-07 16:30:00;99.4
1071729215;2019-06-07 16:30:00;2019-06-07 17:00:00;92.53333333333333
1071729215;2019-06-07 17:00:00;2019-06-07 17:30:00;101.33333333333333
1071729215;2019-06-07 17:30:00;2019-06-07 18:00:00;101.5
1071729215;2019-06-07 18:00:00;2019-06-07 18:30:00;103.3
1071729215;2019-06-07 18:30:00;2019-06-07 19:00:00;121.4
1071729215;2019-06-07 19:00:00;2019-06-07 19:30:00;112.3
1071729215;2019-06-07 19:30:00;2019-06-07 20:00:00;107.06666666666666
1071729215;2019-06-07 20:00:00;2019-06-07 20:30:00;92.9
1071729215;2019-06-07 20:30:00;2019-06-07 21:00:00;92.36666666666666
1071729215;2019-06-07 21:00:00;2019-06-07 21:30:00;107.93333333333334
1071729215;2019-06-07 21:30:00;2019-06-07 22:00:00;105.06666666666666
1071729215;2019-06-07 22:00:00;2019-06-07 22:30:00;100.46666666666667
1071729215;2019-06-07 22:30:00;2019-06-07 23:00:00;97.86666666666666
1071729215;2019-06-07 23:00:00;2019-06-07 23:30:00;109.7
1071729215;2019-06-07 23:30:00;2019-06-07 23:59:59;99.83333333333333
1071729215;2019-06-08 00:00:00;2019-06-08 00:30:00;92.16666666666667
1071729215;2019-06-08 00:30:00;2019-06-08 01:00:00;92.0
1071729215;2019-06-08 01:00:00;2019-06-08 01:30:00;95.16666666666667
1071729215;2019-06-08 01:30:00;2019-06-08 02:00:00;95.8
1071729215;2019-06-08 02:00:00;2019-06-08 02:30:00;92.0
1071729215;2019-06-08 02:30:00;2019-06-08 03:00:00;98.63333333333334
1071729215;2019-06-08 03:00:00;2019-06-08 03:30:00;87.66666666666667
1071729215;2019-06-08 03:30:00;2019-06-08 04:00:00;95.56666666666666
1071729215;2019-06-08 04:00:00;2019-06-08 04:30:00;105.9
1071729215;2019-06-08 04:30:00;2019-06-08 05:00:00;108.73333333333333
1071729215;2019-06-08 05:00:00;2019-06-08 05:30:00;100.86666666666666
1071729215;2019-06-08 05:30:00;2019-06-08 06:00:00;100.3
1071729215;2019-06-08 06:00:00;2019-06-08 06:30:00;99.0
1071729215;2019-06-08 06:30:00;2019-06-08 07:00:00;110.53333333333333
1071729215;2019-06-08 07:00:00;2019-06-08 07:30:00;98.7
1071729215;2019-06-08 07:30:00;2019-06-08 08:00:00;103.7
1071729215;2019-06-08 08:00:00;2019-06-08 08:30:00;91.93333333333334
1071729215;2019-06-08 08:30:00;2019-06-08 09:00:00;94.1
1071729215;2019-06-08 09:00:00;2019-06-08 09:30:00;92.2
1071729215;2019-06-08 09:30:00;2019-06-08 10:00:00;106.43333333333334
1071729215;2019-06-08 10:00:00;2019-06-08 10:30:00;97.56666666666666
1071729215;2019-06-08 10:30:00;2019-06-08 11:00:00;93.43333333333334
1071729215;2019-06-08 11:00:00;2019-06-08 11:30:00;102.03333333333333
1071729215;2019-06-08 11:30:00;2019-06-08 12:00:00;89.8
1071729215;2019-06-08 12:00:00;2019-06-08 12:30:00;105.2
1071729215;2019-06-08 12:30:00;2019-06-08 13:00:00;111.7
1071729215;2019-06-08 13:00:00;2019-06-08 13:30:00;90.16666666666667
1071729215;2019-06-08 13:30:00;2019-06-08 14:00:00;99.13333333333334
1071729215;2019-06-08 14:00:00;2019-06-08 14:30:00;104.3
1071729215;2019-06-08 14:30:00;2019-06-08 15:00:00;108.46666666666667
1071729215;2019-06-08 15:00:00;2019-06-08 15:30:00;109.63333333333334
1071729215;2019-06-08 15:30:00;2019-06-08 16:00:00;105.13333333333334
1071729215;2019-06-08 16:00:00;2019-06-08 16:30:00;107.13333333333334
1071729215;2019-06-08 16:30:00;2019-06-08 17:00:00;98.8
1071729215;2019-06-08 17:00:00;2019-06-08 17:30:00;101.36666666666666
1071729215;2019-06-08 17:30:00;2019-06-08 18:00:00;99.46666666666667
1071729215;2019-06-08 18:00:00;2019-06-08 18:30:00;116.7
1071729215;2019-06-08 18:30:00;2019-06-08 19:00:00;116.63333333333334
1071729215;2019-06-08 19:00:00;2019-06-08 19:30:00;114.1
1071729215;2019-06-08 19:30:00;2019-06-08 20:00:00;105.8
1071729215;2019-06-08 20:00:00;2019-06-08 20:30:00;96.46666666666667
1071729215;2019-06-08 20:30:00;2019-06-08 21:00:00;103.36666666666666
1071729215;2019-06-08 21:00:00;2019-06-08 21:30:00;106.73333333333333
1071729215;2019-06-08 21:30:00;2019-06-08 22:00:00;119.26666666666667
1071729215;2019-06-08 22:00:00;2019-06-08 22:30:00;91.96666666666667
1071729215;2019-06-08 22:30:00;2019-06-08 23:00:00;90.56666666666666
1071729215;2019-06-08 23:00:00;2019-06-08 23:30:00;84.46666666666667
1071729215;2019-06-08 23:30:00;2019-06-08 23:59:59;91.36666666666666
1071729215;2019-06-09 00:00:00;2019-06-09 00:30:00;97.06666666666666
1071729215;2019-06-09 00:30:00;2019-06-09 01:00:00;92.96666666666667
1071729215;2019-06-09 01:00:00;2019-06-09 01:30:00;92.0
1071729215;2019-06-09 01:30:00;2019-06-09 02:00:00;92.0
1071729215;2019-06-09 02:00:00;2019-06-09 02:30:00;92.0
1071729215;2019-06-09 02:30:00;2019-06-09 03:00:00;92.0
1071729215;2019-06-09 03:00:00;2019-06-09 03:30:00;87.0
1071729215;2019-06-09 03:30:00;2019-06-09 04:00:00;87.0
1071729215;2019-06-09 04:00:00;2019-06-09 04:30:00;90.0
1071729215;2019-06-09 04:30:00;2019-06-09 05:00:00;90.0
1071729215;2019-06-09 05:00:00;2019-06-09 05:30:00;95.9
1071729215;2019-06-09 05:30:00;2019-06-09 06:00:00;93.06666666666666
1071729215;2019-06-09 06:00:00;2019-06-09 06:30:00;90.1
1071729215;2019-06-09 06:30:00;2019-06-09 07:00:00;91.56666666666666
1071729215;2019-06-09 07:00:00;2019-06-09 07:30:00;84.83333333333333
1071729215;2019-06-09 07:30:00;2019-06-09 08:00:00;94.43333333333334
1071729215;2019-06-09 08:00:00;2019-06-09 08:30:00;101.7
1071729215;2019-06-09 08:30:00;2019-06-09 09:00:00;101.8
1071729215;2019-06-09 09:00:00;2019-06-09 09:30:00;100.06666666666666
1071729215;2019-06-09 09:30:00;2019-06-09 10:00:00;101.23333333333333
1071729215;2019-06-09 10:00:00;2019-06-09 10:30:00;104.66666666666667
1071729215;2019-06-09 10:30:00;2019-06-09 11:00:00;106.4
1071729215;2019-06-09 11:00:00;2019-06-09 11:30:00;91.1
1071729215;2019-06-09 11:30:00;2019-06-09 12:00:00;95.16666666666667
1071729215;2019-06-09 12:00:00;2019-06-09 12:30:00;87.13333333333334
1071729215;2019-06-09 12:30:00;2019-06-09 13:00:00;86.2
1071729215;2019-06-09 13:00:00;2019-06-09 13:30:00;84.93333333333334
1071729215;2019-06-09 13:30:00;2019-06-09 14:00:00;96.06666666666666
1071729215;2019-06-09 14:00:00;2019-06-09 14:30:00;84.53333333333333
1071729215;2019-06-09 14:30:00;2019-06-09 15:00:00;82.56666666666666
1071729215;2019-06-09 15:00:00;2019-06-09 15:30:00;76.13333333333334
1071729215;2019-06-09 15:30:00;2019-06-09 16:00:00;94.0
1071729215;2019-06-09 16:00:00;2019-06-09 16:30:00;95.6
1071729215;2019-06-09 16:30:00;2019-06-09 17:00:00;87.13333333333334
1071729215;2019-06-09 17:00:00;2019-06-09 17:30:00;97.86666666666666
1071729215;2019-06-09 17:30:00;2019-06-09 18:00:00;99.3
1071729215;2019-06-09 18:00:00;2019-06-09 18:30:00;98.76666666666667
1071729215;2019-06-09 18:30:00;2019-06-09 19:00:00;103.9
1071729215;2019-06-09 19:00:00;2019-06-09 19:30:00;120.83333333333333
1071729215;2019-06-09 19:30:00;2019-06-09 20:00:00;96.43333333333334
1071729215;2019-06-09 20:00:00;2019-06-09 20:30:00;96.7
1071729215;2019-06-09 20:30:00;2019-06-09 21:00:00;106.0
1071729215;2019-06-09 21:00:00;2019-06-09 21:30:00;102.13333333333334
1071729215;2019-06-09 21:30:00;2019-06-09 22:00:00;99.9
1071729215;2019-06-09 22:00:00;2019-06-09 22:30:00;105.3
1071729215;2019-06-09 22:30:00;2019-06-09 23:00:00;110.53333333333333
1071729215;2019-06-09 23:00:00;2019-06-09 23:30:00;102.1
1071729215;2019-06-09 23:30:00;2019-06-09 23:59:59;93.16666666666667
1071729215;2019-06-10 00:00:00;2019-06-10 00:30:00;92.0
1071729215;2019-06-10 00:30:00;2019-06-10 01:00:00;92.0
1071729215;2019-06-10 01:00:00;2019-06-10 01:30:00;92.0
1071729215;2019-06-10 01:30:00;2019-06-10 02:00:00;92.0
1071729215;2019-06-10 02:00:00;2019-06-10 02:30:00;92.0
1071729215;2019-06-10 02:30:00;2019-06-10 03:00:00;93.6
1071729215;2019-06-10 03:00:00;2019-06-10 03:30:00;101.7
1071729215;2019-06-10 03:30:00;2019-06-10 04:00:00;116.26666666666667
1071729215;2019-06-10 04:00:00;2019-06-10 04:30:00;124.1
1071729215;2019-06-10 04:30:00;2019-06-10 05:00:00;97.6
1071729215;2019-06-10 05:00:00;2019-06-10 05:30:00;112.86666666666666
1071729215;2019-06-10 05:30:00;2019-06-10 06:00:00;110.7
1071729215;2019-06-10 06:00:00;2019-06-10 06:30:00;106.83333333333333
1071729215;2019-06-10 06:30:00;2019-06-10 07:00:00;95.89655172413794
1071729215;2019-06-10 07:00:00;2019-06-10 07:30:00;113.36666666666666
1071729215;2019-06-10 07:30:00;2019-06-10 08:00:00;105.0
1071729215;2019-06-10 08:00:00;2019-06-10 08:30:00;104.5
1071729215;2019-06-10 08:30:00;2019-06-10 09:00:00;96.43333333333334
1071729215;2019-06-10 09:00:00;2019-06-10 09:30:00;95.4
1071729215;2019-06-10 09:30:00;2019-06-10 10:00:00;103.03333333333333
1071729215;2019-06-10 10:00:00;2019-06-10 10:30:00;96.7
1071729215;2019-06-10 10:30:00;2019-06-10 11:00:00;94.5
1071729215;2019-06-10 11:00:00;2019-06-10 11:30:00;101.36666666666666
1071729215;2019-06-10 11:30:00;2019-06-10 12:00:00;104.06666666666666
1071729215;2019-06-10 12:00:00;2019-06-10 12:30:00;97.10344827586206
1071729215;2019-06-10 12:30:00;2019-06-10 13:00:00;104.6
1071729215;2019-06-10 13:00:00;2019-06-10 13:30:00;95.1
1071729215;2019-06-10 13:30:00;2019-06-10 14:00:00;94.73333333333333
1071729215;2019-06-10 14:00:00;2019-06-10 14:30:00;99.13333333333334
1071729215;2019-06-10 14:30:00;2019-06-10 15:00:00;103.7
1071729215;2019-06-10 15:00:00;2019-06-10 15:30:00;99.8
1071729215;2019-06-10 15:30:00;2019-06-10 16:00:00;86.66666666666667
1071729215;2019-06-10 16:00:00;2019-06-10 16:30:00;98.46666666666667
1071729215;2019-06-10 16:30:00;2019-06-10 17:00:00;103.8
1071729215;2019-06-10 17:00:00;2019-06-10 17:30:00;117.56666666666666
1071729215;2019-06-10 17:30:00;2019-06-10 18:00:00;97.76666666666667
1071729215;2019-06-10 18:00:00;2019-06-10 18:30:00;109.2
1071729215;2019-06-10 18:30:00;2019-06-10 19:00:00;94.1
1071729215;2019-06-10 19:00:00;2019-06-10 19:30:00;97.53333333333333
1071729215;2019-06-10 19:30:00;2019-06-10 20:00:00;85.5
1071729215;2019-06-10 20:00:00;2019-06-10 20:30:00;91.36666666666666
1071729215;2019-06-10 20:30:00;2019-06-10 21:00:00;92.0
1071729215;2019-06-10 21:00:00;2019-06-10 21:30:00;92.0
1071729215;2019-06-10 21:30:00;2019-06-10 22:00:00;98.16666666666667
1071729215;2019-06-10 22:00:00;2019-06-10 22:30:00;88.7
1071729215;2019-06-10 22:30:00;2019-06-10 23:00:00;91.93333333333334
1071729215;2019-06-10 23:00:00;2019-06-10 23:30:00;91.93333333333334
1071729215;2019-06-10 23:30:00;2019-06-10 23:59:59;92.0
1071729215;2019-06-11 00:00:00;2019-06-11 00:30:00;92.0
1071729215;2019-06-11 00:30:00;2019-06-11 01:00:00;92.0
1071729215;2019-06-11 01:00:00;2019-06-11 01:30:00;92.0
1071729215;2019-06-11 01:30:00;2019-06-11 02:00:00;92.0
1071729215;2019-06-11 02:00:00;2019-06-11 02:30:00;92.0
1071729215;2019-06-11 02:30:00;2019-06-11 03:00:00;92.0
1071729215;2019-06-11 03:00:00;2019-06-11 03:30:00;95.5
1071729215;2019-06-11 03:30:00;2019-06-11 04:00:00;102.1
1071729215;2019-06-11 04:00:00;2019-06-11 04:30:00;98.9
1071729215;2019-06-11 04:30:00;2019-06-11 05:00:00;95.53333333333333
1071729215;2019-06-11 05:00:00;2019-06-11 05:30:00;95.76666666666667
1071729215;2019-06-11 05:30:00;2019-06-11 06:00:00;111.43333333333334
1071729215;2019-06-11 06:00:00;2019-06-11 06:30:00;90.66666666666667
1071729215;2019-06-11 06:30:00;2019-06-11 07:00:00;105.93103448275862
1071729215;2019-06-11 07:00:00;2019-06-11 07:30:00;92.2
1071729215;2019-06-11 07:30:00;2019-06-11 08:00:00;90.2
1071729215;2019-06-11 08:00:00;2019-06-11 08:30:00;100.4
1071729215;2019-06-11 08:30:00;2019-06-11 09:00:00;105.53333333333333
1071729215;2019-06-11 09:00:00;2019-06-11 09:30:00;97.23333333333333
1071729215;2019-06-11 09:30:00;2019-06-11 10:00:00;89.4
1071729215;2019-06-11 10:00:00;2019-06-11 10:30:00;87.06666666666666
1071729215;2019-06-11 10:30:00;2019-06-11 11:00:00;98.63333333333334
1071729215;2019-06-11 11:00:00;2019-06-11 11:30:00;88.66666666666667
1071729215;2019-06-11 11:30:00;2019-06-11 12:00:00;104.06666666666666
1071729215;2019-06-11 12:00:00;2019-06-11 12:30:00;81.86666666666666
1071729215;2019-06-11 12:30:00;2019-06-11 13:00:00;94.3
1071729215;2019-06-11 13:00:00;2019-06-11 13:30:00;103.93333333333334
1071729215;2019-06-11 13:30:00;2019-06-11 14:00:00;99.0
1071729215;2019-06-11 14:00:00;2019-06-11 14:30:00;100.93333333333334
1071729215;2019-06-11 14:30:00;2019-06-11 15:00:00;87.56666666666666
1071729215;2019-06-11 15:00:00;2019-06-11 15:30:00;101.8
1071729215;2019-06-11 15:30:00;2019-06-11 16:00:00;101.0
1071729215;2019-06-11 16:00:00;2019-06-11 16:30:00;88.96666666666667
1071729215;2019-06-11 16:30:00;2019-06-11 17:00:00;88.5
1071729215;2019-06-11 17:00:00;2019-06-11 17:30:00;99.13333333333334
1071729215;2019-06-11 17:30:00;2019-06-11 18:00:00;93.03333333333333
1071729215;2019-06-11 18:00:00;2019-06-11 18:30:00;101.66666666666667
1071729215;2019-06-11 18:30:00;2019-06-11 19:00:00;103.76666666666667
1071729215;2019-06-11 19:00:00;2019-06-11 19:30:00;108.86666666666666
1071729215;2019-06-11 19:30:00;2019-06-11 20:00:00;94.1
1071729215;2019-06-11 20:00:00;2019-06-11 20:30:00;95.0
1071729215;2019-06-11 20:30:00;2019-06-11 21:00:00;102.73333333333333
1071729215;2019-06-11 21:00:00;2019-06-11 21:30:00;91.76666666666667
1071729215;2019-06-11 21:30:00;2019-06-11 22:00:00;85.9
1071729215;2019-06-11 22:00:00;2019-06-11 22:30:00;97.33333333333333
1071729215;2019-06-11 22:30:00;2019-06-11 23:00:00;87.9
1071729215;2019-06-11 23:00:00;2019-06-11 23:30:00;89.86666666666666
1071729215;2019-06-11 23:30:00;2019-06-11 23:59:59;91.23333333333333
1071729215;2019-06-12 00:00:00;2019-06-12 00:30:00;92.0
1071729215;2019-06-12 00:30:00;2019-06-12 01:00:00;92.0
1071729215;2019-06-12 01:00:00;2019-06-12 01:30:00;92.0
1071729215;2019-06-12 01:30:00;2019-06-12 02:00:00;92.0
1071729215;2019-06-12 02:00:00;2019-06-12 02:30:00;92.0
1071729215;2019-06-12 02:30:00;2019-06-12 03:00:00;85.23333333333333
1071729215;2019-06-12 03:00:00;2019-06-12 03:30:00;86.4
1071729215;2019-06-12 03:30:00;2019-06-12 04:00:00;93.86666666666666
1071729215;2019-06-12 04:00:00;2019-06-12 04:30:00;96.9
1071729215;2019-06-12 04:30:00;2019-06-12 05:00:00;114.46666666666667
1071729215;2019-06-12 05:00:00;2019-06-12 05:30:00;106.36666666666666
1071729215;2019-06-12 05:30:00;2019-06-12 06:00:00;105.36666666666666
1071729215;2019-06-12 06:00:00;2019-06-12 06:30:00;87.93333333333334
1071729215;2019-06-12 06:30:00;2019-06-12 07:00:00;91.0
1071729215;2019-06-12 07:00:00;2019-06-12 07:30:00;113.7
1071729215;2019-06-12 07:30:00;2019-06-12 08:00:00;103.13333333333334
1071729215;2019-06-12 08:00:00;2019-06-12 08:30:00;97.7
1071729215;2019-06-12 08:30:00;2019-06-12 09:00:00;91.58620689655173
1071729215;2019-06-12 09:00:00;2019-06-12 09:30:00;94.5
1071729215;2019-06-12 09:30:00;2019-06-12 10:00:00;112.2
1071729215;2019-06-12 10:00:00;2019-06-12 10:30:00;97.7
1071729215;2019-06-12 10:30:00;2019-06-12 11:00:00;106.53333333333333
1071729215;2019-06-12 11:00:00;2019-06-12 11:30:00;103.3103448275862
1071729215;2019-06-12 11:30:00;2019-06-12 12:00:00;98.06666666666666
1071729215;2019-06-12 12:00:00;2019-06-12 12:30:00;89.86666666666666
1071729215;2019-06-12 12:30:00;2019-06-12 13:00:00;89.26666666666667
1071729215;2019-06-12 13:00:00;2019-06-12 13:30:00;96.36666666666666
1071729215;2019-06-12 13:30:00;2019-06-12 14:00:00;101.66666666666667
1071729215;2019-06-12 14:00:00;2019-06-12 14:30:00;91.53333333333333
1071729215;2019-06-12 14:30:00;2019-06-12 15:00:00;94.7
1071729215;2019-06-12 15:00:00;2019-06-12 15:30:00;115.06666666666666
1071729215;2019-06-12 15:30:00;2019-06-12 16:00:00;105.16666666666667
1071729215;2019-06-12 16:00:00;2019-06-12 16:30:00;100.86666666666666
1071729215;2019-06-12 16:30:00;2019-06-12 17:00:00;105.86666666666666
1071729215;2019-06-12 17:00:00;2019-06-12 17:30:00;108.63333333333334
1071729215;2019-06-12 17:30:00;2019-06-12 18:00:00;97.53333333333333
1071729215;2019-06-12 18:00:00;2019-06-12 18:30:00;102.96666666666667
1071729215;2019-06-12 18:30:00;2019-06-12 19:00:00;90.23333333333333
1071729215;2019-06-12 19:00:00;2019-06-12 19:30:00;90.06666666666666
1071729215;2019-06-12 19:30:00;2019-06-12 20:00:00;88.6
1071729215;2019-06-12 20:00:00;2019-06-12 20:30:00;91.83333333333333
1071729215;2019-06-12 20:30:00;2019-06-12 21:00:00;99.3
1071729215;2019-06-12 21:00:00;2019-06-12 21:30:00;96.6
1071729215;2019-06-12 21:30:00;2019-06-12 22:00:00;100.73333333333333
1071729215;2019-06-12 22:00:00;2019-06-12 22:30:00;106.63333333333334
1071729215;2019-06-12 22:30:00;2019-06-12 23:00:00;94.2
1071729215;2019-06-12 23:00:00;2019-06-12 23:30:00;110.36666666666666
1071729215;2019-06-12 23:30:00;2019-06-12 23:59:59;108.5
1071729215;2019-06-13 00:00:00;2019-06-13 00:30:00;96.0
1071729215;2019-06-13 00:30:00;2019-06-13 01:00:00;90.5
1071729215;2019-06-13 01:00:00;2019-06-13 01:30:00;92.0
1071729215;2019-06-13 01:30:00;2019-06-13 02:00:00;92.0
1071729215;2019-06-13 02:00:00;2019-06-13 02:30:00;92.0
1071729215;2019-06-13 02:30:00;2019-06-13 03:00:00;92.0
1071729215;2019-06-13 03:00:00;2019-06-13 03:30:00;85.13333333333334
1071729215;2019-06-13 03:30:00;2019-06-13 04:00:00;84.46666666666667
1071729215;2019-06-13 04:00:00;2019-06-13 04:30:00;87.96666666666667
1071729215;2019-06-13 04:30:00;2019-06-13 05:00:00;94.73333333333333
1071729215;2019-06-13 05:00:00;2019-06-13 05:30:00;113.23333333333333
1071729215;2019-06-13 05:30:00;2019-06-13 06:00:00;103.66666666666667
1071729215;2019-06-13 06:00:00;2019-06-13 06:30:00;95.93333333333334
1071729215;2019-06-13 06:30:00;2019-06-13 07:00:00;90.13333333333334
1071729215;2019-06-13 07:00:00;2019-06-13 07:30:00;90.66666666666667
1071729215;2019-06-13 07:30:00;2019-06-13 08:00:00;91.9
1071729215;2019-06-13 08:00:00;2019-06-13 08:30:00;82.27586206896552
1071729215;2019-06-13 08:30:00;2019-06-13 09:00:00;94.2
1071729215;2019-06-13 09:00:00;2019-06-13 09:30:00;94.63333333333334
1071729215;2019-06-13 09:30:00;2019-06-13 10:00:00;87.3
1071729215;2019-06-13 10:00:00;2019-06-13 10:30:00;91.33333333333333
1071729215;2019-06-13 10:30:00;2019-06-13 11:00:00;84.0
1071729215;2019-06-13 11:00:00;2019-06-13 11:30:00;102.13333333333334
1071729215;2019-06-13 11:30:00;2019-06-13 12:00:00;97.66666666666667
1071729215;2019-06-13 12:00:00;2019-06-13 12:30:00;88.53333333333333
1071729215;2019-06-13 12:30:00;2019-06-13 13:00:00;95.2
1071729215;2019-06-13 13:00:00;2019-06-13 13:30:00;97.83333333333333
1071729215;2019-06-13 13:30:00;2019-06-13 14:00:00;102.46666666666667
1071729215;2019-06-13 14:00:00;2019-06-13 14:30:00;97.8
1071729215;2019-06-13 14:30:00;2019-06-13 15:00:00;96.9
1071729215;2019-06-13 15:00:00;2019-06-13 15:30:00;94.9
1071729215;2019-06-13 15:30:00;2019-06-13 16:00:00;95.3
1071729215;2019-06-13 16:00:00;2019-06-13 16:30:00;111.36666666666666
1071729215;2019-06-13 16:30:00;2019-06-13 17:00:00;112.96666666666667
1071729215;2019-06-13 17:00:00;2019-06-13 17:30:00;107.6
1071729215;2019-06-13 17:30:00;2019-06-13 18:00:00;94.56666666666666
1071729215;2019-06-13 18:00:00;2019-06-13 18:30:00;103.83333333333333
1071729215;2019-06-13 18:30:00;2019-06-13 19:00:00;101.96666666666667
1071729215;2019-06-13 19:00:00;2019-06-13 19:30:00;95.73333333333333
1071729215;2019-06-13 19:30:00;2019-06-13 20:00:00;101.2
1071729215;2019-06-13 20:00:00;2019-06-13 20:30:00;97.1
1071729215;2019-06-13 20:30:00;2019-06-13 21:00:00;92.56666666666666
1071729215;2019-06-13 21:00:00;2019-06-13 21:30:00;92.06666666666666
1071729215;2019-06-13 21:30:00;2019-06-13 22:00:00;92.86666666666666
1071729215;2019-06-13 22:00:00;2019-06-13 22:30:00;92.0
1071729215;2019-06-13 22:30:00;2019-06-13 23:00:00;92.0
1071729215;2019-06-13 23:00:00;2019-06-13 23:30:00;92.2
1071729215;2019-06-13 23:30:00;2019-06-13 23:59:59;106.0
1071729215;2019-06-14 00:00:00;2019-06-14 00:30:00;108.86666666666666
1071729215;2019-06-14 00:30:00;2019-06-14 01:00:00;120.53333333333333
1071729215;2019-06-14 01:00:00;2019-06-14 01:30:00;106.03333333333333
1071729215;2019-06-14 01:30:00;2019-06-14 02:00:00;94.0
1071729215;2019-06-14 02:00:00;2019-06-14 02:30:00;92.0
1071729215;2019-06-14 02:30:00;2019-06-14 03:00:00;92.0
1071729215;2019-06-14 03:00:00;2019-06-14 03:30:00;85.0
1071729215;2019-06-14 03:30:00;2019-06-14 04:00:00;94.43333333333334
1071729215;2019-06-14 04:00:00;2019-06-14 04:30:00;95.96666666666667
1071729215;2019-06-14 04:30:00;2019-06-14 05:00:00;102.2
1071729215;2019-06-14 05:00:00;2019-06-14 05:30:00;95.33333333333333
1071729215;2019-06-14 05:30:00;2019-06-14 06:00:00;91.4
1071729215;2019-06-14 06:00:00;2019-06-14 06:30:00;91.5
1071729215;2019-06-14 06:30:00;2019-06-14 07:00:00;96.13333333333334
1071729215;2019-06-14 07:00:00;2019-06-14 07:30:00;89.43333333333334
1071729215;2019-06-14 07:30:00;2019-06-14 08:00:00;92.6
1071729215;2019-06-14 08:00:00;2019-06-14 08:30:00;104.13333333333334
1071729215;2019-06-14 08:30:00;2019-06-14 09:00:00;97.46666666666667
1071729215;2019-06-14 09:00:00;2019-06-14 09:30:00;98.13333333333334
1071729215;2019-06-14 09:30:00;2019-06-14 10:00:00;101.26666666666667
1071729215;2019-06-14 10:00:00;2019-06-14 10:30:00;97.23333333333333
1071729215;2019-06-14 10:30:00;2019-06-14 11:00:00;110.93333333333334
1071729215;2019-06-14 11:00:00;2019-06-14 11:30:00;96.86666666666666
1071729215;2019-06-14 11:30:00;2019-06-14 12:00:00;100.36666666666666
1071729215;2019-06-14 12:00:00;2019-06-14 12:30:00;102.5
1071729215;2019-06-14 12:30:00;2019-06-14 13:00:00;91.93333333333334
1071729215;2019-06-14 13:00:00;2019-06-14 13:30:00;110.1
1071729215;2019-06-14 13:30:00;2019-06-14 14:00:00;103.6
1071729215;2019-06-14 14:00:00;2019-06-14 14:30:00;100.83333333333333
1071729215;2019-06-14 14:30:00;2019-06-14 15:00:00;104.93333333333334
1071729215;2019-06-14 15:00:00;2019-06-14 15:30:00;100.93333333333334
1071729215;2019-06-14 15:30:00;2019-06-14 16:00:00;98.26666666666667
1071729215;2019-06-14 16:00:00;2019-06-14 16:30:00;96.53333333333333
1071729215;2019-06-14 16:30:00;2019-06-14 17:00:00;99.56666666666666
1071729215;2019-06-14 17:00:00;2019-06-14 17:30:00;88.2
1071729215;2019-06-14 17:30:00;2019-06-14 18:00:00;89.0
1071729215;2019-06-14 18:00:00;2019-06-14 18:30:00;98.66666666666667
1071729215;2019-06-14 18:30:00;2019-06-14 19:00:00;93.83333333333333
1071729215;2019-06-14 19:00:00;2019-06-14 19:30:00;96.73333333333333
1071729215;2019-06-14 19:30:00;2019-06-14 20:00:00;93.0
1071729215;2019-06-14 20:00:00;2019-06-14 20:30:00;92.0
1071729215;2019-06-14 20:30:00;2019-06-14 21:00:00;97.43333333333334
1071729215;2019-06-14 21:00:00;2019-06-14 21:30:00;99.66666666666667
1071729215;2019-06-14 21:30:00;2019-06-14 22:00:00;92.0
1071729215;2019-06-14 22:00:00;2019-06-14 22:30:00;92.0
1071729215;2019-06-14 22:30:00;2019-06-14 23:00:00;92.0
1071729215;2019-06-14 23:00:00;2019-06-14 23:30:00;92.0
1071729215;2019-06-14 23:30:00;2019-06-14 23:59:59;92.0
1071729215;2019-06-15 00:00:00;2019-06-15 00:30:00;92.0
1071729215;2019-06-15 00:30:00;2019-06-15 01:00:00;92.36666666666666
1071729215;2019-06-15 01:00:00;2019-06-15 01:30:00;95.1
1071729215;2019-06-15 01:30:00;2019-06-15 02:00:00;92.0
1071729215;2019-06-15 02:00:00;2019-06-15 02:30:00;92.0
1071729215;2019-06-15 02:30:00;2019-06-15 03:00:00;95.4
1071729215;2019-06-15 03:00:00;2019-06-15 03:30:00;104.76666666666667
1071729215;2019-06-15 03:30:00;2019-06-15 04:00:00;90.73333333333333
1071729215;2019-06-15 04:00:00;2019-06-15 04:30:00;110.46666666666667
1071729215;2019-06-15 04:30:00;2019-06-15 05:00:00;99.66666666666667
1071729215;2019-06-15 05:00:00;2019-06-15 05:30:00;106.4
1071729215;2019-06-15 05:30:00;2019-06-15 06:00:00;104.36666666666666
1071729215;2019-06-15 06:00:00;2019-06-15 06:30:00;105.06666666666666
1071729215;2019-06-15 06:30:00;2019-06-15 07:00:00;102.46666666666667
1071729215;2019-06-15 07:00:00;2019-06-15 07:30:00;103.46666666666667
1071729215;2019-06-15 07:30:00;2019-06-15 08:00:00;107.16666666666667
1071729215;2019-06-15 08:00:00;2019-06-15 08:30:00;98.1
1071729215;2019-06-15 08:30:00;2019-06-15 09:00:00;100.93333333333334
1071729215;2019-06-15 09:00:00;2019-06-15 09:30:00;110.06666666666666
1071729215;2019-06-15 09:30:00;2019-06-15 10:00:00;97.63333333333334
1071729215;2019-06-15 10:00:00;2019-06-15 10:30:00;98.6
1071729215;2019-06-15 10:30:00;2019-06-15 11:00:00;101.73333333333333
1071729215;2019-06-15 11:00:00;2019-06-15 11:30:00;98.33333333333333
1071729215;2019-06-15 11:30:00;2019-06-15 12:00:00;98.3
1071729215;2019-06-15 12:00:00;2019-06-15 12:30:00;122.26666666666667
1071729215;2019-06-15 12:30:00;2019-06-15 13:00:00;109.16666666666667
1071729215;2019-06-15 13:00:00;2019-06-15 13:30:00;114.66666666666667
1071729215;2019-06-15 13:30:00;2019-06-15 14:00:00;106.76666666666667
1071729215;2019-06-15 14:00:00;2019-06-15 14:30:00;90.5
1071729215;2019-06-15 14:30:00;2019-06-15 15:00:00;101.26666666666667
1071729215;2019-06-15 15:00:00;2019-06-15 15:30:00;101.73333333333333
1071729215;2019-06-15 15:30:00;2019-06-15 16:00:00;99.96666666666667
1071729215;2019-06-15 16:00:00;2019-06-15 16:30:00;105.3
1071729215;2019-06-15 16:30:00;2019-06-15 17:00:00;107.2
1071729215;2019-06-15 17:00:00;2019-06-15 17:30:00;102.4
1071729215;2019-06-15 17:30:00;2019-06-15 18:00:00;103.8
1071729215;2019-06-15 18:00:00;2019-06-15 18:30:00;119.53333333333333
1071729215;2019-06-15 18:30:00;2019-06-15 19:00:00;118.16666666666667
1071729215;2019-06-15 19:00:00;2019-06-15 19:30:00;109.1
1071729215;2019-06-15 19:30:00;2019-06-15 20:00:00;105.23333333333333
1071729215;2019-06-15 20:00:00;2019-06-15 20:30:00;104.9
1071729215;2019-06-15 20:30:00;2019-06-15 21:00:00;97.23333333333333
1071729215;2019-06-15 21:00:00;2019-06-15 21:30:00;97.56666666666666
1071729215;2019-06-15 21:30:00;2019-06-15 22:00:00;100.26666666666667
1071729215;2019-06-15 22:00:00;2019-06-15 22:30:00;96.8
1071729215;2019-06-15 22:30:00;2019-06-15 23:00:00;96.36666666666666
1071729215;2019-06-15 23:00:00;2019-06-15 23:30:00;93.86666666666666
1071729215;2019-06-15 23:30:00;2019-06-15 23:59:59;92.0
1071729215;2019-06-16 00:00:00;2019-06-16 00:30:00;99.8
1071729215;2019-06-16 00:30:00;2019-06-16 01:00:00;105.66666666666667
1071729215;2019-06-16 01:00:00;2019-06-16 01:30:00;94.2
1071729215;2019-06-16 01:30:00;2019-06-16 02:00:00;110.36666666666666
1071729215;2019-06-16 02:00:00;2019-06-16 02:30:00;104.8
1071729215;2019-06-16 02:30:00;2019-06-16 03:00:00;96.2
1071729215;2019-06-16 03:00:00;2019-06-16 03:30:00;93.8
1071729215;2019-06-16 03:30:00;2019-06-16 04:00:00;94.56666666666666
1071729215;2019-06-16 04:00:00;2019-06-16 04:30:00;91.83333333333333
1071729215;2019-06-16 04:30:00;2019-06-16 05:00:00;93.0
1071729215;2019-06-16 05:00:00;2019-06-16 05:30:00;93.3
1071729215;2019-06-16 05:30:00;2019-06-16 06:00:00;104.2
1071729215;2019-06-16 06:00:00;2019-06-16 06:30:00;99.46666666666667
1071729215;2019-06-16 06:30:00;2019-06-16 07:00:00;99.46666666666667
1071729215;2019-06-16 07:00:00;2019-06-16 07:30:00;103.46666666666667
1071729215;2019-06-16 07:30:00;2019-06-16 08:00:00;105.6
1071729215;2019-06-16 08:00:00;2019-06-16 08:30:00;100.3
1071729215;2019-06-16 08:30:00;2019-06-16 09:00:00;100.5
1071729215;2019-06-16 09:00:00;2019-06-16 09:30:00;118.73333333333333
1071729215;2019-06-16 09:30:00;2019-06-16 10:00:00;98.2
1071729215;2019-06-16 10:00:00;2019-06-16 10:30:00;93.36666666666666
1071729215;2019-06-16 10:30:00;2019-06-16 11:00:00;113.43333333333334
1071729215;2019-06-16 11:00:00;2019-06-16 11:30:00;99.3
1071729215;2019-06-16 11:30:00;2019-06-16 12:00:00;105.0
1071729215;2019-06-16 12:00:00;2019-06-16 12:30:00;100.36666666666666
1071729215;2019-06-16 12:30:00;2019-06-16 13:00:00;107.86666666666666
1071729215;2019-06-16 13:00:00;2019-06-16 13:30:00;100.86666666666666
1071729215;2019-06-16 13:30:00;2019-06-16 14:00:00;102.8
1071729215;2019-06-16 14:00:00;2019-06-16 14:30:00;92.96666666666667
1071729215;2019-06-16 14:30:00;2019-06-16 15:00:00;107.7
1071729215;2019-06-16 15:00:00;2019-06-16 15:30:00;96.43333333333334
1071729215;2019-06-16 15:30:00;2019-06-16 16:00:00;103.4
1071729215;2019-06-16 16:00:00;2019-06-16 16:30:00;93.2
1071729215;2019-06-16 16:30:00;2019-06-16 17:00:00;103.96666666666667
1071729215;2019-06-16 17:00:00;2019-06-16 17:30:00;103.8
1071729215;2019-06-16 17:30:00;2019-06-16 18:00:00;100.73333333333333
1071729215;2019-06-16 18:00:00;2019-06-16 18:30:00;95.5
1071729215;2019-06-16 18:30:00;2019-06-16 19:00:00;106.23333333333333
1071729215;2019-06-16 19:00:00;2019-06-16 19:30:00;109.83333333333333
1071729215;2019-06-16 19:30:00;2019-06-16 20:00:00;114.03333333333333
1071729215;2019-06-16 20:00:00;2019-06-16 20:30:00;101.9
1071729215;2019-06-16 20:30:00;2019-06-16 21:00:00;93.9
1071729215;2019-06-16 21:00:00;2019-06-16 21:30:00;92.0
1071729215;2019-06-16 21:30:00;2019-06-16 22:00:00;91.8
1071729215;2019-06-16 22:00:00;2019-06-16 22:30:00;100.53333333333333
1071729215;2019-06-16 22:30:00;2019-06-16 23:00:00;96.16666666666667
1071729215;2019-06-16 23:00:00;2019-06-16 23:30:00;100.63333333333334
1071729215;2019-06-16 23:30:00;2019-06-16 23:59:59;96.6
1071729215;2019-06-17 00:00:00;2019-06-17 00:30:00;92.33333333333333
1071729215;2019-06-17 00:30:00;2019-06-17 01:00:00;89.9
1071729215;2019-06-17 01:00:00;2019-06-17 01:30:00;92.0
1071729215;2019-06-17 01:30:00;2019-06-17 02:00:00;95.5
1071729215;2019-06-17 02:00:00;2019-06-17 02:30:00;111.83333333333333
1071729215;2019-06-17 02:30:00;2019-06-17 03:00:00;95.2
1071729215;2019-06-17 03:00:00;2019-06-17 03:30:00;93.6
1071729215;2019-06-17 03:30:00;2019-06-17 04:00:00;111.5
1071729215;2019-06-17 04:00:00;2019-06-17 04:30:00;97.33333333333333
1071729215;2019-06-17 04:30:00;2019-06-17 05:00:00;107.4
1071729215;2019-06-17 05:00:00;2019-06-17 05:30:00;102.26666666666667
1071729215;2019-06-17 05:30:00;2019-06-17 06:00:00;113.7
1071729215;2019-06-17 06:00:00;2019-06-17 06:30:00;119.43333333333334
1071729215;2019-06-17 06:30:00;2019-06-17 07:00:00;104.16666666666667
1071729215;2019-06-17 07:00:00;2019-06-17 07:30:00;106.46666666666667
1071729215;2019-06-17 07:30:00;2019-06-17 08:00:00;111.46666666666667
1071729215;2019-06-17 08:00:00;2019-06-17 08:30:00;101.25925925925925
1071729215;2019-06-17 08:30:00;2019-06-17 09:00:00;110.06666666666666
1071729215;2019-06-17 09:00:00;2019-06-17 09:30:00;87.23333333333333
1071729215;2019-06-17 09:30:00;2019-06-17 10:00:00;103.0
1071729215;2019-06-17 10:00:00;2019-06-17 10:30:00;93.43333333333334
1071729215;2019-06-17 10:30:00;2019-06-17 11:00:00;92.83333333333333
1071729215;2019-06-17 11:00:00;2019-06-17 11:30:00;94.33333333333333
1071729215;2019-06-17 11:30:00;2019-06-17 12:00:00;97.66666666666667
1071729215;2019-06-17 12:00:00;2019-06-17 12:30:00;103.23333333333333
1071729215;2019-06-17 12:30:00;2019-06-17 13:00:00;93.56666666666666
1071729215;2019-06-17 13:00:00;2019-06-17 13:30:00;89.93333333333334
1071729215;2019-06-17 13:30:00;2019-06-17 14:00:00;97.76666666666667
1071729215;2019-06-17 14:00:00;2019-06-17 14:30:00;102.96666666666667
1071729215;2019-06-17 14:30:00;2019-06-17 15:00:00;98.1
1071729215;2019-06-17 15:00:00;2019-06-17 15:30:00;90.1
1071729215;2019-06-17 15:30:00;2019-06-17 16:00:00;96.13333333333334
1071729215;2019-06-17 16:00:00;2019-06-17 16:30:00;87.76666666666667
1071729215;2019-06-17 16:30:00;2019-06-17 17:00:00;91.36666666666666
1071729215;2019-06-17 17:00:00;2019-06-17 17:30:00;86.5
1071729215;2019-06-17 17:30:00;2019-06-17 18:00:00;105.43333333333334
1071729215;2019-06-17 18:00:00;2019-06-17 18:30:00;96.0
1071729215;2019-06-17 18:30:00;2019-06-17 19:00:00;102.66666666666667
1071729215;2019-06-17 19:00:00;2019-06-17 19:30:00;84.9
1071729215;2019-06-17 19:30:00;2019-06-17 20:00:00;83.73333333333333
1071729215;2019-06-17 20:00:00;2019-06-17 20:30:00;97.10344827586206
1071729215;2019-06-17 20:30:00;2019-06-17 21:00:00;120.03333333333333
1071729215;2019-06-17 21:00:00;2019-06-17 21:30:00;115.53333333333333
1071729215;2019-06-17 21:30:00;2019-06-17 22:00:00;98.9
1071729215;2019-06-17 22:00:00;2019-06-17 22:30:00;91.13333333333334
1071729215;2019-06-17 22:30:00;2019-06-17 23:00:00;90.9
1071729215;2019-06-17 23:00:00;2019-06-17 23:30:00;88.93333333333334
1071729215;2019-06-17 23:30:00;2019-06-17 23:59:59;89.66666666666667
1071729215;2019-06-18 00:00:00;2019-06-18 00:30:00;103.53333333333333
1071729215;2019-06-18 00:30:00;2019-06-18 01:00:00;96.53333333333333
1071729215;2019-06-18 01:00:00;2019-06-18 01:30:00;96.66666666666667
1071729215;2019-06-18 01:30:00;2019-06-18 02:00:00;89.23333333333333
1071729215;2019-06-18 02:00:00;2019-06-18 02:30:00;92.13333333333334
1071729215;2019-06-18 02:30:00;2019-06-18 03:00:00;94.4
1071729215;2019-06-18 03:00:00;2019-06-18 03:30:00;86.86666666666666
1071729215;2019-06-18 03:30:00;2019-06-18 04:00:00;88.93333333333334
1071729215;2019-06-18 04:00:00;2019-06-18 04:30:00;91.53333333333333
1071729215;2019-06-18 04:30:00;2019-06-18 05:00:00;114.8
1071729215;2019-06-18 05:00:00;2019-06-18 05:30:00;102.63333333333334
1071729215;2019-06-18 05:30:00;2019-06-18 06:00:00;94.66666666666667
1071729215;2019-06-18 06:00:00;2019-06-18 06:30:00;97.0
1071729215;2019-06-18 06:30:00;2019-06-18 07:00:00;90.73333333333333
1071729215;2019-06-18 07:00:00;2019-06-18 07:30:00;92.8
1071729215;2019-06-18 07:30:00;2019-06-18 08:00:00;92.96666666666667
1071729215;2019-06-18 08:00:00;2019-06-18 08:30:00;101.33333333333333
1071729215;2019-06-18 08:30:00;2019-06-18 09:00:00;91.86666666666666
1071729215;2019-06-18 09:00:00;2019-06-18 09:30:00;90.86666666666666
1071729215;2019-06-18 09:30:00;2019-06-18 10:00:00;90.73333333333333
1071729215;2019-06-18 10:00:00;2019-06-18 10:30:00;106.03333333333333
1071729215;2019-06-18 10:30:00;2019-06-18 11:00:00;106.06666666666666
1071729215;2019-06-18 11:00:00;2019-06-18 11:30:00;99.1
1071729215;2019-06-18 11:30:00;2019-06-18 12:00:00;93.5
1071729215;2019-06-18 12:00:00;2019-06-18 12:30:00;100.26666666666667
1071729215;2019-06-18 12:30:00;2019-06-18 13:00:00;115.33333333333333
1071729215;2019-06-18 13:00:00;2019-06-18 13:30:00;100.83333333333333
1071729215;2019-06-18 13:30:00;2019-06-18 14:00:00;97.13333333333334
1071729215;2019-06-18 14:00:00;2019-06-18 14:30:00;104.0
1071729215;2019-06-18 14:30:00;2019-06-18 15:00:00;95.66666666666667
1071729215;2019-06-18 15:00:00;2019-06-18 15:30:00;106.1
1071729215;2019-06-18 15:30:00;2019-06-18 16:00:00;112.16666666666667
1071729215;2019-06-18 16:00:00;2019-06-18 16:30:00;89.43333333333334
1071729215;2019-06-18 16:30:00;2019-06-18 17:00:00;99.6
1071729215;2019-06-18 17:00:00;2019-06-18 17:30:00;105.1
1071729215;2019-06-18 17:30:00;2019-06-18 18:00:00;99.6
1071729215;2019-06-18 18:00:00;2019-06-18 18:30:00;94.03333333333333
1071729215;2019-06-18 18:30:00;2019-06-18 19:00:00;101.53333333333333
1071729215;2019-06-18 19:00:00;2019-06-18 19:30:00;94.1
1071729215;2019-06-18 19:30:00;2019-06-18 20:00:00;92.06666666666666
1071729215;2019-06-18 20:00:00;2019-06-18 20:30:00;91.93333333333334
1071729215;2019-06-18 20:30:00;2019-06-18 21:00:00;97.4
1071729215;2019-06-18 21:00:00;2019-06-18 21:30:00;93.06666666666666
1071729215;2019-06-18 21:30:00;2019-06-18 22:00:00;92.03333333333333
1071729215;2019-06-18 22:00:00;2019-06-18 22:30:00;93.3
1071729215;2019-06-18 22:30:00;2019-06-18 23:00:00;103.3
1071729215;2019-06-18 23:00:00;2019-06-18 23:30:00;90.73333333333333
1071729215;2019-06-18 23:30:00;2019-06-18 23:59:59;90.4
1071729215;2019-06-19 00:00:00;2019-06-19 00:30:00;103.63333333333334
1071729215;2019-06-19 00:30:00;2019-06-19 01:00:00;92.43333333333334
1071729215;2019-06-19 01:00:00;2019-06-19 01:30:00;90.9
1071729215;2019-06-19 01:30:00;2019-06-19 02:00:00;89.16666666666667
1071729215;2019-06-19 02:00:00;2019-06-19 02:30:00;92.0
1071729215;2019-06-19 02:30:00;2019-06-19 03:00:00;101.7
1071729215;2019-06-19 03:00:00;2019-06-19 03:30:00;94.93333333333334
1071729215;2019-06-19 03:30:00;2019-06-19 04:00:00;88.93333333333334
1071729215;2019-06-19 04:00:00;2019-06-19 04:30:00;89.66666666666667
1071729215;2019-06-19 04:30:00;2019-06-19 05:00:00;102.9
1071729215;2019-06-19 05:00:00;2019-06-19 05:30:00;100.36666666666666
1071729215;2019-06-19 05:30:00;2019-06-19 06:00:00;93.83333333333333
1071729215;2019-06-19 06:00:00;2019-06-19 06:30:00;100.96666666666667
1071729215;2019-06-19 06:30:00;2019-06-19 07:00:00;101.23333333333333
1071729215;2019-06-19 07:00:00;2019-06-19 07:30:00;92.03333333333333
1071729215;2019-06-19 07:30:00;2019-06-19 08:00:00;107.43333333333334
1071729215;2019-06-19 08:00:00;2019-06-19 08:30:00;102.63333333333334
1071729215;2019-06-19 08:30:00;2019-06-19 09:00:00;88.86666666666666
1071729215;2019-06-19 09:00:00;2019-06-19 09:30:00;97.93333333333334
1071729215;2019-06-19 09:30:00;2019-06-19 10:00:00;100.96666666666667
1071729215;2019-06-19 10:00:00;2019-06-19 10:30:00;93.96666666666667
1071729215;2019-06-19 10:30:00;2019-06-19 11:00:00;85.06896551724138
1071729215;2019-06-19 11:00:00;2019-06-19 11:30:00;106.46666666666667
1071729215;2019-06-19 11:30:00;2019-06-19 12:00:00;94.8
1071729215;2019-06-19 12:00:00;2019-06-19 12:30:00;91.17241379310344
1071729215;2019-06-19 12:30:00;2019-06-19 13:00:00;97.63333333333334
1071729215;2019-06-19 13:00:00;2019-06-19 13:30:00;105.53333333333333
1071729215;2019-06-19 13:30:00;2019-06-19 14:00:00;101.03571428571429
1071729215;2019-06-19 14:00:00;2019-06-19 14:30:00;89.0
1071729215;2019-06-19 14:30:00;2019-06-19 15:00:00;103.2
1071729215;2019-06-19 15:00:00;2019-06-19 15:30:00;110.0
1071729215;2019-06-19 15:30:00;2019-06-19 16:00:00;87.46666666666667
1071729215;2019-06-19 16:00:00;2019-06-19 16:30:00;91.2
1071729215;2019-06-19 16:30:00;2019-06-19 17:00:00;94.36666666666666
1071729215;2019-06-19 17:00:00;2019-06-19 17:30:00;99.06666666666666
1071729215;2019-06-19 17:30:00;2019-06-19 18:00:00;91.83333333333333
1071729215;2019-06-19 18:00:00;2019-06-19 18:30:00;107.5
1071729215;2019-06-19 18:30:00;2019-06-19 19:00:00;96.83333333333333
1071729215;2019-06-19 19:00:00;2019-06-19 19:30:00;103.63333333333334
1071729215;2019-06-19 19:30:00;2019-06-19 20:00:00;96.73333333333333
1071729215;2019-06-19 20:00:00;2019-06-19 20:30:00;95.2
1071729215;2019-06-19 20:30:00;2019-06-19 21:00:00;99.23333333333333
1071729215;2019-06-19 21:00:00;2019-06-19 21:30:00;109.76666666666667
1071729215;2019-06-19 21:30:00;2019-06-19 22:00:00;91.43333333333334
1071729215;2019-06-19 22:00:00;2019-06-19 22:30:00;91.83333333333333
1071729215;2019-06-19 22:30:00;2019-06-19 23:00:00;112.16666666666667
1071729215;2019-06-19 23:00:00;2019-06-19 23:30:00;95.56666666666666
1071729215;2019-06-19 23:30:00;2019-06-19 23:59:59;94.36666666666666
1071729215;2019-06-20 00:00:00;2019-06-20 00:30:00;96.53333333333333
1071729215;2019-06-20 00:30:00;2019-06-20 01:00:00;104.26666666666667
1071729215;2019-06-20 01:00:00;2019-06-20 01:30:00;104.16666666666667
1071729215;2019-06-20 01:30:00;2019-06-20 02:00:00;94.96666666666667
1071729215;2019-06-20 02:00:00;2019-06-20 02:30:00;87.73333333333333
1071729215;2019-06-20 02:30:00;2019-06-20 03:00:00;99.23333333333333
1071729215;2019-06-20 03:00:00;2019-06-20 03:30:00;93.5
1071729215;2019-06-20 03:30:00;2019-06-20 04:00:00;93.33333333333333
1071729215;2019-06-20 04:00:00;2019-06-20 04:30:00;113.76666666666667
1071729215;2019-06-20 04:30:00;2019-06-20 05:00:00;94.56666666666666
1071729215;2019-06-20 05:00:00;2019-06-20 05:30:00;109.83333333333333
1071729215;2019-06-20 05:30:00;2019-06-20 06:00:00;105.93333333333334
1071729215;2019-06-20 06:00:00;2019-06-20 06:30:00;107.63333333333334
1071729215;2019-06-20 06:30:00;2019-06-20 07:00:00;104.03448275862068
1071729215;2019-06-20 07:00:00;2019-06-20 07:30:00;87.03333333333333
1071729215;2019-06-20 07:30:00;2019-06-20 08:00:00;99.4
1071729215;2019-06-20 08:00:00;2019-06-20 08:30:00;93.3
1071729215;2019-06-20 08:30:00;2019-06-20 09:00:00;91.66666666666667
1071729215;2019-06-20 09:00:00;2019-06-20 09:30:00;91.53333333333333
1071729215;2019-06-20 09:30:00;2019-06-20 10:00:00;98.03333333333333
1071729215;2019-06-20 10:00:00;2019-06-20 10:30:00;92.9
1071729215;2019-06-20 10:30:00;2019-06-20 11:00:00;100.46666666666667
1071729215;2019-06-20 11:00:00;2019-06-20 11:30:00;105.83333333333333
1071729215;2019-06-20 11:30:00;2019-06-20 12:00:00;88.86666666666666
1071729215;2019-06-20 12:00:00;2019-06-20 12:30:00;97.34482758620689
1071729215;2019-06-20 12:30:00;2019-06-20 13:00:00;94.26666666666667
1071729215;2019-06-20 13:00:00;2019-06-20 13:30:00;87.56666666666666
1071729215;2019-06-20 13:30:00;2019-06-20 14:00:00;103.83333333333333
1071729215;2019-06-20 14:00:00;2019-06-20 14:30:00;83.9
1071729215;2019-06-20 14:30:00;2019-06-20 15:00:00;94.36666666666666
1071729215;2019-06-20 15:00:00;2019-06-20 15:30:00;85.66666666666667
1071729215;2019-06-20 15:30:00;2019-06-20 16:00:00;84.83333333333333
1071729215;2019-06-20 16:00:00;2019-06-20 16:30:00;90.4
1071729215;2019-06-20 16:30:00;2019-06-20 17:00:00;90.8
1071729215;2019-06-20 17:00:00;2019-06-20 17:30:00;92.0
1071729215;2019-06-20 17:30:00;2019-06-20 18:00:00;107.36666666666666
1071729215;2019-06-20 18:00:00;2019-06-20 18:30:00;109.16666666666667
1071729215;2019-06-20 18:30:00;2019-06-20 19:00:00;108.86666666666666
1071729215;2019-06-20 19:00:00;2019-06-20 19:30:00;99.43333333333334
1071729215;2019-06-20 19:30:00;2019-06-20 20:00:00;96.4
1071729215;2019-06-20 20:00:00;2019-06-20 20:30:00;102.03333333333333
1071729215;2019-06-20 20:30:00;2019-06-20 21:00:00;96.66666666666667
1071729215;2019-06-20 21:00:00;2019-06-20 21:30:00;93.73333333333333
1071729215;2019-06-20 21:30:00;2019-06-20 22:00:00;93.2
1071729215;2019-06-20 22:00:00;2019-06-20 22:30:00;102.63333333333334
1071729215;2019-06-20 22:30:00;2019-06-20 23:00:00;110.33333333333333
1071729215;2019-06-20 23:00:00;2019-06-20 23:30:00;104.26666666666667
1071729215;2019-06-20 23:30:00;2019-06-20 23:59:59;91.4
1071729215;2019-06-21 00:00:00;2019-06-21 00:30:00;89.5
1071729215;2019-06-21 00:30:00;2019-06-21 01:00:00;92.0
1071729215;2019-06-21 01:00:00;2019-06-21 01:30:00;92.0
1071729215;2019-06-21 01:30:00;2019-06-21 02:00:00;92.0
1071729215;2019-06-21 02:00:00;2019-06-21 02:30:00;92.0
1071729215;2019-06-21 02:30:00;2019-06-21 03:00:00;92.0
1071729215;2019-06-21 03:00:00;2019-06-21 03:30:00;84.26666666666667
1071729215;2019-06-21 03:30:00;2019-06-21 04:00:00;84.53333333333333
1071729215;2019-06-21 04:00:00;2019-06-21 04:30:00;92.0
1071729215;2019-06-21 04:30:00;2019-06-21 05:00:00;88.7
1071729215;2019-06-21 05:00:00;2019-06-21 05:30:00;104.56666666666666
1071729215;2019-06-21 05:30:00;2019-06-21 06:00:00;96.63333333333334
1071729215;2019-06-21 06:00:00;2019-06-21 06:30:00;96.26666666666667
1071729215;2019-06-21 06:30:00;2019-06-21 07:00:00;96.9
1071729215;2019-06-21 07:00:00;2019-06-21 07:30:00;92.0
1071729215;2019-06-21 07:30:00;2019-06-21 08:00:00;95.63333333333334
1071729215;2019-06-21 08:00:00;2019-06-21 08:30:00;92.9
1071729215;2019-06-21 08:30:00;2019-06-21 09:00:00;98.0
1071729215;2019-06-21 09:00:00;2019-06-21 09:30:00;93.13333333333334
1071729215;2019-06-21 09:30:00;2019-06-21 10:00:00;92.73333333333333
1071729215;2019-06-21 10:00:00;2019-06-21 10:30:00;92.8
1071729215;2019-06-21 10:30:00;2019-06-21 11:00:00;90.6
1071729215;2019-06-21 11:00:00;2019-06-21 11:30:00;95.16666666666667
1071729215;2019-06-21 11:30:00;2019-06-21 12:00:00;91.16666666666667
1071729215;2019-06-21 12:00:00;2019-06-21 12:30:00;102.56666666666666
1071729215;2019-06-21 12:30:00;2019-06-21 13:00:00;96.8
1071729215;2019-06-21 13:00:00;2019-06-21 13:30:00;96.0
1071729215;2019-06-21 13:30:00;2019-06-21 14:00:00;92.33333333333333
1071729215;2019-06-21 14:00:00;2019-06-21 14:30:00;93.9
1071729215;2019-06-21 14:30:00;2019-06-21 15:00:00;99.96666666666667
1071729215;2019-06-21 15:00:00;2019-06-21 15:30:00;108.06666666666666
1071729215;2019-06-21 15:30:00;2019-06-21 16:00:00;94.76666666666667
1071729215;2019-06-21 16:00:00;2019-06-21 16:30:00;95.2
1071729215;2019-06-21 16:30:00;2019-06-21 17:00:00;95.36666666666666
1071729215;2019-06-21 17:00:00;2019-06-21 17:30:00;88.83333333333333
1071729215;2019-06-21 17:30:00;2019-06-21 18:00:00;93.0
1071729215;2019-06-21 18:00:00;2019-06-21 18:30:00;95.23333333333333
1071729215;2019-06-21 18:30:00;2019-06-21 19:00:00;93.0
1071729215;2019-06-21 19:00:00;2019-06-21 19:30:00;93.0
1071729215;2019-06-21 19:30:00;2019-06-21 20:00:00;93.0
1071729215;2019-06-21 20:00:00;2019-06-21 20:30:00;92.0
1071729215;2019-06-21 20:30:00;2019-06-21 21:00:00;92.0
1071729215;2019-06-21 21:00:00;2019-06-21 21:30:00;92.0
1071729215;2019-06-21 21:30:00;2019-06-21 22:00:00;92.0
1071729215;2019-06-21 22:00:00;2019-06-21 22:30:00;92.0
1071729215;2019-06-21 22:30:00;2019-06-21 23:00:00;90.13333333333334
1071729215;2019-06-21 23:00:00;2019-06-21 23:30:00;90.7
1071729215;2019-06-21 23:30:00;2019-06-21 23:59:59;101.73333333333333
1071729215;2019-06-22 00:00:00;2019-06-22 00:30:00;98.56666666666666
1071729215;2019-06-22 00:30:00;2019-06-22 01:00:00;94.23333333333333
1071729215;2019-06-22 01:00:00;2019-06-22 01:30:00;98.3
1071729215;2019-06-22 01:30:00;2019-06-22 02:00:00;102.46666666666667
1071729215;2019-06-22 02:00:00;2019-06-22 02:30:00;100.0
1071729215;2019-06-22 02:30:00;2019-06-22 03:00:00;113.0
1071729215;2019-06-22 03:00:00;2019-06-22 03:30:00;103.13333333333334
1071729215;2019-06-22 03:30:00;2019-06-22 04:00:00;99.76666666666667
1071729215;2019-06-22 04:00:00;2019-06-22 04:30:00;88.73333333333333
1071729215;2019-06-22 04:30:00;2019-06-22 05:00:00;115.1
1071729215;2019-06-22 05:00:00;2019-06-22 05:30:00;109.1
1071729215;2019-06-22 05:30:00;2019-06-22 06:00:00;92.2
1071729215;2019-06-22 06:00:00;2019-06-22 06:30:00;90.53333333333333
1071729215;2019-06-22 06:30:00;2019-06-22 07:00:00;95.9
1071729215;2019-06-22 07:00:00;2019-06-22 07:30:00;96.86666666666666
1071729215;2019-06-22 07:30:00;2019-06-22 08:00:00;98.8
1071729215;2019-06-22 08:00:00;2019-06-22 08:30:00;98.2
1071729215;2019-06-22 08:30:00;2019-06-22 09:00:00;104.86666666666666
1071729215;2019-06-22 09:00:00;2019-06-22 09:30:00;99.23333333333333
1071729215;2019-06-22 09:30:00;2019-06-22 10:00:00;97.93333333333334
1071729215;2019-06-22 10:00:00;2019-06-22 10:30:00;101.63333333333334
1071729215;2019-06-22 10:30:00;2019-06-22 11:00:00;95.8
1071729215;2019-06-22 11:00:00;2019-06-22 11:30:00;105.96666666666667
1071729215;2019-06-22 11:30:00;2019-06-22 12:00:00;104.16666666666667
1071729215;2019-06-22 12:00:00;2019-06-22 12:30:00;95.76666666666667
1071729215;2019-06-22 12:30:00;2019-06-22 13:00:00;95.96666666666667
1071729215;2019-06-22 13:00:00;2019-06-22 13:30:00;98.8
1071729215;2019-06-22 13:30:00;2019-06-22 14:00:00;106.96666666666667
1071729215;2019-06-22 14:00:00;2019-06-22 14:30:00;96.2
1071729215;2019-06-22 14:30:00;2019-06-22 15:00:00;110.3
1071729215;2019-06-22 15:00:00;2019-06-22 15:30:00;95.13333333333334
1071729215;2019-06-22 15:30:00;2019-06-22 16:00:00;105.43333333333334
1071729215;2019-06-22 16:00:00;2019-06-22 16:30:00;111.93333333333334
1071729215;2019-06-22 16:30:00;2019-06-22 17:00:00;92.7
1071729215;2019-06-22 17:00:00;2019-06-22 17:30:00;112.1
1071729215;2019-06-22 17:30:00;2019-06-22 18:00:00;103.0
1071729215;2019-06-22 18:00:00;2019-06-22 18:30:00;87.33333333333333
1071729215;2019-06-22 18:30:00;2019-06-22 19:00:00;91.26666666666667
1071729215;2019-06-22 19:00:00;2019-06-22 19:30:00;110.66666666666667
1071729215;2019-06-22 19:30:00;2019-06-22 20:00:00;96.96666666666667
1071729215;2019-06-22 20:00:00;2019-06-22 20:30:00;102.7
1071729215;2019-06-22 20:30:00;2019-06-22 21:00:00;115.9
1071729215;2019-06-22 21:00:00;2019-06-22 21:30:00;111.5
1071729215;2019-06-22 21:30:00;2019-06-22 22:00:00;106.0
1071729215;2019-06-22 22:00:00;2019-06-22 22:30:00;127.53333333333333
1071729215;2019-06-22 22:30:00;2019-06-22 23:00:00;130.0
1071729215;2019-06-22 23:00:00;2019-06-22 23:30:00;105.7
1071729215;2019-06-22 23:30:00;2019-06-22 23:59:59;91.4
1071729215;2019-06-23 00:00:00;2019-06-23 00:30:00;102.1
1071729215;2019-06-23 00:30:00;2019-06-23 01:00:00;96.7
1071729215;2019-06-23 01:00:00;2019-06-23 01:30:00;92.0
1071729215;2019-06-23 01:30:00;2019-06-23 02:00:00;96.66666666666667
1071729215;2019-06-23 02:00:00;2019-06-23 02:30:00;91.23333333333333
1071729215;2019-06-23 02:30:00;2019-06-23 03:00:00;100.06666666666666
1071729215;2019-06-23 03:00:00;2019-06-23 03:30:00;101.96666666666667
1071729215;2019-06-23 03:30:00;2019-06-23 04:00:00;101.53333333333333
1071729215;2019-06-23 04:00:00;2019-06-23 04:30:00;99.93333333333334
1071729215;2019-06-23 04:30:00;2019-06-23 05:00:00;92.43333333333334
1071729215;2019-06-23 05:00:00;2019-06-23 05:30:00;104.0
1071729215;2019-06-23 05:30:00;2019-06-23 06:00:00;99.83333333333333
1071729215;2019-06-23 06:00:00;2019-06-23 06:30:00;104.73333333333333
1071729215;2019-06-23 06:30:00;2019-06-23 07:00:00;103.3
1071729215;2019-06-23 07:00:00;2019-06-23 07:30:00;113.66666666666667
1071729215;2019-06-23 07:30:00;2019-06-23 08:00:00;111.86666666666666
1071729215;2019-06-23 08:00:00;2019-06-23 08:30:00;101.86666666666666
1071729215;2019-06-23 08:30:00;2019-06-23 09:00:00;102.8
1071729215;2019-06-23 09:00:00;2019-06-23 09:30:00;87.1
1071729215;2019-06-23 09:30:00;2019-06-23 10:00:00;92.9
1071729215;2019-06-23 10:00:00;2019-06-23 10:30:00;91.16666666666667
1071729215;2019-06-23 10:30:00;2019-06-23 11:00:00;89.73333333333333
1071729215;2019-06-23 11:00:00;2019-06-23 11:30:00;90.9
1071729215;2019-06-23 11:30:00;2019-06-23 12:00:00;92.83333333333333
1071729215;2019-06-23 12:00:00;2019-06-23 12:30:00;91.66666666666667
1071729215;2019-06-23 12:30:00;2019-06-23 13:00:00;94.53333333333333
1071729215;2019-06-23 13:00:00;2019-06-23 13:30:00;94.7
1071729215;2019-06-23 13:30:00;2019-06-23 14:00:00;89.06666666666666
1071729215;2019-06-23 14:00:00;2019-06-23 14:30:00;77.33333333333333
1071729215;2019-06-23 14:30:00;2019-06-23 15:00:00;93.4
1071729215;2019-06-23 15:00:00;2019-06-23 15:30:00;91.5
1071729215;2019-06-23 15:30:00;2019-06-23 16:00:00;97.1
1071729215;2019-06-23 16:00:00;2019-06-23 16:30:00;97.6
1071729215;2019-06-23 16:30:00;2019-06-23 17:00:00;97.56666666666666
1071729215;2019-06-23 17:00:00;2019-06-23 17:30:00;102.83333333333333
1071729215;2019-06-23 17:30:00;2019-06-23 18:00:00;94.93333333333334
1071729215;2019-06-23 18:00:00;2019-06-23 18:30:00;101.06666666666666
1071729215;2019-06-23 18:30:00;2019-06-23 19:00:00;114.9
1071729215;2019-06-23 19:00:00;2019-06-23 19:30:00;106.6
1071729215;2019-06-23 19:30:00;2019-06-23 20:00:00;113.6
1071729215;2019-06-23 20:00:00;2019-06-23 20:30:00;105.2
1071729215;2019-06-23 20:30:00;2019-06-23 21:00:00;104.43333333333334
1071729215;2019-06-23 21:00:00;2019-06-23 21:30:00;101.86666666666666
1071729215;2019-06-23 21:30:00;2019-06-23 22:00:00;92.0
1071729215;2019-06-23 22:00:00;2019-06-23 22:30:00;98.4
1071729215;2019-06-23 22:30:00;2019-06-23 23:00:00;98.9
1071729215;2019-06-23 23:00:00;2019-06-23 23:30:00;94.16666666666667
1071729215;2019-06-23 23:30:00;2019-06-23 23:59:59;92.0
1071729215;2019-06-24 00:00:00;2019-06-24 00:30:00;92.0
1071729215;2019-06-24 00:30:00;2019-06-24 01:00:00;92.0
1071729215;2019-06-24 01:00:00;2019-06-24 01:30:00;92.0
1071729215;2019-06-24 01:30:00;2019-06-24 02:00:00;104.73333333333333
1071729215;2019-06-24 02:00:00;2019-06-24 02:30:00;87.9
1071729215;2019-06-24 02:30:00;2019-06-24 03:00:00;101.76666666666667
1071729215;2019-06-24 03:00:00;2019-06-24 03:30:00;101.83333333333333
1071729215;2019-06-24 03:30:00;2019-06-24 04:00:00;82.86666666666666
1071729215;2019-06-24 04:00:00;2019-06-24 04:30:00;93.13333333333334
1071729215;2019-06-24 04:30:00;2019-06-24 05:00:00;114.86666666666666
1071729215;2019-06-24 05:00:00;2019-06-24 05:30:00;108.86666666666666
1071729215;2019-06-24 05:30:00;2019-06-24 06:00:00;100.56666666666666
1071729215;2019-06-24 06:00:00;2019-06-24 06:30:00;117.4
1071729215;2019-06-24 06:30:00;2019-06-24 07:00:00;88.66666666666667
1071729215;2019-06-24 07:00:00;2019-06-24 07:30:00;99.5
1071729215;2019-06-24 07:30:00;2019-06-24 08:00:00;98.03333333333333
1071729215;2019-06-24 08:00:00;2019-06-24 08:30:00;86.06666666666666
1071729215;2019-06-24 08:30:00;2019-06-24 09:00:00;94.13333333333334
1071729215;2019-06-24 09:00:00;2019-06-24 09:30:00;101.8
1071729215;2019-06-24 09:30:00;2019-06-24 10:00:00;97.93333333333334
1071729215;2019-06-24 10:00:00;2019-06-24 10:30:00;100.3
1071729215;2019-06-24 10:30:00;2019-06-24 11:00:00;91.4
1071729215;2019-06-24 11:00:00;2019-06-24 11:30:00;107.36666666666666
1071729215;2019-06-24 11:30:00;2019-06-24 12:00:00;94.7
1071729215;2019-06-24 12:00:00;2019-06-24 12:30:00;106.5
1071729215;2019-06-24 12:30:00;2019-06-24 13:00:00;98.56666666666666
1071729215;2019-06-24 13:00:00;2019-06-24 13:30:00;99.63333333333334
1071729215;2019-06-24 13:30:00;2019-06-24 14:00:00;107.76666666666667
1071729215;2019-06-24 14:00:00;2019-06-24 14:30:00;103.73333333333333
1071729215;2019-06-24 14:30:00;2019-06-24 15:00:00;88.66666666666667
1071729215;2019-06-24 15:00:00;2019-06-24 15:30:00;92.63333333333334
1071729215;2019-06-24 15:30:00;2019-06-24 16:00:00;99.72413793103448
1071729215;2019-06-24 16:00:00;2019-06-24 16:30:00;90.46666666666667
1071729215;2019-06-24 16:30:00;2019-06-24 17:00:00;104.03333333333333
1071729215;2019-06-24 17:00:00;2019-06-24 17:30:00;111.6
1071729215;2019-06-24 17:30:00;2019-06-24 18:00:00;100.46666666666667
1071729215;2019-06-24 18:00:00;2019-06-24 18:30:00;99.33333333333333
1071729215;2019-06-24 18:30:00;2019-06-24 19:00:00;95.56666666666666
1071729215;2019-06-24 19:00:00;2019-06-24 19:30:00;96.8
1071729215;2019-06-24 19:30:00;2019-06-24 20:00:00;106.06666666666666
1071729215;2019-06-24 20:00:00;2019-06-24 20:30:00;98.0
1071729215;2019-06-24 20:30:00;2019-06-24 21:00:00;122.0
1071729215;2019-06-24 21:00:00;2019-06-24 21:30:00;95.16666666666667
1071729215;2019-06-24 21:30:00;2019-06-24 22:00:00;91.76666666666667
1071729215;2019-06-24 22:00:00;2019-06-24 22:30:00;91.4
1071729215;2019-06-24 22:30:00;2019-06-24 23:00:00;92.0
1071729215;2019-06-24 23:00:00;2019-06-24 23:30:00;92.0
1071729215;2019-06-24 23:30:00;2019-06-24 23:59:59;92.0
1071729215;2019-06-25 00:00:00;2019-06-25 00:30:00;92.0
1071729215;2019-06-25 00:30:00;2019-06-25 01:00:00;92.0
1071729215;2019-06-25 01:00:00;2019-06-25 01:30:00;95.53333333333333
1071729215;2019-06-25 01:30:00;2019-06-25 02:00:00;92.0
1071729215;2019-06-25 02:00:00;2019-06-25 02:30:00;92.0
1071729215;2019-06-25 02:30:00;2019-06-25 03:00:00;92.0
1071729215;2019-06-25 03:00:00;2019-06-25 03:30:00;88.46666666666667
1071729215;2019-06-25 03:30:00;2019-06-25 04:00:00;94.33333333333333
1071729215;2019-06-25 04:00:00;2019-06-25 04:30:00;97.46666666666667
1071729215;2019-06-25 04:30:00;2019-06-25 05:00:00;111.46666666666667
1071729215;2019-06-25 05:00:00;2019-06-25 05:30:00;112.26666666666667
1071729215;2019-06-25 05:30:00;2019-06-25 06:00:00;96.36666666666666
1071729215;2019-06-25 06:00:00;2019-06-25 06:30:00;101.56666666666666
1071729215;2019-06-25 06:30:00;2019-06-25 07:00:00;97.83333333333333
1071729215;2019-06-25 07:00:00;2019-06-25 07:30:00;107.06666666666666
1071729215;2019-06-25 07:30:00;2019-06-25 08:00:00;106.06666666666666
1071729215;2019-06-25 08:00:00;2019-06-25 08:30:00;92.9
1071729215;2019-06-25 08:30:00;2019-06-25 09:00:00;100.56666666666666
1071729215;2019-06-25 09:00:00;2019-06-25 09:30:00;113.2
1071729215;2019-06-25 09:30:00;2019-06-25 10:00:00;101.86666666666666
1071729215;2019-06-25 10:00:00;2019-06-25 10:30:00;103.83333333333333
1071729215;2019-06-25 10:30:00;2019-06-25 11:00:00;94.8
1071729215;2019-06-25 11:00:00;2019-06-25 11:30:00;100.8
1071729215;2019-06-25 11:30:00;2019-06-25 12:00:00;103.73333333333333
1071729215;2019-06-25 12:00:00;2019-06-25 12:30:00;89.5
1071729215;2019-06-25 12:30:00;2019-06-25 13:00:00;89.86666666666666
1071729215;2019-06-25 13:00:00;2019-06-25 13:30:00;104.46666666666667
1071729215;2019-06-25 13:30:00;2019-06-25 14:00:00;105.36666666666666
1071729215;2019-06-25 14:00:00;2019-06-25 14:30:00;90.13333333333334
1071729215;2019-06-25 14:30:00;2019-06-25 15:00:00;101.56666666666666
1071729215;2019-06-25 15:00:00;2019-06-25 15:30:00;87.7
1071729215;2019-06-25 15:30:00;2019-06-25 16:00:00;102.3
1071729215;2019-06-25 16:00:00;2019-06-25 16:30:00;111.73333333333333
1071729215;2019-06-25 16:30:00;2019-06-25 17:00:00;103.8
1071729215;2019-06-25 17:00:00;2019-06-25 17:30:00;90.2
1071729215;2019-06-25 17:30:00;2019-06-25 18:00:00;95.56666666666666
1071729215;2019-06-25 18:00:00;2019-06-25 18:30:00;91.96666666666667
1071729215;2019-06-25 18:30:00;2019-06-25 19:00:00;95.66666666666667
1071729215;2019-06-25 19:00:00;2019-06-25 19:30:00;98.36666666666666
1071729215;2019-06-25 19:30:00;2019-06-25 20:00:00;89.4
1071729215;2019-06-25 20:00:00;2019-06-25 20:30:00;97.5
1071729215;2019-06-25 20:30:00;2019-06-25 21:00:00;97.6
1071729215;2019-06-25 21:00:00;2019-06-25 21:30:00;91.63333333333334
1071729215;2019-06-25 21:30:00;2019-06-25 22:00:00;92.0
1071729215;2019-06-25 22:00:00;2019-06-25 22:30:00;102.86666666666666
1071729215;2019-06-25 22:30:00;2019-06-25 23:00:00;93.8
1071729215;2019-06-25 23:00:00;2019-06-25 23:30:00;98.03333333333333
1071729215;2019-06-25 23:30:00;2019-06-25 23:59:59;94.6
1071729215;2019-06-26 00:00:00;2019-06-26 00:30:00;97.06666666666666
1071729215;2019-06-26 00:30:00;2019-06-26 01:00:00;102.73333333333333
1071729215;2019-06-26 01:00:00;2019-06-26 01:30:00;97.53333333333333
1071729215;2019-06-26 01:30:00;2019-06-26 02:00:00;88.93333333333334
1071729215;2019-06-26 02:00:00;2019-06-26 02:30:00;94.6
1071729215;2019-06-26 02:30:00;2019-06-26 03:00:00;93.06666666666666
1071729215;2019-06-26 03:00:00;2019-06-26 03:30:00;85.23333333333333
1071729215;2019-06-26 03:30:00;2019-06-26 04:00:00;85.0
1071729215;2019-06-26 04:00:00;2019-06-26 04:30:00;90.26666666666667
1071729215;2019-06-26 04:30:00;2019-06-26 05:00:00;90.5
1071729215;2019-06-26 05:00:00;2019-06-26 05:30:00;99.2
1071729215;2019-06-26 05:30:00;2019-06-26 06:00:00;97.96666666666667
1071729215;2019-06-26 06:00:00;2019-06-26 06:30:00;98.26666666666667
1071729215;2019-06-26 06:30:00;2019-06-26 07:00:00;91.13333333333334
1071729215;2019-06-26 07:00:00;2019-06-26 07:30:00;96.3
1071729215;2019-06-26 07:30:00;2019-06-26 08:00:00;97.56666666666666
1071729215;2019-06-26 08:00:00;2019-06-26 08:30:00;98.5
1071729215;2019-06-26 08:30:00;2019-06-26 09:00:00;87.36666666666666
1071729215;2019-06-26 09:00:00;2019-06-26 09:30:00;88.83333333333333
1071729215;2019-06-26 09:30:00;2019-06-26 10:00:00;95.5
1071729215;2019-06-26 10:00:00;2019-06-26 10:30:00;113.46666666666667
1071729215;2019-06-26 10:30:00;2019-06-26 11:00:00;93.23333333333333
1071729215;2019-06-26 11:00:00;2019-06-26 11:30:00;104.24137931034483
1071729215;2019-06-26 11:30:00;2019-06-26 12:00:00;94.86666666666666
1071729215;2019-06-26 12:00:00;2019-06-26 12:30:00;103.5
1071729215;2019-06-26 12:30:00;2019-06-26 13:00:00;106.3
1071729215;2019-06-26 13:00:00;2019-06-26 13:30:00;92.46666666666667
1071729215;2019-06-26 13:30:00;2019-06-26 14:00:00;101.7
1071729215;2019-06-26 14:00:00;2019-06-26 14:30:00;92.36666666666666
1071729215;2019-06-26 14:30:00;2019-06-26 15:00:00;105.56666666666666
1071729215;2019-06-26 15:00:00;2019-06-26 15:30:00;101.8
1071729215;2019-06-26 15:30:00;2019-06-26 16:00:00;106.8
1071729215;2019-06-26 16:00:00;2019-06-26 16:30:00;106.1
1071729215;2019-06-26 16:30:00;2019-06-26 17:00:00;109.6
1071729215;2019-06-26 17:00:00;2019-06-26 17:30:00;94.13333333333334
1071729215;2019-06-26 17:30:00;2019-06-26 18:00:00;100.26666666666667
1071729215;2019-06-26 18:00:00;2019-06-26 18:30:00;97.4
1071729215;2019-06-26 18:30:00;2019-06-26 19:00:00;95.03333333333333
1071729215;2019-06-26 19:00:00;2019-06-26 19:30:00;92.89655172413794
1071729215;2019-06-26 19:30:00;2019-06-26 20:00:00;103.0
1071729215;2019-06-26 20:00:00;2019-06-26 20:30:00;91.13333333333334
1071729215;2019-06-26 20:30:00;2019-06-26 21:00:00;95.3
1071729215;2019-06-26 21:00:00;2019-06-26 21:30:00;91.2
1071729215;2019-06-26 21:30:00;2019-06-26 22:00:00;110.0
1071729215;2019-06-26 22:00:00;2019-06-26 22:30:00;106.66666666666667
1071729215;2019-06-26 22:30:00;2019-06-26 23:00:00;90.0
1071729215;2019-06-26 23:00:00;2019-06-26 23:30:00;90.83333333333333
1071729215;2019-06-26 23:30:00;2019-06-26 23:59:59;92.0
1071729215;2019-06-27 00:00:00;2019-06-27 00:30:00;92.0
1071729215;2019-06-27 00:30:00;2019-06-27 01:00:00;94.16666666666667
1071729215;2019-06-27 01:00:00;2019-06-27 01:30:00;93.0
1071729215;2019-06-27 01:30:00;2019-06-27 02:00:00;96.66666666666667
1071729215;2019-06-27 02:00:00;2019-06-27 02:30:00;94.66666666666667
1071729215;2019-06-27 02:30:00;2019-06-27 03:00:00;92.33333333333333
1071729215;2019-06-27 03:00:00;2019-06-27 03:30:00;101.16666666666667
1071729215;2019-06-27 03:30:00;2019-06-27 04:00:00;84.83333333333333
1071729215;2019-06-27 04:00:00;2019-06-27 04:30:00;93.2
1071729215;2019-06-27 04:30:00;2019-06-27 05:00:00;102.1
1071729215;2019-06-27 05:00:00;2019-06-27 05:30:00;103.6
1071729215;2019-06-27 05:30:00;2019-06-27 06:00:00;107.8
1071729215;2019-06-27 06:00:00;2019-06-27 06:30:00;104.4
1071729215;2019-06-27 06:30:00;2019-06-27 07:00:00;117.3
1071729215;2019-06-27 07:00:00;2019-06-27 07:30:00;99.83333333333333
1071729215;2019-06-27 07:30:00;2019-06-27 08:00:00;108.66666666666667
1071729215;2019-06-27 08:00:00;2019-06-27 08:30:00;94.66666666666667
1071729215;2019-06-27 08:30:00;2019-06-27 09:00:00;94.8
1071729215;2019-06-27 09:00:00;2019-06-27 09:30:00;99.1
1071729215;2019-06-27 09:30:00;2019-06-27 10:00:00;92.5
1071729215;2019-06-27 10:00:00;2019-06-27 10:30:00;94.13333333333334
1071729215;2019-06-27 10:30:00;2019-06-27 11:00:00;83.23333333333333
1071729215;2019-06-27 11:00:00;2019-06-27 11:30:00;91.7
1071729215;2019-06-27 11:30:00;2019-06-27 12:00:00;102.03333333333333
1071729215;2019-06-27 12:00:00;2019-06-27 12:30:00;96.5
1071729215;2019-06-27 12:30:00;2019-06-27 13:00:00;94.13333333333334
1071729215;2019-06-27 13:00:00;2019-06-27 13:30:00;101.23333333333333
1071729215;2019-06-27 13:30:00;2019-06-27 14:00:00;77.0
1071729215;2019-06-27 14:00:00;2019-06-27 14:30:00;115.46666666666667
1071729215;2019-06-27 14:30:00;2019-06-27 15:00:00;103.76666666666667
1071729215;2019-06-27 15:00:00;2019-06-27 15:30:00;94.8
1071729215;2019-06-27 15:30:00;2019-06-27 16:00:00;86.93333333333334
1071729215;2019-06-27 16:00:00;2019-06-27 16:30:00;111.06666666666666
1071729215;2019-06-27 16:30:00;2019-06-27 17:00:00;98.6
1071729215;2019-06-27 17:00:00;2019-06-27 17:30:00;96.96666666666667
1071729215;2019-06-27 17:30:00;2019-06-27 18:00:00;92.2
1071729215;2019-06-27 18:00:00;2019-06-27 18:30:00;103.26666666666667
1071729215;2019-06-27 18:30:00;2019-06-27 19:00:00;101.46666666666667
1071729215;2019-06-27 19:00:00;2019-06-27 19:30:00;92.53333333333333
1071729215;2019-06-27 19:30:00;2019-06-27 20:00:00;100.3
1071729215;2019-06-27 20:00:00;2019-06-27 20:30:00;98.6
1071729215;2019-06-27 20:30:00;2019-06-27 21:00:00;101.53333333333333
1071729215;2019-06-27 21:00:00;2019-06-27 21:30:00;103.7
1071729215;2019-06-27 21:30:00;2019-06-27 22:00:00;95.16666666666667
1071729215;2019-06-27 22:00:00;2019-06-27 22:30:00;89.66666666666667
1071729215;2019-06-27 22:30:00;2019-06-27 23:00:00;94.6
1071729215;2019-06-27 23:00:00;2019-06-27 23:30:00;91.16666666666667
1071729215;2019-06-27 23:30:00;2019-06-27 23:59:59;107.26666666666667
1071729215;2019-06-28 00:00:00;2019-06-28 00:30:00;91.1
1071729215;2019-06-28 00:30:00;2019-06-28 01:00:00;92.0
1071729215;2019-06-28 01:00:00;2019-06-28 01:30:00;87.6
1071729215;2019-06-28 01:30:00;2019-06-28 02:00:00;92.3
1071729215;2019-06-28 02:00:00;2019-06-28 02:30:00;92.0
1071729215;2019-06-28 02:30:00;2019-06-28 03:00:00;99.06666666666666
1071729215;2019-06-28 03:00:00;2019-06-28 03:30:00;84.36666666666666
1071729215;2019-06-28 03:30:00;2019-06-28 04:00:00;86.66666666666667
1071729215;2019-06-28 04:00:00;2019-06-28 04:30:00;87.4
1071729215;2019-06-28 04:30:00;2019-06-28 05:00:00;93.96666666666667
1071729215;2019-06-28 05:00:00;2019-06-28 05:30:00;97.43333333333334
1071729215;2019-06-28 05:30:00;2019-06-28 06:00:00;100.4
1071729215;2019-06-28 06:00:00;2019-06-28 06:30:00;101.8
1071729215;2019-06-28 06:30:00;2019-06-28 07:00:00;103.73333333333333
1071729215;2019-06-28 07:00:00;2019-06-28 07:30:00;99.6
1071729215;2019-06-28 07:30:00;2019-06-28 08:00:00;102.13333333333334
1071729215;2019-06-28 08:00:00;2019-06-28 08:30:00;89.03333333333333
1071729215;2019-06-28 08:30:00;2019-06-28 09:00:00;108.03333333333333
1071729215;2019-06-28 09:00:00;2019-06-28 09:30:00;101.7
1071729215;2019-06-28 09:30:00;2019-06-28 10:00:00;86.4
1071729215;2019-06-28 10:00:00;2019-06-28 10:30:00;103.33333333333333
1071729215;2019-06-28 10:30:00;2019-06-28 11:00:00;109.1
1071729215;2019-06-28 11:00:00;2019-06-28 11:30:00;93.96666666666667
1071729215;2019-06-28 11:30:00;2019-06-28 12:00:00;92.86666666666666
1071729215;2019-06-28 12:00:00;2019-06-28 12:30:00;89.53333333333333
1071729215;2019-06-28 12:30:00;2019-06-28 13:00:00;90.86666666666666
1071729215;2019-06-28 13:00:00;2019-06-28 13:30:00;95.2
1071729215;2019-06-28 13:30:00;2019-06-28 14:00:00;97.13333333333334
1071729215;2019-06-28 14:00:00;2019-06-28 14:30:00;114.8
1071729215;2019-06-28 14:30:00;2019-06-28 15:00:00;99.2
1071729215;2019-06-28 15:00:00;2019-06-28 15:30:00;97.53333333333333
1071729215;2019-06-28 15:30:00;2019-06-28 16:00:00;97.6
1071729215;2019-06-28 16:00:00;2019-06-28 16:30:00;95.4
1071729215;2019-06-28 16:30:00;2019-06-28 17:00:00;90.96666666666667
1071729215;2019-06-28 17:00:00;2019-06-28 17:30:00;101.06666666666666
1071729215;2019-06-28 17:30:00;2019-06-28 18:00:00;91.46666666666667
1071729215;2019-06-28 18:00:00;2019-06-28 18:30:00;92.56666666666666
1071729215;2019-06-28 18:30:00;2019-06-28 19:00:00;106.1
1071729215;2019-06-28 19:00:00;2019-06-28 19:30:00;94.06666666666666
1071729215;2019-06-28 19:30:00;2019-06-28 20:00:00;97.3
1071729215;2019-06-28 20:00:00;2019-06-28 20:30:00;100.9
1071729215;2019-06-28 20:30:00;2019-06-28 21:00:00;97.53333333333333
1071729215;2019-06-28 21:00:00;2019-06-28 21:30:00;89.56666666666666
1071729215;2019-06-28 21:30:00;2019-06-28 22:00:00;106.4
1071729215;2019-06-28 22:00:00;2019-06-28 22:30:00;115.76666666666667
1071729215;2019-06-28 22:30:00;2019-06-28 23:00:00;94.03333333333333
1071729215;2019-06-28 23:00:00;2019-06-28 23:30:00;101.16666666666667
1071729215;2019-06-28 23:30:00;2019-06-28 23:59:59;96.0
1071729215;2019-06-29 00:00:00;2019-06-29 00:30:00;101.43333333333334
1071729215;2019-06-29 00:30:00;2019-06-29 01:00:00;96.76666666666667
1071729215;2019-06-29 01:00:00;2019-06-29 01:30:00;93.83333333333333
1071729215;2019-06-29 01:30:00;2019-06-29 02:00:00;92.0
1071729215;2019-06-29 02:00:00;2019-06-29 02:30:00;92.0
1071729215;2019-06-29 02:30:00;2019-06-29 03:00:00;92.0
1071729215;2019-06-29 03:00:00;2019-06-29 03:30:00;87.9
1071729215;2019-06-29 03:30:00;2019-06-29 04:00:00;111.36666666666666
1071729215;2019-06-29 04:00:00;2019-06-29 04:30:00;101.8
1071729215;2019-06-29 04:30:00;2019-06-29 05:00:00;114.16666666666667
1071729215;2019-06-29 05:00:00;2019-06-29 05:30:00;107.53333333333333
1071729215;2019-06-29 05:30:00;2019-06-29 06:00:00;108.23333333333333
1071729215;2019-06-29 06:00:00;2019-06-29 06:30:00;118.2
1071729215;2019-06-29 06:30:00;2019-06-29 07:00:00;107.7
1071729215;2019-06-29 07:00:00;2019-06-29 07:30:00;97.26666666666667
1071729215;2019-06-29 07:30:00;2019-06-29 08:00:00;91.03333333333333
1071729215;2019-06-29 08:00:00;2019-06-29 08:30:00;101.8
1071729215;2019-06-29 08:30:00;2019-06-29 09:00:00;101.36666666666666
1071729215;2019-06-29 09:00:00;2019-06-29 09:30:00;96.1
1071729215;2019-06-29 09:30:00;2019-06-29 10:00:00;97.66666666666667
1071729215;2019-06-29 10:00:00;2019-06-29 10:30:00;85.53333333333333
1071729215;2019-06-29 10:30:00;2019-06-29 11:00:00;102.5
1071729215;2019-06-29 11:00:00;2019-06-29 11:30:00;91.2
1071729215;2019-06-29 11:30:00;2019-06-29 12:00:00;66.5
1071729215;2019-06-29 12:00:00;2019-06-29 12:30:00;99.1
1071729215;2019-06-29 12:30:00;2019-06-29 13:00:00;92.83333333333333
1071729215;2019-06-29 13:00:00;2019-06-29 13:30:00;96.33333333333333
1071729215;2019-06-29 13:30:00;2019-06-29 14:00:00;99.8
1071729215;2019-06-29 14:00:00;2019-06-29 14:30:00;111.66666666666667
1071729215;2019-06-29 14:30:00;2019-06-29 15:00:00;95.96666666666667
1071729215;2019-06-29 15:00:00;2019-06-29 15:30:00;107.5
1071729215;2019-06-29 15:30:00;2019-06-29 16:00:00;110.66666666666667
1071729215;2019-06-29 16:00:00;2019-06-29 16:30:00;106.13333333333334
1071729215;2019-06-29 16:30:00;2019-06-29 17:00:00;110.33333333333333
1071729215;2019-06-29 17:00:00;2019-06-29 17:30:00;107.4
1071729215;2019-06-29 17:30:00;2019-06-29 18:00:00;105.1
1071729215;2019-06-29 18:00:00;2019-06-29 18:30:00;110.36666666666666
1071729215;2019-06-29 18:30:00;2019-06-29 19:00:00;112.8
1071729215;2019-06-29 19:00:00;2019-06-29 19:30:00;116.53333333333333
1071729215;2019-06-29 19:30:00;2019-06-29 20:00:00;110.2
1071729215;2019-06-29 20:00:00;2019-06-29 20:30:00;106.96551724137932
1071729215;2019-06-29 20:30:00;2019-06-29 21:00:00;107.9
1071729215;2019-06-29 21:00:00;2019-06-29 21:30:00;102.0
1071729215;2019-06-29 21:30:00;2019-06-29 22:00:00;106.73333333333333
1071729215;2019-06-29 22:00:00;2019-06-29 22:30:00;95.56666666666666
1071729215;2019-06-29 22:30:00;2019-06-29 23:00:00;125.16666666666667
1071729215;2019-06-29 23:00:00;2019-06-29 23:30:00;101.53333333333333
1071729215;2019-06-29 23:30:00;2019-06-29 23:59:59;103.2
1071729215;2019-06-30 00:00:00;2019-06-30 00:30:00;94.33333333333333
1071729215;2019-06-30 00:30:00;2019-06-30 01:00:00;93.0
1071729215;2019-06-30 01:00:00;2019-06-30 01:30:00;92.0
1071729215;2019-06-30 01:30:00;2019-06-30 02:00:00;92.0
1071729215;2019-06-30 02:00:00;2019-06-30 02:30:00;92.0
1071729215;2019-06-30 02:30:00;2019-06-30 03:00:00;92.0
1071729215;2019-06-30 03:00:00;2019-06-30 03:30:00;97.43333333333334
1071729215;2019-06-30 03:30:00;2019-06-30 04:00:00;96.13333333333334
1071729215;2019-06-30 04:00:00;2019-06-30 04:30:00;93.0
1071729215;2019-06-30 04:30:00;2019-06-30 05:00:00;93.0
1071729215;2019-06-30 05:00:00;2019-06-30 05:30:00;98.0
1071729215;2019-06-30 05:30:00;2019-06-30 06:00:00;110.46666666666667
1071729215;2019-06-30 06:00:00;2019-06-30 06:30:00;100.2
1071729215;2019-06-30 06:30:00;2019-06-30 07:00:00;101.0
1071729215;2019-06-30 07:00:00;2019-06-30 07:30:00;103.66666666666667
1071729215;2019-06-30 07:30:00;2019-06-30 08:00:00;108.5
1071729215;2019-06-30 08:00:00;2019-06-30 08:30:00;102.6
1071729215;2019-06-30 08:30:00;2019-06-30 09:00:00;99.16666666666667
1071729215;2019-06-30 09:00:00;2019-06-30 09:30:00;100.33333333333333
1071729215;2019-06-30 09:30:00;2019-06-30 10:00:00;101.43333333333334
1071729215;2019-06-30 10:00:00;2019-06-30 10:30:00;105.66666666666667
1071729215;2019-06-30 10:30:00;2019-06-30 11:00:00;102.43333333333334
1071729215;2019-06-30 11:00:00;2019-06-30 11:30:00;96.36666666666666
1071729215;2019-06-30 11:30:00;2019-06-30 12:00:00;100.36666666666666
1071729215;2019-06-30 12:00:00;2019-06-30 12:30:00;90.76666666666667
1071729215;2019-06-30 12:30:00;2019-06-30 13:00:00;96.23333333333333
1071729215;2019-06-30 13:00:00;2019-06-30 13:30:00;96.7
1071729215;2019-06-30 13:30:00;2019-06-30 14:00:00;89.93333333333334
1071729215;2019-06-30 14:00:00;2019-06-30 14:30:00;94.5
1071729215;2019-06-30 14:30:00;2019-06-30 15:00:00;91.53333333333333
1071729215;2019-06-30 15:00:00;2019-06-30 15:30:00;94.03333333333333
1071729215;2019-06-30 15:30:00;2019-06-30 16:00:00;104.63333333333334
1071729215;2019-06-30 16:00:00;2019-06-30 16:30:00;107.76666666666667
1071729215;2019-06-30 16:30:00;2019-06-30 17:00:00;97.13333333333334
1071729215;2019-06-30 17:00:00;2019-06-30 17:30:00;100.5
1071729215;2019-06-30 17:30:00;2019-06-30 18:00:00;106.0
1071729215;2019-06-30 18:00:00;2019-06-30 18:30:00;111.53333333333333
1071729215;2019-06-30 18:30:00;2019-06-30 19:00:00;112.33333333333333
1071729215;2019-06-30 19:00:00;2019-06-30 19:30:00;108.6
1071729215;2019-06-30 19:30:00;2019-06-30 20:00:00;111.26666666666667
1071729215;2019-06-30 20:00:00;2019-06-30 20:30:00;92.46666666666667
1071729215;2019-06-30 20:30:00;2019-06-30 21:00:00;91.7
1071729215;2019-06-30 21:00:00;2019-06-30 21:30:00;92.0
1071729215;2019-06-30 21:30:00;2019-06-30 22:00:00;91.3
1071729215;2019-06-30 22:00:00;2019-06-30 22:30:00;88.16666666666667
1071729215;2019-06-30 22:30:00;2019-06-30 23:00:00;92.66666666666667
1071729215;2019-06-30 23:00:00;2019-06-30 23:30:00;94.3
1071729215;2019-06-30 23:30:00;2019-06-30 23:59:59;92.0
1071729215;2019-07-01 00:00:00;2019-07-01 00:30:00;92.0
1071729215;2019-07-01 00:30:00;2019-07-01 01:00:00;92.0
1071729215;2019-07-01 01:00:00;2019-07-01 01:30:00;92.0
1071729215;2019-07-01 01:30:00;2019-07-01 02:00:00;92.0
1071729215;2019-07-01 02:00:00;2019-07-01 02:30:00;92.0
1071729215;2019-07-01 02:30:00;2019-07-01 03:00:00;92.0
1071729215;2019-07-01 03:00:00;2019-07-01 03:30:00;88.66666666666667
1071729215;2019-07-01 03:30:00;2019-07-01 04:00:00;88.13333333333334
1071729215;2019-07-01 04:00:00;2019-07-01 04:30:00;94.56666666666666
1071729215;2019-07-01 04:30:00;2019-07-01 05:00:00;109.0
1071729215;2019-07-01 05:00:00;2019-07-01 05:30:00;98.2
1071729215;2019-07-01 05:30:00;2019-07-01 06:00:00;99.73333333333333
1071729215;2019-07-01 06:00:00;2019-07-01 06:30:00;103.93333333333334
1071729215;2019-07-01 06:30:00;2019-07-01 07:00:00;97.43333333333334
1071729215;2019-07-01 07:00:00;2019-07-01 07:30:00;100.2
1071729215;2019-07-01 07:30:00;2019-07-01 08:00:00;103.7
1071729215;2019-07-01 08:00:00;2019-07-01 08:30:00;107.63333333333334
1071729215;2019-07-01 08:30:00;2019-07-01 09:00:00;99.26666666666667
1071729215;2019-07-01 09:00:00;2019-07-01 09:30:00;108.13333333333334
1071729215;2019-07-01 09:30:00;2019-07-01 10:00:00;107.96666666666667
1071729215;2019-07-01 10:00:00;2019-07-01 10:30:00;108.36666666666666
1071729215;2019-07-01 10:30:00;2019-07-01 11:00:00;102.36666666666666
1071729215;2019-07-01 11:00:00;2019-07-01 11:30:00;103.9
1071729215;2019-07-01 11:30:00;2019-07-01 12:00:00;88.56666666666666
1071729215;2019-07-01 12:00:00;2019-07-01 12:30:00;81.6
1071729215;2019-07-01 12:30:00;2019-07-01 13:00:00;90.66666666666667
1071729215;2019-07-01 13:00:00;2019-07-01 13:30:00;94.13333333333334
1071729215;2019-07-01 13:30:00;2019-07-01 14:00:00;101.13333333333334
1071729215;2019-07-01 14:00:00;2019-07-01 14:30:00;88.33333333333333
1071729215;2019-07-01 14:30:00;2019-07-01 15:00:00;105.76666666666667
1071729215;2019-07-01 15:00:00;2019-07-01 15:30:00;94.8
1071729215;2019-07-01 15:30:00;2019-07-01 16:00:00;97.46666666666667
1071729215;2019-07-01 16:00:00;2019-07-01 16:30:00;102.6
1071729215;2019-07-01 16:30:00;2019-07-01 17:00:00;94.73333333333333
1071729215;2019-07-01 17:00:00;2019-07-01 17:30:00;92.5
1071729215;2019-07-01 17:30:00;2019-07-01 18:00:00;90.16666666666667
1071729215;2019-07-01 18:00:00;2019-07-01 18:30:00;90.63333333333334
1071729215;2019-07-01 18:30:00;2019-07-01 19:00:00;101.66666666666667
1071729215;2019-07-01 19:00:00;2019-07-01 19:30:00;103.46666666666667
1071729215;2019-07-01 19:30:00;2019-07-01 20:00:00;92.43333333333334
1071729215;2019-07-01 20:00:00;2019-07-01 20:30:00;92.0
1071729215;2019-07-01 20:30:00;2019-07-01 21:00:00;92.0
1071729215;2019-07-01 21:00:00;2019-07-01 21:30:00;92.9
1071729215;2019-07-01 21:30:00;2019-07-01 22:00:00;104.66666666666667
1071729215;2019-07-01 22:00:00;2019-07-01 22:30:00;105.8
1071729215;2019-07-01 22:30:00;2019-07-01 23:00:00;124.06666666666666
1071729215;2019-07-01 23:00:00;2019-07-01 23:30:00;121.7
1071729215;2019-07-01 23:30:00;2019-07-01 23:59:59;98.2
1071729215;2019-07-02 00:00:00;2019-07-02 00:30:00;88.3
1071729215;2019-07-02 00:30:00;2019-07-02 01:00:00;98.53333333333333
1071729215;2019-07-02 01:00:00;2019-07-02 01:30:00;92.63333333333334
1071729215;2019-07-02 01:30:00;2019-07-02 02:00:00;93.0
1071729215;2019-07-02 02:00:00;2019-07-02 02:30:00;91.73333333333333
1071729215;2019-07-02 02:30:00;2019-07-02 03:00:00;91.7
1071729215;2019-07-02 03:00:00;2019-07-02 03:30:00;85.7
1071729215;2019-07-02 03:30:00;2019-07-02 04:00:00;85.06666666666666
1071729215;2019-07-02 04:00:00;2019-07-02 04:30:00;90.4
1071729215;2019-07-02 04:30:00;2019-07-02 05:00:00;106.9
1071729215;2019-07-02 05:00:00;2019-07-02 05:30:00;92.3
1071729215;2019-07-02 05:30:00;2019-07-02 06:00:00;94.13333333333334
1071729215;2019-07-02 06:00:00;2019-07-02 06:30:00;105.16666666666667
1071729215;2019-07-02 06:30:00;2019-07-02 07:00:00;100.2
1071729215;2019-07-02 07:00:00;2019-07-02 07:30:00;99.16666666666667
1071729215;2019-07-02 07:30:00;2019-07-02 08:00:00;97.73333333333333
1071729215;2019-07-02 08:00:00;2019-07-02 08:30:00;92.6
1071729215;2019-07-02 08:30:00;2019-07-02 09:00:00;101.76666666666667
1071729215;2019-07-02 09:00:00;2019-07-02 09:30:00;108.03448275862068
1071729215;2019-07-02 09:30:00;2019-07-02 10:00:00;101.86666666666666
1071729215;2019-07-02 10:00:00;2019-07-02 10:30:00;86.2
1071729215;2019-07-02 10:30:00;2019-07-02 11:00:00;93.33333333333333
1071729215;2019-07-02 11:00:00;2019-07-02 11:30:00;91.76666666666667
1071729215;2019-07-02 11:30:00;2019-07-02 12:00:00;87.0
1071729215;2019-07-02 12:00:00;2019-07-02 12:30:00;93.96666666666667
1071729215;2019-07-02 12:30:00;2019-07-02 13:00:00;98.9
1071729215;2019-07-02 13:00:00;2019-07-02 13:30:00;89.5
1071729215;2019-07-02 13:30:00;2019-07-02 14:00:00;94.36666666666666
1071729215;2019-07-02 14:00:00;2019-07-02 14:30:00;104.93333333333334
1071729215;2019-07-02 14:30:00;2019-07-02 15:00:00;96.36666666666666
1071729215;2019-07-02 15:00:00;2019-07-02 15:30:00;86.66666666666667
1071729215;2019-07-02 15:30:00;2019-07-02 16:00:00;113.93333333333334
1071729215;2019-07-02 16:00:00;2019-07-02 16:30:00;94.43333333333334
1071729215;2019-07-02 16:30:00;2019-07-02 17:00:00;92.16666666666667
1071729215;2019-07-02 17:00:00;2019-07-02 17:30:00;106.96666666666667
1071729215;2019-07-02 17:30:00;2019-07-02 18:00:00;93.86666666666666
1071729215;2019-07-02 18:00:00;2019-07-02 18:30:00;109.63333333333334
1071729215;2019-07-02 18:30:00;2019-07-02 19:00:00;107.76666666666667
1071729215;2019-07-02 19:00:00;2019-07-02 19:30:00;92.53333333333333
1071729215;2019-07-02 19:30:00;2019-07-02 20:00:00;94.16666666666667
1071729215;2019-07-02 20:00:00;2019-07-02 20:30:00;93.46666666666667
1071729215;2019-07-02 20:30:00;2019-07-02 21:00:00;101.43333333333334
1071729215;2019-07-02 21:00:00;2019-07-02 21:30:00;95.9
1071729215;2019-07-02 21:30:00;2019-07-02 22:00:00;102.66666666666667
1071729215;2019-07-02 22:00:00;2019-07-02 22:30:00;96.86666666666666
1071729215;2019-07-02 22:30:00;2019-07-02 23:00:00;89.5
1071729215;2019-07-02 23:00:00;2019-07-02 23:30:00;91.83333333333333
1071729215;2019-07-02 23:30:00;2019-07-02 23:59:59;92.0
1071729215;2019-07-03 00:00:00;2019-07-03 00:30:00;92.0
1071729215;2019-07-03 00:30:00;2019-07-03 01:00:00;92.0
1071729215;2019-07-03 01:00:00;2019-07-03 01:30:00;92.0
1071729215;2019-07-03 01:30:00;2019-07-03 02:00:00;92.0
1071729215;2019-07-03 02:00:00;2019-07-03 02:30:00;92.0
1071729215;2019-07-03 02:30:00;2019-07-03 03:00:00;88.8
1071729215;2019-07-03 03:00:00;2019-07-03 03:30:00;84.6
1071729215;2019-07-03 03:30:00;2019-07-03 04:00:00;89.03333333333333
1071729215;2019-07-03 04:00:00;2019-07-03 04:30:00;94.03333333333333
1071729215;2019-07-03 04:30:00;2019-07-03 05:00:00;102.5
1071729215;2019-07-03 05:00:00;2019-07-03 05:30:00;103.46666666666667
1071729215;2019-07-03 05:30:00;2019-07-03 06:00:00;107.5
1071729215;2019-07-03 06:00:00;2019-07-03 06:30:00;96.7
1071729215;2019-07-03 06:30:00;2019-07-03 07:00:00;93.46666666666667
1071729215;2019-07-03 07:00:00;2019-07-03 07:30:00;97.13333333333334
1071729215;2019-07-03 07:30:00;2019-07-03 08:00:00;105.0
1071729215;2019-07-03 08:00:00;2019-07-03 08:30:00;104.96666666666667
1071729215;2019-07-03 08:30:00;2019-07-03 09:00:00;90.13333333333334
1071729215;2019-07-03 09:00:00;2019-07-03 09:30:00;92.03333333333333
1071729215;2019-07-03 09:30:00;2019-07-03 10:00:00;97.66666666666667
1071729215;2019-07-03 10:00:00;2019-07-03 10:30:00;78.23333333333333
1071729215;2019-07-03 10:30:00;2019-07-03 11:00:00;69.6
1071729215;2019-07-03 11:00:00;2019-07-03 11:30:00;104.13333333333334
1071729215;2019-07-03 11:30:00;2019-07-03 12:00:00;110.53333333333333
1071729215;2019-07-03 12:00:00;2019-07-03 12:30:00;89.9
1071729215;2019-07-03 12:30:00;2019-07-03 13:00:00;100.93333333333334
1071729215;2019-07-03 13:00:00;2019-07-03 13:30:00;92.03333333333333
1071729215;2019-07-03 13:30:00;2019-07-03 14:00:00;96.03333333333333
1071729215;2019-07-03 14:00:00;2019-07-03 14:30:00;103.4
1071729215;2019-07-03 14:30:00;2019-07-03 15:00:00;93.1
1071729215;2019-07-03 15:00:00;2019-07-03 15:30:00;100.76666666666667
1071729215;2019-07-03 15:30:00;2019-07-03 16:00:00;94.43333333333334
1071729215;2019-07-03 16:00:00;2019-07-03 16:30:00;91.76666666666667
1071729215;2019-07-03 16:30:00;2019-07-03 17:00:00;107.9
1071729215;2019-07-03 17:00:00;2019-07-03 17:30:00;96.93333333333334
1071729215;2019-07-03 17:30:00;2019-07-03 18:00:00;94.3
1071729215;2019-07-03 18:00:00;2019-07-03 18:30:00;98.1
1071729215;2019-07-03 18:30:00;2019-07-03 19:00:00;100.4
1071729215;2019-07-03 19:00:00;2019-07-03 19:30:00;98.13333333333334
1071729215;2019-07-03 19:30:00;2019-07-03 20:00:00;102.76666666666667
1071729215;2019-07-03 20:00:00;2019-07-03 20:30:00;117.43333333333334
1071729215;2019-07-03 20:30:00;2019-07-03 21:00:00;97.33333333333333
1071729215;2019-07-03 21:00:00;2019-07-03 21:30:00;108.56666666666666
1071729215;2019-07-03 21:30:00;2019-07-03 22:00:00;95.7
1071729215;2019-07-03 22:00:00;2019-07-03 22:30:00;93.96666666666667
1071729215;2019-07-03 22:30:00;2019-07-03 23:00:00;95.26666666666667
1071729215;2019-07-03 23:00:00;2019-07-03 23:30:00;92.0
1071729215;2019-07-03 23:30:00;2019-07-03 23:59:59;92.0
1071729215;2019-07-04 00:00:00;2019-07-04 00:30:00;94.16666666666667
1071729215;2019-07-04 00:30:00;2019-07-04 01:00:00;92.26666666666667
1071729215;2019-07-04 01:00:00;2019-07-04 01:30:00;95.2
1071729215;2019-07-04 01:30:00;2019-07-04 02:00:00;92.0
1071729215;2019-07-04 02:00:00;2019-07-04 02:30:00;92.0
1071729215;2019-07-04 02:30:00;2019-07-04 03:00:00;90.93333333333334
1071729215;2019-07-04 03:00:00;2019-07-04 03:30:00;84.8
1071729215;2019-07-04 03:30:00;2019-07-04 04:00:00;96.96666666666667
1071729215;2019-07-04 04:00:00;2019-07-04 04:30:00;86.56666666666666
1071729215;2019-07-04 04:30:00;2019-07-04 05:00:00;95.43333333333334
1071729215;2019-07-04 05:00:00;2019-07-04 05:30:00;103.76666666666667
1071729215;2019-07-04 05:30:00;2019-07-04 06:00:00;96.5
1071729215;2019-07-04 06:00:00;2019-07-04 06:30:00;99.83333333333333
1071729215;2019-07-04 06:30:00;2019-07-04 07:00:00;101.43333333333334
1071729215;2019-07-04 07:00:00;2019-07-04 07:30:00;86.4
1071729215;2019-07-04 07:30:00;2019-07-04 08:00:00;102.93333333333334
1071729215;2019-07-04 08:00:00;2019-07-04 08:30:00;90.76666666666667
1071729215;2019-07-04 08:30:00;2019-07-04 09:00:00;91.03333333333333
1071729215;2019-07-04 09:00:00;2019-07-04 09:30:00;97.6
1071729215;2019-07-04 09:30:00;2019-07-04 10:00:00;88.7
1071729215;2019-07-04 10:00:00;2019-07-04 10:30:00;87.13333333333334
1071729215;2019-07-04 10:30:00;2019-07-04 11:00:00;91.2
1071729215;2019-07-04 11:00:00;2019-07-04 11:30:00;92.63333333333334
1071729215;2019-07-04 11:30:00;2019-07-04 12:00:00;104.23333333333333
1071729215;2019-07-04 12:00:00;2019-07-04 12:30:00;96.26666666666667
1071729215;2019-07-04 12:30:00;2019-07-04 13:00:00;99.56666666666666
1071729215;2019-07-04 13:00:00;2019-07-04 13:30:00;107.06666666666666
1071729215;2019-07-04 13:30:00;2019-07-04 14:00:00;94.3
1071729215;2019-07-04 14:00:00;2019-07-04 14:30:00;94.06666666666666
1071729215;2019-07-04 14:30:00;2019-07-04 15:00:00;105.66666666666667
1071729215;2019-07-04 15:00:00;2019-07-04 15:30:00;91.3
1071729215;2019-07-04 15:30:00;2019-07-04 16:00:00;89.76666666666667
1071729215;2019-07-04 16:00:00;2019-07-04 16:30:00;104.56666666666666
1071729215;2019-07-04 16:30:00;2019-07-04 17:00:00;102.33333333333333
1071729215;2019-07-04 17:00:00;2019-07-04 17:30:00;105.63333333333334
1071729215;2019-07-04 17:30:00;2019-07-04 18:00:00;95.66666666666667
1071729215;2019-07-04 18:00:00;2019-07-04 18:30:00;95.0
1071729215;2019-07-04 18:30:00;2019-07-04 19:00:00;89.13333333333334
1071729215;2019-07-04 19:00:00;2019-07-04 19:30:00;105.4
1071729215;2019-07-04 19:30:00;2019-07-04 20:00:00;88.23333333333333
1071729215;2019-07-04 20:00:00;2019-07-04 20:30:00;91.86666666666666
1071729215;2019-07-04 20:30:00;2019-07-04 21:00:00;95.23333333333333
1071729215;2019-07-04 21:00:00;2019-07-04 21:30:00;91.8
1071729215;2019-07-04 21:30:00;2019-07-04 22:00:00;91.63333333333334
1071729215;2019-07-04 22:00:00;2019-07-04 22:30:00;92.0
1071729215;2019-07-04 22:30:00;2019-07-04 23:00:00;92.0
1071729215;2019-07-04 23:00:00;2019-07-04 23:30:00;92.0
1071729215;2019-07-04 23:30:00;2019-07-04 23:59:59;92.0
1071729215;2019-07-05 00:00:00;2019-07-05 00:30:00;92.8
1071729215;2019-07-05 00:30:00;2019-07-05 01:00:00;92.4
1071729215;2019-07-05 01:00:00;2019-07-05 01:30:00;97.1
1071729215;2019-07-05 01:30:00;2019-07-05 02:00:00;93.0
1071729215;2019-07-05 02:00:00;2019-07-05 02:30:00;93.73333333333333
1071729215;2019-07-05 02:30:00;2019-07-05 03:00:00;92.36666666666666
1071729215;2019-07-05 03:00:00;2019-07-05 03:30:00;86.76666666666667
1071729215;2019-07-05 03:30:00;2019-07-05 04:00:00;86.06666666666666
1071729215;2019-07-05 04:00:00;2019-07-05 04:30:00;92.7
1071729215;2019-07-05 04:30:00;2019-07-05 05:00:00;89.93333333333334
1071729215;2019-07-05 05:00:00;2019-07-05 05:30:00;103.96666666666667
1071729215;2019-07-05 05:30:00;2019-07-05 06:00:00;92.53333333333333
1071729215;2019-07-05 06:00:00;2019-07-05 06:30:00;125.9
1071729215;2019-07-05 06:30:00;2019-07-05 07:00:00;113.46666666666667
1071729215;2019-07-05 07:00:00;2019-07-05 07:30:00;112.33333333333333
1071729215;2019-07-05 07:30:00;2019-07-05 08:00:00;103.3
1071729215;2019-07-05 08:00:00;2019-07-05 08:30:00;98.0
1071729215;2019-07-05 08:30:00;2019-07-05 09:00:00;87.63333333333334
1071729215;2019-07-05 09:00:00;2019-07-05 09:30:00;92.03333333333333
1071729215;2019-07-05 09:30:00;2019-07-05 10:00:00;90.0
1071729215;2019-07-05 10:00:00;2019-07-05 10:30:00;94.3
1071729215;2019-07-05 10:30:00;2019-07-05 11:00:00;89.53333333333333
1071729215;2019-07-05 11:00:00;2019-07-05 11:30:00;93.46666666666667
1071729215;2019-07-05 11:30:00;2019-07-05 12:00:00;102.36666666666666
1071729215;2019-07-05 12:00:00;2019-07-05 12:30:00;95.46666666666667
1071729215;2019-07-05 12:30:00;2019-07-05 13:00:00;96.8
1071729215;2019-07-05 13:00:00;2019-07-05 13:30:00;89.33333333333333
1071729215;2019-07-05 13:30:00;2019-07-05 14:00:00;92.93333333333334
1071729215;2019-07-05 14:00:00;2019-07-05 14:30:00;101.53333333333333
1071729215;2019-07-05 14:30:00;2019-07-05 15:00:00;106.13333333333334
1071729215;2019-07-05 15:00:00;2019-07-05 15:30:00;88.83333333333333
1071729215;2019-07-05 15:30:00;2019-07-05 16:00:00;94.33333333333333
1071729215;2019-07-05 16:00:00;2019-07-05 16:30:00;101.93333333333334
1071729215;2019-07-05 16:30:00;2019-07-05 17:00:00;91.83333333333333
1071729215;2019-07-05 17:00:00;2019-07-05 17:30:00;98.86666666666666
1071729215;2019-07-05 17:30:00;2019-07-05 18:00:00;99.0
1071729215;2019-07-05 18:00:00;2019-07-05 18:30:00;113.9
1071729215;2019-07-05 18:30:00;2019-07-05 19:00:00;105.26666666666667
1071729215;2019-07-05 19:00:00;2019-07-05 19:30:00;110.2
1071729215;2019-07-05 19:30:00;2019-07-05 20:00:00;109.53333333333333
1071729215;2019-07-05 20:00:00;2019-07-05 20:30:00;94.86666666666666
1071729215;2019-07-05 20:30:00;2019-07-05 21:00:00;106.3
1071729215;2019-07-05 21:00:00;2019-07-05 21:30:00;101.63333333333334
1071729215;2019-07-05 21:30:00;2019-07-05 22:00:00;97.63333333333334
1071729215;2019-07-05 22:00:00;2019-07-05 22:30:00;112.3
1071729215;2019-07-05 22:30:00;2019-07-05 23:00:00;111.76666666666667
1071729215;2019-07-05 23:00:00;2019-07-05 23:30:00;103.4
1071729215;2019-07-05 23:30:00;2019-07-05 23:59:59;92.1
1071729215;2019-07-06 00:00:00;2019-07-06 00:30:00;100.7
1071729215;2019-07-06 00:30:00;2019-07-06 01:00:00;93.26666666666667
1071729215;2019-07-06 01:00:00;2019-07-06 01:30:00;92.0
1071729215;2019-07-06 01:30:00;2019-07-06 02:00:00;92.0
1071729215;2019-07-06 02:00:00;2019-07-06 02:30:00;92.0
1071729215;2019-07-06 02:30:00;2019-07-06 03:00:00;92.0
1071729215;2019-07-06 03:00:00;2019-07-06 03:30:00;91.26666666666667
1071729215;2019-07-06 03:30:00;2019-07-06 04:00:00;98.4
1071729215;2019-07-06 04:00:00;2019-07-06 04:30:00;93.73333333333333
1071729215;2019-07-06 04:30:00;2019-07-06 05:00:00;98.23333333333333
1071729215;2019-07-06 05:00:00;2019-07-06 05:30:00;107.83333333333333
1071729215;2019-07-06 05:30:00;2019-07-06 06:00:00;107.6
1071729215;2019-07-06 06:00:00;2019-07-06 06:30:00;109.4
1071729215;2019-07-06 06:30:00;2019-07-06 07:00:00;107.13333333333334
1071729215;2019-07-06 07:00:00;2019-07-06 07:30:00;103.96666666666667
1071729215;2019-07-06 07:30:00;2019-07-06 08:00:00;102.76666666666667
1071729215;2019-07-06 08:00:00;2019-07-06 08:30:00;107.53333333333333
1071729215;2019-07-06 08:30:00;2019-07-06 09:00:00;109.96666666666667
1071729215;2019-07-06 09:00:00;2019-07-06 09:30:00;102.0
1071729215;2019-07-06 09:30:00;2019-07-06 10:00:00;106.2
1071729215;2019-07-06 10:00:00;2019-07-06 10:30:00;92.03333333333333
1071729215;2019-07-06 10:30:00;2019-07-06 11:00:00;103.4
1071729215;2019-07-06 11:00:00;2019-07-06 11:30:00;83.66666666666667
1071729215;2019-07-06 11:30:00;2019-07-06 12:00:00;103.76666666666667
1071729215;2019-07-06 12:00:00;2019-07-06 12:30:00;90.8
1071729215;2019-07-06 12:30:00;2019-07-06 13:00:00;96.6
1071729215;2019-07-06 13:00:00;2019-07-06 13:30:00;99.86666666666666
1071729215;2019-07-06 13:30:00;2019-07-06 14:00:00;104.66666666666667
1071729215;2019-07-06 14:00:00;2019-07-06 14:30:00;101.16666666666667
1071729215;2019-07-06 14:30:00;2019-07-06 15:00:00;108.23333333333333
1071729215;2019-07-06 15:00:00;2019-07-06 15:30:00;114.63333333333334
1071729215;2019-07-06 15:30:00;2019-07-06 16:00:00;101.53333333333333
1071729215;2019-07-06 16:00:00;2019-07-06 16:30:00;107.8
1071729215;2019-07-06 16:30:00;2019-07-06 17:00:00;117.43333333333334
1071729215;2019-07-06 17:00:00;2019-07-06 17:30:00;113.03333333333333
1071729215;2019-07-06 17:30:00;2019-07-06 18:00:00;111.4
1071729215;2019-07-06 18:00:00;2019-07-06 18:30:00;100.13333333333334
1071729215;2019-07-06 18:30:00;2019-07-06 19:00:00;106.3
1071729215;2019-07-06 19:00:00;2019-07-06 19:30:00;120.0
1071729215;2019-07-06 19:30:00;2019-07-06 20:00:00;119.86666666666666
1071729215;2019-07-06 20:00:00;2019-07-06 20:30:00;115.83333333333333
1071729215;2019-07-06 20:30:00;2019-07-06 21:00:00;117.16666666666667
1071729215;2019-07-06 21:00:00;2019-07-06 21:30:00;109.96666666666667
1071729215;2019-07-06 21:30:00;2019-07-06 22:00:00;97.0
1071729215;2019-07-06 22:00:00;2019-07-06 22:30:00;100.33333333333333
1071729215;2019-07-06 22:30:00;2019-07-06 23:00:00;92.33333333333333
1071729215;2019-07-06 23:00:00;2019-07-06 23:30:00;92.03333333333333
1071729215;2019-07-06 23:30:00;2019-07-06 23:59:59;92.0
1071729215;2019-07-07 00:00:00;2019-07-07 00:30:00;92.0
1071729215;2019-07-07 00:30:00;2019-07-07 01:00:00;92.0
1071729215;2019-07-07 01:00:00;2019-07-07 01:30:00;92.0
1071729215;2019-07-07 01:30:00;2019-07-07 02:00:00;92.0
1071729215;2019-07-07 02:00:00;2019-07-07 02:30:00;92.0
1071729215;2019-07-07 02:30:00;2019-07-07 03:00:00;94.3
1071729215;2019-07-07 03:00:00;2019-07-07 03:30:00;98.0
1071729215;2019-07-07 03:30:00;2019-07-07 04:00:00;92.43333333333334
1071729215;2019-07-07 04:00:00;2019-07-07 04:30:00;93.0
1071729215;2019-07-07 04:30:00;2019-07-07 05:00:00;93.0
1071729215;2019-07-07 05:00:00;2019-07-07 05:30:00;100.36666666666666
1071729215;2019-07-07 05:30:00;2019-07-07 06:00:00;97.13333333333334
1071729215;2019-07-07 06:00:00;2019-07-07 06:30:00;100.36666666666666
1071729215;2019-07-07 06:30:00;2019-07-07 07:00:00;96.63333333333334
1071729215;2019-07-07 07:00:00;2019-07-07 07:30:00;102.83333333333333
1071729215;2019-07-07 07:30:00;2019-07-07 08:00:00;101.66666666666667
1071729215;2019-07-07 08:00:00;2019-07-07 08:30:00;89.86666666666666
1071729215;2019-07-07 08:30:00;2019-07-07 09:00:00;109.13333333333334
1071729215;2019-07-07 09:00:00;2019-07-07 09:30:00;106.3
1071729215;2019-07-07 09:30:00;2019-07-07 10:00:00;114.33333333333333
1071729215;2019-07-07 10:00:00;2019-07-07 10:30:00;97.1
1071729215;2019-07-07 10:30:00;2019-07-07 11:00:00;96.13333333333334
1071729215;2019-07-07 11:00:00;2019-07-07 11:30:00;91.23333333333333
1071729215;2019-07-07 11:30:00;2019-07-07 12:00:00;90.06666666666666
1071729215;2019-07-07 12:00:00;2019-07-07 12:30:00;91.1
1071729215;2019-07-07 12:30:00;2019-07-07 13:00:00;86.56666666666666
1071729215;2019-07-07 13:00:00;2019-07-07 13:30:00;93.23333333333333
1071729215;2019-07-07 13:30:00;2019-07-07 14:00:00;106.56666666666666
1071729215;2019-07-07 14:00:00;2019-07-07 14:30:00;109.66666666666667
1071729215;2019-07-07 14:30:00;2019-07-07 15:00:00;96.8
1071729215;2019-07-07 15:00:00;2019-07-07 15:30:00;100.93333333333334
1071729215;2019-07-07 15:30:00;2019-07-07 16:00:00;79.76666666666667
1071729215;2019-07-07 16:00:00;2019-07-07 16:30:00;99.06666666666666
1071729215;2019-07-07 16:30:00;2019-07-07 17:00:00;94.1
1071729215;2019-07-07 17:00:00;2019-07-07 17:30:00;105.03333333333333
1071729215;2019-07-07 17:30:00;2019-07-07 18:00:00;102.91304347826087
1071729215;2019-07-07 18:00:00;2019-07-07 18:30:00;114.46666666666667
1071729215;2019-07-07 18:30:00;2019-07-07 19:00:00;94.66666666666667
1071729215;2019-07-07 19:00:00;2019-07-07 19:30:00;87.86666666666666
1071729215;2019-07-07 19:30:00;2019-07-07 20:00:00;112.06666666666666
1071729215;2019-07-07 20:00:00;2019-07-07 20:30:00;102.6
1071729215;2019-07-07 20:30:00;2019-07-07 21:00:00;105.0
1071729215;2019-07-07 21:00:00;2019-07-07 21:30:00;91.3
1071729215;2019-07-07 21:30:00;2019-07-07 22:00:00;88.73333333333333
1071729215;2019-07-07 22:00:00;2019-07-07 22:30:00;91.1
1071729215;2019-07-07 22:30:00;2019-07-07 23:00:00;89.66666666666667
1071729215;2019-07-07 23:00:00;2019-07-07 23:30:00;92.0
1071729215;2019-07-07 23:30:00;2019-07-07 23:59:59;92.0
1071729215;2019-07-08 00:00:00;2019-07-08 00:30:00;100.4
1071729215;2019-07-08 00:30:00;2019-07-08 01:00:00;98.53333333333333
1071729215;2019-07-08 01:00:00;2019-07-08 01:30:00;110.0
1071729215;2019-07-08 01:30:00;2019-07-08 02:00:00;103.73333333333333
1071729215;2019-07-08 02:00:00;2019-07-08 02:30:00;93.6
1071729215;2019-07-08 02:30:00;2019-07-08 03:00:00;102.63333333333334
1071729215;2019-07-08 03:00:00;2019-07-08 03:30:00;92.6
1071729215;2019-07-08 03:30:00;2019-07-08 04:00:00;121.16666666666667
1071729215;2019-07-08 04:00:00;2019-07-08 04:30:00;101.03333333333333
1071729215;2019-07-08 04:30:00;2019-07-08 05:00:00;98.1
1071729215;2019-07-08 05:00:00;2019-07-08 05:30:00;116.16666666666667
1071729215;2019-07-08 05:30:00;2019-07-08 06:00:00;99.06666666666666
1071729215;2019-07-08 06:00:00;2019-07-08 06:30:00;111.23333333333333
1071729215;2019-07-08 06:30:00;2019-07-08 07:00:00;97.7
1071729215;2019-07-08 07:00:00;2019-07-08 07:30:00;106.9
1071729215;2019-07-08 07:30:00;2019-07-08 08:00:00;88.23333333333333
1071729215;2019-07-08 08:00:00;2019-07-08 08:30:00;99.3
1071729215;2019-07-08 08:30:00;2019-07-08 09:00:00;90.63333333333334
1071729215;2019-07-08 09:00:00;2019-07-08 09:30:00;95.3
1071729215;2019-07-08 09:30:00;2019-07-08 10:00:00;96.93333333333334
1071729215;2019-07-08 10:00:00;2019-07-08 10:30:00;100.83333333333333
1071729215;2019-07-08 10:30:00;2019-07-08 11:00:00;95.16666666666667
1071729215;2019-07-08 11:00:00;2019-07-08 11:30:00;95.06666666666666
1071729215;2019-07-08 11:30:00;2019-07-08 12:00:00;97.03333333333333
1071729215;2019-07-08 12:00:00;2019-07-08 12:30:00;110.8
1071729215;2019-07-08 12:30:00;2019-07-08 13:00:00;96.46666666666667
1071729215;2019-07-08 13:00:00;2019-07-08 13:30:00;98.66666666666667
1071729215;2019-07-08 13:30:00;2019-07-08 14:00:00;98.46666666666667
1071729215;2019-07-08 14:00:00;2019-07-08 14:30:00;101.83333333333333
1071729215;2019-07-08 14:30:00;2019-07-08 15:00:00;98.8
1071729215;2019-07-08 15:00:00;2019-07-08 15:30:00;96.4
1071729215;2019-07-08 15:30:00;2019-07-08 16:00:00;92.86666666666666
1071729215;2019-07-08 16:00:00;2019-07-08 16:30:00;92.2
1071729215;2019-07-08 16:30:00;2019-07-08 17:00:00;92.0
1071729215;2019-07-08 17:00:00;2019-07-08 17:30:00;101.66666666666667
1071729215;2019-07-08 17:30:00;2019-07-08 18:00:00;91.2
1071729215;2019-07-08 18:00:00;2019-07-08 18:30:00;97.63333333333334
1071729215;2019-07-08 18:30:00;2019-07-08 19:00:00;105.0
1071729215;2019-07-08 19:00:00;2019-07-08 19:30:00;100.83333333333333
1071729215;2019-07-08 19:30:00;2019-07-08 20:00:00;108.23333333333333
1071729215;2019-07-08 20:00:00;2019-07-08 20:30:00;114.36666666666666
1071729215;2019-07-08 20:30:00;2019-07-08 21:00:00;90.8
1071729215;2019-07-08 21:00:00;2019-07-08 21:30:00;105.16666666666667
1071729215;2019-07-08 21:30:00;2019-07-08 22:00:00;107.26666666666667
1071729215;2019-07-08 22:00:00;2019-07-08 22:30:00;117.0
1071729215;2019-07-08 22:30:00;2019-07-08 23:00:00;99.9
1071729215;2019-07-08 23:00:00;2019-07-08 23:30:00;107.56666666666666
1071729215;2019-07-08 23:30:00;2019-07-08 23:59:59;91.56666666666666
1071729215;2019-07-09 00:00:00;2019-07-09 00:30:00;88.26666666666667
1071729215;2019-07-09 00:30:00;2019-07-09 01:00:00;92.0
1071729215;2019-07-09 01:00:00;2019-07-09 01:30:00;92.0
1071729215;2019-07-09 01:30:00;2019-07-09 02:00:00;102.83333333333333
1071729215;2019-07-09 02:00:00;2019-07-09 02:30:00;102.93333333333334
1071729215;2019-07-09 02:30:00;2019-07-09 03:00:00;108.23333333333333
1071729215;2019-07-09 03:00:00;2019-07-09 03:30:00;98.8
1071729215;2019-07-09 03:30:00;2019-07-09 04:00:00;86.13333333333334
1071729215;2019-07-09 04:00:00;2019-07-09 04:30:00;90.73333333333333
1071729215;2019-07-09 04:30:00;2019-07-09 05:00:00;92.53333333333333
1071729215;2019-07-09 05:00:00;2019-07-09 05:30:00;100.0
1071729215;2019-07-09 05:30:00;2019-07-09 06:00:00;100.0
1071729215;2019-07-09 06:00:00;2019-07-09 06:30:00;99.13333333333334
1071729215;2019-07-09 06:30:00;2019-07-09 07:00:00;97.63333333333334
1071729215;2019-07-09 07:00:00;2019-07-09 07:30:00;106.5
1071729215;2019-07-09 07:30:00;2019-07-09 08:00:00;103.0
1071729215;2019-07-09 08:00:00;2019-07-09 08:30:00;97.93333333333334
1071729215;2019-07-09 08:30:00;2019-07-09 09:00:00;98.1
1071729215;2019-07-09 09:00:00;2019-07-09 09:30:00;107.43333333333334
1071729215;2019-07-09 09:30:00;2019-07-09 10:00:00;100.73333333333333
1071729215;2019-07-09 10:00:00;2019-07-09 10:30:00;89.33333333333333
1071729215;2019-07-09 10:30:00;2019-07-09 11:00:00;86.1
1071729215;2019-07-09 11:00:00;2019-07-09 11:30:00;93.96666666666667
1071729215;2019-07-09 11:30:00;2019-07-09 12:00:00;100.16666666666667
1071729215;2019-07-09 12:00:00;2019-07-09 12:30:00;93.43333333333334
1071729215;2019-07-09 12:30:00;2019-07-09 13:00:00;91.66666666666667
1071729215;2019-07-09 13:00:00;2019-07-09 13:30:00;85.56666666666666
1071729215;2019-07-09 13:30:00;2019-07-09 14:00:00;102.43333333333334
1071729215;2019-07-09 14:00:00;2019-07-09 14:30:00;93.2
1071729215;2019-07-09 14:30:00;2019-07-09 15:00:00;98.3
1071729215;2019-07-09 15:00:00;2019-07-09 15:30:00;87.3
1071729215;2019-07-09 15:30:00;2019-07-09 16:00:00;100.0
1071729215;2019-07-09 16:00:00;2019-07-09 16:30:00;105.73333333333333
1071729215;2019-07-09 16:30:00;2019-07-09 17:00:00;100.83333333333333
1071729215;2019-07-09 17:00:00;2019-07-09 17:30:00;104.23333333333333
1071729215;2019-07-09 17:30:00;2019-07-09 18:00:00;102.8
1071729215;2019-07-09 18:00:00;2019-07-09 18:30:00;93.9
1071729215;2019-07-09 18:30:00;2019-07-09 19:00:00;116.46666666666667
1071729215;2019-07-09 19:00:00;2019-07-09 19:30:00;110.2
1071729215;2019-07-09 19:30:00;2019-07-09 20:00:00;104.4
1071729215;2019-07-09 20:00:00;2019-07-09 20:30:00;100.46666666666667
1071729215;2019-07-09 20:30:00;2019-07-09 21:00:00;106.66666666666667
1071729215;2019-07-09 21:00:00;2019-07-09 21:30:00;112.03448275862068
1071729215;2019-07-09 21:30:00;2019-07-09 22:00:00;98.9
1071729215;2019-07-09 22:00:00;2019-07-09 22:30:00;95.16666666666667
1071729215;2019-07-09 22:30:00;2019-07-09 23:00:00;92.0
1071729215;2019-07-09 23:00:00;2019-07-09 23:30:00;92.0
1071729215;2019-07-09 23:30:00;2019-07-09 23:59:59;92.0
1071729215;2019-07-10 00:00:00;2019-07-10 00:30:00;92.0
1071729215;2019-07-10 00:30:00;2019-07-10 01:00:00;92.0
1071729215;2019-07-10 01:00:00;2019-07-10 01:30:00;92.0
1071729215;2019-07-10 01:30:00;2019-07-10 02:00:00;92.0
1071729215;2019-07-10 02:00:00;2019-07-10 02:30:00;104.83333333333333
1071729215;2019-07-10 02:30:00;2019-07-10 03:00:00;99.0
1071729215;2019-07-10 03:00:00;2019-07-10 03:30:00;113.33333333333333
1071729215;2019-07-10 03:30:00;2019-07-10 04:00:00;91.53333333333333
1071729215;2019-07-10 04:00:00;2019-07-10 04:30:00;91.13333333333334
1071729215;2019-07-10 04:30:00;2019-07-10 05:00:00;99.96666666666667
1071729215;2019-07-10 05:00:00;2019-07-10 05:30:00;99.0
1071729215;2019-07-10 05:30:00;2019-07-10 06:00:00;97.5
1071729215;2019-07-10 06:00:00;2019-07-10 06:30:00;108.33333333333333
1071729215;2019-07-10 06:30:00;2019-07-10 07:00:00;93.1
1071729215;2019-07-10 07:00:00;2019-07-10 07:30:00;91.8
1071729215;2019-07-10 07:30:00;2019-07-10 08:00:00;105.73333333333333
1071729215;2019-07-10 08:00:00;2019-07-10 08:30:00;94.83333333333333
1071729215;2019-07-10 08:30:00;2019-07-10 09:00:00;97.33333333333333
1071729215;2019-07-10 09:00:00;2019-07-10 09:30:00;112.73333333333333
1071729215;2019-07-10 09:30:00;2019-07-10 10:00:00;102.96666666666667
1071729215;2019-07-10 10:00:00;2019-07-10 10:30:00;96.56666666666666
1071729215;2019-07-10 10:30:00;2019-07-10 11:00:00;89.0
1071729215;2019-07-10 11:00:00;2019-07-10 11:30:00;93.8
1071729215;2019-07-10 11:30:00;2019-07-10 12:00:00;90.56666666666666
1071729215;2019-07-10 12:00:00;2019-07-10 12:30:00;99.9
1071729215;2019-07-10 12:30:00;2019-07-10 13:00:00;97.8
1071729215;2019-07-10 13:00:00;2019-07-10 13:30:00;93.0
1071729215;2019-07-10 13:30:00;2019-07-10 14:00:00;99.1
1071729215;2019-07-10 14:00:00;2019-07-10 14:30:00;103.73333333333333
1071729215;2019-07-10 14:30:00;2019-07-10 15:00:00;107.5
1071729215;2019-07-10 15:00:00;2019-07-10 15:30:00;104.23333333333333
1071729215;2019-07-10 15:30:00;2019-07-10 16:00:00;89.13333333333334
1071729215;2019-07-10 16:00:00;2019-07-10 16:30:00;90.93333333333334
1071729215;2019-07-10 16:30:00;2019-07-10 17:00:00;114.7
1071729215;2019-07-10 17:00:00;2019-07-10 17:30:00;102.63333333333334
1071729215;2019-07-10 17:30:00;2019-07-10 18:00:00;104.6
1071729215;2019-07-10 18:00:00;2019-07-10 18:30:00;106.73333333333333
1071729215;2019-07-10 18:30:00;2019-07-10 19:00:00;108.53333333333333
1071729215;2019-07-10 19:00:00;2019-07-10 19:30:00;99.66666666666667
1071729215;2019-07-10 19:30:00;2019-07-10 20:00:00;99.26666666666667
1071729215;2019-07-10 20:00:00;2019-07-10 20:30:00;106.16666666666667
1071729215;2019-07-10 20:30:00;2019-07-10 21:00:00;97.86666666666666
1071729215;2019-07-10 21:00:00;2019-07-10 21:30:00;94.53333333333333
1071729215;2019-07-10 21:30:00;2019-07-10 22:00:00;105.1
1071729215;2019-07-10 22:00:00;2019-07-10 22:30:00;90.16666666666667
1071729215;2019-07-10 22:30:00;2019-07-10 23:00:00;92.0
1071729215;2019-07-10 23:00:00;2019-07-10 23:30:00;92.0
1071729215;2019-07-10 23:30:00;2019-07-10 23:59:59;98.23333333333333
1071729215;2019-07-11 00:00:00;2019-07-11 00:30:00;91.7
1071729215;2019-07-11 00:30:00;2019-07-11 01:00:00;89.96666666666667
1071729215;2019-07-11 01:00:00;2019-07-11 01:30:00;92.76666666666667
1071729215;2019-07-11 01:30:00;2019-07-11 02:00:00;92.06666666666666
1071729215;2019-07-11 02:00:00;2019-07-11 02:30:00;92.0
1071729215;2019-07-11 02:30:00;2019-07-11 03:00:00;92.0
1071729215;2019-07-11 03:00:00;2019-07-11 03:30:00;96.1
1071729215;2019-07-11 03:30:00;2019-07-11 04:00:00;90.8
1071729215;2019-07-11 04:00:00;2019-07-11 04:30:00;86.33333333333333
1071729215;2019-07-11 04:30:00;2019-07-11 05:00:00;100.06666666666666
1071729215;2019-07-11 05:00:00;2019-07-11 05:30:00;96.2
1071729215;2019-07-11 05:30:00;2019-07-11 06:00:00;103.8
1071729215;2019-07-11 06:00:00;2019-07-11 06:30:00;100.9
1071729215;2019-07-11 06:30:00;2019-07-11 07:00:00;111.66666666666667
1071729215;2019-07-11 07:00:00;2019-07-11 07:30:00;108.16666666666667
1071729215;2019-07-11 07:30:00;2019-07-11 08:00:00;89.56666666666666
1071729215;2019-07-11 08:00:00;2019-07-11 08:30:00;98.36666666666666
1071729215;2019-07-11 08:30:00;2019-07-11 09:00:00;92.96666666666667
1071729215;2019-07-11 09:00:00;2019-07-11 09:30:00;90.43333333333334
1071729215;2019-07-11 09:30:00;2019-07-11 10:00:00;85.06666666666666
1071729215;2019-07-11 10:00:00;2019-07-11 10:30:00;90.03333333333333
1071729215;2019-07-11 10:30:00;2019-07-11 11:00:00;90.56666666666666
1071729215;2019-07-11 11:00:00;2019-07-11 11:30:00;93.33333333333333
1071729215;2019-07-11 11:30:00;2019-07-11 12:00:00;114.6
1071729215;2019-07-11 12:00:00;2019-07-11 12:30:00;85.6
1071729215;2019-07-11 12:30:00;2019-07-11 13:00:00;100.96666666666667
1071729215;2019-07-11 13:00:00;2019-07-11 13:30:00;91.56666666666666
1071729215;2019-07-11 13:30:00;2019-07-11 14:00:00;110.43333333333334
1071729215;2019-07-11 14:00:00;2019-07-11 14:30:00;100.6
1071729215;2019-07-11 14:30:00;2019-07-11 15:00:00;99.83333333333333
1071729215;2019-07-11 15:00:00;2019-07-11 15:30:00;107.36666666666666
1071729215;2019-07-11 15:30:00;2019-07-11 16:00:00;109.1
1071729215;2019-07-11 16:00:00;2019-07-11 16:30:00;92.8
1071729215;2019-07-11 16:30:00;2019-07-11 17:00:00;107.56666666666666
1071729215;2019-07-11 17:00:00;2019-07-11 17:30:00;93.66666666666667
1071729215;2019-07-11 17:30:00;2019-07-11 18:00:00;110.73333333333333
1071729215;2019-07-11 18:00:00;2019-07-11 18:30:00;94.16666666666667
1071729215;2019-07-11 18:30:00;2019-07-11 19:00:00;100.8
1071729215;2019-07-11 19:00:00;2019-07-11 19:30:00;92.83333333333333
1071729215;2019-07-11 19:30:00;2019-07-11 20:00:00;98.26666666666667
1071729215;2019-07-11 20:00:00;2019-07-11 20:30:00;100.0
1071729215;2019-07-11 20:30:00;2019-07-11 21:00:00;92.66666666666667
1071729215;2019-07-11 21:00:00;2019-07-11 21:30:00;103.66666666666667
1071729215;2019-07-11 21:30:00;2019-07-11 22:00:00;92.86666666666666
1071729215;2019-07-11 22:00:00;2019-07-11 22:30:00;99.23333333333333
1071729215;2019-07-11 22:30:00;2019-07-11 23:00:00;107.8
1071729215;2019-07-11 23:00:00;2019-07-11 23:30:00;102.1
1071729215;2019-07-11 23:30:00;2019-07-11 23:59:59;99.93333333333334
1071729215;2019-07-12 00:00:00;2019-07-12 00:30:00;105.63333333333334
1071729215;2019-07-12 00:30:00;2019-07-12 01:00:00;96.03333333333333
1071729215;2019-07-12 01:00:00;2019-07-12 01:30:00;88.76666666666667
1071729215;2019-07-12 01:30:00;2019-07-12 02:00:00;92.0
1071729215;2019-07-12 02:00:00;2019-07-12 02:30:00;102.63333333333334
1071729215;2019-07-12 02:30:00;2019-07-12 03:00:00;90.66666666666667
1071729215;2019-07-12 03:00:00;2019-07-12 03:30:00;84.0
1071729215;2019-07-12 03:30:00;2019-07-12 04:00:00;98.9
1071729215;2019-07-12 04:00:00;2019-07-12 04:30:00;92.66666666666667
1071729215;2019-07-12 04:30:00;2019-07-12 05:00:00;98.63333333333334
1071729215;2019-07-12 05:00:00;2019-07-12 05:30:00;92.73333333333333
1071729215;2019-07-12 05:30:00;2019-07-12 06:00:00;102.06666666666666
1071729215;2019-07-12 06:00:00;2019-07-12 06:30:00;90.63333333333334
1071729215;2019-07-12 06:30:00;2019-07-12 07:00:00;105.43333333333334
1071729215;2019-07-12 07:00:00;2019-07-12 07:30:00;89.63333333333334
1071729215;2019-07-12 07:30:00;2019-07-12 08:00:00;92.1
1071729215;2019-07-12 08:00:00;2019-07-12 08:30:00;101.73333333333333
1071729215;2019-07-12 08:30:00;2019-07-12 09:00:00;90.93333333333334
1071729215;2019-07-12 09:00:00;2019-07-12 09:30:00;100.56666666666666
1071729215;2019-07-12 09:30:00;2019-07-12 10:00:00;89.0
1071729215;2019-07-12 10:00:00;2019-07-12 10:30:00;97.0
1071729215;2019-07-12 10:30:00;2019-07-12 11:00:00;77.4
1071729215;2019-07-12 11:00:00;2019-07-12 11:30:00;97.73333333333333
1071729215;2019-07-12 11:30:00;2019-07-12 12:00:00;108.6
1071729215;2019-07-12 12:00:00;2019-07-12 12:30:00;98.66666666666667
1071729215;2019-07-12 12:30:00;2019-07-12 13:00:00;97.83333333333333
1071729215;2019-07-12 13:00:00;2019-07-12 13:30:00;101.83333333333333
1071729215;2019-07-12 13:30:00;2019-07-12 14:00:00;95.93333333333334
1071729215;2019-07-12 14:00:00;2019-07-12 14:30:00;96.96666666666667
1071729215;2019-07-12 14:30:00;2019-07-12 15:00:00;97.86666666666666
1071729215;2019-07-12 15:00:00;2019-07-12 15:30:00;108.4
1071729215;2019-07-12 15:30:00;2019-07-12 16:00:00;97.93333333333334
1071729215;2019-07-12 16:00:00;2019-07-12 16:30:00;90.83333333333333
1071729215;2019-07-12 16:30:00;2019-07-12 17:00:00;107.06666666666666
1071729215;2019-07-12 17:00:00;2019-07-12 17:30:00;102.43333333333334
1071729215;2019-07-12 17:30:00;2019-07-12 18:00:00;92.6
1071729215;2019-07-12 18:00:00;2019-07-12 18:30:00;101.7
1071729215;2019-07-12 18:30:00;2019-07-12 19:00:00;111.86666666666666
1071729215;2019-07-12 19:00:00;2019-07-12 19:30:00;118.73333333333333
1071729215;2019-07-12 19:30:00;2019-07-12 20:00:00;88.36666666666666
1071729215;2019-07-12 20:00:00;2019-07-12 20:30:00;90.86666666666666
1071729215;2019-07-12 20:30:00;2019-07-12 21:00:00;92.93333333333334
1071729215;2019-07-12 21:00:00;2019-07-12 21:30:00;96.63333333333334
1071729215;2019-07-12 21:30:00;2019-07-12 22:00:00;92.7
1071729215;2019-07-12 22:00:00;2019-07-12 22:30:00;88.53333333333333
1071729215;2019-07-12 22:30:00;2019-07-12 23:00:00;109.76666666666667
1071729215;2019-07-12 23:00:00;2019-07-12 23:30:00;96.93333333333334
1071729215;2019-07-12 23:30:00;2019-07-12 23:59:59;132.0
1071729215;2019-07-13 00:00:00;2019-07-13 00:30:00;130.0
1071729215;2019-07-13 00:30:00;2019-07-13 01:00:00;105.1
1071729215;2019-07-13 01:00:00;2019-07-13 01:30:00;93.2
1071729215;2019-07-13 01:30:00;2019-07-13 02:00:00;92.0
1071729215;2019-07-13 02:00:00;2019-07-13 02:30:00;92.0
1071729215;2019-07-13 02:30:00;2019-07-13 03:00:00;92.0
1071729215;2019-07-13 03:00:00;2019-07-13 03:30:00;89.0
1071729215;2019-07-13 03:30:00;2019-07-13 04:00:00;89.0
1071729215;2019-07-13 04:00:00;2019-07-13 04:30:00;97.76666666666667
1071729215;2019-07-13 04:30:00;2019-07-13 05:00:00;100.53333333333333
1071729215;2019-07-13 05:00:00;2019-07-13 05:30:00;97.3
1071729215;2019-07-13 05:30:00;2019-07-13 06:00:00;92.03333333333333
1071729215;2019-07-13 06:00:00;2019-07-13 06:30:00;83.46666666666667
1071729215;2019-07-13 06:30:00;2019-07-13 07:00:00;91.16666666666667
1071729215;2019-07-13 07:00:00;2019-07-13 07:30:00;95.86666666666666
1071729215;2019-07-13 07:30:00;2019-07-13 08:00:00;99.2
1071729215;2019-07-13 08:00:00;2019-07-13 08:30:00;89.1
1071729215;2019-07-13 08:30:00;2019-07-13 09:00:00;95.8
1071729215;2019-07-13 09:00:00;2019-07-13 09:30:00;105.76666666666667
1071729215;2019-07-13 09:30:00;2019-07-13 10:00:00;105.4
1071729215;2019-07-13 10:00:00;2019-07-13 10:30:00;98.43333333333334
1071729215;2019-07-13 10:30:00;2019-07-13 11:00:00;105.33333333333333
1071729215;2019-07-13 11:00:00;2019-07-13 11:30:00;96.4
1071729215;2019-07-13 11:30:00;2019-07-13 12:00:00;104.3
1071729215;2019-07-13 12:00:00;2019-07-13 12:30:00;106.53333333333333
1071729215;2019-07-13 12:30:00;2019-07-13 13:00:00;95.03333333333333
1071729215;2019-07-13 13:00:00;2019-07-13 13:30:00;94.66666666666667
1071729215;2019-07-13 13:30:00;2019-07-13 14:00:00;105.66666666666667
1071729215;2019-07-13 14:00:00;2019-07-13 14:30:00;96.56666666666666
1071729215;2019-07-13 14:30:00;2019-07-13 15:00:00;104.3
1071729215;2019-07-13 15:00:00;2019-07-13 15:30:00;94.56666666666666
1071729215;2019-07-13 15:30:00;2019-07-13 16:00:00;106.23333333333333
1071729215;2019-07-13 16:00:00;2019-07-13 16:30:00;102.86666666666666
1071729215;2019-07-13 16:30:00;2019-07-13 17:00:00;110.33333333333333
1071729215;2019-07-13 17:00:00;2019-07-13 17:30:00;104.93333333333334
1071729215;2019-07-13 17:30:00;2019-07-13 18:00:00;111.13333333333334
1071729215;2019-07-13 18:00:00;2019-07-13 18:30:00;97.63333333333334
1071729215;2019-07-13 18:30:00;2019-07-13 19:00:00;108.1
1071729215;2019-07-13 19:00:00;2019-07-13 19:30:00;118.16666666666667
1071729215;2019-07-13 19:30:00;2019-07-13 20:00:00;101.93333333333334
1071729215;2019-07-13 20:00:00;2019-07-13 20:30:00;115.73333333333333
1071729215;2019-07-13 20:30:00;2019-07-13 21:00:00;100.1
1071729215;2019-07-13 21:00:00;2019-07-13 21:30:00;100.43333333333334
1071729215;2019-07-13 21:30:00;2019-07-13 22:00:00;97.7
1071729215;2019-07-13 22:00:00;2019-07-13 22:30:00;106.8
1071729215;2019-07-13 22:30:00;2019-07-13 23:00:00;94.5
1071729215;2019-07-13 23:00:00;2019-07-13 23:30:00;92.0
1071729215;2019-07-13 23:30:00;2019-07-13 23:59:59;92.0
1071729215;2019-07-14 00:00:00;2019-07-14 00:30:00;92.0
1071729215;2019-07-14 00:30:00;2019-07-14 01:00:00;92.0
1071729215;2019-07-14 01:00:00;2019-07-14 01:30:00;92.0
1071729215;2019-07-14 01:30:00;2019-07-14 02:00:00;92.0
1071729215;2019-07-14 02:00:00;2019-07-14 02:30:00;92.0
1071729215;2019-07-14 02:30:00;2019-07-14 03:00:00;92.0
1071729215;2019-07-14 03:00:00;2019-07-14 03:30:00;95.0
1071729215;2019-07-14 03:30:00;2019-07-14 04:00:00;95.0
1071729215;2019-07-14 04:00:00;2019-07-14 04:30:00;93.0
1071729215;2019-07-14 04:30:00;2019-07-14 05:00:00;95.9
1071729215;2019-07-14 05:00:00;2019-07-14 05:30:00;96.7
1071729215;2019-07-14 05:30:00;2019-07-14 06:00:00;112.36666666666666
1071729215;2019-07-14 06:00:00;2019-07-14 06:30:00;100.63333333333334
1071729215;2019-07-14 06:30:00;2019-07-14 07:00:00;101.33333333333333
1071729215;2019-07-14 07:00:00;2019-07-14 07:30:00;124.73333333333333
1071729215;2019-07-14 07:30:00;2019-07-14 08:00:00;112.26666666666667
1071729215;2019-07-14 08:00:00;2019-07-14 08:30:00;112.33333333333333
1071729215;2019-07-14 08:30:00;2019-07-14 09:00:00;109.9
1071729215;2019-07-14 09:00:00;2019-07-14 09:30:00;107.33333333333333
1071729215;2019-07-14 09:30:00;2019-07-14 10:00:00;101.26666666666667
1071729215;2019-07-14 10:00:00;2019-07-14 10:30:00;95.13333333333334
1071729215;2019-07-14 10:30:00;2019-07-14 11:00:00;109.16666666666667
1071729215;2019-07-14 11:00:00;2019-07-14 11:30:00;88.76666666666667
1071729215;2019-07-14 11:30:00;2019-07-14 12:00:00;94.03333333333333
1071729215;2019-07-14 12:00:00;2019-07-14 12:30:00;97.0
1071729215;2019-07-14 12:30:00;2019-07-14 13:00:00;96.43333333333334
1071729215;2019-07-14 13:00:00;2019-07-14 13:30:00;89.03333333333333
1071729215;2019-07-14 13:30:00;2019-07-14 14:00:00;85.53333333333333
1071729215;2019-07-14 14:00:00;2019-07-14 14:30:00;81.13333333333334
1071729215;2019-07-14 14:30:00;2019-07-14 15:00:00;96.0
1071729215;2019-07-14 15:00:00;2019-07-14 15:30:00;94.96666666666667
1071729215;2019-07-14 15:30:00;2019-07-14 16:00:00;97.4
1071729215;2019-07-14 16:00:00;2019-07-14 16:30:00;89.46666666666667
1071729215;2019-07-14 16:30:00;2019-07-14 17:00:00;93.53333333333333
1071729215;2019-07-14 17:00:00;2019-07-14 17:30:00;98.3
1071729215;2019-07-14 17:30:00;2019-07-14 18:00:00;109.23333333333333
1071729215;2019-07-14 18:00:00;2019-07-14 18:30:00;106.06666666666666
1071729215;2019-07-14 18:30:00;2019-07-14 19:00:00;109.03333333333333
1071729215;2019-07-14 19:00:00;2019-07-14 19:30:00;115.0
1071729215;2019-07-14 19:30:00;2019-07-14 20:00:00;118.03333333333333
1071729215;2019-07-14 20:00:00;2019-07-14 20:30:00;116.6
1071729215;2019-07-14 20:30:00;2019-07-14 21:00:00;97.23333333333333
1071729215;2019-07-14 21:00:00;2019-07-14 21:30:00;86.8
1071729215;2019-07-14 21:30:00;2019-07-14 22:00:00;104.16666666666667
1071729215;2019-07-14 22:00:00;2019-07-14 22:30:00;105.73333333333333
1071729215;2019-07-14 22:30:00;2019-07-14 23:00:00;110.46666666666667
1071729215;2019-07-14 23:00:00;2019-07-14 23:30:00;121.5
1071729215;2019-07-14 23:30:00;2019-07-14 23:59:59;107.6
1071729215;2019-07-15 00:00:00;2019-07-15 00:30:00;89.9
1071729215;2019-07-15 00:30:00;2019-07-15 01:00:00;92.0
1071729215;2019-07-15 01:00:00;2019-07-15 01:30:00;92.0
1071729215;2019-07-15 01:30:00;2019-07-15 02:00:00;92.0
1071729215;2019-07-15 02:00:00;2019-07-15 02:30:00;92.0
1071729215;2019-07-15 02:30:00;2019-07-15 03:00:00;92.0
1071729215;2019-07-15 03:00:00;2019-07-15 03:30:00;90.0
1071729215;2019-07-15 03:30:00;2019-07-15 04:00:00;90.0
1071729215;2019-07-15 04:00:00;2019-07-15 04:30:00;101.53333333333333
1071729215;2019-07-15 04:30:00;2019-07-15 05:00:00;99.96666666666667
1071729215;2019-07-15 05:00:00;2019-07-15 05:30:00;105.06666666666666
1071729215;2019-07-15 05:30:00;2019-07-15 06:00:00;112.8
1071729215;2019-07-15 06:00:00;2019-07-15 06:30:00;101.43333333333334
1071729215;2019-07-15 06:30:00;2019-07-15 07:00:00;98.66666666666667
1071729215;2019-07-15 07:00:00;2019-07-15 07:30:00;98.83333333333333
1071729215;2019-07-15 07:30:00;2019-07-15 08:00:00;93.36666666666666
1071729215;2019-07-15 08:00:00;2019-07-15 08:30:00;94.4
1071729215;2019-07-15 08:30:00;2019-07-15 09:00:00;85.1
1071729215;2019-07-15 09:00:00;2019-07-15 09:30:00;92.5
1071729215;2019-07-15 09:30:00;2019-07-15 10:00:00;83.1
1071729215;2019-07-15 10:00:00;2019-07-15 10:30:00;83.76666666666667
1071729215;2019-07-15 10:30:00;2019-07-15 11:00:00;91.46666666666667
1071729215;2019-07-15 11:00:00;2019-07-15 11:30:00;91.63333333333334
1071729215;2019-07-15 11:30:00;2019-07-15 12:00:00;95.76666666666667
1071729215;2019-07-15 12:00:00;2019-07-15 12:30:00;92.86666666666666
1071729215;2019-07-15 12:30:00;2019-07-15 13:00:00;100.23333333333333
1071729215;2019-07-15 13:00:00;2019-07-15 13:30:00;102.36666666666666
1071729215;2019-07-15 13:30:00;2019-07-15 14:00:00;88.16666666666667
1071729215;2019-07-15 14:00:00;2019-07-15 14:30:00;98.0
1071729215;2019-07-15 14:30:00;2019-07-15 15:00:00;80.36666666666666
1071729215;2019-07-15 15:00:00;2019-07-15 15:30:00;96.3
1071729215;2019-07-15 15:30:00;2019-07-15 16:00:00;100.63333333333334
1071729215;2019-07-15 16:00:00;2019-07-15 16:30:00;99.06666666666666
1071729215;2019-07-15 16:30:00;2019-07-15 17:00:00;101.06666666666666
1071729215;2019-07-15 17:00:00;2019-07-15 17:30:00;101.06666666666666
1071729215;2019-07-15 17:30:00;2019-07-15 18:00:00;119.5
1071729215;2019-07-15 18:00:00;2019-07-15 18:30:00;102.83333333333333
1071729215;2019-07-15 18:30:00;2019-07-15 19:00:00;91.6
1071729215;2019-07-15 19:00:00;2019-07-15 19:30:00;110.0
1071729215;2019-07-15 19:30:00;2019-07-15 20:00:00;95.83333333333333
1071729215;2019-07-15 20:00:00;2019-07-15 20:30:00;102.1
1071729215;2019-07-15 20:30:00;2019-07-15 21:00:00;106.9
1071729215;2019-07-15 21:00:00;2019-07-15 21:30:00;113.66666666666667
1071729215;2019-07-15 21:30:00;2019-07-15 22:00:00;91.0
1071729215;2019-07-15 22:00:00;2019-07-15 22:30:00;101.03333333333333
1071729215;2019-07-15 22:30:00;2019-07-15 23:00:00;90.73333333333333
1071729215;2019-07-15 23:00:00;2019-07-15 23:30:00;100.63333333333334
1071729215;2019-07-15 23:30:00;2019-07-15 23:59:59;105.23333333333333
1071729215;2019-07-16 00:00:00;2019-07-16 00:30:00;96.66666666666667
1071729215;2019-07-16 00:30:00;2019-07-16 01:00:00;100.53333333333333
1071729215;2019-07-16 01:00:00;2019-07-16 01:30:00;94.66666666666667
1071729215;2019-07-16 01:30:00;2019-07-16 02:00:00;90.43333333333334
1071729215;2019-07-16 02:00:00;2019-07-16 02:30:00;88.96666666666667
1071729215;2019-07-16 02:30:00;2019-07-16 03:00:00;92.0
1071729215;2019-07-16 03:00:00;2019-07-16 03:30:00;85.0
1071729215;2019-07-16 03:30:00;2019-07-16 04:00:00;85.0
1071729215;2019-07-16 04:00:00;2019-07-16 04:30:00;93.0
1071729215;2019-07-16 04:30:00;2019-07-16 05:00:00;93.0
1071729215;2019-07-16 05:00:00;2019-07-16 05:30:00;100.3
1071729215;2019-07-16 05:30:00;2019-07-16 06:00:00;98.46666666666667
1071729215;2019-07-16 06:00:00;2019-07-16 06:30:00;105.76666666666667
1071729215;2019-07-16 06:30:00;2019-07-16 07:00:00;91.23333333333333
1071729215;2019-07-16 07:00:00;2019-07-16 07:30:00;106.33333333333333
1071729215;2019-07-16 07:30:00;2019-07-16 08:00:00;98.33333333333333
1071729215;2019-07-16 08:00:00;2019-07-16 08:30:00;105.63333333333334
1071729215;2019-07-16 08:30:00;2019-07-16 09:00:00;99.96666666666667
1071729215;2019-07-16 09:00:00;2019-07-16 09:30:00;103.46666666666667
1071729215;2019-07-16 09:30:00;2019-07-16 10:00:00;99.26666666666667
1071729215;2019-07-16 10:00:00;2019-07-16 10:30:00;84.9
1071729215;2019-07-16 10:30:00;2019-07-16 11:00:00;100.23333333333333
1071729215;2019-07-16 11:00:00;2019-07-16 11:30:00;98.66666666666667
1071729215;2019-07-16 11:30:00;2019-07-16 12:00:00;84.2
1071729215;2019-07-16 12:00:00;2019-07-16 12:30:00;86.62068965517241
1071729215;2019-07-16 12:30:00;2019-07-16 13:00:00;89.9
1071729215;2019-07-16 13:00:00;2019-07-16 13:30:00;94.56666666666666
1071729215;2019-07-16 13:30:00;2019-07-16 14:00:00;84.76666666666667
1071729215;2019-07-16 14:00:00;2019-07-16 14:30:00;88.76666666666667
1071729215;2019-07-16 14:30:00;2019-07-16 15:00:00;90.53333333333333
1071729215;2019-07-16 15:00:00;2019-07-16 15:30:00;94.6
1071729215;2019-07-16 15:30:00;2019-07-16 16:00:00;103.96666666666667
1071729215;2019-07-16 16:00:00;2019-07-16 16:30:00;26.666666666666668
1071729215;2019-07-16 16:30:00;2019-07-16 17:00:00;
1071729215;2019-07-16 17:00:00;2019-07-16 17:30:00;
1071729215;2019-07-16 17:30:00;2019-07-16 18:00:00;
1071729215;2019-07-16 18:00:00;2019-07-16 18:30:00;
1071729215;2019-07-16 18:30:00;2019-07-16 19:00:00;
1071729215;2019-07-16 19:00:00;2019-07-16 19:30:00;
1071729215;2019-07-16 19:30:00;2019-07-16 20:00:00;
1071729215;2019-07-16 20:00:00;2019-07-16 20:30:00;
1071729215;2019-07-16 20:30:00;2019-07-16 21:00:00;
1071729215;2019-07-16 21:00:00;2019-07-16 21:30:00;
1071729215;2019-07-16 21:30:00;2019-07-16 22:00:00;
1071729215;2019-07-16 22:00:00;2019-07-16 22:30:00;
1071729215;2019-07-16 22:30:00;2019-07-16 23:00:00;
1071729215;2019-07-16 23:00:00;2019-07-16 23:30:00;
1071729215;2019-07-16 23:30:00;2019-07-16 23:59:59;
1071729215;2019-07-17 00:00:00;2019-07-17 00:30:00;
1071729215;2019-07-17 00:30:00;2019-07-17 01:00:00;
1071729215;2019-07-17 01:00:00;2019-07-17 01:30:00;
1071729215;2019-07-17 01:30:00;2019-07-17 02:00:00;
1071729215;2019-07-17 02:00:00;2019-07-17 02:30:00;
1071729215;2019-07-17 02:30:00;2019-07-17 03:00:00;
1071729215;2019-07-17 03:00:00;2019-07-17 03:30:00;
1071729215;2019-07-17 03:30:00;2019-07-17 04:00:00;
1071729215;2019-07-17 04:00:00;2019-07-17 04:30:00;
1071729215;2019-07-17 04:30:00;2019-07-17 05:00:00;
1071729215;2019-07-17 05:00:00;2019-07-17 05:30:00;
1071729215;2019-07-17 05:30:00;2019-07-17 06:00:00;
1071729215;2019-07-17 06:00:00;2019-07-17 06:30:00;
1071729215;2019-07-17 06:30:00;2019-07-17 07:00:00;
1071729215;2019-07-17 07:00:00;2019-07-17 07:30:00;
1071729215;2019-07-17 07:30:00;2019-07-17 08:00:00;
1071729215;2019-07-17 08:00:00;2019-07-17 08:30:00;
1071729215;2019-07-17 08:30:00;2019-07-17 09:00:00;
1071729215;2019-07-17 09:00:00;2019-07-17 09:30:00;
1071729215;2019-07-17 09:30:00;2019-07-17 10:00:00;
1071729215;2019-07-17 10:00:00;2019-07-17 10:30:00;
1071729215;2019-07-17 10:30:00;2019-07-17 11:00:00;
1071729215;2019-07-17 11:00:00;2019-07-17 11:30:00;
1071729215;2019-07-17 11:30:00;2019-07-17 12:00:00;
1071729215;2019-07-17 12:00:00;2019-07-17 12:30:00;
1071729215;2019-07-17 12:30:00;2019-07-17 13:00:00;
1071729215;2019-07-17 13:00:00;2019-07-17 13:30:00;
1071729215;2019-07-17 13:30:00;2019-07-17 14:00:00;
1071729215;2019-07-17 14:00:00;2019-07-17 14:30:00;
1071729215;2019-07-17 14:30:00;2019-07-17 15:00:00;
1071729215;2019-07-17 15:00:00;2019-07-17 15:30:00;
1071729215;2019-07-17 15:30:00;2019-07-17 16:00:00;
1071729215;2019-07-17 16:00:00;2019-07-17 16:30:00;
1071729215;2019-07-17 16:30:00;2019-07-17 17:00:00;
1071729215;2019-07-17 17:00:00;2019-07-17 17:30:00;
1071729215;2019-07-17 17:30:00;2019-07-17 18:00:00;
1071729215;2019-07-17 18:00:00;2019-07-17 18:30:00;
1071729215;2019-07-17 18:30:00;2019-07-17 19:00:00;
1071729215;2019-07-17 19:00:00;2019-07-17 19:30:00;
1071729215;2019-07-17 19:30:00;2019-07-17 20:00:00;
1071729215;2019-07-17 20:00:00;2019-07-17 20:30:00;
1071729215;2019-07-17 20:30:00;2019-07-17 21:00:00;
1071729215;2019-07-17 21:00:00;2019-07-17 21:30:00;
1071729215;2019-07-17 21:30:00;2019-07-17 22:00:00;
1071729215;2019-07-17 22:00:00;2019-07-17 22:30:00;
1071729215;2019-07-17 22:30:00;2019-07-17 23:00:00;
1071729215;2019-07-17 23:00:00;2019-07-17 23:30:00;
1071729215;2019-07-17 23:30:00;2019-07-17 23:59:59;
1071729215;2019-07-18 00:00:00;2019-07-18 00:30:00;
1071729215;2019-07-18 00:30:00;2019-07-18 01:00:00;
1071729215;2019-07-18 01:00:00;2019-07-18 01:30:00;
1071729215;2019-07-18 01:30:00;2019-07-18 02:00:00;
1071729215;2019-07-18 02:00:00;2019-07-18 02:30:00;
1071729215;2019-07-18 02:30:00;2019-07-18 03:00:00;
1071729215;2019-07-18 03:00:00;2019-07-18 03:30:00;
1071729215;2019-07-18 03:30:00;2019-07-18 04:00:00;
1071729215;2019-07-18 04:00:00;2019-07-18 04:30:00;88.93333333333334
1071729215;2019-07-18 04:30:00;2019-07-18 05:00:00;92.8
1071729215;2019-07-18 05:00:00;2019-07-18 05:30:00;112.73333333333333
1071729215;2019-07-18 05:30:00;2019-07-18 06:00:00;104.1
1071729215;2019-07-18 06:00:00;2019-07-18 06:30:00;107.33333333333333
1071729215;2019-07-18 06:30:00;2019-07-18 07:00:00;94.26666666666667
1071729215;2019-07-18 07:00:00;2019-07-18 07:30:00;104.23333333333333
1071729215;2019-07-18 07:30:00;2019-07-18 08:00:00;92.0
1071729215;2019-07-18 08:00:00;2019-07-18 08:30:00;91.16666666666667
1071729215;2019-07-18 08:30:00;2019-07-18 09:00:00;84.13333333333334
1071729215;2019-07-18 09:00:00;2019-07-18 09:30:00;104.33333333333333
1071729215;2019-07-18 09:30:00;2019-07-18 10:00:00;94.13333333333334
1071729215;2019-07-18 10:00:00;2019-07-18 10:30:00;102.33333333333333
1071729215;2019-07-18 10:30:00;2019-07-18 11:00:00;94.7
1071729215;2019-07-18 11:00:00;2019-07-18 11:30:00;97.03333333333333
1071729215;2019-07-18 11:30:00;2019-07-18 12:00:00;99.16666666666667
1071729215;2019-07-18 12:00:00;2019-07-18 12:30:00;100.86666666666666
1071729215;2019-07-18 12:30:00;2019-07-18 13:00:00;90.0
1071729215;2019-07-18 13:00:00;2019-07-18 13:30:00;96.8
1071729215;2019-07-18 13:30:00;2019-07-18 14:00:00;94.93333333333334
1071729215;2019-07-18 14:00:00;2019-07-18 14:30:00;103.26666666666667
1071729215;2019-07-18 14:30:00;2019-07-18 15:00:00;93.26666666666667
1071729215;2019-07-18 15:00:00;2019-07-18 15:30:00;103.76666666666667
1071729215;2019-07-18 15:30:00;2019-07-18 16:00:00;108.06666666666666
1071729215;2019-07-18 16:00:00;2019-07-18 16:30:00;100.93333333333334
1071729215;2019-07-18 16:30:00;2019-07-18 17:00:00;100.96666666666667
1071729215;2019-07-18 17:00:00;2019-07-18 17:30:00;107.06666666666666
1071729215;2019-07-18 17:30:00;2019-07-18 18:00:00;109.23333333333333
1071729215;2019-07-18 18:00:00;2019-07-18 18:30:00;91.06666666666666
1071729215;2019-07-18 18:30:00;2019-07-18 19:00:00;97.0
1071729215;2019-07-18 19:00:00;2019-07-18 19:30:00;104.56666666666666
1071729215;2019-07-18 19:30:00;2019-07-18 20:00:00;98.6
1071729215;2019-07-18 20:00:00;2019-07-18 20:30:00;95.23333333333333
1071729215;2019-07-18 20:30:00;2019-07-18 21:00:00;92.23333333333333
1071729215;2019-07-18 21:00:00;2019-07-18 21:30:00;92.66666666666667
1071729215;2019-07-18 21:30:00;2019-07-18 22:00:00;96.3
1071729215;2019-07-18 22:00:00;2019-07-18 22:30:00;87.76666666666667
1071729215;2019-07-18 22:30:00;2019-07-18 23:00:00;92.03333333333333
1071729215;2019-07-18 23:00:00;2019-07-18 23:30:00;88.73333333333333
1071729215;2019-07-18 23:30:00;2019-07-18 23:59:59;92.4
1071729215;2019-07-19 00:00:00;2019-07-19 00:30:00;92.0
1071729215;2019-07-19 00:30:00;2019-07-19 01:00:00;101.8
1071729215;2019-07-19 01:00:00;2019-07-19 01:30:00;103.26666666666667
1071729215;2019-07-19 01:30:00;2019-07-19 02:00:00;106.16666666666667
1071729215;2019-07-19 02:00:00;2019-07-19 02:30:00;114.76666666666667
1071729215;2019-07-19 02:30:00;2019-07-19 03:00:00;98.23333333333333
1071729215;2019-07-19 03:00:00;2019-07-19 03:30:00;98.46666666666667
1071729215;2019-07-19 03:30:00;2019-07-19 04:00:00;103.1
1071729215;2019-07-19 04:00:00;2019-07-19 04:30:00;85.23333333333333
1071729215;2019-07-19 04:30:00;2019-07-19 05:00:00;93.7
1071729215;2019-07-19 05:00:00;2019-07-19 05:30:00;91.26666666666667
1071729215;2019-07-19 05:30:00;2019-07-19 06:00:00;93.0
1071729215;2019-07-19 06:00:00;2019-07-19 06:30:00;98.7
1071729215;2019-07-19 06:30:00;2019-07-19 07:00:00;97.16666666666667
1071729215;2019-07-19 07:00:00;2019-07-19 07:30:00;89.83333333333333
1071729215;2019-07-19 07:30:00;2019-07-19 08:00:00;91.53333333333333
1071729215;2019-07-19 08:00:00;2019-07-19 08:30:00;97.83333333333333
1071729215;2019-07-19 08:30:00;2019-07-19 09:00:00;95.3
1071729215;2019-07-19 09:00:00;2019-07-19 09:30:00;94.43333333333334
1071729215;2019-07-19 09:30:00;2019-07-19 10:00:00;91.23333333333333
1071729215;2019-07-19 10:00:00;2019-07-19 10:30:00;98.3
1071729215;2019-07-19 10:30:00;2019-07-19 11:00:00;107.66666666666667
1071729215;2019-07-19 11:00:00;2019-07-19 11:30:00;82.33333333333333
1071729215;2019-07-19 11:30:00;2019-07-19 12:00:00;105.2
1071729215;2019-07-19 12:00:00;2019-07-19 12:30:00;100.06666666666666
1071729215;2019-07-19 12:30:00;2019-07-19 13:00:00;105.4
1071729215;2019-07-19 13:00:00;2019-07-19 13:30:00;98.96666666666667
1071729215;2019-07-19 13:30:00;2019-07-19 14:00:00;92.4
1071729215;2019-07-19 14:00:00;2019-07-19 14:30:00;93.76666666666667
1071729215;2019-07-19 14:30:00;2019-07-19 15:00:00;91.0
1071729215;2019-07-19 15:00:00;2019-07-19 15:30:00;90.56666666666666
1071729215;2019-07-19 15:30:00;2019-07-19 16:00:00;101.16666666666667
1071729215;2019-07-19 16:00:00;2019-07-19 16:30:00;92.93333333333334
1071729215;2019-07-19 16:30:00;2019-07-19 17:00:00;102.33333333333333
1071729215;2019-07-19 17:00:00;2019-07-19 17:30:00;95.83333333333333
1071729215;2019-07-19 17:30:00;2019-07-19 18:00:00;108.06666666666666
1071729215;2019-07-19 18:00:00;2019-07-19 18:30:00;112.13333333333334
1071729215;2019-07-19 18:30:00;2019-07-19 19:00:00;100.76666666666667
1071729215;2019-07-19 19:00:00;2019-07-19 19:30:00;93.46666666666667
1071729215;2019-07-19 19:30:00;2019-07-19 20:00:00;106.79310344827586
1071729215;2019-07-19 20:00:00;2019-07-19 20:30:00;106.66666666666667
1071729215;2019-07-19 20:30:00;2019-07-19 21:00:00;102.73333333333333
1071729215;2019-07-19 21:00:00;2019-07-19 21:30:00;89.1
1071729215;2019-07-19 21:30:00;2019-07-19 22:00:00;94.9
1071729215;2019-07-19 22:00:00;2019-07-19 22:30:00;104.03571428571429
1071729215;2019-07-19 22:30:00;2019-07-19 23:00:00;92.16666666666667
1071729215;2019-07-19 23:00:00;2019-07-19 23:30:00;92.2
1071729215;2019-07-19 23:30:00;2019-07-19 23:59:59;100.3
1071729215;2019-07-20 00:00:00;2019-07-20 00:30:00;92.0
1071729215;2019-07-20 00:30:00;2019-07-20 01:00:00;92.0
1071729215;2019-07-20 01:00:00;2019-07-20 01:30:00;92.0
1071729215;2019-07-20 01:30:00;2019-07-20 02:00:00;92.0
1071729215;2019-07-20 02:00:00;2019-07-20 02:30:00;96.0
1071729215;2019-07-20 02:30:00;2019-07-20 03:00:00;100.86666666666666
1071729215;2019-07-20 03:00:00;2019-07-20 03:30:00;118.3
1071729215;2019-07-20 03:30:00;2019-07-20 04:00:00;96.03333333333333
1071729215;2019-07-20 04:00:00;2019-07-20 04:30:00;98.1
1071729215;2019-07-20 04:30:00;2019-07-20 05:00:00;119.6
1071729215;2019-07-20 05:00:00;2019-07-20 05:30:00;97.66666666666667
1071729215;2019-07-20 05:30:00;2019-07-20 06:00:00;102.03333333333333
1071729215;2019-07-20 06:00:00;2019-07-20 06:30:00;109.2
1071729215;2019-07-20 06:30:00;2019-07-20 07:00:00;107.1
1071729215;2019-07-20 07:00:00;2019-07-20 07:30:00;115.43333333333334
1071729215;2019-07-20 07:30:00;2019-07-20 08:00:00;107.93333333333334
1071729215;2019-07-20 08:00:00;2019-07-20 08:30:00;109.3
1071729215;2019-07-20 08:30:00;2019-07-20 09:00:00;100.16666666666667
1071729215;2019-07-20 09:00:00;2019-07-20 09:30:00;111.83333333333333
1071729215;2019-07-20 09:30:00;2019-07-20 10:00:00;98.03333333333333
1071729215;2019-07-20 10:00:00;2019-07-20 10:30:00;95.93333333333334
1071729215;2019-07-20 10:30:00;2019-07-20 11:00:00;107.0
1071729215;2019-07-20 11:00:00;2019-07-20 11:30:00;102.56666666666666
1071729215;2019-07-20 11:30:00;2019-07-20 12:00:00;113.86666666666666
1071729215;2019-07-20 12:00:00;2019-07-20 12:30:00;106.93333333333334
1071729215;2019-07-20 12:30:00;2019-07-20 13:00:00;111.33333333333333
1071729215;2019-07-20 13:00:00;2019-07-20 13:30:00;92.96666666666667
1071729215;2019-07-20 13:30:00;2019-07-20 14:00:00;99.3
1071729215;2019-07-20 14:00:00;2019-07-20 14:30:00;92.43333333333334
1071729215;2019-07-20 14:30:00;2019-07-20 15:00:00;102.2
1071729215;2019-07-20 15:00:00;2019-07-20 15:30:00;105.23333333333333
1071729215;2019-07-20 15:30:00;2019-07-20 16:00:00;112.56666666666666
1071729215;2019-07-20 16:00:00;2019-07-20 16:30:00;110.9
1071729215;2019-07-20 16:30:00;2019-07-20 17:00:00;99.63333333333334
1071729215;2019-07-20 17:00:00;2019-07-20 17:30:00;114.5
1071729215;2019-07-20 17:30:00;2019-07-20 18:00:00;109.26666666666667
1071729215;2019-07-20 18:00:00;2019-07-20 18:30:00;113.06666666666666
1071729215;2019-07-20 18:30:00;2019-07-20 19:00:00;107.93103448275862
1071729215;2019-07-20 19:00:00;2019-07-20 19:30:00;108.8
1071729215;2019-07-20 19:30:00;2019-07-20 20:00:00;107.76666666666667
1071729215;2019-07-20 20:00:00;2019-07-20 20:30:00;95.86666666666666
1071729215;2019-07-20 20:30:00;2019-07-20 21:00:00;89.96666666666667
1071729215;2019-07-20 21:00:00;2019-07-20 21:30:00;102.16666666666667
1071729215;2019-07-20 21:30:00;2019-07-20 22:00:00;94.03333333333333
1071729215;2019-07-20 22:00:00;2019-07-20 22:30:00;99.83333333333333
1071729215;2019-07-20 22:30:00;2019-07-20 23:00:00;90.9
1071729215;2019-07-20 23:00:00;2019-07-20 23:30:00;104.83333333333333
1071729215;2019-07-20 23:30:00;2019-07-20 23:59:59;101.8
1071729215;2019-07-21 00:00:00;2019-07-21 00:30:00;96.16666666666667
1071729215;2019-07-21 00:30:00;2019-07-21 01:00:00;114.26666666666667
1071729215;2019-07-21 01:00:00;2019-07-21 01:30:00;109.76666666666667
1071729215;2019-07-21 01:30:00;2019-07-21 02:00:00;91.63333333333334
1071729215;2019-07-21 02:00:00;2019-07-21 02:30:00;91.1
1071729215;2019-07-21 02:30:00;2019-07-21 03:00:00;95.53333333333333
1071729215;2019-07-21 03:00:00;2019-07-21 03:30:00;107.96666666666667
1071729215;2019-07-21 03:30:00;2019-07-21 04:00:00;101.93333333333334
1071729215;2019-07-21 04:00:00;2019-07-21 04:30:00;107.46666666666667
1071729215;2019-07-21 04:30:00;2019-07-21 05:00:00;102.3
1071729215;2019-07-21 05:00:00;2019-07-21 05:30:00;106.26666666666667
1071729215;2019-07-21 05:30:00;2019-07-21 06:00:00;108.1
1071729215;2019-07-21 06:00:00;2019-07-21 06:30:00;96.6
1071729215;2019-07-21 06:30:00;2019-07-21 07:00:00;96.13333333333334
1071729215;2019-07-21 07:00:00;2019-07-21 07:30:00;101.66666666666667
1071729215;2019-07-21 07:30:00;2019-07-21 08:00:00;99.4
1071729215;2019-07-21 08:00:00;2019-07-21 08:30:00;113.6
1071729215;2019-07-21 08:30:00;2019-07-21 09:00:00;111.06666666666666
1071729215;2019-07-21 09:00:00;2019-07-21 09:30:00;113.16666666666667
1071729215;2019-07-21 09:30:00;2019-07-21 10:00:00;98.9
1071729215;2019-07-21 10:00:00;2019-07-21 10:30:00;101.53333333333333
1071729215;2019-07-21 10:30:00;2019-07-21 11:00:00;96.33333333333333
1071729215;2019-07-21 11:00:00;2019-07-21 11:30:00;96.93333333333334
1071729215;2019-07-21 11:30:00;2019-07-21 12:00:00;90.33333333333333
1071729215;2019-07-21 12:00:00;2019-07-21 12:30:00;98.7
1071729215;2019-07-21 12:30:00;2019-07-21 13:00:00;46.6
1071729215;2019-07-21 13:00:00;2019-07-21 13:30:00;22.6
1071729215;2019-07-21 13:30:00;2019-07-21 14:00:00;21.233333333333334
1071729215;2019-07-21 14:00:00;2019-07-21 14:30:00;86.96666666666667
1071729215;2019-07-21 14:30:00;2019-07-21 15:00:00;97.3
1071729215;2019-07-21 15:00:00;2019-07-21 15:30:00;100.36666666666666
1071729215;2019-07-21 15:30:00;2019-07-21 16:00:00;92.9
1071729215;2019-07-21 16:00:00;2019-07-21 16:30:00;86.93333333333334
1071729215;2019-07-21 16:30:00;2019-07-21 17:00:00;91.83333333333333
1071729215;2019-07-21 17:00:00;2019-07-21 17:30:00;95.36666666666666
1071729215;2019-07-21 17:30:00;2019-07-21 18:00:00;90.7
1071729215;2019-07-21 18:00:00;2019-07-21 18:30:00;119.7
1071729215;2019-07-21 18:30:00;2019-07-21 19:00:00;97.63333333333334
1071729215;2019-07-21 19:00:00;2019-07-21 19:30:00;100.3
1071729215;2019-07-21 19:30:00;2019-07-21 20:00:00;113.66666666666667
1071729215;2019-07-21 20:00:00;2019-07-21 20:30:00;92.8
1071729215;2019-07-21 20:30:00;2019-07-21 21:00:00;106.9
1071729215;2019-07-21 21:00:00;2019-07-21 21:30:00;101.6
1071729215;2019-07-21 21:30:00;2019-07-21 22:00:00;94.16666666666667
1071729215;2019-07-21 22:00:00;2019-07-21 22:30:00;93.93333333333334
1071729215;2019-07-21 22:30:00;2019-07-21 23:00:00;92.5
1071729215;2019-07-21 23:00:00;2019-07-21 23:30:00;92.0
1071729215;2019-07-21 23:30:00;2019-07-21 23:59:59;99.0
1071729215;2019-07-22 00:00:00;2019-07-22 00:30:00;94.86666666666666
1071729215;2019-07-22 00:30:00;2019-07-22 01:00:00;107.93333333333334
1071729215;2019-07-22 01:00:00;2019-07-22 01:30:00;95.5
1071729215;2019-07-22 01:30:00;2019-07-22 02:00:00;92.0
1071729215;2019-07-22 02:00:00;2019-07-22 02:30:00;110.96666666666667
1071729215;2019-07-22 02:30:00;2019-07-22 03:00:00;99.93333333333334
1071729215;2019-07-22 03:00:00;2019-07-22 03:30:00;89.23333333333333
1071729215;2019-07-22 03:30:00;2019-07-22 04:00:00;101.53333333333333
1071729215;2019-07-22 04:00:00;2019-07-22 04:30:00;94.03333333333333
1071729215;2019-07-22 04:30:00;2019-07-22 05:00:00;97.0
1071729215;2019-07-22 05:00:00;2019-07-22 05:30:00;105.23333333333333
1071729215;2019-07-22 05:30:00;2019-07-22 06:00:00;110.53333333333333
1071729215;2019-07-22 06:00:00;2019-07-22 06:30:00;96.86666666666666
1071729215;2019-07-22 06:30:00;2019-07-22 07:00:00;99.66666666666667
1071729215;2019-07-22 07:00:00;2019-07-22 07:30:00;100.86666666666666
1071729215;2019-07-22 07:30:00;2019-07-22 08:00:00;105.16666666666667
1071729215;2019-07-22 08:00:00;2019-07-22 08:30:00;101.43333333333334
1071729215;2019-07-22 08:30:00;2019-07-22 09:00:00;91.06666666666666
1071729215;2019-07-22 09:00:00;2019-07-22 09:30:00;85.53333333333333
1071729215;2019-07-22 09:30:00;2019-07-22 10:00:00;86.96666666666667
1071729215;2019-07-22 10:00:00;2019-07-22 10:30:00;106.0
1071729215;2019-07-22 10:30:00;2019-07-22 11:00:00;90.9
1071729215;2019-07-22 11:00:00;2019-07-22 11:30:00;95.13333333333334
1071729215;2019-07-22 11:30:00;2019-07-22 12:00:00;91.26666666666667
1071729215;2019-07-22 12:00:00;2019-07-22 12:30:00;86.63333333333334
1071729215;2019-07-22 12:30:00;2019-07-22 13:00:00;97.7
1071729215;2019-07-22 13:00:00;2019-07-22 13:30:00;87.86666666666666
1071729215;2019-07-22 13:30:00;2019-07-22 14:00:00;93.9
1071729215;2019-07-22 14:00:00;2019-07-22 14:30:00;88.8
1071729215;2019-07-22 14:30:00;2019-07-22 15:00:00;98.1
1071729215;2019-07-22 15:00:00;2019-07-22 15:30:00;92.13333333333334
1071729215;2019-07-22 15:30:00;2019-07-22 16:00:00;86.26666666666667
1071729215;2019-07-22 16:00:00;2019-07-22 16:30:00;95.0
1071729215;2019-07-22 16:30:00;2019-07-22 17:00:00;104.23333333333333
1071729215;2019-07-22 17:00:00;2019-07-22 17:30:00;94.6
1071729215;2019-07-22 17:30:00;2019-07-22 18:00:00;97.46666666666667
1071729215;2019-07-22 18:00:00;2019-07-22 18:30:00;95.03333333333333
1071729215;2019-07-22 18:30:00;2019-07-22 19:00:00;110.43333333333334
1071729215;2019-07-22 19:00:00;2019-07-22 19:30:00;108.66666666666667
1071729215;2019-07-22 19:30:00;2019-07-22 20:00:00;96.43333333333334
1071729215;2019-07-22 20:00:00;2019-07-22 20:30:00;93.43333333333334
1071729215;2019-07-22 20:30:00;2019-07-22 21:00:00;101.16666666666667
1071729215;2019-07-22 21:00:00;2019-07-22 21:30:00;91.26666666666667
1071729215;2019-07-22 21:30:00;2019-07-22 22:00:00;91.86666666666666
1071729215;2019-07-22 22:00:00;2019-07-22 22:30:00;92.0
1071729215;2019-07-22 22:30:00;2019-07-22 23:00:00;92.0
1071729215;2019-07-22 23:00:00;2019-07-22 23:30:00;92.0
1071729215;2019-07-22 23:30:00;2019-07-22 23:59:59;92.0
1071729215;2019-07-23 00:00:00;2019-07-23 00:30:00;92.0
1071729215;2019-07-23 00:30:00;2019-07-23 01:00:00;92.0
1071729215;2019-07-23 01:00:00;2019-07-23 01:30:00;92.0
1071729215;2019-07-23 01:30:00;2019-07-23 02:00:00;101.23333333333333
1071729215;2019-07-23 02:00:00;2019-07-23 02:30:00;94.46666666666667
1071729215;2019-07-23 02:30:00;2019-07-23 03:00:00;89.23333333333333
1071729215;2019-07-23 03:00:00;2019-07-23 03:30:00;103.46666666666667
1071729215;2019-07-23 03:30:00;2019-07-23 04:00:00;95.03333333333333
1071729215;2019-07-23 04:00:00;2019-07-23 04:30:00;95.83333333333333
1071729215;2019-07-23 04:30:00;2019-07-23 05:00:00;101.3
1071729215;2019-07-23 05:00:00;2019-07-23 05:30:00;111.93333333333334
1071729215;2019-07-23 05:30:00;2019-07-23 06:00:00;95.56666666666666
1071729215;2019-07-23 06:00:00;2019-07-23 06:30:00;87.43333333333334
1071729215;2019-07-23 06:30:00;2019-07-23 07:00:00;113.4
1071729215;2019-07-23 07:00:00;2019-07-23 07:30:00;106.46666666666667
1071729215;2019-07-23 07:30:00;2019-07-23 08:00:00;101.23333333333333
1071729215;2019-07-23 08:00:00;2019-07-23 08:30:00;101.4
1071729215;2019-07-23 08:30:00;2019-07-23 09:00:00;99.1
1071729215;2019-07-23 09:00:00;2019-07-23 09:30:00;94.53333333333333
1071729215;2019-07-23 09:30:00;2019-07-23 10:00:00;95.03333333333333
1071729215;2019-07-23 10:00:00;2019-07-23 10:30:00;94.23333333333333
1071729215;2019-07-23 10:30:00;2019-07-23 11:00:00;94.96666666666667
1071729215;2019-07-23 11:00:00;2019-07-23 11:30:00;89.26666666666667
1071729215;2019-07-23 11:30:00;2019-07-23 12:00:00;94.9
1071729215;2019-07-23 12:00:00;2019-07-23 12:30:00;102.8
1071729215;2019-07-23 12:30:00;2019-07-23 13:00:00;93.26666666666667
1071729215;2019-07-23 13:00:00;2019-07-23 13:30:00;101.63333333333334
1071729215;2019-07-23 13:30:00;2019-07-23 14:00:00;96.6
1071729215;2019-07-23 14:00:00;2019-07-23 14:30:00;103.46666666666667
1071729215;2019-07-23 14:30:00;2019-07-23 15:00:00;82.3
1071729215;2019-07-23 15:00:00;2019-07-23 15:30:00;102.43333333333334
1071729215;2019-07-23 15:30:00;2019-07-23 16:00:00;110.36666666666666
1071729215;2019-07-23 16:00:00;2019-07-23 16:30:00;90.4
1071729215;2019-07-23 16:30:00;2019-07-23 17:00:00;103.83333333333333
1071729215;2019-07-23 17:00:00;2019-07-23 17:30:00;93.4
1071729215;2019-07-23 17:30:00;2019-07-23 18:00:00;106.9
1071729215;2019-07-23 18:00:00;2019-07-23 18:30:00;103.66666666666667
1071729215;2019-07-23 18:30:00;2019-07-23 19:00:00;91.93333333333334
1071729215;2019-07-23 19:00:00;2019-07-23 19:30:00;92.26666666666667
1071729215;2019-07-23 19:30:00;2019-07-23 20:00:00;112.66666666666667
1071729215;2019-07-23 20:00:00;2019-07-23 20:30:00;106.93333333333334
1071729215;2019-07-23 20:30:00;2019-07-23 21:00:00;93.93333333333334
1071729215;2019-07-23 21:00:00;2019-07-23 21:30:00;97.1
1071729215;2019-07-23 21:30:00;2019-07-23 22:00:00;91.43333333333334
1071729215;2019-07-23 22:00:00;2019-07-23 22:30:00;91.1
1071729215;2019-07-23 22:30:00;2019-07-23 23:00:00;93.8
1071729215;2019-07-23 23:00:00;2019-07-23 23:30:00;92.0
1071729215;2019-07-23 23:30:00;2019-07-23 23:59:59;94.56666666666666
1071729215;2019-07-24 00:00:00;2019-07-24 00:30:00;93.06666666666666
1071729215;2019-07-24 00:30:00;2019-07-24 01:00:00;92.0
1071729215;2019-07-24 01:00:00;2019-07-24 01:30:00;90.4
1071729215;2019-07-24 01:30:00;2019-07-24 02:00:00;88.13333333333334
1071729215;2019-07-24 02:00:00;2019-07-24 02:30:00;102.0
1071729215;2019-07-24 02:30:00;2019-07-24 03:00:00;88.7
1071729215;2019-07-24 03:00:00;2019-07-24 03:30:00;83.33333333333333
1071729215;2019-07-24 03:30:00;2019-07-24 04:00:00;102.3
1071729215;2019-07-24 04:00:00;2019-07-24 04:30:00;92.03333333333333
1071729215;2019-07-24 04:30:00;2019-07-24 05:00:00;93.86666666666666
1071729215;2019-07-24 05:00:00;2019-07-24 05:30:00;96.73333333333333
1071729215;2019-07-24 05:30:00;2019-07-24 06:00:00;92.26666666666667
1071729215;2019-07-24 06:00:00;2019-07-24 06:30:00;98.83333333333333
1071729215;2019-07-24 06:30:00;2019-07-24 07:00:00;97.06666666666666
1071729215;2019-07-24 07:00:00;2019-07-24 07:30:00;93.83333333333333
1071729215;2019-07-24 07:30:00;2019-07-24 08:00:00;102.9
1071729215;2019-07-24 08:00:00;2019-07-24 08:30:00;97.3
1071729215;2019-07-24 08:30:00;2019-07-24 09:00:00;98.56666666666666
1071729215;2019-07-24 09:00:00;2019-07-24 09:30:00;95.36666666666666
1071729215;2019-07-24 09:30:00;2019-07-24 10:00:00;109.4
1071729215;2019-07-24 10:00:00;2019-07-24 10:30:00;113.4
1071729215;2019-07-24 10:30:00;2019-07-24 11:00:00;106.6
1071729215;2019-07-24 11:00:00;2019-07-24 11:30:00;105.8
1071729215;2019-07-24 11:30:00;2019-07-24 12:00:00;88.73333333333333
1071729215;2019-07-24 12:00:00;2019-07-24 12:30:00;101.33333333333333
1071729215;2019-07-24 12:30:00;2019-07-24 13:00:00;108.36666666666666
1071729215;2019-07-24 13:00:00;2019-07-24 13:30:00;99.06666666666666
1071729215;2019-07-24 13:30:00;2019-07-24 14:00:00;93.73333333333333
1071729215;2019-07-24 14:00:00;2019-07-24 14:30:00;100.03333333333333
1071729215;2019-07-24 14:30:00;2019-07-24 15:00:00;102.06666666666666
1071729215;2019-07-24 15:00:00;2019-07-24 15:30:00;90.66666666666667
1071729215;2019-07-24 15:30:00;2019-07-24 16:00:00;103.56666666666666
1071729215;2019-07-24 16:00:00;2019-07-24 16:30:00;104.66666666666667
1071729215;2019-07-24 16:30:00;2019-07-24 17:00:00;100.1
1071729215;2019-07-24 17:00:00;2019-07-24 17:30:00;114.2
1071729215;2019-07-24 17:30:00;2019-07-24 18:00:00;104.53333333333333
1071729215;2019-07-24 18:00:00;2019-07-24 18:30:00;90.96666666666667
1071729215;2019-07-24 18:30:00;2019-07-24 19:00:00;104.96666666666667
1071729215;2019-07-24 19:00:00;2019-07-24 19:30:00;113.86666666666666
1071729215;2019-07-24 19:30:00;2019-07-24 20:00:00;99.8
1071729215;2019-07-24 20:00:00;2019-07-24 20:30:00;92.53333333333333
1071729215;2019-07-24 20:30:00;2019-07-24 21:00:00;105.7
1071729215;2019-07-24 21:00:00;2019-07-24 21:30:00;92.0
1071729215;2019-07-24 21:30:00;2019-07-24 22:00:00;89.13333333333334
1071729215;2019-07-24 22:00:00;2019-07-24 22:30:00;100.3
1071729215;2019-07-24 22:30:00;2019-07-24 23:00:00;92.0
1071729215;2019-07-24 23:00:00;2019-07-24 23:30:00;92.63333333333334
1071729215;2019-07-24 23:30:00;2019-07-24 23:59:59;92.86666666666666
1071729215;2019-07-25 00:00:00;2019-07-25 00:30:00;101.7
1071729215;2019-07-25 00:30:00;2019-07-25 01:00:00;90.8
1071729215;2019-07-25 01:00:00;2019-07-25 01:30:00;108.2
1071729215;2019-07-25 01:30:00;2019-07-25 02:00:00;108.43333333333334
1071729215;2019-07-25 02:00:00;2019-07-25 02:30:00;89.76666666666667
1071729215;2019-07-25 02:30:00;2019-07-25 03:00:00;88.26666666666667
1071729215;2019-07-25 03:00:00;2019-07-25 03:30:00;84.73333333333333
1071729215;2019-07-25 03:30:00;2019-07-25 04:00:00;84.0
1071729215;2019-07-25 04:00:00;2019-07-25 04:30:00;92.0
1071729215;2019-07-25 04:30:00;2019-07-25 05:00:00;92.0
1071729215;2019-07-25 05:00:00;2019-07-25 05:30:00;103.0
1071729215;2019-07-25 05:30:00;2019-07-25 06:00:00;104.06666666666666
1071729215;2019-07-25 06:00:00;2019-07-25 06:30:00;99.96666666666667
1071729215;2019-07-25 06:30:00;2019-07-25 07:00:00;92.73333333333333
1071729215;2019-07-25 07:00:00;2019-07-25 07:30:00;106.26666666666667
1071729215;2019-07-25 07:30:00;2019-07-25 08:00:00;101.96666666666667
1071729215;2019-07-25 08:00:00;2019-07-25 08:30:00;104.76666666666667
1071729215;2019-07-25 08:30:00;2019-07-25 09:00:00;93.86666666666666
1071729215;2019-07-25 09:00:00;2019-07-25 09:30:00;89.43333333333334
1071729215;2019-07-25 09:30:00;2019-07-25 10:00:00;89.76666666666667
1071729215;2019-07-25 10:00:00;2019-07-25 10:30:00;105.06666666666666
1071729215;2019-07-25 10:30:00;2019-07-25 11:00:00;102.96666666666667
1071729215;2019-07-25 11:00:00;2019-07-25 11:30:00;95.83333333333333
1071729215;2019-07-25 11:30:00;2019-07-25 12:00:00;94.43333333333334
1071729215;2019-07-25 12:00:00;2019-07-25 12:30:00;93.23333333333333
1071729215;2019-07-25 12:30:00;2019-07-25 13:00:00;100.3
1071729215;2019-07-25 13:00:00;2019-07-25 13:30:00;91.26666666666667
1071729215;2019-07-25 13:30:00;2019-07-25 14:00:00;91.06666666666666
1071729215;2019-07-25 14:00:00;2019-07-25 14:30:00;111.28571428571429
1071729215;2019-07-25 14:30:00;2019-07-25 15:00:00;96.7
1071729215;2019-07-25 15:00:00;2019-07-25 15:30:00;97.06666666666666
1071729215;2019-07-25 15:30:00;2019-07-25 16:00:00;98.66666666666667
1071729215;2019-07-25 16:00:00;2019-07-25 16:30:00;95.43333333333334
1071729215;2019-07-25 16:30:00;2019-07-25 17:00:00;95.33333333333333
1071729215;2019-07-25 17:00:00;2019-07-25 17:30:00;102.96666666666667
1071729215;2019-07-25 17:30:00;2019-07-25 18:00:00;104.4
1071729215;2019-07-25 18:00:00;2019-07-25 18:30:00;108.33333333333333
1071729215;2019-07-25 18:30:00;2019-07-25 19:00:00;105.26666666666667
1071729215;2019-07-25 19:00:00;2019-07-25 19:30:00;106.06666666666666
1071729215;2019-07-25 19:30:00;2019-07-25 20:00:00;112.63333333333334
1071729215;2019-07-25 20:00:00;2019-07-25 20:30:00;98.93333333333334
1071729215;2019-07-25 20:30:00;2019-07-25 21:00:00;97.96666666666667
1071729215;2019-07-25 21:00:00;2019-07-25 21:30:00;102.4
1071729215;2019-07-25 21:30:00;2019-07-25 22:00:00;118.06666666666666
1071729215;2019-07-25 22:00:00;2019-07-25 22:30:00;121.3
1071729215;2019-07-25 22:30:00;2019-07-25 23:00:00;106.0
1071729215;2019-07-25 23:00:00;2019-07-25 23:30:00;108.8
1071729215;2019-07-25 23:30:00;2019-07-25 23:59:59;88.73333333333333
1071729215;2019-07-26 00:00:00;2019-07-26 00:30:00;90.73333333333333
1071729215;2019-07-26 00:30:00;2019-07-26 01:00:00;108.4
1071729215;2019-07-26 01:00:00;2019-07-26 01:30:00;110.5
1071729215;2019-07-26 01:30:00;2019-07-26 02:00:00;128.06666666666666
1071729215;2019-07-26 02:00:00;2019-07-26 02:30:00;110.4
1071729215;2019-07-26 02:30:00;2019-07-26 03:00:00;96.53333333333333
1071729215;2019-07-26 03:00:00;2019-07-26 03:30:00;89.43333333333334
1071729215;2019-07-26 03:30:00;2019-07-26 04:00:00;120.4
1071729215;2019-07-26 04:00:00;2019-07-26 04:30:00;123.06666666666666
1071729215;2019-07-26 04:30:00;2019-07-26 05:00:00;106.0
1071729215;2019-07-26 05:00:00;2019-07-26 05:30:00;104.7
1071729215;2019-07-26 05:30:00;2019-07-26 06:00:00;95.93333333333334
1071729215;2019-07-26 06:00:00;2019-07-26 06:30:00;98.13333333333334
1071729215;2019-07-26 06:30:00;2019-07-26 07:00:00;99.23333333333333
1071729215;2019-07-26 07:00:00;2019-07-26 07:30:00;99.43333333333334
1071729215;2019-07-26 07:30:00;2019-07-26 08:00:00;96.5
1071729215;2019-07-26 08:00:00;2019-07-26 08:30:00;94.86666666666666
1071729215;2019-07-26 08:30:00;2019-07-26 09:00:00;105.8
1071729215;2019-07-26 09:00:00;2019-07-26 09:30:00;97.73333333333333
1071729215;2019-07-26 09:30:00;2019-07-26 10:00:00;92.23333333333333
1071729215;2019-07-26 10:00:00;2019-07-26 10:30:00;94.5
1071729215;2019-07-26 10:30:00;2019-07-26 11:00:00;88.6
1071729215;2019-07-26 11:00:00;2019-07-26 11:30:00;93.43333333333334
1071729215;2019-07-26 11:30:00;2019-07-26 12:00:00;91.43333333333334
1071729215;2019-07-26 12:00:00;2019-07-26 12:30:00;92.23333333333333
1071729215;2019-07-26 12:30:00;2019-07-26 13:00:00;112.53333333333333
1071729215;2019-07-26 13:00:00;2019-07-26 13:30:00;106.46666666666667
1071729215;2019-07-26 13:30:00;2019-07-26 14:00:00;90.83333333333333
1071729215;2019-07-26 14:00:00;2019-07-26 14:30:00;92.96666666666667
1071729215;2019-07-26 14:30:00;2019-07-26 15:00:00;93.86666666666666
1071729215;2019-07-26 15:00:00;2019-07-26 15:30:00;99.83333333333333
1071729215;2019-07-26 15:30:00;2019-07-26 16:00:00;106.23333333333333
1071729215;2019-07-26 16:00:00;2019-07-26 16:30:00;98.5
1071729215;2019-07-26 16:30:00;2019-07-26 17:00:00;104.9
1071729215;2019-07-26 17:00:00;2019-07-26 17:30:00;108.16666666666667
1071729215;2019-07-26 17:30:00;2019-07-26 18:00:00;107.8
1071729215;2019-07-26 18:00:00;2019-07-26 18:30:00;107.56666666666666
1071729215;2019-07-26 18:30:00;2019-07-26 19:00:00;115.23333333333333
1071729215;2019-07-26 19:00:00;2019-07-26 19:30:00;96.43333333333334
1071729215;2019-07-26 19:30:00;2019-07-26 20:00:00;106.93333333333334
1071729215;2019-07-26 20:00:00;2019-07-26 20:30:00;112.86666666666666
1071729215;2019-07-26 20:30:00;2019-07-26 21:00:00;103.63333333333334
1071729215;2019-07-26 21:00:00;2019-07-26 21:30:00;96.5
1071729215;2019-07-26 21:30:00;2019-07-26 22:00:00;93.9
1071729215;2019-07-26 22:00:00;2019-07-26 22:30:00;98.8
1071729215;2019-07-26 22:30:00;2019-07-26 23:00:00;89.3
1071729215;2019-07-26 23:00:00;2019-07-26 23:30:00;92.0
1071729215;2019-07-26 23:30:00;2019-07-26 23:59:59;91.9
1071729215;2019-07-27 00:00:00;2019-07-27 00:30:00;94.73333333333333
1071729215;2019-07-27 00:30:00;2019-07-27 01:00:00;92.0
1071729215;2019-07-27 01:00:00;2019-07-27 01:30:00;96.26666666666667
1071729215;2019-07-27 01:30:00;2019-07-27 02:00:00;92.0
1071729215;2019-07-27 02:00:00;2019-07-27 02:30:00;92.0
1071729215;2019-07-27 02:30:00;2019-07-27 03:00:00;92.0
1071729215;2019-07-27 03:00:00;2019-07-27 03:30:00;89.0
1071729215;2019-07-27 03:30:00;2019-07-27 04:00:00;96.5
1071729215;2019-07-27 04:00:00;2019-07-27 04:30:00;107.8
1071729215;2019-07-27 04:30:00;2019-07-27 05:00:00;119.16666666666667
1071729215;2019-07-27 05:00:00;2019-07-27 05:30:00;124.26666666666667
1071729215;2019-07-27 05:30:00;2019-07-27 06:00:00;105.46666666666667
1071729215;2019-07-27 06:00:00;2019-07-27 06:30:00;105.46666666666667
1071729215;2019-07-27 06:30:00;2019-07-27 07:00:00;116.66666666666667
1071729215;2019-07-27 07:00:00;2019-07-27 07:30:00;107.33333333333333
1071729215;2019-07-27 07:30:00;2019-07-27 08:00:00;88.96666666666667
1071729215;2019-07-27 08:00:00;2019-07-27 08:30:00;96.06666666666666
1071729215;2019-07-27 08:30:00;2019-07-27 09:00:00;89.4
1071729215;2019-07-27 09:00:00;2019-07-27 09:30:00;104.4
1071729215;2019-07-27 09:30:00;2019-07-27 10:00:00;102.63333333333334
1071729215;2019-07-27 10:00:00;2019-07-27 10:30:00;101.16666666666667
1071729215;2019-07-27 10:30:00;2019-07-27 11:00:00;107.46666666666667
1071729215;2019-07-27 11:00:00;2019-07-27 11:30:00;97.3
1071729215;2019-07-27 11:30:00;2019-07-27 12:00:00;95.53333333333333
1071729215;2019-07-27 12:00:00;2019-07-27 12:30:00;102.66666666666667
1071729215;2019-07-27 12:30:00;2019-07-27 13:00:00;100.33333333333333
1071729215;2019-07-27 13:00:00;2019-07-27 13:30:00;85.8
1071729215;2019-07-27 13:30:00;2019-07-27 14:00:00;103.63333333333334
1071729215;2019-07-27 14:00:00;2019-07-27 14:30:00;100.83333333333333
1071729215;2019-07-27 14:30:00;2019-07-27 15:00:00;105.16666666666667
1071729215;2019-07-27 15:00:00;2019-07-27 15:30:00;105.7
1071729215;2019-07-27 15:30:00;2019-07-27 16:00:00;95.26666666666667
1071729215;2019-07-27 16:00:00;2019-07-27 16:30:00;116.26666666666667
1071729215;2019-07-27 16:30:00;2019-07-27 17:00:00;110.73333333333333
1071729215;2019-07-27 17:00:00;2019-07-27 17:30:00;112.43333333333334
1071729215;2019-07-27 17:30:00;2019-07-27 18:00:00;107.16666666666667
1071729215;2019-07-27 18:00:00;2019-07-27 18:30:00;115.6
1071729215;2019-07-27 18:30:00;2019-07-27 19:00:00;103.03333333333333
1071729215;2019-07-27 19:00:00;2019-07-27 19:30:00;111.63333333333334
1071729215;2019-07-27 19:30:00;2019-07-27 20:00:00;112.9
1071729215;2019-07-27 20:00:00;2019-07-27 20:30:00;103.06666666666666
1071729215;2019-07-27 20:30:00;2019-07-27 21:00:00;95.7
1071729215;2019-07-27 21:00:00;2019-07-27 21:30:00;102.43333333333334
1071729215;2019-07-27 21:30:00;2019-07-27 22:00:00;91.86666666666666
1071729215;2019-07-27 22:00:00;2019-07-27 22:30:00;92.63333333333334
1071729215;2019-07-27 22:30:00;2019-07-27 23:00:00;92.0
1071729215;2019-07-27 23:00:00;2019-07-27 23:30:00;92.0
1071729215;2019-07-27 23:30:00;2019-07-27 23:59:59;102.46666666666667
1071729215;2019-07-28 00:00:00;2019-07-28 00:30:00;104.13333333333334
1071729215;2019-07-28 00:30:00;2019-07-28 01:00:00;96.4
1071729215;2019-07-28 01:00:00;2019-07-28 01:30:00;95.83333333333333
1071729215;2019-07-28 01:30:00;2019-07-28 02:00:00;92.0
1071729215;2019-07-28 02:00:00;2019-07-28 02:30:00;90.63333333333334
1071729215;2019-07-28 02:30:00;2019-07-28 03:00:00;92.0
1071729215;2019-07-28 03:00:00;2019-07-28 03:30:00;95.83333333333333
1071729215;2019-07-28 03:30:00;2019-07-28 04:00:00;94.06666666666666
1071729215;2019-07-28 04:00:00;2019-07-28 04:30:00;93.0
1071729215;2019-07-28 04:30:00;2019-07-28 05:00:00;93.0
1071729215;2019-07-28 05:00:00;2019-07-28 05:30:00;112.96666666666667
1071729215;2019-07-28 05:30:00;2019-07-28 06:00:00;115.13333333333334
1071729215;2019-07-28 06:00:00;2019-07-28 06:30:00;116.7
1071729215;2019-07-28 06:30:00;2019-07-28 07:00:00;94.7
1071729215;2019-07-28 07:00:00;2019-07-28 07:30:00;97.96666666666667
1071729215;2019-07-28 07:30:00;2019-07-28 08:00:00;107.43333333333334
1071729215;2019-07-28 08:00:00;2019-07-28 08:30:00;116.0
1071729215;2019-07-28 08:30:00;2019-07-28 09:00:00;100.4
1071729215;2019-07-28 09:00:00;2019-07-28 09:30:00;107.33333333333333
1071729215;2019-07-28 09:30:00;2019-07-28 10:00:00;107.56666666666666
1071729215;2019-07-28 10:00:00;2019-07-28 10:30:00;100.1
1071729215;2019-07-28 10:30:00;2019-07-28 11:00:00;101.8
1071729215;2019-07-28 11:00:00;2019-07-28 11:30:00;106.76666666666667
1071729215;2019-07-28 11:30:00;2019-07-28 12:00:00;105.13333333333334
1071729215;2019-07-28 12:00:00;2019-07-28 12:30:00;103.46666666666667
1071729215;2019-07-28 12:30:00;2019-07-28 13:00:00;91.43333333333334
1071729215;2019-07-28 13:00:00;2019-07-28 13:30:00;101.1
1071729215;2019-07-28 13:30:00;2019-07-28 14:00:00;91.76666666666667
1071729215;2019-07-28 14:00:00;2019-07-28 14:30:00;80.86666666666666
1071729215;2019-07-28 14:30:00;2019-07-28 15:00:00;88.7
1071729215;2019-07-28 15:00:00;2019-07-28 15:30:00;93.16666666666667
1071729215;2019-07-28 15:30:00;2019-07-28 16:00:00;90.7
1071729215;2019-07-28 16:00:00;2019-07-28 16:30:00;94.33333333333333
1071729215;2019-07-28 16:30:00;2019-07-28 17:00:00;94.03333333333333
1071729215;2019-07-28 17:00:00;2019-07-28 17:30:00;100.73333333333333
1071729215;2019-07-28 17:30:00;2019-07-28 18:00:00;94.73333333333333
1071729215;2019-07-28 18:00:00;2019-07-28 18:30:00;96.36666666666666
1071729215;2019-07-28 18:30:00;2019-07-28 19:00:00;100.8
1071729215;2019-07-28 19:00:00;2019-07-28 19:30:00;107.83333333333333
1071729215;2019-07-28 19:30:00;2019-07-28 20:00:00;113.2
1071729215;2019-07-28 20:00:00;2019-07-28 20:30:00;117.16666666666667
1071729215;2019-07-28 20:30:00;2019-07-28 21:00:00;102.16666666666667
1071729215;2019-07-28 21:00:00;2019-07-28 21:30:00;102.43333333333334
1071729215;2019-07-28 21:30:00;2019-07-28 22:00:00;92.0
1071729215;2019-07-28 22:00:00;2019-07-28 22:30:00;99.6
1071729215;2019-07-28 22:30:00;2019-07-28 23:00:00;92.0
1071729215;2019-07-28 23:00:00;2019-07-28 23:30:00;92.0
1071729215;2019-07-28 23:30:00;2019-07-28 23:59:59;92.0
1071729215;2019-07-29 00:00:00;2019-07-29 00:30:00;94.16666666666667
1071729215;2019-07-29 00:30:00;2019-07-29 01:00:00;92.0
1071729215;2019-07-29 01:00:00;2019-07-29 01:30:00;97.6
1071729215;2019-07-29 01:30:00;2019-07-29 02:00:00;95.0
1071729215;2019-07-29 02:00:00;2019-07-29 02:30:00;93.3
1071729215;2019-07-29 02:30:00;2019-07-29 03:00:00;92.4
1071729215;2019-07-29 03:00:00;2019-07-29 03:30:00;105.73333333333333
1071729215;2019-07-29 03:30:00;2019-07-29 04:00:00;93.6
1071729215;2019-07-29 04:00:00;2019-07-29 04:30:00;103.63333333333334
1071729215;2019-07-29 04:30:00;2019-07-29 05:00:00;101.43333333333334
1071729215;2019-07-29 05:00:00;2019-07-29 05:30:00;101.5
1071729215;2019-07-29 05:30:00;2019-07-29 06:00:00;101.16666666666667
1071729215;2019-07-29 06:00:00;2019-07-29 06:30:00;104.33333333333333
1071729215;2019-07-29 06:30:00;2019-07-29 07:00:00;106.06666666666666
1071729215;2019-07-29 07:00:00;2019-07-29 07:30:00;105.93333333333334
1071729215;2019-07-29 07:30:00;2019-07-29 08:00:00;121.66666666666667
1071729215;2019-07-29 08:00:00;2019-07-29 08:30:00;102.86666666666666
1071729215;2019-07-29 08:30:00;2019-07-29 09:00:00;97.3
1071729215;2019-07-29 09:00:00;2019-07-29 09:30:00;105.7
1071729215;2019-07-29 09:30:00;2019-07-29 10:00:00;93.36666666666666
1071729215;2019-07-29 10:00:00;2019-07-29 10:30:00;91.23333333333333
1071729215;2019-07-29 10:30:00;2019-07-29 11:00:00;102.83333333333333
1071729215;2019-07-29 11:00:00;2019-07-29 11:30:00;104.7
1071729215;2019-07-29 11:30:00;2019-07-29 12:00:00;101.7
1071729215;2019-07-29 12:00:00;2019-07-29 12:30:00;95.96666666666667
1071729215;2019-07-29 12:30:00;2019-07-29 13:00:00;86.06666666666666
1071729215;2019-07-29 13:00:00;2019-07-29 13:30:00;92.9
1071729215;2019-07-29 13:30:00;2019-07-29 14:00:00;92.96666666666667
1071729215;2019-07-29 14:00:00;2019-07-29 14:30:00;100.43333333333334
1071729215;2019-07-29 14:30:00;2019-07-29 15:00:00;93.83333333333333
1071729215;2019-07-29 15:00:00;2019-07-29 15:30:00;102.33333333333333
1071729215;2019-07-29 15:30:00;2019-07-29 16:00:00;84.7
1071729215;2019-07-29 16:00:00;2019-07-29 16:30:00;99.7
1071729215;2019-07-29 16:30:00;2019-07-29 17:00:00;115.3
1071729215;2019-07-29 17:00:00;2019-07-29 17:30:00;96.73333333333333
1071729215;2019-07-29 17:30:00;2019-07-29 18:00:00;115.03333333333333
1071729215;2019-07-29 18:00:00;2019-07-29 18:30:00;103.3
1071729215;2019-07-29 18:30:00;2019-07-29 19:00:00;107.26666666666667
1071729215;2019-07-29 19:00:00;2019-07-29 19:30:00;101.6
1071729215;2019-07-29 19:30:00;2019-07-29 20:00:00;104.2
1071729215;2019-07-29 20:00:00;2019-07-29 20:30:00;98.63333333333334
1071729215;2019-07-29 20:30:00;2019-07-29 21:00:00;95.46666666666667
1071729215;2019-07-29 21:00:00;2019-07-29 21:30:00;98.26666666666667
1071729215;2019-07-29 21:30:00;2019-07-29 22:00:00;93.8
1071729215;2019-07-29 22:00:00;2019-07-29 22:30:00;95.0
1071729215;2019-07-29 22:30:00;2019-07-29 23:00:00;92.46666666666667
1071729215;2019-07-29 23:00:00;2019-07-29 23:30:00;88.4
1071729215;2019-07-29 23:30:00;2019-07-29 23:59:59;95.26666666666667
1071729215;2019-07-30 00:00:00;2019-07-30 00:30:00;94.93333333333334
1071729215;2019-07-30 00:30:00;2019-07-30 01:00:00;92.03333333333333
1071729215;2019-07-30 01:00:00;2019-07-30 01:30:00;92.0
1071729215;2019-07-30 01:30:00;2019-07-30 02:00:00;91.2
1071729215;2019-07-30 02:00:00;2019-07-30 02:30:00;92.0
1071729215;2019-07-30 02:30:00;2019-07-30 03:00:00;92.0
1071729215;2019-07-30 03:00:00;2019-07-30 03:30:00;85.0
1071729215;2019-07-30 03:30:00;2019-07-30 04:00:00;85.2
1071729215;2019-07-30 04:00:00;2019-07-30 04:30:00;104.3
1071729215;2019-07-30 04:30:00;2019-07-30 05:00:00;104.53333333333333
1071729215;2019-07-30 05:00:00;2019-07-30 05:30:00;94.43333333333334
1071729215;2019-07-30 05:30:00;2019-07-30 06:00:00;89.1
1071729215;2019-07-30 06:00:00;2019-07-30 06:30:00;110.7
1071729215;2019-07-30 06:30:00;2019-07-30 07:00:00;102.33333333333333
1071729215;2019-07-30 07:00:00;2019-07-30 07:30:00;97.36666666666666
1071729215;2019-07-30 07:30:00;2019-07-30 08:00:00;113.16666666666667
1071729215;2019-07-30 08:00:00;2019-07-30 08:30:00;103.9
1071729215;2019-07-30 08:30:00;2019-07-30 09:00:00;91.36666666666666
1071729215;2019-07-30 09:00:00;2019-07-30 09:30:00;90.56666666666666
1071729215;2019-07-30 09:30:00;2019-07-30 10:00:00;95.46666666666667
1071729215;2019-07-30 10:00:00;2019-07-30 10:30:00;97.53333333333333
1071729215;2019-07-30 10:30:00;2019-07-30 11:00:00;105.83333333333333
1071729215;2019-07-30 11:00:00;2019-07-30 11:30:00;107.96666666666667
1071729215;2019-07-30 11:30:00;2019-07-30 12:00:00;89.36666666666666
1071729215;2019-07-30 12:00:00;2019-07-30 12:30:00;104.46666666666667
1071729215;2019-07-30 12:30:00;2019-07-30 13:00:00;94.63333333333334
1071729215;2019-07-30 13:00:00;2019-07-30 13:30:00;91.89655172413794
1071729215;2019-07-30 13:30:00;2019-07-30 14:00:00;97.86666666666666
1071729215;2019-07-30 14:00:00;2019-07-30 14:30:00;89.83333333333333
1071729215;2019-07-30 14:30:00;2019-07-30 15:00:00;94.96666666666667
1071729215;2019-07-30 15:00:00;2019-07-30 15:30:00;100.83333333333333
1071729215;2019-07-30 15:30:00;2019-07-30 16:00:00;96.7
1071729215;2019-07-30 16:00:00;2019-07-30 16:30:00;90.23333333333333
1071729215;2019-07-30 16:30:00;2019-07-30 17:00:00;94.13333333333334
1071729215;2019-07-30 17:00:00;2019-07-30 17:30:00;98.66666666666667
1071729215;2019-07-30 17:30:00;2019-07-30 18:00:00;98.83333333333333
1071729215;2019-07-30 18:00:00;2019-07-30 18:30:00;97.73333333333333
1071729215;2019-07-30 18:30:00;2019-07-30 19:00:00;106.26666666666667
1071729215;2019-07-30 19:00:00;2019-07-30 19:30:00;97.86666666666666
1071729215;2019-07-30 19:30:00;2019-07-30 20:00:00;113.66666666666667
1071729215;2019-07-30 20:00:00;2019-07-30 20:30:00;92.03333333333333
1071729215;2019-07-30 20:30:00;2019-07-30 21:00:00;109.33333333333333
1071729215;2019-07-30 21:00:00;2019-07-30 21:30:00;96.0
1071729215;2019-07-30 21:30:00;2019-07-30 22:00:00;112.1
1071729215;2019-07-30 22:00:00;2019-07-30 22:30:00;101.76666666666667
1071729215;2019-07-30 22:30:00;2019-07-30 23:00:00;107.4
1071729215;2019-07-30 23:00:00;2019-07-30 23:30:00;106.7
1071729215;2019-07-30 23:30:00;2019-07-30 23:59:59;103.73333333333333
1071729215;2019-07-31 00:00:00;2019-07-31 00:30:00;104.0
1071729215;2019-07-31 00:30:00;2019-07-31 01:00:00;96.06666666666666
1071729215;2019-07-31 01:00:00;2019-07-31 01:30:00;94.7
1071729215;2019-07-31 01:30:00;2019-07-31 02:00:00;114.9
1071729215;2019-07-31 02:00:00;2019-07-31 02:30:00;94.46666666666667
1071729215;2019-07-31 02:30:00;2019-07-31 03:00:00;83.63333333333334
1071729215;2019-07-31 03:00:00;2019-07-31 03:30:00;80.53333333333333
1071729215;2019-07-31 03:30:00;2019-07-31 04:00:00;77.76666666666667
1071729215;2019-07-31 04:00:00;2019-07-31 04:30:00;92.23333333333333
1071729215;2019-07-31 04:30:00;2019-07-31 05:00:00;94.83333333333333
1071729215;2019-07-31 05:00:00;2019-07-31 05:30:00;103.23333333333333
1071729215;2019-07-31 05:30:00;2019-07-31 06:00:00;97.33333333333333
1071729215;2019-07-31 06:00:00;2019-07-31 06:30:00;99.4
1071729215;2019-07-31 06:30:00;2019-07-31 07:00:00;90.83333333333333
1071729215;2019-07-31 07:00:00;2019-07-31 07:30:00;112.83333333333333
1071729215;2019-07-31 07:30:00;2019-07-31 08:00:00;104.33333333333333
1071729215;2019-07-31 08:00:00;2019-07-31 08:30:00;98.7
1071729215;2019-07-31 08:30:00;2019-07-31 09:00:00;90.0
1071729215;2019-07-31 09:00:00;2019-07-31 09:30:00;98.1
1071729215;2019-07-31 09:30:00;2019-07-31 10:00:00;106.7
1071729215;2019-07-31 10:00:00;2019-07-31 10:30:00;114.56666666666666
1071729215;2019-07-31 10:30:00;2019-07-31 11:00:00;93.13333333333334
1071729215;2019-07-31 11:00:00;2019-07-31 11:30:00;90.73333333333333
1071729215;2019-07-31 11:30:00;2019-07-31 12:00:00;105.46666666666667
1071729215;2019-07-31 12:00:00;2019-07-31 12:30:00;82.86666666666666
1071729215;2019-07-31 12:30:00;2019-07-31 13:00:00;85.9
1071729215;2019-07-31 13:00:00;2019-07-31 13:30:00;99.2
1071729215;2019-07-31 13:30:00;2019-07-31 14:00:00;99.93333333333334
1071729215;2019-07-31 14:00:00;2019-07-31 14:30:00;92.9
1071729215;2019-07-31 14:30:00;2019-07-31 15:00:00;90.33333333333333
1071729215;2019-07-31 15:00:00;2019-07-31 15:30:00;103.03333333333333
1071729215;2019-07-31 15:30:00;2019-07-31 16:00:00;97.0
1071729215;2019-07-31 16:00:00;2019-07-31 16:30:00;90.03333333333333
1071729215;2019-07-31 16:30:00;2019-07-31 17:00:00;111.76666666666667
1071729215;2019-07-31 17:00:00;2019-07-31 17:30:00;99.23333333333333
1071729215;2019-07-31 17:30:00;2019-07-31 18:00:00;94.23333333333333
1071729215;2019-07-31 18:00:00;2019-07-31 18:30:00;106.53333333333333
1071729215;2019-07-31 18:30:00;2019-07-31 19:00:00;110.9
1071729215;2019-07-31 19:00:00;2019-07-31 19:30:00;104.8
1071729215;2019-07-31 19:30:00;2019-07-31 20:00:00;104.06666666666666
1071729215;2019-07-31 20:00:00;2019-07-31 20:30:00;102.9
1071729215;2019-07-31 20:30:00;2019-07-31 21:00:00;102.83333333333333
1071729215;2019-07-31 21:00:00;2019-07-31 21:30:00;105.1
1071729215;2019-07-31 21:30:00;2019-07-31 22:00:00;99.93333333333334
1071729215;2019-07-31 22:00:00;2019-07-31 22:30:00;111.0
1071729215;2019-07-31 22:30:00;2019-07-31 23:00:00;98.2
1071729215;2019-07-31 23:00:00;2019-07-31 23:30:00;90.56666666666666
1071729215;2019-07-31 23:30:00;2019-07-31 23:59:59;102.66666666666667
1071729215;2019-08-01 00:00:00;2019-08-01 00:30:00;94.63333333333334
1071729215;2019-08-01 00:30:00;2019-08-01 01:00:00;116.96666666666667
1071729215;2019-08-01 01:00:00;2019-08-01 01:30:00;113.96666666666667
1071729215;2019-08-01 01:30:00;2019-08-01 02:00:00;93.3
1071729215;2019-08-01 02:00:00;2019-08-01 02:30:00;89.33333333333333
1071729215;2019-08-01 02:30:00;2019-08-01 03:00:00;96.9
1071729215;2019-08-01 03:00:00;2019-08-01 03:30:00;84.8
1071729215;2019-08-01 03:30:00;2019-08-01 04:00:00;84.46666666666667
1071729215;2019-08-01 04:00:00;2019-08-01 04:30:00;107.36666666666666
1071729215;2019-08-01 04:30:00;2019-08-01 05:00:00;98.13333333333334
1071729215;2019-08-01 05:00:00;2019-08-01 05:30:00;103.36666666666666
1071729215;2019-08-01 05:30:00;2019-08-01 06:00:00;94.43333333333334
1071729215;2019-08-01 06:00:00;2019-08-01 06:30:00;96.36666666666666
1071729215;2019-08-01 06:30:00;2019-08-01 07:00:00;103.9
1071729215;2019-08-01 07:00:00;2019-08-01 07:30:00;104.83333333333333
1071729215;2019-08-01 07:30:00;2019-08-01 08:00:00;97.8
1071729215;2019-08-01 08:00:00;2019-08-01 08:30:00;90.96666666666667
1071729215;2019-08-01 08:30:00;2019-08-01 09:00:00;101.3
1071729215;2019-08-01 09:00:00;2019-08-01 09:30:00;92.5
1071729215;2019-08-01 09:30:00;2019-08-01 10:00:00;99.56666666666666
1071729215;2019-08-01 10:00:00;2019-08-01 10:30:00;89.5
1071729215;2019-08-01 10:30:00;2019-08-01 11:00:00;97.9
1071729215;2019-08-01 11:00:00;2019-08-01 11:30:00;88.26666666666667
1071729215;2019-08-01 11:30:00;2019-08-01 12:00:00;98.4
1071729215;2019-08-01 12:00:00;2019-08-01 12:30:00;89.96666666666667
1071729215;2019-08-01 12:30:00;2019-08-01 13:00:00;84.06666666666666
1071729215;2019-08-01 13:00:00;2019-08-01 13:30:00;90.36666666666666
1071729215;2019-08-01 13:30:00;2019-08-01 14:00:00;105.96666666666667
1071729215;2019-08-01 14:00:00;2019-08-01 14:30:00;99.53333333333333
1071729215;2019-08-01 14:30:00;2019-08-01 15:00:00;99.0
1071729215;2019-08-01 15:00:00;2019-08-01 15:30:00;91.3
1071729215;2019-08-01 15:30:00;2019-08-01 16:00:00;80.73333333333333
1071729215;2019-08-01 16:00:00;2019-08-01 16:30:00;107.66666666666667
1071729215;2019-08-01 16:30:00;2019-08-01 17:00:00;107.43333333333334
1071729215;2019-08-01 17:00:00;2019-08-01 17:30:00;98.7
1071729215;2019-08-01 17:30:00;2019-08-01 18:00:00;95.06666666666666
1071729215;2019-08-01 18:00:00;2019-08-01 18:30:00;105.83333333333333
1071729215;2019-08-01 18:30:00;2019-08-01 19:00:00;101.0
1071729215;2019-08-01 19:00:00;2019-08-01 19:30:00;112.43333333333334
1071729215;2019-08-01 19:30:00;2019-08-01 20:00:00;106.33333333333333
1071729215;2019-08-01 20:00:00;2019-08-01 20:30:00;93.2
1071729215;2019-08-01 20:30:00;2019-08-01 21:00:00;92.0
1071729215;2019-08-01 21:00:00;2019-08-01 21:30:00;93.0
1071729215;2019-08-01 21:30:00;2019-08-01 22:00:00;91.53333333333333
1071729215;2019-08-01 22:00:00;2019-08-01 22:30:00;92.0
1071729215;2019-08-01 22:30:00;2019-08-01 23:00:00;92.0
1071729215;2019-08-01 23:00:00;2019-08-01 23:30:00;101.13333333333334
1071729215;2019-08-01 23:30:00;2019-08-01 23:59:59;99.0
1071729215;2019-08-02 00:00:00;2019-08-02 00:30:00;106.16666666666667
1071729215;2019-08-02 00:30:00;2019-08-02 01:00:00;93.83333333333333
1071729215;2019-08-02 01:00:00;2019-08-02 01:30:00;110.06666666666666
1071729215;2019-08-02 01:30:00;2019-08-02 02:00:00;108.06666666666666
1071729215;2019-08-02 02:00:00;2019-08-02 02:30:00;93.03333333333333
1071729215;2019-08-02 02:30:00;2019-08-02 03:00:00;88.26666666666667
1071729215;2019-08-02 03:00:00;2019-08-02 03:30:00;97.93333333333334
1071729215;2019-08-02 03:30:00;2019-08-02 04:00:00;84.1
1071729215;2019-08-02 04:00:00;2019-08-02 04:30:00;92.0
1071729215;2019-08-02 04:30:00;2019-08-02 05:00:00;92.0
1071729215;2019-08-02 05:00:00;2019-08-02 05:30:00;97.9
1071729215;2019-08-02 05:30:00;2019-08-02 06:00:00;98.43333333333334
1071729215;2019-08-02 06:00:00;2019-08-02 06:30:00;95.8
1071729215;2019-08-02 06:30:00;2019-08-02 07:00:00;95.56666666666666
1071729215;2019-08-02 07:00:00;2019-08-02 07:30:00;103.46666666666667
1071729215;2019-08-02 07:30:00;2019-08-02 08:00:00;102.63333333333334
1071729215;2019-08-02 08:00:00;2019-08-02 08:30:00;105.73333333333333
1071729215;2019-08-02 08:30:00;2019-08-02 09:00:00;111.03333333333333
1071729215;2019-08-02 09:00:00;2019-08-02 09:30:00;102.33333333333333
1071729215;2019-08-02 09:30:00;2019-08-02 10:00:00;101.1
1071729215;2019-08-02 10:00:00;2019-08-02 10:30:00;105.3
1071729215;2019-08-02 10:30:00;2019-08-02 11:00:00;102.56666666666666
1071729215;2019-08-02 11:00:00;2019-08-02 11:30:00;98.23333333333333
1071729215;2019-08-02 11:30:00;2019-08-02 12:00:00;95.5
1071729215;2019-08-02 12:00:00;2019-08-02 12:30:00;105.23333333333333
1071729215;2019-08-02 12:30:00;2019-08-02 13:00:00;87.23333333333333
1071729215;2019-08-02 13:00:00;2019-08-02 13:30:00;93.13333333333334
1071729215;2019-08-02 13:30:00;2019-08-02 14:00:00;94.93333333333334
1071729215;2019-08-02 14:00:00;2019-08-02 14:30:00;96.03333333333333
1071729215;2019-08-02 14:30:00;2019-08-02 15:00:00;89.43333333333334
1071729215;2019-08-02 15:00:00;2019-08-02 15:30:00;85.53333333333333
1071729215;2019-08-02 15:30:00;2019-08-02 16:00:00;93.8
1071729215;2019-08-02 16:00:00;2019-08-02 16:30:00;105.6
1071729215;2019-08-02 16:30:00;2019-08-02 17:00:00;109.96666666666667
1071729215;2019-08-02 17:00:00;2019-08-02 17:30:00;99.03333333333333
1071729215;2019-08-02 17:30:00;2019-08-02 18:00:00;116.2
1071729215;2019-08-02 18:00:00;2019-08-02 18:30:00;103.93333333333334
1071729215;2019-08-02 18:30:00;2019-08-02 19:00:00;108.86666666666666
1071729215;2019-08-02 19:00:00;2019-08-02 19:30:00;109.16666666666667
1071729215;2019-08-02 19:30:00;2019-08-02 20:00:00;109.23333333333333
1071729215;2019-08-02 20:00:00;2019-08-02 20:30:00;95.5
1071729215;2019-08-02 20:30:00;2019-08-02 21:00:00;101.8
1071729215;2019-08-02 21:00:00;2019-08-02 21:30:00;113.96666666666667
1071729215;2019-08-02 21:30:00;2019-08-02 22:00:00;90.13333333333334
1071729215;2019-08-02 22:00:00;2019-08-02 22:30:00;94.1
1071729215;2019-08-02 22:30:00;2019-08-02 23:00:00;94.4
1071729215;2019-08-02 23:00:00;2019-08-02 23:30:00;92.2
1071729215;2019-08-02 23:30:00;2019-08-02 23:59:59;92.0
1071729215;2019-08-03 00:00:00;2019-08-03 00:30:00;100.03333333333333
1071729215;2019-08-03 00:30:00;2019-08-03 01:00:00;105.0
1071729215;2019-08-03 01:00:00;2019-08-03 01:30:00;98.4
1071729215;2019-08-03 01:30:00;2019-08-03 02:00:00;101.6
1071729215;2019-08-03 02:00:00;2019-08-03 02:30:00;94.4
1071729215;2019-08-03 02:30:00;2019-08-03 03:00:00;93.2
1071729215;2019-08-03 03:00:00;2019-08-03 03:30:00;91.0
1071729215;2019-08-03 03:30:00;2019-08-03 04:00:00;102.13333333333334
1071729215;2019-08-03 04:00:00;2019-08-03 04:30:00;91.3
1071729215;2019-08-03 04:30:00;2019-08-03 05:00:00;102.16666666666667
1071729215;2019-08-03 05:00:00;2019-08-03 05:30:00;126.4
1071729215;2019-08-03 05:30:00;2019-08-03 06:00:00;107.9
1071729215;2019-08-03 06:00:00;2019-08-03 06:30:00;105.0
1071729215;2019-08-03 06:30:00;2019-08-03 07:00:00;107.6
1071729215;2019-08-03 07:00:00;2019-08-03 07:30:00;103.7
1071729215;2019-08-03 07:30:00;2019-08-03 08:00:00;109.66666666666667
1071729215;2019-08-03 08:00:00;2019-08-03 08:30:00;116.9
1071729215;2019-08-03 08:30:00;2019-08-03 09:00:00;116.03333333333333
1071729215;2019-08-03 09:00:00;2019-08-03 09:30:00;97.03333333333333
1071729215;2019-08-03 09:30:00;2019-08-03 10:00:00;97.23333333333333
1071729215;2019-08-03 10:00:00;2019-08-03 10:30:00;104.23333333333333
1071729215;2019-08-03 10:30:00;2019-08-03 11:00:00;100.4
1071729215;2019-08-03 11:00:00;2019-08-03 11:30:00;89.36666666666666
1071729215;2019-08-03 11:30:00;2019-08-03 12:00:00;105.9
1071729215;2019-08-03 12:00:00;2019-08-03 12:30:00;102.7
1071729215;2019-08-03 12:30:00;2019-08-03 13:00:00;112.63333333333334
1071729215;2019-08-03 13:00:00;2019-08-03 13:30:00;105.56666666666666
1071729215;2019-08-03 13:30:00;2019-08-03 14:00:00;103.5
1071729215;2019-08-03 14:00:00;2019-08-03 14:30:00;100.73333333333333
1071729215;2019-08-03 14:30:00;2019-08-03 15:00:00;98.9
1071729215;2019-08-03 15:00:00;2019-08-03 15:30:00;98.9
1071729215;2019-08-03 15:30:00;2019-08-03 16:00:00;98.9
1071729215;2019-08-03 16:00:00;2019-08-03 16:30:00;99.36666666666666
1071729215;2019-08-03 16:30:00;2019-08-03 17:00:00;100.06666666666666
1071729215;2019-08-03 17:00:00;2019-08-03 17:30:00;101.7
1071729215;2019-08-03 17:30:00;2019-08-03 18:00:00;106.9
1071729215;2019-08-03 18:00:00;2019-08-03 18:30:00;108.86666666666666
1071729215;2019-08-03 18:30:00;2019-08-03 19:00:00;108.73333333333333
1071729215;2019-08-03 19:00:00;2019-08-03 19:30:00;112.76666666666667
1071729215;2019-08-03 19:30:00;2019-08-03 20:00:00;100.56666666666666
1071729215;2019-08-03 20:00:00;2019-08-03 20:30:00;106.33333333333333
1071729215;2019-08-03 20:30:00;2019-08-03 21:00:00;91.26666666666667
1071729215;2019-08-03 21:00:00;2019-08-03 21:30:00;89.43333333333334
1071729215;2019-08-03 21:30:00;2019-08-03 22:00:00;83.1
1071729215;2019-08-03 22:00:00;2019-08-03 22:30:00;94.13333333333334
1071729215;2019-08-03 22:30:00;2019-08-03 23:00:00;92.0
1071729215;2019-08-03 23:00:00;2019-08-03 23:30:00;92.0
1071729215;2019-08-03 23:30:00;2019-08-03 23:59:59;99.0
1071729215;2019-08-04 00:00:00;2019-08-04 00:30:00;95.53333333333333
1071729215;2019-08-04 00:30:00;2019-08-04 01:00:00;92.1
1071729215;2019-08-04 01:00:00;2019-08-04 01:30:00;92.36666666666666
1071729215;2019-08-04 01:30:00;2019-08-04 02:00:00;92.0
1071729215;2019-08-04 02:00:00;2019-08-04 02:30:00;92.0
1071729215;2019-08-04 02:30:00;2019-08-04 03:00:00;92.0
1071729215;2019-08-04 03:00:00;2019-08-04 03:30:00;95.93333333333334
1071729215;2019-08-04 03:30:00;2019-08-04 04:00:00;95.0
1071729215;2019-08-04 04:00:00;2019-08-04 04:30:00;93.0
1071729215;2019-08-04 04:30:00;2019-08-04 05:00:00;103.46666666666667
1071729215;2019-08-04 05:00:00;2019-08-04 05:30:00;109.13333333333334
1071729215;2019-08-04 05:30:00;2019-08-04 06:00:00;101.56666666666666
1071729215;2019-08-04 06:00:00;2019-08-04 06:30:00;115.36666666666666
1071729215;2019-08-04 06:30:00;2019-08-04 07:00:00;106.4
1071729215;2019-08-04 07:00:00;2019-08-04 07:30:00;95.3
1071729215;2019-08-04 07:30:00;2019-08-04 08:00:00;103.13333333333334
1071729215;2019-08-04 08:00:00;2019-08-04 08:30:00;100.9
1071729215;2019-08-04 08:30:00;2019-08-04 09:00:00;100.36666666666666
1071729215;2019-08-04 09:00:00;2019-08-04 09:30:00;103.66666666666667
1071729215;2019-08-04 09:30:00;2019-08-04 10:00:00;101.7
1071729215;2019-08-04 10:00:00;2019-08-04 10:30:00;100.36666666666666
1071729215;2019-08-04 10:30:00;2019-08-04 11:00:00;100.93333333333334
1071729215;2019-08-04 11:00:00;2019-08-04 11:30:00;99.4
1071729215;2019-08-04 11:30:00;2019-08-04 12:00:00;94.7
1071729215;2019-08-04 12:00:00;2019-08-04 12:30:00;89.16666666666667
1071729215;2019-08-04 12:30:00;2019-08-04 13:00:00;96.86666666666666
1071729215;2019-08-04 13:00:00;2019-08-04 13:30:00;92.23333333333333
1071729215;2019-08-04 13:30:00;2019-08-04 14:00:00;88.63333333333334
1071729215;2019-08-04 14:00:00;2019-08-04 14:30:00;89.8
1071729215;2019-08-04 14:30:00;2019-08-04 15:00:00;86.53333333333333
1071729215;2019-08-04 15:00:00;2019-08-04 15:30:00;71.8
1071729215;2019-08-04 15:30:00;2019-08-04 16:00:00;88.26666666666667
1071729215;2019-08-04 16:00:00;2019-08-04 16:30:00;93.76666666666667
1071729215;2019-08-04 16:30:00;2019-08-04 17:00:00;90.9
1071729215;2019-08-04 17:00:00;2019-08-04 17:30:00;94.4
1071729215;2019-08-04 17:30:00;2019-08-04 18:00:00;96.73333333333333
1071729215;2019-08-04 18:00:00;2019-08-04 18:30:00;103.66666666666667
1071729215;2019-08-04 18:30:00;2019-08-04 19:00:00;103.3
1071729215;2019-08-04 19:00:00;2019-08-04 19:30:00;108.23333333333333
1071729215;2019-08-04 19:30:00;2019-08-04 20:00:00;111.56666666666666
1071729215;2019-08-04 20:00:00;2019-08-04 20:30:00;98.43333333333334
1071729215;2019-08-04 20:30:00;2019-08-04 21:00:00;98.76666666666667
1071729215;2019-08-04 21:00:00;2019-08-04 21:30:00;97.16666666666667
1071729215;2019-08-04 21:30:00;2019-08-04 22:00:00;91.53333333333333
1071729215;2019-08-04 22:00:00;2019-08-04 22:30:00;99.96666666666667
1071729215;2019-08-04 22:30:00;2019-08-04 23:00:00;94.2
1071729215;2019-08-04 23:00:00;2019-08-04 23:30:00;92.0
1071729215;2019-08-04 23:30:00;2019-08-04 23:59:59;106.03333333333333
1071729215;2019-08-05 00:00:00;2019-08-05 00:30:00;94.16666666666667
1071729215;2019-08-05 00:30:00;2019-08-05 01:00:00;98.4
1071729215;2019-08-05 01:00:00;2019-08-05 01:30:00;92.3
1071729215;2019-08-05 01:30:00;2019-08-05 02:00:00;92.53333333333333
1071729215;2019-08-05 02:00:00;2019-08-05 02:30:00;92.0
1071729215;2019-08-05 02:30:00;2019-08-05 03:00:00;92.0
1071729215;2019-08-05 03:00:00;2019-08-05 03:30:00;90.0
1071729215;2019-08-05 03:30:00;2019-08-05 04:00:00;103.13333333333334
1071729215;2019-08-05 04:00:00;2019-08-05 04:30:00;99.96666666666667
1071729215;2019-08-05 04:30:00;2019-08-05 05:00:00;107.83333333333333
1071729215;2019-08-05 05:00:00;2019-08-05 05:30:00;98.46666666666667
1071729215;2019-08-05 05:30:00;2019-08-05 06:00:00;113.73333333333333
1071729215;2019-08-05 06:00:00;2019-08-05 06:30:00;102.56666666666666
1071729215;2019-08-05 06:30:00;2019-08-05 07:00:00;109.8
1071729215;2019-08-05 07:00:00;2019-08-05 07:30:00;102.83333333333333
1071729215;2019-08-05 07:30:00;2019-08-05 08:00:00;111.16666666666667
1071729215;2019-08-05 08:00:00;2019-08-05 08:30:00;95.46666666666667
1071729215;2019-08-05 08:30:00;2019-08-05 09:00:00;88.66666666666667
1071729215;2019-08-05 09:00:00;2019-08-05 09:30:00;99.13333333333334
1071729215;2019-08-05 09:30:00;2019-08-05 10:00:00;97.6
1071729215;2019-08-05 10:00:00;2019-08-05 10:30:00;90.86666666666666
1071729215;2019-08-05 10:30:00;2019-08-05 11:00:00;98.96666666666667
1071729215;2019-08-05 11:00:00;2019-08-05 11:30:00;89.76666666666667
1071729215;2019-08-05 11:30:00;2019-08-05 12:00:00;91.2
1071729215;2019-08-05 12:00:00;2019-08-05 12:30:00;93.63333333333334
1071729215;2019-08-05 12:30:00;2019-08-05 13:00:00;90.63333333333334
1071729215;2019-08-05 13:00:00;2019-08-05 13:30:00;89.93333333333334
1071729215;2019-08-05 13:30:00;2019-08-05 14:00:00;95.96666666666667
1071729215;2019-08-05 14:00:00;2019-08-05 14:30:00;89.3
1071729215;2019-08-05 14:30:00;2019-08-05 15:00:00;103.33333333333333
1071729215;2019-08-05 15:00:00;2019-08-05 15:30:00;114.8
1071729215;2019-08-05 15:30:00;2019-08-05 16:00:00;94.23333333333333
1071729215;2019-08-05 16:00:00;2019-08-05 16:30:00;52.266666666666666
1071729215;2019-08-05 16:30:00;2019-08-05 17:00:00;95.93333333333334
1071729215;2019-08-05 17:00:00;2019-08-05 17:30:00;102.56666666666666
1071729215;2019-08-05 17:30:00;2019-08-05 18:00:00;92.2
1071729215;2019-08-05 18:00:00;2019-08-05 18:30:00;93.0
1071729215;2019-08-05 18:30:00;2019-08-05 19:00:00;93.0
1071729215;2019-08-05 19:00:00;2019-08-05 19:30:00;93.0
1071729215;2019-08-05 19:30:00;2019-08-05 20:00:00;93.0
1071729215;2019-08-05 20:00:00;2019-08-05 20:30:00;92.0
1071729215;2019-08-05 20:30:00;2019-08-05 21:00:00;92.0
1071729215;2019-08-05 21:00:00;2019-08-05 21:30:00;92.0
1071729215;2019-08-05 21:30:00;2019-08-05 22:00:00;92.0
1071729215;2019-08-05 22:00:00;2019-08-05 22:30:00;92.0
1071729215;2019-08-05 22:30:00;2019-08-05 23:00:00;92.0
1071729215;2019-08-05 23:00:00;2019-08-05 23:30:00;92.0
1071729215;2019-08-05 23:30:00;2019-08-05 23:59:59;92.0
1071729215;2019-08-06 00:00:00;2019-08-06 00:30:00;92.0
1071729215;2019-08-06 00:30:00;2019-08-06 01:00:00;92.0
1071729215;2019-08-06 01:00:00;2019-08-06 01:30:00;92.0
1071729215;2019-08-06 01:30:00;2019-08-06 02:00:00;92.0
1071729215;2019-08-06 02:00:00;2019-08-06 02:30:00;92.0
1071729215;2019-08-06 02:30:00;2019-08-06 03:00:00;92.0
1071729215;2019-08-06 03:00:00;2019-08-06 03:30:00;85.0
1071729215;2019-08-06 03:30:00;2019-08-06 04:00:00;85.0
1071729215;2019-08-06 04:00:00;2019-08-06 04:30:00;89.63333333333334
1071729215;2019-08-06 04:30:00;2019-08-06 05:00:00;103.16666666666667
1071729215;2019-08-06 05:00:00;2019-08-06 05:30:00;108.96666666666667
1071729215;2019-08-06 05:30:00;2019-08-06 06:00:00;102.66666666666667
1071729215;2019-08-06 06:00:00;2019-08-06 06:30:00;93.7
1071729215;2019-08-06 06:30:00;2019-08-06 07:00:00;107.56666666666666
1071729215;2019-08-06 07:00:00;2019-08-06 07:30:00;103.16666666666667
1071729215;2019-08-06 07:30:00;2019-08-06 08:00:00;93.5
1071729215;2019-08-06 08:00:00;2019-08-06 08:30:00;101.33333333333333
1071729215;2019-08-06 08:30:00;2019-08-06 09:00:00;91.85714285714286
1071729215;2019-08-06 09:00:00;2019-08-06 09:30:00;93.23333333333333
1071729215;2019-08-06 09:30:00;2019-08-06 10:00:00;83.46666666666667
1071729215;2019-08-06 10:00:00;2019-08-06 10:30:00;102.33333333333333
1071729215;2019-08-06 10:30:00;2019-08-06 11:00:00;106.8
1071729215;2019-08-06 11:00:00;2019-08-06 11:30:00;95.56666666666666
1071729215;2019-08-06 11:30:00;2019-08-06 12:00:00;106.7
1071729215;2019-08-06 12:00:00;2019-08-06 12:30:00;93.66666666666667
1071729215;2019-08-06 12:30:00;2019-08-06 13:00:00;102.96666666666667
1071729215;2019-08-06 13:00:00;2019-08-06 13:30:00;91.46666666666667
1071729215;2019-08-06 13:30:00;2019-08-06 14:00:00;97.06666666666666
1071729215;2019-08-06 14:00:00;2019-08-06 14:30:00;102.03333333333333
1071729215;2019-08-06 14:30:00;2019-08-06 15:00:00;108.4
1071729215;2019-08-06 15:00:00;2019-08-06 15:30:00;91.33333333333333
1071729215;2019-08-06 15:30:00;2019-08-06 16:00:00;85.93333333333334
1071729215;2019-08-06 16:00:00;2019-08-06 16:30:00;88.6
1071729215;2019-08-06 16:30:00;2019-08-06 17:00:00;90.56666666666666
1071729215;2019-08-06 17:00:00;2019-08-06 17:30:00;91.2
1071729215;2019-08-06 17:30:00;2019-08-06 18:00:00;92.0
1071729215;2019-08-06 18:00:00;2019-08-06 18:30:00;95.0
1071729215;2019-08-06 18:30:00;2019-08-06 19:00:00;95.0
1071729215;2019-08-06 19:00:00;2019-08-06 19:30:00;92.0
1071729215;2019-08-06 19:30:00;2019-08-06 20:00:00;92.0
1071729215;2019-08-06 20:00:00;2019-08-06 20:30:00;92.0
1071729215;2019-08-06 20:30:00;2019-08-06 21:00:00;92.0
1071729215;2019-08-06 21:00:00;2019-08-06 21:30:00;92.0
1071729215;2019-08-06 21:30:00;2019-08-06 22:00:00;92.0
1071729215;2019-08-06 22:00:00;2019-08-06 22:30:00;92.0
1071729215;2019-08-06 22:30:00;2019-08-06 23:00:00;92.0
1071729215;2019-08-06 23:00:00;2019-08-06 23:30:00;92.0
1071729215;2019-08-06 23:30:00;2019-08-06 23:59:59;92.0
1071729215;2019-08-07 00:00:00;2019-08-07 00:30:00;92.0
1071729215;2019-08-07 00:30:00;2019-08-07 01:00:00;92.0
1071729215;2019-08-07 01:00:00;2019-08-07 01:30:00;92.0
1071729215;2019-08-07 01:30:00;2019-08-07 02:00:00;92.0
1071729215;2019-08-07 02:00:00;2019-08-07 02:30:00;92.0
1071729215;2019-08-07 02:30:00;2019-08-07 03:00:00;92.0
1071729215;2019-08-07 03:00:00;2019-08-07 03:30:00;85.0
1071729215;2019-08-07 03:30:00;2019-08-07 04:00:00;85.0
1071729215;2019-08-07 04:00:00;2019-08-07 04:30:00;95.0
1071729215;2019-08-07 04:30:00;2019-08-07 05:00:00;100.06666666666666
1071729215;2019-08-07 05:00:00;2019-08-07 05:30:00;93.7
1071729215;2019-08-07 05:30:00;2019-08-07 06:00:00;96.1
1071729215;2019-08-07 06:00:00;2019-08-07 06:30:00;78.06666666666666
1071729215;2019-08-07 06:30:00;2019-08-07 07:00:00;99.46666666666667
1071729215;2019-08-07 07:00:00;2019-08-07 07:30:00;93.06666666666666
1071729215;2019-08-07 07:30:00;2019-08-07 08:00:00;97.03333333333333
1071729215;2019-08-07 08:00:00;2019-08-07 08:30:00;97.86666666666666
1071729215;2019-08-07 08:30:00;2019-08-07 09:00:00;100.7
1071729215;2019-08-07 09:00:00;2019-08-07 09:30:00;103.56666666666666
1071729215;2019-08-07 09:30:00;2019-08-07 10:00:00;102.76666666666667
1071729215;2019-08-07 10:00:00;2019-08-07 10:30:00;105.86666666666666
1071729215;2019-08-07 10:30:00;2019-08-07 11:00:00;92.0
1071729215;2019-08-07 11:00:00;2019-08-07 11:30:00;102.2
1071729215;2019-08-07 11:30:00;2019-08-07 12:00:00;95.0
1071729215;2019-08-07 12:00:00;2019-08-07 12:30:00;87.03333333333333
1071729215;2019-08-07 12:30:00;2019-08-07 13:00:00;105.96666666666667
1071729215;2019-08-07 13:00:00;2019-08-07 13:30:00;99.76666666666667
1071729215;2019-08-07 13:30:00;2019-08-07 14:00:00;93.53333333333333
1071729215;2019-08-07 14:00:00;2019-08-07 14:30:00;98.63333333333334
1071729215;2019-08-07 14:30:00;2019-08-07 15:00:00;95.06666666666666
1071729215;2019-08-07 15:00:00;2019-08-07 15:30:00;99.03333333333333
1071729215;2019-08-07 15:30:00;2019-08-07 16:00:00;108.7
1071729215;2019-08-07 16:00:00;2019-08-07 16:30:00;105.86666666666666
1071729215;2019-08-07 16:30:00;2019-08-07 17:00:00;96.36666666666666
1071729215;2019-08-07 17:00:00;2019-08-07 17:30:00;107.5
1071729215;2019-08-07 17:30:00;2019-08-07 18:00:00;102.43333333333334
1071729215;2019-08-07 18:00:00;2019-08-07 18:30:00;95.5
1071729215;2019-08-07 18:30:00;2019-08-07 19:00:00;93.0
1071729215;2019-08-07 19:00:00;2019-08-07 19:30:00;89.0
1071729215;2019-08-07 19:30:00;2019-08-07 20:00:00;89.0
1071729215;2019-08-07 20:00:00;2019-08-07 20:30:00;92.0
1071729215;2019-08-07 20:30:00;2019-08-07 21:00:00;92.0
1071729215;2019-08-07 21:00:00;2019-08-07 21:30:00;92.0
1071729215;2019-08-07 21:30:00;2019-08-07 22:00:00;92.0
1071729215;2019-08-07 22:00:00;2019-08-07 22:30:00;92.0
1071729215;2019-08-07 22:30:00;2019-08-07 23:00:00;92.0
1071729215;2019-08-07 23:00:00;2019-08-07 23:30:00;92.0
1071729215;2019-08-07 23:30:00;2019-08-07 23:59:59;92.0
1071729215;2019-08-08 00:00:00;2019-08-08 00:30:00;92.0
1071729215;2019-08-08 00:30:00;2019-08-08 01:00:00;92.0
1071729215;2019-08-08 01:00:00;2019-08-08 01:30:00;92.0
1071729215;2019-08-08 01:30:00;2019-08-08 02:00:00;92.0
1071729215;2019-08-08 02:00:00;2019-08-08 02:30:00;92.0
1071729215;2019-08-08 02:30:00;2019-08-08 03:00:00;92.0
1071729215;2019-08-08 03:00:00;2019-08-08 03:30:00;84.0
1071729215;2019-08-08 03:30:00;2019-08-08 04:00:00;84.0
1071729215;2019-08-08 04:00:00;2019-08-08 04:30:00;92.0
1071729215;2019-08-08 04:30:00;2019-08-08 05:00:00;101.86666666666666
1071729215;2019-08-08 05:00:00;2019-08-08 05:30:00;107.76666666666667
1071729215;2019-08-08 05:30:00;2019-08-08 06:00:00;95.3
1071729215;2019-08-08 06:00:00;2019-08-08 06:30:00;98.36666666666666
1071729215;2019-08-08 06:30:00;2019-08-08 07:00:00;87.46666666666667
1071729215;2019-08-08 07:00:00;2019-08-08 07:30:00;94.86666666666666
1071729215;2019-08-08 07:30:00;2019-08-08 08:00:00;96.03333333333333
1071729215;2019-08-08 08:00:00;2019-08-08 08:30:00;107.66666666666667
1071729215;2019-08-08 08:30:00;2019-08-08 09:00:00;91.7
1071729215;2019-08-08 09:00:00;2019-08-08 09:30:00;98.3
1071729215;2019-08-08 09:30:00;2019-08-08 10:00:00;101.3
1071729215;2019-08-08 10:00:00;2019-08-08 10:30:00;90.0
1071729215;2019-08-08 10:30:00;2019-08-08 11:00:00;94.4
1071729215;2019-08-08 11:00:00;2019-08-08 11:30:00;106.86666666666666
1071729215;2019-08-08 11:30:00;2019-08-08 12:00:00;98.23333333333333
1071729215;2019-08-08 12:00:00;2019-08-08 12:30:00;99.7
1071729215;2019-08-08 12:30:00;2019-08-08 13:00:00;87.2
1071729215;2019-08-08 13:00:00;2019-08-08 13:30:00;95.1
1071729215;2019-08-08 13:30:00;2019-08-08 14:00:00;92.83333333333333
1071729215;2019-08-08 14:00:00;2019-08-08 14:30:00;98.16666666666667
1071729215;2019-08-08 14:30:00;2019-08-08 15:00:00;108.76666666666667
1071729215;2019-08-08 15:00:00;2019-08-08 15:30:00;100.63333333333334
1071729215;2019-08-08 15:30:00;2019-08-08 16:00:00;91.9
1071729215;2019-08-08 16:00:00;2019-08-08 16:30:00;105.5
1071729215;2019-08-08 16:30:00;2019-08-08 17:00:00;92.0
1071729215;2019-08-08 17:00:00;2019-08-08 17:30:00;92.0
1071729215;2019-08-08 17:30:00;2019-08-08 18:00:00;92.0
1071729215;2019-08-08 18:00:00;2019-08-08 18:30:00;92.0
1071729215;2019-08-08 18:30:00;2019-08-08 19:00:00;92.0
1071729215;2019-08-08 19:00:00;2019-08-08 19:30:00;93.0
1071729215;2019-08-08 19:30:00;2019-08-08 20:00:00;93.0
1071729215;2019-08-08 20:00:00;2019-08-08 20:30:00;92.0
1071729215;2019-08-08 20:30:00;2019-08-08 21:00:00;92.0
1071729215;2019-08-08 21:00:00;2019-08-08 21:30:00;92.0
1071729215;2019-08-08 21:30:00;2019-08-08 22:00:00;92.0
1071729215;2019-08-08 22:00:00;2019-08-08 22:30:00;92.0
1071729215;2019-08-08 22:30:00;2019-08-08 23:00:00;92.0
1071729215;2019-08-08 23:00:00;2019-08-08 23:30:00;92.0
1071729215;2019-08-08 23:30:00;2019-08-08 23:59:59;92.0
1071729215;2019-08-09 00:00:00;2019-08-09 00:30:00;92.0
1071729215;2019-08-09 00:30:00;2019-08-09 01:00:00;92.0
1071729215;2019-08-09 01:00:00;2019-08-09 01:30:00;92.0
1071729215;2019-08-09 01:30:00;2019-08-09 02:00:00;92.0
1071729215;2019-08-09 02:00:00;2019-08-09 02:30:00;92.0
1071729215;2019-08-09 02:30:00;2019-08-09 03:00:00;92.0
1071729215;2019-08-09 03:00:00;2019-08-09 03:30:00;85.0
1071729215;2019-08-09 03:30:00;2019-08-09 04:00:00;85.0
1071729215;2019-08-09 04:00:00;2019-08-09 04:30:00;91.2
1071729215;2019-08-09 04:30:00;2019-08-09 05:00:00;89.9
1071729215;2019-08-09 05:00:00;2019-08-09 05:30:00;92.2
1071729215;2019-08-09 05:30:00;2019-08-09 06:00:00;95.2
1071729215;2019-08-09 06:00:00;2019-08-09 06:30:00;99.33333333333333
1071729215;2019-08-09 06:30:00;2019-08-09 07:00:00;96.83333333333333
1071729215;2019-08-09 07:00:00;2019-08-09 07:30:00;108.1
1071729215;2019-08-09 07:30:00;2019-08-09 08:00:00;91.56666666666666
1071729215;2019-08-09 08:00:00;2019-08-09 08:30:00;95.58620689655173
1071729215;2019-08-09 08:30:00;2019-08-09 09:00:00;85.1
1071729215;2019-08-09 09:00:00;2019-08-09 09:30:00;99.6
1071729215;2019-08-09 09:30:00;2019-08-09 10:00:00;93.93333333333334
1071729215;2019-08-09 10:00:00;2019-08-09 10:30:00;94.6
1071729215;2019-08-09 10:30:00;2019-08-09 11:00:00;104.53333333333333
1071729215;2019-08-09 11:00:00;2019-08-09 11:30:00;102.5
1071729215;2019-08-09 11:30:00;2019-08-09 12:00:00;97.4
1071729215;2019-08-09 12:00:00;2019-08-09 12:30:00;101.83333333333333
1071729215;2019-08-09 12:30:00;2019-08-09 13:00:00;102.4
1071729215;2019-08-09 13:00:00;2019-08-09 13:30:00;94.1
1071729215;2019-08-09 13:30:00;2019-08-09 14:00:00;94.53333333333333
1071729215;2019-08-09 14:00:00;2019-08-09 14:30:00;94.16666666666667
1071729215;2019-08-09 14:30:00;2019-08-09 15:00:00;94.83333333333333
1071729215;2019-08-09 15:00:00;2019-08-09 15:30:00;96.2
1071729215;2019-08-09 15:30:00;2019-08-09 16:00:00;102.0
1071729215;2019-08-09 16:00:00;2019-08-09 16:30:00;89.26666666666667
1071729215;2019-08-09 16:30:00;2019-08-09 17:00:00;96.1
1071729215;2019-08-09 17:00:00;2019-08-09 17:30:00;92.0
1071729215;2019-08-09 17:30:00;2019-08-09 18:00:00;92.0
1071729215;2019-08-09 18:00:00;2019-08-09 18:30:00;92.76666666666667
1071729215;2019-08-09 18:30:00;2019-08-09 19:00:00;93.0
1071729215;2019-08-09 19:00:00;2019-08-09 19:30:00;93.0
1071729215;2019-08-09 19:30:00;2019-08-09 20:00:00;93.0
1071729215;2019-08-09 20:00:00;2019-08-09 20:30:00;92.0
1071729215;2019-08-09 20:30:00;2019-08-09 21:00:00;92.0
1071729215;2019-08-09 21:00:00;2019-08-09 21:30:00;92.0
1071729215;2019-08-09 21:30:00;2019-08-09 22:00:00;92.0
1071729215;2019-08-09 22:00:00;2019-08-09 22:30:00;92.0
1071729215;2019-08-09 22:30:00;2019-08-09 23:00:00;92.0
1071729215;2019-08-09 23:00:00;2019-08-09 23:30:00;92.0
1071729215;2019-08-09 23:30:00;2019-08-09 23:59:59;92.0
1071729215;2019-08-10 00:00:00;2019-08-10 00:30:00;92.0
1071729215;2019-08-10 00:30:00;2019-08-10 01:00:00;92.0
1071729215;2019-08-10 01:00:00;2019-08-10 01:30:00;92.0
1071729215;2019-08-10 01:30:00;2019-08-10 02:00:00;92.0
1071729215;2019-08-10 02:00:00;2019-08-10 02:30:00;92.0
1071729215;2019-08-10 02:30:00;2019-08-10 03:00:00;92.0
1071729215;2019-08-10 03:00:00;2019-08-10 03:30:00;89.0
1071729215;2019-08-10 03:30:00;2019-08-10 04:00:00;89.0
1071729215;2019-08-10 04:00:00;2019-08-10 04:30:00;98.0
1071729215;2019-08-10 04:30:00;2019-08-10 05:00:00;98.0
1071729215;2019-08-10 05:00:00;2019-08-10 05:30:00;103.0
1071729215;2019-08-10 05:30:00;2019-08-10 06:00:00;114.86666666666666
1071729215;2019-08-10 06:00:00;2019-08-10 06:30:00;95.76666666666667
1071729215;2019-08-10 06:30:00;2019-08-10 07:00:00;103.83333333333333
1071729215;2019-08-10 07:00:00;2019-08-10 07:30:00;115.16666666666667
1071729215;2019-08-10 07:30:00;2019-08-10 08:00:00;106.83333333333333
1071729215;2019-08-10 08:00:00;2019-08-10 08:30:00;113.8
1071729215;2019-08-10 08:30:00;2019-08-10 09:00:00;110.83333333333333
1071729215;2019-08-10 09:00:00;2019-08-10 09:30:00;92.93333333333334
1071729215;2019-08-10 09:30:00;2019-08-10 10:00:00;117.3
1071729215;2019-08-10 10:00:00;2019-08-10 10:30:00;113.63333333333334
1071729215;2019-08-10 10:30:00;2019-08-10 11:00:00;99.73333333333333
1071729215;2019-08-10 11:00:00;2019-08-10 11:30:00;96.03333333333333
1071729215;2019-08-10 11:30:00;2019-08-10 12:00:00;99.9
1071729215;2019-08-10 12:00:00;2019-08-10 12:30:00;94.53333333333333
1071729215;2019-08-10 12:30:00;2019-08-10 13:00:00;98.96666666666667
1071729215;2019-08-10 13:00:00;2019-08-10 13:30:00;115.46666666666667
1071729215;2019-08-10 13:30:00;2019-08-10 14:00:00;104.83333333333333
1071729215;2019-08-10 14:00:00;2019-08-10 14:30:00;89.83333333333333
1071729215;2019-08-10 14:30:00;2019-08-10 15:00:00;105.73333333333333
1071729215;2019-08-10 15:00:00;2019-08-10 15:30:00;112.3
1071729215;2019-08-10 15:30:00;2019-08-10 16:00:00;95.7
1071729215;2019-08-10 16:00:00;2019-08-10 16:30:00;97.03333333333333
1071729215;2019-08-10 16:30:00;2019-08-10 17:00:00;94.93103448275862
1071729215;2019-08-10 17:00:00;2019-08-10 17:30:00;97.93333333333334
1071729215;2019-08-10 17:30:00;2019-08-10 18:00:00;107.53333333333333
1071729215;2019-08-10 18:00:00;2019-08-10 18:30:00;113.1
1071729215;2019-08-10 18:30:00;2019-08-10 19:00:00;122.96666666666667
1071729215;2019-08-10 19:00:00;2019-08-10 19:30:00;106.56666666666666
1071729215;2019-08-10 19:30:00;2019-08-10 20:00:00;107.6
1071729215;2019-08-10 20:00:00;2019-08-10 20:30:00;96.93333333333334
1071729215;2019-08-10 20:30:00;2019-08-10 21:00:00;89.26666666666667
1071729215;2019-08-10 21:00:00;2019-08-10 21:30:00;92.0
1071729215;2019-08-10 21:30:00;2019-08-10 22:00:00;100.43333333333334
1071729215;2019-08-10 22:00:00;2019-08-10 22:30:00;88.16666666666667
1071729215;2019-08-10 22:30:00;2019-08-10 23:00:00;97.43333333333334
1071729215;2019-08-10 23:00:00;2019-08-10 23:30:00;97.2
1071729215;2019-08-10 23:30:00;2019-08-10 23:59:59;104.6
1071729215;2019-08-11 00:00:00;2019-08-11 00:30:00;109.96666666666667
1071729215;2019-08-11 00:30:00;2019-08-11 01:00:00;102.43333333333334
1071729215;2019-08-11 01:00:00;2019-08-11 01:30:00;101.06666666666666
1071729215;2019-08-11 01:30:00;2019-08-11 02:00:00;100.86666666666666
1071729215;2019-08-11 02:00:00;2019-08-11 02:30:00;101.66666666666667
1071729215;2019-08-11 02:30:00;2019-08-11 03:00:00;97.53333333333333
1071729215;2019-08-11 03:00:00;2019-08-11 03:30:00;120.56666666666666
1071729215;2019-08-11 03:30:00;2019-08-11 04:00:00;101.03333333333333
1071729215;2019-08-11 04:00:00;2019-08-11 04:30:00;93.13333333333334
1071729215;2019-08-11 04:30:00;2019-08-11 05:00:00;97.13333333333334
1071729215;2019-08-11 05:00:00;2019-08-11 05:30:00;96.9
1071729215;2019-08-11 05:30:00;2019-08-11 06:00:00;110.96666666666667
1071729215;2019-08-11 06:00:00;2019-08-11 06:30:00;100.1
1071729215;2019-08-11 06:30:00;2019-08-11 07:00:00;99.16666666666667
1071729215;2019-08-11 07:00:00;2019-08-11 07:30:00;98.56666666666666
1071729215;2019-08-11 07:30:00;2019-08-11 08:00:00;102.53333333333333
1071729215;2019-08-11 08:00:00;2019-08-11 08:30:00;107.83333333333333
1071729215;2019-08-11 08:30:00;2019-08-11 09:00:00;115.86666666666666
1071729215;2019-08-11 09:00:00;2019-08-11 09:30:00;106.3
1071729215;2019-08-11 09:30:00;2019-08-11 10:00:00;102.16666666666667
1071729215;2019-08-11 10:00:00;2019-08-11 10:30:00;89.16666666666667
1071729215;2019-08-11 10:30:00;2019-08-11 11:00:00;90.46666666666667
1071729215;2019-08-11 11:00:00;2019-08-11 11:30:00;89.9
1071729215;2019-08-11 11:30:00;2019-08-11 12:00:00;102.86666666666666
1071729215;2019-08-11 12:00:00;2019-08-11 12:30:00;97.53333333333333
1071729215;2019-08-11 12:30:00;2019-08-11 13:00:00;89.6
1071729215;2019-08-11 13:00:00;2019-08-11 13:30:00;90.06666666666666
1071729215;2019-08-11 13:30:00;2019-08-11 14:00:00;83.43333333333334
1071729215;2019-08-11 14:00:00;2019-08-11 14:30:00;85.2
1071729215;2019-08-11 14:30:00;2019-08-11 15:00:00;92.7
1071729215;2019-08-11 15:00:00;2019-08-11 15:30:00;89.93333333333334
1071729215;2019-08-11 15:30:00;2019-08-11 16:00:00;91.23333333333333
1071729215;2019-08-11 16:00:00;2019-08-11 16:30:00;85.3
1071729215;2019-08-11 16:30:00;2019-08-11 17:00:00;95.16666666666667
1071729215;2019-08-11 17:00:00;2019-08-11 17:30:00;75.33333333333333
1071729215;2019-08-11 17:30:00;2019-08-11 18:00:00;82.5
1071729215;2019-08-11 18:00:00;2019-08-11 18:30:00;100.23333333333333
1071729215;2019-08-11 18:30:00;2019-08-11 19:00:00;106.0
1071729215;2019-08-11 19:00:00;2019-08-11 19:30:00;113.0
1071729215;2019-08-11 19:30:00;2019-08-11 20:00:00;113.0
1071729215;2019-08-11 20:00:00;2019-08-11 20:30:00;92.0
1071729215;2019-08-11 20:30:00;2019-08-11 21:00:00;92.0
1071729215;2019-08-11 21:00:00;2019-08-11 21:30:00;92.0
1071729215;2019-08-11 21:30:00;2019-08-11 22:00:00;92.0
1071729215;2019-08-11 22:00:00;2019-08-11 22:30:00;92.0
1071729215;2019-08-11 22:30:00;2019-08-11 23:00:00;92.0
1071729215;2019-08-11 23:00:00;2019-08-11 23:30:00;92.0
1071729215;2019-08-11 23:30:00;2019-08-11 23:59:59;92.0
1071729215;2019-08-12 00:00:00;2019-08-12 00:30:00;92.0
1071729215;2019-08-12 00:30:00;2019-08-12 01:00:00;92.0
1071729215;2019-08-12 01:00:00;2019-08-12 01:30:00;92.0
1071729215;2019-08-12 01:30:00;2019-08-12 02:00:00;92.0
1071729215;2019-08-12 02:00:00;2019-08-12 02:30:00;92.0
1071729215;2019-08-12 02:30:00;2019-08-12 03:00:00;92.0
1071729215;2019-08-12 03:00:00;2019-08-12 03:30:00;90.0
1071729215;2019-08-12 03:30:00;2019-08-12 04:00:00;90.46666666666667
1071729215;2019-08-12 04:00:00;2019-08-12 04:30:00;106.23333333333333
1071729215;2019-08-12 04:30:00;2019-08-12 05:00:00;111.23333333333333
1071729215;2019-08-12 05:00:00;2019-08-12 05:30:00;102.1
1071729215;2019-08-12 05:30:00;2019-08-12 06:00:00;97.16666666666667
1071729215;2019-08-12 06:00:00;2019-08-12 06:30:00;101.7
1071729215;2019-08-12 06:30:00;2019-08-12 07:00:00;98.58620689655173
1071729215;2019-08-12 07:00:00;2019-08-12 07:30:00;100.9
1071729215;2019-08-12 07:30:00;2019-08-12 08:00:00;98.56666666666666
1071729215;2019-08-12 08:00:00;2019-08-12 08:30:00;102.5
1071729215;2019-08-12 08:30:00;2019-08-12 09:00:00;96.4
1071729215;2019-08-12 09:00:00;2019-08-12 09:30:00;100.36666666666666
1071729215;2019-08-12 09:30:00;2019-08-12 10:00:00;109.43333333333334
1071729215;2019-08-12 10:00:00;2019-08-12 10:30:00;105.93333333333334
1071729215;2019-08-12 10:30:00;2019-08-12 11:00:00;106.53333333333333
1071729215;2019-08-12 11:00:00;2019-08-12 11:30:00;91.96666666666667
1071729215;2019-08-12 11:30:00;2019-08-12 12:00:00;98.7
1071729215;2019-08-12 12:00:00;2019-08-12 12:30:00;100.5
1071729215;2019-08-12 12:30:00;2019-08-12 13:00:00;105.16666666666667
1071729215;2019-08-12 13:00:00;2019-08-12 13:30:00;101.33333333333333
1071729215;2019-08-12 13:30:00;2019-08-12 14:00:00;103.96666666666667
1071729215;2019-08-12 14:00:00;2019-08-12 14:30:00;102.46666666666667
1071729215;2019-08-12 14:30:00;2019-08-12 15:00:00;92.56666666666666
1071729215;2019-08-12 15:00:00;2019-08-12 15:30:00;84.33333333333333
1071729215;2019-08-12 15:30:00;2019-08-12 16:00:00;96.46666666666667
1071729215;2019-08-12 16:00:00;2019-08-12 16:30:00;107.1
1071729215;2019-08-12 16:30:00;2019-08-12 17:00:00;91.93333333333334
1071729215;2019-08-12 17:00:00;2019-08-12 17:30:00;92.0
1071729215;2019-08-12 17:30:00;2019-08-12 18:00:00;92.0
1071729215;2019-08-12 18:00:00;2019-08-12 18:30:00;93.0
1071729215;2019-08-12 18:30:00;2019-08-12 19:00:00;93.0
1071729215;2019-08-12 19:00:00;2019-08-12 19:30:00;93.0
1071729215;2019-08-12 19:30:00;2019-08-12 20:00:00;93.0
1071729215;2019-08-12 20:00:00;2019-08-12 20:30:00;92.0
1071729215;2019-08-12 20:30:00;2019-08-12 21:00:00;92.0
1071729215;2019-08-12 21:00:00;2019-08-12 21:30:00;92.0
1071729215;2019-08-12 21:30:00;2019-08-12 22:00:00;92.0
1071729215;2019-08-12 22:00:00;2019-08-12 22:30:00;92.0
1071729215;2019-08-12 22:30:00;2019-08-12 23:00:00;92.0
1071729215;2019-08-12 23:00:00;2019-08-12 23:30:00;92.0
1071729215;2019-08-12 23:30:00;2019-08-12 23:59:59;92.0
1071729215;2019-08-13 00:00:00;2019-08-13 00:30:00;92.0
1071729215;2019-08-13 00:30:00;2019-08-13 01:00:00;92.0
1071729215;2019-08-13 01:00:00;2019-08-13 01:30:00;92.0
1071729215;2019-08-13 01:30:00;2019-08-13 02:00:00;92.0
1071729215;2019-08-13 02:00:00;2019-08-13 02:30:00;92.0
1071729215;2019-08-13 02:30:00;2019-08-13 03:00:00;70.53333333333333
1071729215;2019-08-13 03:00:00;2019-08-13 03:30:00;79.33333333333333
1071729215;2019-08-13 03:30:00;2019-08-13 04:00:00;5.666666666666667
1071729215;2019-08-13 04:00:00;2019-08-13 04:30:00;
1071729215;2019-08-13 04:30:00;2019-08-13 05:00:00;
1071729215;2019-08-13 05:00:00;2019-08-13 05:30:00;
1071729215;2019-08-13 05:30:00;2019-08-13 06:00:00;30.0
1071729215;2019-08-13 06:00:00;2019-08-13 06:30:00;98.0
1071729215;2019-08-13 06:30:00;2019-08-13 07:00:00;95.1
1071729215;2019-08-13 07:00:00;2019-08-13 07:30:00;102.56666666666666
1071729215;2019-08-13 07:30:00;2019-08-13 08:00:00;107.7
1071729215;2019-08-13 08:00:00;2019-08-13 08:30:00;105.3
1071729215;2019-08-13 08:30:00;2019-08-13 09:00:00;89.93103448275862
1071729215;2019-08-13 09:00:00;2019-08-13 09:30:00;96.73333333333333
1071729215;2019-08-13 09:30:00;2019-08-13 10:00:00;90.56666666666666
1071729215;2019-08-13 10:00:00;2019-08-13 10:30:00;94.36666666666666
1071729215;2019-08-13 10:30:00;2019-08-13 11:00:00;88.4
1071729215;2019-08-13 11:00:00;2019-08-13 11:30:00;89.23333333333333
1071729215;2019-08-13 11:30:00;2019-08-13 12:00:00;103.3
1071729215;2019-08-13 12:00:00;2019-08-13 12:30:00;89.76666666666667
1071729215;2019-08-13 12:30:00;2019-08-13 13:00:00;90.6
1071729215;2019-08-13 13:00:00;2019-08-13 13:30:00;108.33333333333333
1071729215;2019-08-13 13:30:00;2019-08-13 14:00:00;97.13793103448276
1071729215;2019-08-13 14:00:00;2019-08-13 14:30:00;119.93333333333334
1071729215;2019-08-13 14:30:00;2019-08-13 15:00:00;97.53333333333333
1071729215;2019-08-13 15:00:00;2019-08-13 15:30:00;97.5
1071729215;2019-08-13 15:30:00;2019-08-13 16:00:00;107.23333333333333
1071729215;2019-08-13 16:00:00;2019-08-13 16:30:00;100.26666666666667
1071729215;2019-08-13 16:30:00;2019-08-13 17:00:00;87.96666666666667
1071729215;2019-08-13 17:00:00;2019-08-13 17:30:00;108.9
1071729215;2019-08-13 17:30:00;2019-08-13 18:00:00;95.06666666666666
1071729215;2019-08-13 18:00:00;2019-08-13 18:30:00;94.46666666666667
1071729215;2019-08-13 18:30:00;2019-08-13 19:00:00;95.0
1071729215;2019-08-13 19:00:00;2019-08-13 19:30:00;92.0
1071729215;2019-08-13 19:30:00;2019-08-13 20:00:00;92.0
1071729215;2019-08-13 20:00:00;2019-08-13 20:30:00;92.0
1071729215;2019-08-13 20:30:00;2019-08-13 21:00:00;92.0
1071729215;2019-08-13 21:00:00;2019-08-13 21:30:00;92.0
1071729215;2019-08-13 21:30:00;2019-08-13 22:00:00;92.0
1071729215;2019-08-13 22:00:00;2019-08-13 22:30:00;92.0
1071729215;2019-08-13 22:30:00;2019-08-13 23:00:00;92.0
1071729215;2019-08-13 23:00:00;2019-08-13 23:30:00;92.0
1071729215;2019-08-13 23:30:00;2019-08-13 23:59:59;92.0
1071729215;2019-08-14 00:00:00;2019-08-14 00:30:00;92.0
1071729215;2019-08-14 00:30:00;2019-08-14 01:00:00;92.0
1071729215;2019-08-14 01:00:00;2019-08-14 01:30:00;92.0
1071729215;2019-08-14 01:30:00;2019-08-14 02:00:00;92.0
1071729215;2019-08-14 02:00:00;2019-08-14 02:30:00;92.0
1071729215;2019-08-14 02:30:00;2019-08-14 03:00:00;92.0
1071729215;2019-08-14 03:00:00;2019-08-14 03:30:00;85.0
1071729215;2019-08-14 03:30:00;2019-08-14 04:00:00;85.0
1071729215;2019-08-14 04:00:00;2019-08-14 04:30:00;96.3
1071729215;2019-08-14 04:30:00;2019-08-14 05:00:00;96.1
1071729215;2019-08-14 05:00:00;2019-08-14 05:30:00;96.83333333333333
1071729215;2019-08-14 05:30:00;2019-08-14 06:00:00;101.13333333333334
1071729215;2019-08-14 06:00:00;2019-08-14 06:30:00;96.43333333333334
1071729215;2019-08-14 06:30:00;2019-08-14 07:00:00;103.1
1071729215;2019-08-14 07:00:00;2019-08-14 07:30:00;103.46666666666667
1071729215;2019-08-14 07:30:00;2019-08-14 08:00:00;97.03333333333333
1071729215;2019-08-14 08:00:00;2019-08-14 08:30:00;91.8
1071729215;2019-08-14 08:30:00;2019-08-14 09:00:00;91.76666666666667
1071729215;2019-08-14 09:00:00;2019-08-14 09:30:00;107.06666666666666
1071729215;2019-08-14 09:30:00;2019-08-14 10:00:00;91.6
1071729215;2019-08-14 10:00:00;2019-08-14 10:30:00;91.13333333333334
1071729215;2019-08-14 10:30:00;2019-08-14 11:00:00;89.63333333333334
1071729215;2019-08-14 11:00:00;2019-08-14 11:30:00;95.73333333333333
1071729215;2019-08-14 11:30:00;2019-08-14 12:00:00;87.36666666666666
1071729215;2019-08-14 12:00:00;2019-08-14 12:30:00;92.9
1071729215;2019-08-14 12:30:00;2019-08-14 13:00:00;102.7
1071729215;2019-08-14 13:00:00;2019-08-14 13:30:00;92.93333333333334
1071729215;2019-08-14 13:30:00;2019-08-14 14:00:00;99.3
1071729215;2019-08-14 14:00:00;2019-08-14 14:30:00;86.53333333333333
1071729215;2019-08-14 14:30:00;2019-08-14 15:00:00;97.2
1071729215;2019-08-14 15:00:00;2019-08-14 15:30:00;91.66666666666667
1071729215;2019-08-14 15:30:00;2019-08-14 16:00:00;84.16666666666667
1071729215;2019-08-14 16:00:00;2019-08-14 16:30:00;89.36666666666666
1071729215;2019-08-14 16:30:00;2019-08-14 17:00:00;94.7
1071729215;2019-08-14 17:00:00;2019-08-14 17:30:00;96.4
1071729215;2019-08-14 17:30:00;2019-08-14 18:00:00;97.0
1071729215;2019-08-14 18:00:00;2019-08-14 18:30:00;93.0
1071729215;2019-08-14 18:30:00;2019-08-14 19:00:00;93.0
1071729215;2019-08-14 19:00:00;2019-08-14 19:30:00;89.0
1071729215;2019-08-14 19:30:00;2019-08-14 20:00:00;89.0
1071729215;2019-08-14 20:00:00;2019-08-14 20:30:00;92.0
1071729215;2019-08-14 20:30:00;2019-08-14 21:00:00;92.0
1071729215;2019-08-14 21:00:00;2019-08-14 21:30:00;92.0
1071729215;2019-08-14 21:30:00;2019-08-14 22:00:00;92.0
1071729215;2019-08-14 22:00:00;2019-08-14 22:30:00;92.0
1071729215;2019-08-14 22:30:00;2019-08-14 23:00:00;92.0
1071729215;2019-08-14 23:00:00;2019-08-14 23:30:00;92.0
1071729215;2019-08-14 23:30:00;2019-08-14 23:59:59;92.0
1071729215;2019-08-15 00:00:00;2019-08-15 00:30:00;92.0
1071729215;2019-08-15 00:30:00;2019-08-15 01:00:00;92.0
1071729215;2019-08-15 01:00:00;2019-08-15 01:30:00;92.0
1071729215;2019-08-15 01:30:00;2019-08-15 02:00:00;92.0
1071729215;2019-08-15 02:00:00;2019-08-15 02:30:00;92.0
1071729215;2019-08-15 02:30:00;2019-08-15 03:00:00;92.0
1071729215;2019-08-15 03:00:00;2019-08-15 03:30:00;84.0
1071729215;2019-08-15 03:30:00;2019-08-15 04:00:00;84.0
1071729215;2019-08-15 04:00:00;2019-08-15 04:30:00;91.5
1071729215;2019-08-15 04:30:00;2019-08-15 05:00:00;103.1
1071729215;2019-08-15 05:00:00;2019-08-15 05:30:00;108.56666666666666
1071729215;2019-08-15 05:30:00;2019-08-15 06:00:00;101.06666666666666
1071729215;2019-08-15 06:00:00;2019-08-15 06:30:00;100.66666666666667
1071729215;2019-08-15 06:30:00;2019-08-15 07:00:00;96.6
1071729215;2019-08-15 07:00:00;2019-08-15 07:30:00;101.76666666666667
1071729215;2019-08-15 07:30:00;2019-08-15 08:00:00;98.43333333333334
1071729215;2019-08-15 08:00:00;2019-08-15 08:30:00;99.03333333333333
1071729215;2019-08-15 08:30:00;2019-08-15 09:00:00;100.56666666666666
1071729215;2019-08-15 09:00:00;2019-08-15 09:30:00;94.13333333333334
1071729215;2019-08-15 09:30:00;2019-08-15 10:00:00;86.76666666666667
1071729215;2019-08-15 10:00:00;2019-08-15 10:30:00;90.53333333333333
1071729215;2019-08-15 10:30:00;2019-08-15 11:00:00;94.76666666666667
1071729215;2019-08-15 11:00:00;2019-08-15 11:30:00;99.93103448275862
1071729215;2019-08-15 11:30:00;2019-08-15 12:00:00;97.875
1071729215;2019-08-15 12:00:00;2019-08-15 12:30:00;
1071729215;2019-08-15 12:30:00;2019-08-15 13:00:00;
1071729215;2019-08-15 13:00:00;2019-08-15 13:30:00;92.66666666666667
1071729215;2019-08-15 13:30:00;2019-08-15 14:00:00;96.16666666666667
1071729215;2019-08-15 14:00:00;2019-08-15 14:30:00;105.2
1071729215;2019-08-15 14:30:00;2019-08-15 15:00:00;103.33333333333333
1071729215;2019-08-15 15:00:00;2019-08-15 15:30:00;103.5
1071729215;2019-08-15 15:30:00;2019-08-15 16:00:00;90.0
1071729215;2019-08-15 16:00:00;2019-08-15 16:30:00;104.33333333333333
1071729215;2019-08-15 16:30:00;2019-08-15 17:00:00;99.33333333333333
1071729215;2019-08-15 17:00:00;2019-08-15 17:30:00;112.4
1071729215;2019-08-15 17:30:00;2019-08-15 18:00:00;100.4
1071729215;2019-08-15 18:00:00;2019-08-15 18:30:00;92.3
1071729215;2019-08-15 18:30:00;2019-08-15 19:00:00;92.0
1071729215;2019-08-15 19:00:00;2019-08-15 19:30:00;93.0
1071729215;2019-08-15 19:30:00;2019-08-15 20:00:00;93.0
1071729215;2019-08-15 20:00:00;2019-08-15 20:30:00;92.0
1071729215;2019-08-15 20:30:00;2019-08-15 21:00:00;92.0
1071729215;2019-08-15 21:00:00;2019-08-15 21:30:00;92.0
1071729215;2019-08-15 21:30:00;2019-08-15 22:00:00;92.0
1071729215;2019-08-15 22:00:00;2019-08-15 22:30:00;92.0
1071729215;2019-08-15 22:30:00;2019-08-15 23:00:00;92.0
1071729215;2019-08-15 23:00:00;2019-08-15 23:30:00;92.0
1071729215;2019-08-15 23:30:00;2019-08-15 23:59:59;92.0
1071729215;2019-08-16 00:00:00;2019-08-16 00:30:00;92.0
1071729215;2019-08-16 00:30:00;2019-08-16 01:00:00;92.0
1071729215;2019-08-16 01:00:00;2019-08-16 01:30:00;92.0
1071729215;2019-08-16 01:30:00;2019-08-16 02:00:00;92.0
1071729215;2019-08-16 02:00:00;2019-08-16 02:30:00;92.0
1071729215;2019-08-16 02:30:00;2019-08-16 03:00:00;92.0
1071729215;2019-08-16 03:00:00;2019-08-16 03:30:00;85.0
1071729215;2019-08-16 03:30:00;2019-08-16 04:00:00;85.0
1071729215;2019-08-16 04:00:00;2019-08-16 04:30:00;92.0
1071729215;2019-08-16 04:30:00;2019-08-16 05:00:00;103.26666666666667
1071729215;2019-08-16 05:00:00;2019-08-16 05:30:00;96.96666666666667
1071729215;2019-08-16 05:30:00;2019-08-16 06:00:00;108.03333333333333
1071729215;2019-08-16 06:00:00;2019-08-16 06:30:00;92.16666666666667
1071729215;2019-08-16 06:30:00;2019-08-16 07:00:00;105.26666666666667
1071729215;2019-08-16 07:00:00;2019-08-16 07:30:00;93.5
1071729215;2019-08-16 07:30:00;2019-08-16 08:00:00;100.56666666666666
1071729215;2019-08-16 08:00:00;2019-08-16 08:30:00;100.53333333333333
1071729215;2019-08-16 08:30:00;2019-08-16 09:00:00;100.9
1071729215;2019-08-16 09:00:00;2019-08-16 09:30:00;102.46666666666667
1071729215;2019-08-16 09:30:00;2019-08-16 10:00:00;97.46666666666667
1071729215;2019-08-16 10:00:00;2019-08-16 10:30:00;103.23333333333333
1071729215;2019-08-16 10:30:00;2019-08-16 11:00:00;100.16666666666667
1071729215;2019-08-16 11:00:00;2019-08-16 11:30:00;86.86666666666666
1071729215;2019-08-16 11:30:00;2019-08-16 12:00:00;100.3
1071729215;2019-08-16 12:00:00;2019-08-16 12:30:00;93.62068965517241
1071729215;2019-08-16 12:30:00;2019-08-16 13:00:00;87.53333333333333
1071729215;2019-08-16 13:00:00;2019-08-16 13:30:00;103.03333333333333
1071729215;2019-08-16 13:30:00;2019-08-16 14:00:00;96.2
1071729215;2019-08-16 14:00:00;2019-08-16 14:30:00;88.83333333333333
1071729215;2019-08-16 14:30:00;2019-08-16 15:00:00;106.56666666666666
1071729215;2019-08-16 15:00:00;2019-08-16 15:30:00;98.5
1071729215;2019-08-16 15:30:00;2019-08-16 16:00:00;112.73333333333333
1071729215;2019-08-16 16:00:00;2019-08-16 16:30:00;98.26666666666667
1071729215;2019-08-16 16:30:00;2019-08-16 17:00:00;110.6
1071729215;2019-08-16 17:00:00;2019-08-16 17:30:00;114.76666666666667
1071729215;2019-08-16 17:30:00;2019-08-16 18:00:00;98.2
1071729215;2019-08-16 18:00:00;2019-08-16 18:30:00;93.0
1071729215;2019-08-16 18:30:00;2019-08-16 19:00:00;93.0
1071729215;2019-08-16 19:00:00;2019-08-16 19:30:00;93.0
1071729215;2019-08-16 19:30:00;2019-08-16 20:00:00;93.0
1071729215;2019-08-16 20:00:00;2019-08-16 20:30:00;92.0
1071729215;2019-08-16 20:30:00;2019-08-16 21:00:00;92.0
1071729215;2019-08-16 21:00:00;2019-08-16 21:30:00;92.0
1071729215;2019-08-16 21:30:00;2019-08-16 22:00:00;92.0
1071729215;2019-08-16 22:00:00;2019-08-16 22:30:00;92.0
1071729215;2019-08-16 22:30:00;2019-08-16 23:00:00;92.0
1071729215;2019-08-16 23:00:00;2019-08-16 23:30:00;92.0
1071729215;2019-08-16 23:30:00;2019-08-16 23:59:59;92.0
1071729215;2019-08-17 00:00:00;2019-08-17 00:30:00;92.0
1071729215;2019-08-17 00:30:00;2019-08-17 01:00:00;92.0
1071729215;2019-08-17 01:00:00;2019-08-17 01:30:00;92.0
1071729215;2019-08-17 01:30:00;2019-08-17 02:00:00;92.0
1071729215;2019-08-17 02:00:00;2019-08-17 02:30:00;92.0
1071729215;2019-08-17 02:30:00;2019-08-17 03:00:00;92.0
1071729215;2019-08-17 03:00:00;2019-08-17 03:30:00;89.0
1071729215;2019-08-17 03:30:00;2019-08-17 04:00:00;89.0
1071729215;2019-08-17 04:00:00;2019-08-17 04:30:00;97.83333333333333
1071729215;2019-08-17 04:30:00;2019-08-17 05:00:00;107.9
1071729215;2019-08-17 05:00:00;2019-08-17 05:30:00;116.93333333333334
1071729215;2019-08-17 05:30:00;2019-08-17 06:00:00;118.6
1071729215;2019-08-17 06:00:00;2019-08-17 06:30:00;90.63333333333334
1071729215;2019-08-17 06:30:00;2019-08-17 07:00:00;109.66666666666667
1071729215;2019-08-17 07:00:00;2019-08-17 07:30:00;112.63333333333334
1071729215;2019-08-17 07:30:00;2019-08-17 08:00:00;103.2
1071729215;2019-08-17 08:00:00;2019-08-17 08:30:00;113.66666666666667
1071729215;2019-08-17 08:30:00;2019-08-17 09:00:00;99.46666666666667
1071729215;2019-08-17 09:00:00;2019-08-17 09:30:00;105.66666666666667
1071729215;2019-08-17 09:30:00;2019-08-17 10:00:00;109.0
1071729215;2019-08-17 10:00:00;2019-08-17 10:30:00;77.1
1071729215;2019-08-17 10:30:00;2019-08-17 11:00:00;98.0
1071729215;2019-08-17 11:00:00;2019-08-17 11:30:00;98.86666666666666
1071729215;2019-08-17 11:30:00;2019-08-17 12:00:00;78.2
1071729215;2019-08-17 12:00:00;2019-08-17 12:30:00;91.16666666666667
1071729215;2019-08-17 12:30:00;2019-08-17 13:00:00;104.7
1071729215;2019-08-17 13:00:00;2019-08-17 13:30:00;91.26666666666667
1071729215;2019-08-17 13:30:00;2019-08-17 14:00:00;107.53333333333333
1071729215;2019-08-17 14:00:00;2019-08-17 14:30:00;101.03333333333333
1071729215;2019-08-17 14:30:00;2019-08-17 15:00:00;86.2
1071729215;2019-08-17 15:00:00;2019-08-17 15:30:00;105.76666666666667
1071729215;2019-08-17 15:30:00;2019-08-17 16:00:00;95.16666666666667
1071729215;2019-08-17 16:00:00;2019-08-17 16:30:00;105.3
1071729215;2019-08-17 16:30:00;2019-08-17 17:00:00;93.23333333333333
1071729215;2019-08-17 17:00:00;2019-08-17 17:30:00;96.93333333333334
1071729215;2019-08-17 17:30:00;2019-08-17 18:00:00;101.0
1071729215;2019-08-17 18:00:00;2019-08-17 18:30:00;106.0
1071729215;2019-08-17 18:30:00;2019-08-17 19:00:00;104.6
1071729215;2019-08-17 19:00:00;2019-08-17 19:30:00;97.96666666666667
1071729215;2019-08-17 19:30:00;2019-08-17 20:00:00;100.93333333333334
1071729215;2019-08-17 20:00:00;2019-08-17 20:30:00;103.93333333333334
1071729215;2019-08-17 20:30:00;2019-08-17 21:00:00;93.43333333333334
1071729215;2019-08-17 21:00:00;2019-08-17 21:30:00;92.0
1071729215;2019-08-17 21:30:00;2019-08-17 22:00:00;92.0
1071729215;2019-08-17 22:00:00;2019-08-17 22:30:00;92.0
1071729215;2019-08-17 22:30:00;2019-08-17 23:00:00;91.46666666666667
1071729215;2019-08-17 23:00:00;2019-08-17 23:30:00;91.46666666666667
1071729215;2019-08-17 23:30:00;2019-08-17 23:59:59;92.0
1071729215;2019-08-18 00:00:00;2019-08-18 00:30:00;98.16666666666667
1071729215;2019-08-18 00:30:00;2019-08-18 01:00:00;92.0
1071729215;2019-08-18 01:00:00;2019-08-18 01:30:00;92.0
1071729215;2019-08-18 01:30:00;2019-08-18 02:00:00;93.66666666666667
1071729215;2019-08-18 02:00:00;2019-08-18 02:30:00;96.9
1071729215;2019-08-18 02:30:00;2019-08-18 03:00:00;100.0
1071729215;2019-08-18 03:00:00;2019-08-18 03:30:00;86.13333333333334
1071729215;2019-08-18 03:30:00;2019-08-18 04:00:00;90.2
1071729215;2019-08-18 04:00:00;2019-08-18 04:30:00;77.0
1071729215;2019-08-18 04:30:00;2019-08-18 05:00:00;80.93333333333334
1071729215;2019-08-18 05:00:00;2019-08-18 05:30:00;94.86666666666666
1071729215;2019-08-18 05:30:00;2019-08-18 06:00:00;97.63333333333334
1071729215;2019-08-18 06:00:00;2019-08-18 06:30:00;104.06666666666666
1071729215;2019-08-18 06:30:00;2019-08-18 07:00:00;111.86666666666666
1071729215;2019-08-18 07:00:00;2019-08-18 07:30:00;106.4
1071729215;2019-08-18 07:30:00;2019-08-18 08:00:00;115.3
1071729215;2019-08-18 08:00:00;2019-08-18 08:30:00;113.13333333333334
1071729215;2019-08-18 08:30:00;2019-08-18 09:00:00;112.76666666666667
1071729215;2019-08-18 09:00:00;2019-08-18 09:30:00;102.9
1071729215;2019-08-18 09:30:00;2019-08-18 10:00:00;98.23333333333333
1071729215;2019-08-18 10:00:00;2019-08-18 10:30:00;94.1
1071729215;2019-08-18 10:30:00;2019-08-18 11:00:00;101.73333333333333
1071729215;2019-08-18 11:00:00;2019-08-18 11:30:00;102.73333333333333
1071729215;2019-08-18 11:30:00;2019-08-18 12:00:00;105.1
1071729215;2019-08-18 12:00:00;2019-08-18 12:30:00;105.2
1071729215;2019-08-18 12:30:00;2019-08-18 13:00:00;95.23333333333333
1071729215;2019-08-18 13:00:00;2019-08-18 13:30:00;105.76666666666667
1071729215;2019-08-18 13:30:00;2019-08-18 14:00:00;106.9
1071729215;2019-08-18 14:00:00;2019-08-18 14:30:00;94.73333333333333
1071729215;2019-08-18 14:30:00;2019-08-18 15:00:00;98.63333333333334
1071729215;2019-08-18 15:00:00;2019-08-18 15:30:00;100.83333333333333
1071729215;2019-08-18 15:30:00;2019-08-18 16:00:00;110.56666666666666
1071729215;2019-08-18 16:00:00;2019-08-18 16:30:00;100.8
1071729215;2019-08-18 16:30:00;2019-08-18 17:00:00;94.8
1071729215;2019-08-18 17:00:00;2019-08-18 17:30:00;99.03333333333333
1071729215;2019-08-18 17:30:00;2019-08-18 18:00:00;95.73333333333333
1071729215;2019-08-18 18:00:00;2019-08-18 18:30:00;87.63333333333334
1071729215;2019-08-18 18:30:00;2019-08-18 19:00:00;95.06666666666666
1071729215;2019-08-18 19:00:00;2019-08-18 19:30:00;99.06666666666666
1071729215;2019-08-18 19:30:00;2019-08-18 20:00:00;101.43333333333334
1071729215;2019-08-18 20:00:00;2019-08-18 20:30:00;101.23333333333333
1071729215;2019-08-18 20:30:00;2019-08-18 21:00:00;97.66666666666667
1071729215;2019-08-18 21:00:00;2019-08-18 21:30:00;97.16666666666667
1071729215;2019-08-18 21:30:00;2019-08-18 22:00:00;100.33333333333333
1071729215;2019-08-18 22:00:00;2019-08-18 22:30:00;91.1
1071729215;2019-08-18 22:30:00;2019-08-18 23:00:00;90.53333333333333
1071729215;2019-08-18 23:00:00;2019-08-18 23:30:00;92.0
1071729215;2019-08-18 23:30:00;2019-08-18 23:59:59;92.0
1071729215;2019-08-19 00:00:00;2019-08-19 00:30:00;92.0
1071729215;2019-08-19 00:30:00;2019-08-19 01:00:00;92.0
1071729215;2019-08-19 01:00:00;2019-08-19 01:30:00;92.0
1071729215;2019-08-19 01:30:00;2019-08-19 02:00:00;92.0
1071729215;2019-08-19 02:00:00;2019-08-19 02:30:00;92.0
1071729215;2019-08-19 02:30:00;2019-08-19 03:00:00;102.66666666666667
1071729215;2019-08-19 03:00:00;2019-08-19 03:30:00;92.33333333333333
1071729215;2019-08-19 03:30:00;2019-08-19 04:00:00;99.23333333333333
1071729215;2019-08-19 04:00:00;2019-08-19 04:30:00;101.06666666666666
1071729215;2019-08-19 04:30:00;2019-08-19 05:00:00;95.43333333333334
1071729215;2019-08-19 05:00:00;2019-08-19 05:30:00;110.4
1071729215;2019-08-19 05:30:00;2019-08-19 06:00:00;110.73333333333333
1071729215;2019-08-19 06:00:00;2019-08-19 06:30:00;106.6
1071729215;2019-08-19 06:30:00;2019-08-19 07:00:00;107.1
1071729215;2019-08-19 07:00:00;2019-08-19 07:30:00;111.1
1071729215;2019-08-19 07:30:00;2019-08-19 08:00:00;101.83333333333333
1071729215;2019-08-19 08:00:00;2019-08-19 08:30:00;108.36666666666666
1071729215;2019-08-19 08:30:00;2019-08-19 09:00:00;108.36666666666666
1071729215;2019-08-19 09:00:00;2019-08-19 09:30:00;108.5
1071729215;2019-08-19 09:30:00;2019-08-19 10:00:00;108.5
1071729215;2019-08-19 10:00:00;2019-08-19 10:30:00;92.4
1071729215;2019-08-19 10:30:00;2019-08-19 11:00:00;102.7
1071729215;2019-08-19 11:00:00;2019-08-19 11:30:00;99.16666666666667
1071729215;2019-08-19 11:30:00;2019-08-19 12:00:00;82.06666666666666
1071729215;2019-08-19 12:00:00;2019-08-19 12:30:00;84.4
1071729215;2019-08-19 12:30:00;2019-08-19 13:00:00;84.36666666666666
1071729215;2019-08-19 13:00:00;2019-08-19 13:30:00;97.73333333333333
1071729215;2019-08-19 13:30:00;2019-08-19 14:00:00;92.8
1071729215;2019-08-19 14:00:00;2019-08-19 14:30:00;107.56666666666666
1071729215;2019-08-19 14:30:00;2019-08-19 15:00:00;95.8
1071729215;2019-08-19 15:00:00;2019-08-19 15:30:00;101.66666666666667
1071729215;2019-08-19 15:30:00;2019-08-19 16:00:00;91.46666666666667
1071729215;2019-08-19 16:00:00;2019-08-19 16:30:00;89.7
1071729215;2019-08-19 16:30:00;2019-08-19 17:00:00;90.26666666666667
1071729215;2019-08-19 17:00:00;2019-08-19 17:30:00;99.53333333333333
1071729215;2019-08-19 17:30:00;2019-08-19 18:00:00;91.0
1071729215;2019-08-19 18:00:00;2019-08-19 18:30:00;89.36666666666666
1071729215;2019-08-19 18:30:00;2019-08-19 19:00:00;101.9
1071729215;2019-08-19 19:00:00;2019-08-19 19:30:00;107.16666666666667
1071729215;2019-08-19 19:30:00;2019-08-19 20:00:00;91.13333333333334
1071729215;2019-08-19 20:00:00;2019-08-19 20:30:00;87.2
1071729215;2019-08-19 20:30:00;2019-08-19 21:00:00;88.2
1071729215;2019-08-19 21:00:00;2019-08-19 21:30:00;87.8
1071729215;2019-08-19 21:30:00;2019-08-19 22:00:00;105.76666666666667
1071729215;2019-08-19 22:00:00;2019-08-19 22:30:00;110.33333333333333
1071729215;2019-08-19 22:30:00;2019-08-19 23:00:00;104.23333333333333
1071729215;2019-08-19 23:00:00;2019-08-19 23:30:00;100.23333333333333
1071729215;2019-08-19 23:30:00;2019-08-19 23:59:59;108.7
1071729215;2019-08-20 00:00:00;2019-08-20 00:30:00;99.0
1071729215;2019-08-20 00:30:00;2019-08-20 01:00:00;88.4
1071729215;2019-08-20 01:00:00;2019-08-20 01:30:00;91.66666666666667
1071729215;2019-08-20 01:30:00;2019-08-20 02:00:00;92.0
1071729215;2019-08-20 02:00:00;2019-08-20 02:30:00;92.0
1071729215;2019-08-20 02:30:00;2019-08-20 03:00:00;92.0
1071729215;2019-08-20 03:00:00;2019-08-20 03:30:00;112.9
1071729215;2019-08-20 03:30:00;2019-08-20 04:00:00;97.3
1071729215;2019-08-20 04:00:00;2019-08-20 04:30:00;94.9
1071729215;2019-08-20 04:30:00;2019-08-20 05:00:00;110.0
1071729215;2019-08-20 05:00:00;2019-08-20 05:30:00;115.06666666666666
1071729215;2019-08-20 05:30:00;2019-08-20 06:00:00;102.4
1071729215;2019-08-20 06:00:00;2019-08-20 06:30:00;99.86666666666666
1071729215;2019-08-20 06:30:00;2019-08-20 07:00:00;93.56666666666666
1071729215;2019-08-20 07:00:00;2019-08-20 07:30:00;93.66666666666667
1071729215;2019-08-20 07:30:00;2019-08-20 08:00:00;97.63333333333334
1071729215;2019-08-20 08:00:00;2019-08-20 08:30:00;93.33333333333333
1071729215;2019-08-20 08:30:00;2019-08-20 09:00:00;90.7
1071729215;2019-08-20 09:00:00;2019-08-20 09:30:00;97.13333333333334
1071729215;2019-08-20 09:30:00;2019-08-20 10:00:00;90.8
1071729215;2019-08-20 10:00:00;2019-08-20 10:30:00;107.63333333333334
1071729215;2019-08-20 10:30:00;2019-08-20 11:00:00;97.86666666666666
1071729215;2019-08-20 11:00:00;2019-08-20 11:30:00;99.86666666666666
1071729215;2019-08-20 11:30:00;2019-08-20 12:00:00;92.73333333333333
1071729215;2019-08-20 12:00:00;2019-08-20 12:30:00;97.63333333333334
1071729215;2019-08-20 12:30:00;2019-08-20 13:00:00;89.93333333333334
1071729215;2019-08-20 13:00:00;2019-08-20 13:30:00;94.43333333333334
1071729215;2019-08-20 13:30:00;2019-08-20 14:00:00;98.06666666666666
1071729215;2019-08-20 14:00:00;2019-08-20 14:30:00;89.4
1071729215;2019-08-20 14:30:00;2019-08-20 15:00:00;97.7
1071729215;2019-08-20 15:00:00;2019-08-20 15:30:00;82.73333333333333
1071729215;2019-08-20 15:30:00;2019-08-20 16:00:00;89.1
1071729215;2019-08-20 16:00:00;2019-08-20 16:30:00;113.43333333333334
1071729215;2019-08-20 16:30:00;2019-08-20 17:00:00;104.03333333333333
1071729215;2019-08-20 17:00:00;2019-08-20 17:30:00;92.33333333333333
1071729215;2019-08-20 17:30:00;2019-08-20 18:00:00;92.63333333333334
1071729215;2019-08-20 18:00:00;2019-08-20 18:30:00;107.7
1071729215;2019-08-20 18:30:00;2019-08-20 19:00:00;100.9
1071729215;2019-08-20 19:00:00;2019-08-20 19:30:00;99.36666666666666
1071729215;2019-08-20 19:30:00;2019-08-20 20:00:00;87.86666666666666
1071729215;2019-08-20 20:00:00;2019-08-20 20:30:00;92.53333333333333
1071729215;2019-08-20 20:30:00;2019-08-20 21:00:00;93.8
1071729215;2019-08-20 21:00:00;2019-08-20 21:30:00;90.43333333333334
1071729215;2019-08-20 21:30:00;2019-08-20 22:00:00;92.0
1071729215;2019-08-20 22:00:00;2019-08-20 22:30:00;91.1
1071729215;2019-08-20 22:30:00;2019-08-20 23:00:00;91.7
1071729215;2019-08-20 23:00:00;2019-08-20 23:30:00;92.0
1071729215;2019-08-20 23:30:00;2019-08-20 23:59:59;100.36666666666666
1071729215;2019-08-21 00:00:00;2019-08-21 00:30:00;95.66666666666667
1071729215;2019-08-21 00:30:00;2019-08-21 01:00:00;98.7
1071729215;2019-08-21 01:00:00;2019-08-21 01:30:00;108.86666666666666
1071729215;2019-08-21 01:30:00;2019-08-21 02:00:00;111.3
1071729215;2019-08-21 02:00:00;2019-08-21 02:30:00;94.46666666666667
1071729215;2019-08-21 02:30:00;2019-08-21 03:00:00;92.0
1071729215;2019-08-21 03:00:00;2019-08-21 03:30:00;85.0
1071729215;2019-08-21 03:30:00;2019-08-21 04:00:00;93.2
1071729215;2019-08-21 04:00:00;2019-08-21 04:30:00;92.23333333333333
1071729215;2019-08-21 04:30:00;2019-08-21 05:00:00;102.93333333333334
1071729215;2019-08-21 05:00:00;2019-08-21 05:30:00;96.2
1071729215;2019-08-21 05:30:00;2019-08-21 06:00:00;110.1
1071729215;2019-08-21 06:00:00;2019-08-21 06:30:00;95.9
1071729215;2019-08-21 06:30:00;2019-08-21 07:00:00;91.9
1071729215;2019-08-21 07:00:00;2019-08-21 07:30:00;97.76666666666667
1071729215;2019-08-21 07:30:00;2019-08-21 08:00:00;99.53333333333333
1071729215;2019-08-21 08:00:00;2019-08-21 08:30:00;99.6
1071729215;2019-08-21 08:30:00;2019-08-21 09:00:00;89.23333333333333
1071729215;2019-08-21 09:00:00;2019-08-21 09:30:00;100.16666666666667
1071729215;2019-08-21 09:30:00;2019-08-21 10:00:00;104.9
1071729215;2019-08-21 10:00:00;2019-08-21 10:30:00;95.1
1071729215;2019-08-21 10:30:00;2019-08-21 11:00:00;117.46666666666667
1071729215;2019-08-21 11:00:00;2019-08-21 11:30:00;95.06666666666666
1071729215;2019-08-21 11:30:00;2019-08-21 12:00:00;99.33333333333333
1071729215;2019-08-21 12:00:00;2019-08-21 12:30:00;88.9
1071729215;2019-08-21 12:30:00;2019-08-21 13:00:00;93.16666666666667
1071729215;2019-08-21 13:00:00;2019-08-21 13:30:00;113.56666666666666
1071729215;2019-08-21 13:30:00;2019-08-21 14:00:00;101.41379310344827
1071729215;2019-08-21 14:00:00;2019-08-21 14:30:00;109.8
1071729215;2019-08-21 14:30:00;2019-08-21 15:00:00;108.86666666666666
1071729215;2019-08-21 15:00:00;2019-08-21 15:30:00;105.73333333333333
1071729215;2019-08-21 15:30:00;2019-08-21 16:00:00;103.46666666666667
1071729215;2019-08-21 16:00:00;2019-08-21 16:30:00;96.5
1071729215;2019-08-21 16:30:00;2019-08-21 17:00:00;115.8
1071729215;2019-08-21 17:00:00;2019-08-21 17:30:00;103.2
1071729215;2019-08-21 17:30:00;2019-08-21 18:00:00;95.0
1071729215;2019-08-21 18:00:00;2019-08-21 18:30:00;98.03333333333333
1071729215;2019-08-21 18:30:00;2019-08-21 19:00:00;101.76666666666667
1071729215;2019-08-21 19:00:00;2019-08-21 19:30:00;88.06666666666666
1071729215;2019-08-21 19:30:00;2019-08-21 20:00:00;88.4
1071729215;2019-08-21 20:00:00;2019-08-21 20:30:00;92.93333333333334
1071729215;2019-08-21 20:30:00;2019-08-21 21:00:00;91.93333333333334
1071729215;2019-08-21 21:00:00;2019-08-21 21:30:00;89.9
1071729215;2019-08-21 21:30:00;2019-08-21 22:00:00;91.53333333333333
1071729215;2019-08-21 22:00:00;2019-08-21 22:30:00;101.73333333333333
1071729215;2019-08-21 22:30:00;2019-08-21 23:00:00;95.66666666666667
1071729215;2019-08-21 23:00:00;2019-08-21 23:30:00;113.8
1071729215;2019-08-21 23:30:00;2019-08-21 23:59:59;89.73333333333333
1071729215;2019-08-22 00:00:00;2019-08-22 00:30:00;85.86666666666666
1071729215;2019-08-22 00:30:00;2019-08-22 01:00:00;92.0
1071729215;2019-08-22 01:00:00;2019-08-22 01:30:00;92.0
1071729215;2019-08-22 01:30:00;2019-08-22 02:00:00;92.0
1071729215;2019-08-22 02:00:00;2019-08-22 02:30:00;87.3
1071729215;2019-08-22 02:30:00;2019-08-22 03:00:00;92.0
1071729215;2019-08-22 03:00:00;2019-08-22 03:30:00;84.0
1071729215;2019-08-22 03:30:00;2019-08-22 04:00:00;84.53333333333333
1071729215;2019-08-22 04:00:00;2019-08-22 04:30:00;90.5
1071729215;2019-08-22 04:30:00;2019-08-22 05:00:00;105.9
1071729215;2019-08-22 05:00:00;2019-08-22 05:30:00;105.8
1071729215;2019-08-22 05:30:00;2019-08-22 06:00:00;101.86666666666666
1071729215;2019-08-22 06:00:00;2019-08-22 06:30:00;111.8
1071729215;2019-08-22 06:30:00;2019-08-22 07:00:00;105.41379310344827
1071729215;2019-08-22 07:00:00;2019-08-22 07:30:00;89.5
1071729215;2019-08-22 07:30:00;2019-08-22 08:00:00;82.56666666666666
1071729215;2019-08-22 08:00:00;2019-08-22 08:30:00;87.0
1071729215;2019-08-22 08:30:00;2019-08-22 09:00:00;90.2
1071729215;2019-08-22 09:00:00;2019-08-22 09:30:00;88.93333333333334
1071729215;2019-08-22 09:30:00;2019-08-22 10:00:00;96.36666666666666
1071729215;2019-08-22 10:00:00;2019-08-22 10:30:00;107.5
1071729215;2019-08-22 10:30:00;2019-08-22 11:00:00;92.16666666666667
1071729215;2019-08-22 11:00:00;2019-08-22 11:30:00;102.96666666666667
1071729215;2019-08-22 11:30:00;2019-08-22 12:00:00;104.1
1071729215;2019-08-22 12:00:00;2019-08-22 12:30:00;92.46666666666667
1071729215;2019-08-22 12:30:00;2019-08-22 13:00:00;99.66666666666667
1071729215;2019-08-22 13:00:00;2019-08-22 13:30:00;92.7
1071729215;2019-08-22 13:30:00;2019-08-22 14:00:00;102.03333333333333
1071729215;2019-08-22 14:00:00;2019-08-22 14:30:00;104.26666666666667
1071729215;2019-08-22 14:30:00;2019-08-22 15:00:00;93.66666666666667
1071729215;2019-08-22 15:00:00;2019-08-22 15:30:00;108.63333333333334
1071729215;2019-08-22 15:30:00;2019-08-22 16:00:00;90.76666666666667
1071729215;2019-08-22 16:00:00;2019-08-22 16:30:00;99.26666666666667
1071729215;2019-08-22 16:30:00;2019-08-22 17:00:00;114.86666666666666
1071729215;2019-08-22 17:00:00;2019-08-22 17:30:00;91.46666666666667
1071729215;2019-08-22 17:30:00;2019-08-22 18:00:00;97.2
1071729215;2019-08-22 18:00:00;2019-08-22 18:30:00;92.86666666666666
1071729215;2019-08-22 18:30:00;2019-08-22 19:00:00;104.8
1071729215;2019-08-22 19:00:00;2019-08-22 19:30:00;93.63333333333334
1071729215;2019-08-22 19:30:00;2019-08-22 20:00:00;96.83333333333333
1071729215;2019-08-22 20:00:00;2019-08-22 20:30:00;103.66666666666667
1071729215;2019-08-22 20:30:00;2019-08-22 21:00:00;96.36666666666666
1071729215;2019-08-22 21:00:00;2019-08-22 21:30:00;92.0
1071729215;2019-08-22 21:30:00;2019-08-22 22:00:00;87.93333333333334
1071729215;2019-08-22 22:00:00;2019-08-22 22:30:00;92.0
1071729215;2019-08-22 22:30:00;2019-08-22 23:00:00;92.0
1071729215;2019-08-22 23:00:00;2019-08-22 23:30:00;92.0
1071729215;2019-08-22 23:30:00;2019-08-22 23:59:59;92.0
1071729215;2019-08-23 00:00:00;2019-08-23 00:30:00;92.0
1071729215;2019-08-23 00:30:00;2019-08-23 01:00:00;92.0
1071729215;2019-08-23 01:00:00;2019-08-23 01:30:00;92.0
1071729215;2019-08-23 01:30:00;2019-08-23 02:00:00;92.0
1071729215;2019-08-23 02:00:00;2019-08-23 02:30:00;92.0
1071729215;2019-08-23 02:30:00;2019-08-23 03:00:00;92.0
1071729215;2019-08-23 03:00:00;2019-08-23 03:30:00;85.0
1071729215;2019-08-23 03:30:00;2019-08-23 04:00:00;91.33333333333333
1071729215;2019-08-23 04:00:00;2019-08-23 04:30:00;100.1
1071729215;2019-08-23 04:30:00;2019-08-23 05:00:00;104.63333333333334
1071729215;2019-08-23 05:00:00;2019-08-23 05:30:00;102.2
1071729215;2019-08-23 05:30:00;2019-08-23 06:00:00;107.0
1071729215;2019-08-23 06:00:00;2019-08-23 06:30:00;110.46666666666667
1071729215;2019-08-23 06:30:00;2019-08-23 07:00:00;97.06666666666666
1071729215;2019-08-23 07:00:00;2019-08-23 07:30:00;90.20689655172414
1071729215;2019-08-23 07:30:00;2019-08-23 08:00:00;90.56666666666666
1071729215;2019-08-23 08:00:00;2019-08-23 08:30:00;97.13333333333334
1071729215;2019-08-23 08:30:00;2019-08-23 09:00:00;107.63333333333334
1071729215;2019-08-23 09:00:00;2019-08-23 09:30:00;101.96666666666667
1071729215;2019-08-23 09:30:00;2019-08-23 10:00:00;101.26666666666667
1071729215;2019-08-23 10:00:00;2019-08-23 10:30:00;88.86666666666666
1071729215;2019-08-23 10:30:00;2019-08-23 11:00:00;85.53333333333333
1071729215;2019-08-23 11:00:00;2019-08-23 11:30:00;97.46666666666667
1071729215;2019-08-23 11:30:00;2019-08-23 12:00:00;92.06896551724138
1071729215;2019-08-23 12:00:00;2019-08-23 12:30:00;92.1
1071729215;2019-08-23 12:30:00;2019-08-23 13:00:00;100.2
1071729215;2019-08-23 13:00:00;2019-08-23 13:30:00;102.7
1071729215;2019-08-23 13:30:00;2019-08-23 14:00:00;100.66666666666667
1071729215;2019-08-23 14:00:00;2019-08-23 14:30:00;97.8
1071729215;2019-08-23 14:30:00;2019-08-23 15:00:00;76.86666666666666
1071729215;2019-08-23 15:00:00;2019-08-23 15:30:00;75.23333333333333
1071729215;2019-08-23 15:30:00;2019-08-23 16:00:00;92.66666666666667
1071729215;2019-08-23 16:00:00;2019-08-23 16:30:00;85.7
1071729215;2019-08-23 16:30:00;2019-08-23 17:00:00;68.23333333333333
1071729215;2019-08-23 17:00:00;2019-08-23 17:30:00;64.8
1071729215;2019-08-23 17:30:00;2019-08-23 18:00:00;91.8
1071729215;2019-08-23 18:00:00;2019-08-23 18:30:00;90.83333333333333
1071729215;2019-08-23 18:30:00;2019-08-23 19:00:00;108.3
1071729215;2019-08-23 19:00:00;2019-08-23 19:30:00;102.23333333333333
1071729215;2019-08-23 19:30:00;2019-08-23 20:00:00;109.03333333333333
1071729215;2019-08-23 20:00:00;2019-08-23 20:30:00;96.7
1071729215;2019-08-23 20:30:00;2019-08-23 21:00:00;93.9
1071729215;2019-08-23 21:00:00;2019-08-23 21:30:00;99.33333333333333
1071729215;2019-08-23 21:30:00;2019-08-23 22:00:00;93.03333333333333
1071729215;2019-08-23 22:00:00;2019-08-23 22:30:00;92.3
1071729215;2019-08-23 22:30:00;2019-08-23 23:00:00;92.0
1071729215;2019-08-23 23:00:00;2019-08-23 23:30:00;92.0
1071729215;2019-08-23 23:30:00;2019-08-23 23:59:59;92.0
1071729215;2019-08-24 00:00:00;2019-08-24 00:30:00;92.0
1071729215;2019-08-24 00:30:00;2019-08-24 01:00:00;92.0
1071729215;2019-08-24 01:00:00;2019-08-24 01:30:00;92.0
1071729215;2019-08-24 01:30:00;2019-08-24 02:00:00;92.0
1071729215;2019-08-24 02:00:00;2019-08-24 02:30:00;92.0
1071729215;2019-08-24 02:30:00;2019-08-24 03:00:00;92.0
1071729215;2019-08-24 03:00:00;2019-08-24 03:30:00;89.0
1071729215;2019-08-24 03:30:00;2019-08-24 04:00:00;89.46666666666667
1071729215;2019-08-24 04:00:00;2019-08-24 04:30:00;89.16666666666667
1071729215;2019-08-24 04:30:00;2019-08-24 05:00:00;99.7
1071729215;2019-08-24 05:00:00;2019-08-24 05:30:00;103.0
1071729215;2019-08-24 05:30:00;2019-08-24 06:00:00;104.56666666666666
1071729215;2019-08-24 06:00:00;2019-08-24 06:30:00;116.4
1071729215;2019-08-24 06:30:00;2019-08-24 07:00:00;108.46666666666667
1071729215;2019-08-24 07:00:00;2019-08-24 07:30:00;105.7
1071729215;2019-08-24 07:30:00;2019-08-24 08:00:00;113.16666666666667
1071729215;2019-08-24 08:00:00;2019-08-24 08:30:00;104.63333333333334
1071729215;2019-08-24 08:30:00;2019-08-24 09:00:00;105.23333333333333
1071729215;2019-08-24 09:00:00;2019-08-24 09:30:00;114.56666666666666
1071729215;2019-08-24 09:30:00;2019-08-24 10:00:00;110.86666666666666
1071729215;2019-08-24 10:00:00;2019-08-24 10:30:00;95.3
1071729215;2019-08-24 10:30:00;2019-08-24 11:00:00;98.9
1071729215;2019-08-24 11:00:00;2019-08-24 11:30:00;103.83333333333333
1071729215;2019-08-24 11:30:00;2019-08-24 12:00:00;106.36666666666666
1071729215;2019-08-24 12:00:00;2019-08-24 12:30:00;109.5
1071729215;2019-08-24 12:30:00;2019-08-24 13:00:00;106.43333333333334
1071729215;2019-08-24 13:00:00;2019-08-24 13:30:00;96.6
1071729215;2019-08-24 13:30:00;2019-08-24 14:00:00;100.5
1071729215;2019-08-24 14:00:00;2019-08-24 14:30:00;99.13333333333334
1071729215;2019-08-24 14:30:00;2019-08-24 15:00:00;119.53333333333333
1071729215;2019-08-24 15:00:00;2019-08-24 15:30:00;109.4
1071729215;2019-08-24 15:30:00;2019-08-24 16:00:00;118.16666666666667
1071729215;2019-08-24 16:00:00;2019-08-24 16:30:00;112.66666666666667
1071729215;2019-08-24 16:30:00;2019-08-24 17:00:00;106.9
1071729215;2019-08-24 17:00:00;2019-08-24 17:30:00;100.43333333333334
1071729215;2019-08-24 17:30:00;2019-08-24 18:00:00;106.9
1071729215;2019-08-24 18:00:00;2019-08-24 18:30:00;90.33333333333333
1071729215;2019-08-24 18:30:00;2019-08-24 19:00:00;108.96666666666667
1071729215;2019-08-24 19:00:00;2019-08-24 19:30:00;94.13333333333334
1071729215;2019-08-24 19:30:00;2019-08-24 20:00:00;86.43333333333334
1071729215;2019-08-24 20:00:00;2019-08-24 20:30:00;108.16666666666667
1071729215;2019-08-24 20:30:00;2019-08-24 21:00:00;96.43333333333334
1071729215;2019-08-24 21:00:00;2019-08-24 21:30:00;110.6
1071729215;2019-08-24 21:30:00;2019-08-24 22:00:00;108.2
1071729215;2019-08-24 22:00:00;2019-08-24 22:30:00;99.5
1071729215;2019-08-24 22:30:00;2019-08-24 23:00:00;92.9
1071729215;2019-08-24 23:00:00;2019-08-24 23:30:00;92.0
1071729215;2019-08-24 23:30:00;2019-08-24 23:59:59;92.0
1071729215;2019-08-25 00:00:00;2019-08-25 00:30:00;92.0
1071729215;2019-08-25 00:30:00;2019-08-25 01:00:00;97.26666666666667
1071729215;2019-08-25 01:00:00;2019-08-25 01:30:00;93.9
1071729215;2019-08-25 01:30:00;2019-08-25 02:00:00;92.96666666666667
1071729215;2019-08-25 02:00:00;2019-08-25 02:30:00;93.0
1071729215;2019-08-25 02:30:00;2019-08-25 03:00:00;92.8
1071729215;2019-08-25 03:00:00;2019-08-25 03:30:00;93.2
1071729215;2019-08-25 03:30:00;2019-08-25 04:00:00;95.0
1071729215;2019-08-25 04:00:00;2019-08-25 04:30:00;93.0
1071729215;2019-08-25 04:30:00;2019-08-25 05:00:00;93.0
1071729215;2019-08-25 05:00:00;2019-08-25 05:30:00;98.0
1071729215;2019-08-25 05:30:00;2019-08-25 06:00:00;99.26666666666667
1071729215;2019-08-25 06:00:00;2019-08-25 06:30:00;100.26666666666667
1071729215;2019-08-25 06:30:00;2019-08-25 07:00:00;101.0
1071729215;2019-08-25 07:00:00;2019-08-25 07:30:00;109.03333333333333
1071729215;2019-08-25 07:30:00;2019-08-25 08:00:00;116.83333333333333
1071729215;2019-08-25 08:00:00;2019-08-25 08:30:00;107.73333333333333
1071729215;2019-08-25 08:30:00;2019-08-25 09:00:00;109.66666666666667
1071729215;2019-08-25 09:00:00;2019-08-25 09:30:00;104.56666666666666
1071729215;2019-08-25 09:30:00;2019-08-25 10:00:00;111.23333333333333
1071729215;2019-08-25 10:00:00;2019-08-25 10:30:00;108.36666666666666
1071729215;2019-08-25 10:30:00;2019-08-25 11:00:00;105.53333333333333
1071729215;2019-08-25 11:00:00;2019-08-25 11:30:00;104.33333333333333
1071729215;2019-08-25 11:30:00;2019-08-25 12:00:00;108.96666666666667
1071729215;2019-08-25 12:00:00;2019-08-25 12:30:00;105.93333333333334
1071729215;2019-08-25 12:30:00;2019-08-25 13:00:00;96.06666666666666
1071729215;2019-08-25 13:00:00;2019-08-25 13:30:00;101.13333333333334
1071729215;2019-08-25 13:30:00;2019-08-25 14:00:00;86.43333333333334
1071729215;2019-08-25 14:00:00;2019-08-25 14:30:00;95.93333333333334
1071729215;2019-08-25 14:30:00;2019-08-25 15:00:00;102.33333333333333
1071729215;2019-08-25 15:00:00;2019-08-25 15:30:00;93.33333333333333
1071729215;2019-08-25 15:30:00;2019-08-25 16:00:00;91.06666666666666
1071729215;2019-08-25 16:00:00;2019-08-25 16:30:00;100.0
1071729215;2019-08-25 16:30:00;2019-08-25 17:00:00;102.63333333333334
1071729215;2019-08-25 17:00:00;2019-08-25 17:30:00;103.0
1071729215;2019-08-25 17:30:00;2019-08-25 18:00:00;103.0
1071729215;2019-08-25 18:00:00;2019-08-25 18:30:00;106.0
1071729215;2019-08-25 18:30:00;2019-08-25 19:00:00;106.0
1071729215;2019-08-25 19:00:00;2019-08-25 19:30:00;113.0
1071729215;2019-08-25 19:30:00;2019-08-25 20:00:00;113.0
1071729215;2019-08-25 20:00:00;2019-08-25 20:30:00;92.0
1071729215;2019-08-25 20:30:00;2019-08-25 21:00:00;92.0
1071729215;2019-08-25 21:00:00;2019-08-25 21:30:00;92.0
1071729215;2019-08-25 21:30:00;2019-08-25 22:00:00;92.0
1071729215;2019-08-25 22:00:00;2019-08-25 22:30:00;92.0
1071729215;2019-08-25 22:30:00;2019-08-25 23:00:00;92.0
1071729215;2019-08-25 23:00:00;2019-08-25 23:30:00;92.0
1071729215;2019-08-25 23:30:00;2019-08-25 23:59:59;92.0
1071729215;2019-08-26 00:00:00;2019-08-26 00:30:00;92.0
1071729215;2019-08-26 00:30:00;2019-08-26 01:00:00;92.0
1071729215;2019-08-26 01:00:00;2019-08-26 01:30:00;92.0
1071729215;2019-08-26 01:30:00;2019-08-26 02:00:00;92.0
1071729215;2019-08-26 02:00:00;2019-08-26 02:30:00;92.0
1071729215;2019-08-26 02:30:00;2019-08-26 03:00:00;92.0
1071729215;2019-08-26 03:00:00;2019-08-26 03:30:00;90.0
1071729215;2019-08-26 03:30:00;2019-08-26 04:00:00;99.4
1071729215;2019-08-26 04:00:00;2019-08-26 04:30:00;100.5
1071729215;2019-08-26 04:30:00;2019-08-26 05:00:00;106.23333333333333
1071729215;2019-08-26 05:00:00;2019-08-26 05:30:00;95.63333333333334
1071729215;2019-08-26 05:30:00;2019-08-26 06:00:00;108.1
1071729215;2019-08-26 06:00:00;2019-08-26 06:30:00;111.06666666666666
1071729215;2019-08-26 06:30:00;2019-08-26 07:00:00;112.5
1071729215;2019-08-26 07:00:00;2019-08-26 07:30:00;96.73333333333333
1071729215;2019-08-26 07:30:00;2019-08-26 08:00:00;96.16666666666667
1071729215;2019-08-26 08:00:00;2019-08-26 08:30:00;117.35714285714286
1071729215;2019-08-26 08:30:00;2019-08-26 09:00:00;107.56666666666666
1071729215;2019-08-26 09:00:00;2019-08-26 09:30:00;95.7
1071729215;2019-08-26 09:30:00;2019-08-26 10:00:00;97.66666666666667
1071729215;2019-08-26 10:00:00;2019-08-26 10:30:00;99.36666666666666
1071729215;2019-08-26 10:30:00;2019-08-26 11:00:00;105.13333333333334
1071729215;2019-08-26 11:00:00;2019-08-26 11:30:00;97.16666666666667
1071729215;2019-08-26 11:30:00;2019-08-26 12:00:00;92.13333333333334
1071729215;2019-08-26 12:00:00;2019-08-26 12:30:00;100.9
1071729215;2019-08-26 12:30:00;2019-08-26 13:00:00;89.46666666666667
1071729215;2019-08-26 13:00:00;2019-08-26 13:30:00;105.0
1071729215;2019-08-26 13:30:00;2019-08-26 14:00:00;109.4
1071729215;2019-08-26 14:00:00;2019-08-26 14:30:00;100.26666666666667
1071729215;2019-08-26 14:30:00;2019-08-26 15:00:00;64.33333333333333
1071729215;2019-08-26 15:00:00;2019-08-26 15:30:00;33.0
1071729215;2019-08-26 15:30:00;2019-08-26 16:00:00;102.83333333333333
1071729215;2019-08-26 16:00:00;2019-08-26 16:30:00;88.9
1071729215;2019-08-26 16:30:00;2019-08-26 17:00:00;91.33333333333333
1071729215;2019-08-26 17:00:00;2019-08-26 17:30:00;94.0
1071729215;2019-08-26 17:30:00;2019-08-26 18:00:00;92.33333333333333
1071729215;2019-08-26 18:00:00;2019-08-26 18:30:00;92.56666666666666
1071729215;2019-08-26 18:30:00;2019-08-26 19:00:00;93.0
1071729215;2019-08-26 19:00:00;2019-08-26 19:30:00;93.0
1071729215;2019-08-26 19:30:00;2019-08-26 20:00:00;93.0
1071729215;2019-08-26 20:00:00;2019-08-26 20:30:00;92.0
1071729215;2019-08-26 20:30:00;2019-08-26 21:00:00;92.0
1071729215;2019-08-26 21:00:00;2019-08-26 21:30:00;92.0
1071729215;2019-08-26 21:30:00;2019-08-26 22:00:00;92.0
1071729215;2019-08-26 22:00:00;2019-08-26 22:30:00;92.0
1071729215;2019-08-26 22:30:00;2019-08-26 23:00:00;92.0
1071729215;2019-08-26 23:00:00;2019-08-26 23:30:00;92.0
1071729215;2019-08-26 23:30:00;2019-08-26 23:59:59;92.0
1071729215;2019-08-27 00:00:00;2019-08-27 00:30:00;92.0
1071729215;2019-08-27 00:30:00;2019-08-27 01:00:00;92.0
1071729215;2019-08-27 01:00:00;2019-08-27 01:30:00;92.0
1071729215;2019-08-27 01:30:00;2019-08-27 02:00:00;92.0
1071729215;2019-08-27 02:00:00;2019-08-27 02:30:00;92.0
1071729215;2019-08-27 02:30:00;2019-08-27 03:00:00;101.66666666666667
1071729215;2019-08-27 03:00:00;2019-08-27 03:30:00;84.6
1071729215;2019-08-27 03:30:00;2019-08-27 04:00:00;86.1
1071729215;2019-08-27 04:00:00;2019-08-27 04:30:00;84.63333333333334
1071729215;2019-08-27 04:30:00;2019-08-27 05:00:00;105.1
1071729215;2019-08-27 05:00:00;2019-08-27 05:30:00;102.0
1071729215;2019-08-27 05:30:00;2019-08-27 06:00:00;105.23333333333333
1071729215;2019-08-27 06:00:00;2019-08-27 06:30:00;102.3
1071729215;2019-08-27 06:30:00;2019-08-27 07:00:00;100.76666666666667
1071729215;2019-08-27 07:00:00;2019-08-27 07:30:00;98.06666666666666
1071729215;2019-08-27 07:30:00;2019-08-27 08:00:00;108.56666666666666
1071729215;2019-08-27 08:00:00;2019-08-27 08:30:00;100.0
1071729215;2019-08-27 08:30:00;2019-08-27 09:00:00;95.4
1071729215;2019-08-27 09:00:00;2019-08-27 09:30:00;106.6
1071729215;2019-08-27 09:30:00;2019-08-27 10:00:00;94.76666666666667
1071729215;2019-08-27 10:00:00;2019-08-27 10:30:00;95.6
1071729215;2019-08-27 10:30:00;2019-08-27 11:00:00;98.03333333333333
1071729215;2019-08-27 11:00:00;2019-08-27 11:30:00;108.33333333333333
1071729215;2019-08-27 11:30:00;2019-08-27 12:00:00;103.53333333333333
1071729215;2019-08-27 12:00:00;2019-08-27 12:30:00;99.03333333333333
1071729215;2019-08-27 12:30:00;2019-08-27 13:00:00;88.72413793103448
1071729215;2019-08-27 13:00:00;2019-08-27 13:30:00;98.26666666666667
1071729215;2019-08-27 13:30:00;2019-08-27 14:00:00;87.55172413793103
1071729215;2019-08-27 14:00:00;2019-08-27 14:30:00;92.7
1071729215;2019-08-27 14:30:00;2019-08-27 15:00:00;98.6
1071729215;2019-08-27 15:00:00;2019-08-27 15:30:00;96.33333333333333
1071729215;2019-08-27 15:30:00;2019-08-27 16:00:00;92.96666666666667
1071729215;2019-08-27 16:00:00;2019-08-27 16:30:00;88.53333333333333
1071729215;2019-08-27 16:30:00;2019-08-27 17:00:00;98.16666666666667
1071729215;2019-08-27 17:00:00;2019-08-27 17:30:00;99.0
1071729215;2019-08-27 17:30:00;2019-08-27 18:00:00;92.5
1071729215;2019-08-27 18:00:00;2019-08-27 18:30:00;95.0
1071729215;2019-08-27 18:30:00;2019-08-27 19:00:00;95.0
1071729215;2019-08-27 19:00:00;2019-08-27 19:30:00;92.0
1071729215;2019-08-27 19:30:00;2019-08-27 20:00:00;92.0
1071729215;2019-08-27 20:00:00;2019-08-27 20:30:00;92.0
1071729215;2019-08-27 20:30:00;2019-08-27 21:00:00;92.0
1071729215;2019-08-27 21:00:00;2019-08-27 21:30:00;92.0
1071729215;2019-08-27 21:30:00;2019-08-27 22:00:00;91.8
1071729215;2019-08-27 22:00:00;2019-08-27 22:30:00;90.9
1071729215;2019-08-27 22:30:00;2019-08-27 23:00:00;92.0
1071729215;2019-08-27 23:00:00;2019-08-27 23:30:00;92.0
1071729215;2019-08-27 23:30:00;2019-08-27 23:59:59;92.0
1071729215;2019-08-28 00:00:00;2019-08-28 00:30:00;100.13333333333334
1071729215;2019-08-28 00:30:00;2019-08-28 01:00:00;93.73333333333333
1071729215;2019-08-28 01:00:00;2019-08-28 01:30:00;101.06666666666666
1071729215;2019-08-28 01:30:00;2019-08-28 02:00:00;88.96666666666667
1071729215;2019-08-28 02:00:00;2019-08-28 02:30:00;87.8
1071729215;2019-08-28 02:30:00;2019-08-28 03:00:00;87.93333333333334
1071729215;2019-08-28 03:00:00;2019-08-28 03:30:00;84.63333333333334
1071729215;2019-08-28 03:30:00;2019-08-28 04:00:00;92.9
1071729215;2019-08-28 04:00:00;2019-08-28 04:30:00;98.5
1071729215;2019-08-28 04:30:00;2019-08-28 05:00:00;101.73333333333333
1071729215;2019-08-28 05:00:00;2019-08-28 05:30:00;99.2
1071729215;2019-08-28 05:30:00;2019-08-28 06:00:00;111.36666666666666
1071729215;2019-08-28 06:00:00;2019-08-28 06:30:00;101.0
1071729215;2019-08-28 06:30:00;2019-08-28 07:00:00;91.83333333333333
1071729215;2019-08-28 07:00:00;2019-08-28 07:30:00;96.0
1071729215;2019-08-28 07:30:00;2019-08-28 08:00:00;99.23333333333333
1071729215;2019-08-28 08:00:00;2019-08-28 08:30:00;105.8
1071729215;2019-08-28 08:30:00;2019-08-28 09:00:00;89.46666666666667
1071729215;2019-08-28 09:00:00;2019-08-28 09:30:00;89.1
1071729215;2019-08-28 09:30:00;2019-08-28 10:00:00;92.06666666666666
1071729215;2019-08-28 10:00:00;2019-08-28 10:30:00;94.23333333333333
1071729215;2019-08-28 10:30:00;2019-08-28 11:00:00;102.33333333333333
1071729215;2019-08-28 11:00:00;2019-08-28 11:30:00;96.53333333333333
1071729215;2019-08-28 11:30:00;2019-08-28 12:00:00;110.96666666666667
1071729215;2019-08-28 12:00:00;2019-08-28 12:30:00;105.53333333333333
1071729215;2019-08-28 12:30:00;2019-08-28 13:00:00;101.43333333333334
1071729215;2019-08-28 13:00:00;2019-08-28 13:30:00;94.5
1071729215;2019-08-28 13:30:00;2019-08-28 14:00:00;98.06666666666666
1071729215;2019-08-28 14:00:00;2019-08-28 14:30:00;108.46666666666667
1071729215;2019-08-28 14:30:00;2019-08-28 15:00:00;85.7
1071729215;2019-08-28 15:00:00;2019-08-28 15:30:00;90.8
1071729215;2019-08-28 15:30:00;2019-08-28 16:00:00;93.76666666666667
1071729215;2019-08-28 16:00:00;2019-08-28 16:30:00;110.36666666666666
1071729215;2019-08-28 16:30:00;2019-08-28 17:00:00;106.96666666666667
1071729215;2019-08-28 17:00:00;2019-08-28 17:30:00;86.93333333333334
1071729215;2019-08-28 17:30:00;2019-08-28 18:00:00;90.4
1071729215;2019-08-28 18:00:00;2019-08-28 18:30:00;88.83333333333333
1071729215;2019-08-28 18:30:00;2019-08-28 19:00:00;105.43333333333334
1071729215;2019-08-28 19:00:00;2019-08-28 19:30:00;95.16666666666667
1071729215;2019-08-28 19:30:00;2019-08-28 20:00:00;88.6
1071729215;2019-08-28 20:00:00;2019-08-28 20:30:00;97.93333333333334
1071729215;2019-08-28 20:30:00;2019-08-28 21:00:00;92.0
1071729215;2019-08-28 21:00:00;2019-08-28 21:30:00;92.0
1071729215;2019-08-28 21:30:00;2019-08-28 22:00:00;93.36666666666666
1071729215;2019-08-28 22:00:00;2019-08-28 22:30:00;97.86666666666666
1071729215;2019-08-28 22:30:00;2019-08-28 23:00:00;106.83333333333333
1071729215;2019-08-28 23:00:00;2019-08-28 23:30:00;97.5
1071729215;2019-08-28 23:30:00;2019-08-28 23:59:59;91.53333333333333
1071729215;2019-08-29 00:00:00;2019-08-29 00:30:00;104.56666666666666
1071729215;2019-08-29 00:30:00;2019-08-29 01:00:00;98.93333333333334
1071729215;2019-08-29 01:00:00;2019-08-29 01:30:00;91.0
1071729215;2019-08-29 01:30:00;2019-08-29 02:00:00;92.0
1071729215;2019-08-29 02:00:00;2019-08-29 02:30:00;92.0
1071729215;2019-08-29 02:30:00;2019-08-29 03:00:00;92.0
1071729215;2019-08-29 03:00:00;2019-08-29 03:30:00;85.06666666666666
1071729215;2019-08-29 03:30:00;2019-08-29 04:00:00;84.46666666666667
1071729215;2019-08-29 04:00:00;2019-08-29 04:30:00;99.1
1071729215;2019-08-29 04:30:00;2019-08-29 05:00:00;90.5
1071729215;2019-08-29 05:00:00;2019-08-29 05:30:00;114.4
1071729215;2019-08-29 05:30:00;2019-08-29 06:00:00;97.5
1071729215;2019-08-29 06:00:00;2019-08-29 06:30:00;110.6
1071729215;2019-08-29 06:30:00;2019-08-29 07:00:00;91.26666666666667
1071729215;2019-08-29 07:00:00;2019-08-29 07:30:00;91.56666666666666
1071729215;2019-08-29 07:30:00;2019-08-29 08:00:00;99.56666666666666
1071729215;2019-08-29 08:00:00;2019-08-29 08:30:00;98.26666666666667
1071729215;2019-08-29 08:30:00;2019-08-29 09:00:00;108.56666666666666
1071729215;2019-08-29 09:00:00;2019-08-29 09:30:00;95.3
1071729215;2019-08-29 09:30:00;2019-08-29 10:00:00;92.73333333333333
1071729215;2019-08-29 10:00:00;2019-08-29 10:30:00;104.53333333333333
1071729215;2019-08-29 10:30:00;2019-08-29 11:00:00;107.93333333333334
1071729215;2019-08-29 11:00:00;2019-08-29 11:30:00;97.86666666666666
1071729215;2019-08-29 11:30:00;2019-08-29 12:00:00;88.23333333333333
1071729215;2019-08-29 12:00:00;2019-08-29 12:30:00;101.86666666666666
1071729215;2019-08-29 12:30:00;2019-08-29 13:00:00;104.66666666666667
1071729215;2019-08-29 13:00:00;2019-08-29 13:30:00;99.9
1071729215;2019-08-29 13:30:00;2019-08-29 14:00:00;102.23333333333333
1071729215;2019-08-29 14:00:00;2019-08-29 14:30:00;90.33333333333333
1071729215;2019-08-29 14:30:00;2019-08-29 15:00:00;102.96666666666667
1071729215;2019-08-29 15:00:00;2019-08-29 15:30:00;97.53333333333333
1071729215;2019-08-29 15:30:00;2019-08-29 16:00:00;89.8
1071729215;2019-08-29 16:00:00;2019-08-29 16:30:00;96.93333333333334
1071729215;2019-08-29 16:30:00;2019-08-29 17:00:00;97.23333333333333
1071729215;2019-08-29 17:00:00;2019-08-29 17:30:00;100.23333333333333
1071729215;2019-08-29 17:30:00;2019-08-29 18:00:00;87.3
1071729215;2019-08-29 18:00:00;2019-08-29 18:30:00;89.23333333333333
1071729215;2019-08-29 18:30:00;2019-08-29 19:00:00;108.73333333333333
1071729215;2019-08-29 19:00:00;2019-08-29 19:30:00;112.0
1071729215;2019-08-29 19:30:00;2019-08-29 20:00:00;103.03333333333333
1071729215;2019-08-29 20:00:00;2019-08-29 20:30:00;102.56666666666666
1071729215;2019-08-29 20:30:00;2019-08-29 21:00:00;89.73333333333333
1071729215;2019-08-29 21:00:00;2019-08-29 21:30:00;92.1
1071729215;2019-08-29 21:30:00;2019-08-29 22:00:00;93.0
1071729215;2019-08-29 22:00:00;2019-08-29 22:30:00;92.23333333333333
1071729215;2019-08-29 22:30:00;2019-08-29 23:00:00;92.0
1071729215;2019-08-29 23:00:00;2019-08-29 23:30:00;92.0
1071729215;2019-08-29 23:30:00;2019-08-29 23:59:59;92.0
1071729215;2019-08-30 00:00:00;2019-08-30 00:30:00;92.0
1071729215;2019-08-30 00:30:00;2019-08-30 01:00:00;92.0
1071729215;2019-08-30 01:00:00;2019-08-30 01:30:00;87.86666666666666
1071729215;2019-08-30 01:30:00;2019-08-30 02:00:00;94.96666666666667
1071729215;2019-08-30 02:00:00;2019-08-30 02:30:00;93.9
1071729215;2019-08-30 02:30:00;2019-08-30 03:00:00;95.0
1071729215;2019-08-30 03:00:00;2019-08-30 03:30:00;87.6
1071729215;2019-08-30 03:30:00;2019-08-30 04:00:00;85.0
1071729215;2019-08-30 04:00:00;2019-08-30 04:30:00;90.93333333333334
1071729215;2019-08-30 04:30:00;2019-08-30 05:00:00;91.23333333333333
1071729215;2019-08-30 05:00:00;2019-08-30 05:30:00;93.06666666666666
1071729215;2019-08-30 05:30:00;2019-08-30 06:00:00;112.46666666666667
1071729215;2019-08-30 06:00:00;2019-08-30 06:30:00;112.1
1071729215;2019-08-30 06:30:00;2019-08-30 07:00:00;94.26666666666667
1071729215;2019-08-30 07:00:00;2019-08-30 07:30:00;110.36666666666666
1071729215;2019-08-30 07:30:00;2019-08-30 08:00:00;97.3
1071729215;2019-08-30 08:00:00;2019-08-30 08:30:00;102.46666666666667
1071729215;2019-08-30 08:30:00;2019-08-30 09:00:00;86.6
1071729215;2019-08-30 09:00:00;2019-08-30 09:30:00;99.2
1071729215;2019-08-30 09:30:00;2019-08-30 10:00:00;90.23333333333333
1071729215;2019-08-30 10:00:00;2019-08-30 10:30:00;102.9
1071729215;2019-08-30 10:30:00;2019-08-30 11:00:00;91.76666666666667
1071729215;2019-08-30 11:00:00;2019-08-30 11:30:00;99.66666666666667
1071729215;2019-08-30 11:30:00;2019-08-30 12:00:00;103.66666666666667
1071729215;2019-08-30 12:00:00;2019-08-30 12:30:00;84.96666666666667
1071729215;2019-08-30 12:30:00;2019-08-30 13:00:00;88.13333333333334
1071729215;2019-08-30 13:00:00;2019-08-30 13:30:00;109.0
1071729215;2019-08-30 13:30:00;2019-08-30 14:00:00;96.13333333333334
1071729215;2019-08-30 14:00:00;2019-08-30 14:30:00;99.1
1071729215;2019-08-30 14:30:00;2019-08-30 15:00:00;96.96666666666667
1071729215;2019-08-30 15:00:00;2019-08-30 15:30:00;113.03333333333333
1071729215;2019-08-30 15:30:00;2019-08-30 16:00:00;104.83333333333333
1071729215;2019-08-30 16:00:00;2019-08-30 16:30:00;97.03333333333333
1071729215;2019-08-30 16:30:00;2019-08-30 17:00:00;99.76666666666667
1071729215;2019-08-30 17:00:00;2019-08-30 17:30:00;102.3
1071729215;2019-08-30 17:30:00;2019-08-30 18:00:00;95.23333333333333
1071729215;2019-08-30 18:00:00;2019-08-30 18:30:00;94.73333333333333
1071729215;2019-08-30 18:30:00;2019-08-30 19:00:00;92.03333333333333
1071729215;2019-08-30 19:00:00;2019-08-30 19:30:00;107.56666666666666
1071729215;2019-08-30 19:30:00;2019-08-30 20:00:00;97.8
1071729215;2019-08-30 20:00:00;2019-08-30 20:30:00;105.1
1071729215;2019-08-30 20:30:00;2019-08-30 21:00:00;99.6896551724138
1071729215;2019-08-30 21:00:00;2019-08-30 21:30:00;92.0
1071729215;2019-08-30 21:30:00;2019-08-30 22:00:00;100.46666666666667
1071729215;2019-08-30 22:00:00;2019-08-30 22:30:00;98.46666666666667
1071729215;2019-08-30 22:30:00;2019-08-30 23:00:00;96.03333333333333
1071729215;2019-08-30 23:00:00;2019-08-30 23:30:00;101.93333333333334
1071729215;2019-08-30 23:30:00;2019-08-30 23:59:59;96.66666666666667
1071729215;2019-08-31 00:00:00;2019-08-31 00:30:00;116.7
1071729215;2019-08-31 00:30:00;2019-08-31 01:00:00;102.13333333333334
1071729215;2019-08-31 01:00:00;2019-08-31 01:30:00;92.16666666666667
1071729215;2019-08-31 01:30:00;2019-08-31 02:00:00;92.0
1071729215;2019-08-31 02:00:00;2019-08-31 02:30:00;92.1
1071729215;2019-08-31 02:30:00;2019-08-31 03:00:00;92.0
1071729215;2019-08-31 03:00:00;2019-08-31 03:30:00;89.46666666666667
1071729215;2019-08-31 03:30:00;2019-08-31 04:00:00;84.43333333333334
1071729215;2019-08-31 04:00:00;2019-08-31 04:30:00;97.33333333333333
1071729215;2019-08-31 04:30:00;2019-08-31 05:00:00;99.0
1071729215;2019-08-31 05:00:00;2019-08-31 05:30:00;111.66666666666667
1071729215;2019-08-31 05:30:00;2019-08-31 06:00:00;93.3
1071729215;2019-08-31 06:00:00;2019-08-31 06:30:00;106.2
1071729215;2019-08-31 06:30:00;2019-08-31 07:00:00;109.0
1071729215;2019-08-31 07:00:00;2019-08-31 07:30:00;111.96666666666667
1071729215;2019-08-31 07:30:00;2019-08-31 08:00:00;96.16666666666667
1071729215;2019-08-31 08:00:00;2019-08-31 08:30:00;90.9
1071729215;2019-08-31 08:30:00;2019-08-31 09:00:00;92.16666666666667
1071729215;2019-08-31 09:00:00;2019-08-31 09:30:00;103.26666666666667
1071729215;2019-08-31 09:30:00;2019-08-31 10:00:00;96.06666666666666
1071729215;2019-08-31 10:00:00;2019-08-31 10:30:00;105.3
1071729215;2019-08-31 10:30:00;2019-08-31 11:00:00;95.76666666666667
1071729215;2019-08-31 11:00:00;2019-08-31 11:30:00;89.4
1071729215;2019-08-31 11:30:00;2019-08-31 12:00:00;98.63333333333334
1071729215;2019-08-31 12:00:00;2019-08-31 12:30:00;110.86666666666666
1071729215;2019-08-31 12:30:00;2019-08-31 13:00:00;124.7
1071729215;2019-08-31 13:00:00;2019-08-31 13:30:00;99.2
1071729215;2019-08-31 13:30:00;2019-08-31 14:00:00;101.66666666666667
1071729215;2019-08-31 14:00:00;2019-08-31 14:30:00;107.66666666666667
1071729215;2019-08-31 14:30:00;2019-08-31 15:00:00;104.73333333333333
1071729215;2019-08-31 15:00:00;2019-08-31 15:30:00;112.83333333333333
1071729215;2019-08-31 15:30:00;2019-08-31 16:00:00;117.03333333333333
1071729215;2019-08-31 16:00:00;2019-08-31 16:30:00;105.63333333333334
1071729215;2019-08-31 16:30:00;2019-08-31 17:00:00;116.26666666666667
1071729215;2019-08-31 17:00:00;2019-08-31 17:30:00;119.33333333333333
1071729215;2019-08-31 17:30:00;2019-08-31 18:00:00;110.86666666666666
1071729215;2019-08-31 18:00:00;2019-08-31 18:30:00;114.13333333333334
1071729215;2019-08-31 18:30:00;2019-08-31 19:00:00;104.53333333333333
1071729215;2019-08-31 19:00:00;2019-08-31 19:30:00;104.23333333333333
1071729215;2019-08-31 19:30:00;2019-08-31 20:00:00;106.0
1071729215;2019-08-31 20:00:00;2019-08-31 20:30:00;96.6
1071729215;2019-08-31 20:30:00;2019-08-31 21:00:00;93.03333333333333
1071729215;2019-08-31 21:00:00;2019-08-31 21:30:00;93.03333333333333
1071729215;2019-08-31 21:30:00;2019-08-31 22:00:00;92.0
1071729215;2019-08-31 22:00:00;2019-08-31 22:30:00;98.1
1071729215;2019-08-31 22:30:00;2019-08-31 23:00:00;92.0
1071729215;2019-08-31 23:00:00;2019-08-31 23:30:00;99.73333333333333
1071729215;2019-08-31 23:30:00;2019-08-31 23:59:59;100.06666666666666
1071729215;2019-09-01 00:00:00;2019-09-01 00:30:00;93.33333333333333
1071729215;2019-09-01 00:30:00;2019-09-01 01:00:00;93.0
1071729215;2019-09-01 01:00:00;2019-09-01 01:30:00;98.2
1071729215;2019-09-01 01:30:00;2019-09-01 02:00:00;98.76666666666667
1071729215;2019-09-01 02:00:00;2019-09-01 02:30:00;102.66666666666667
1071729215;2019-09-01 02:30:00;2019-09-01 03:00:00;121.66666666666667
1071729215;2019-09-01 03:00:00;2019-09-01 03:30:00;107.9
1071729215;2019-09-01 03:30:00;2019-09-01 04:00:00;95.23333333333333
1071729215;2019-09-01 04:00:00;2019-09-01 04:30:00;93.0
1071729215;2019-09-01 04:30:00;2019-09-01 05:00:00;95.8
1071729215;2019-09-01 05:00:00;2019-09-01 05:30:00;99.0
1071729215;2019-09-01 05:30:00;2019-09-01 06:00:00;102.8
1071729215;2019-09-01 06:00:00;2019-09-01 06:30:00;103.43333333333334
1071729215;2019-09-01 06:30:00;2019-09-01 07:00:00;98.26666666666667
1071729215;2019-09-01 07:00:00;2019-09-01 07:30:00;112.4
1071729215;2019-09-01 07:30:00;2019-09-01 08:00:00;112.73333333333333
1071729215;2019-09-01 08:00:00;2019-09-01 08:30:00;110.13333333333334
1071729215;2019-09-01 08:30:00;2019-09-01 09:00:00;118.56666666666666
1071729215;2019-09-01 09:00:00;2019-09-01 09:30:00;115.86666666666666
1071729215;2019-09-01 09:30:00;2019-09-01 10:00:00;96.7
1071729215;2019-09-01 10:00:00;2019-09-01 10:30:00;105.43333333333334
1071729215;2019-09-01 10:30:00;2019-09-01 11:00:00;97.56666666666666
1071729215;2019-09-01 11:00:00;2019-09-01 11:30:00;95.53333333333333
1071729215;2019-09-01 11:30:00;2019-09-01 12:00:00;91.86666666666666
1071729215;2019-09-01 12:00:00;2019-09-01 12:30:00;102.13333333333334
1071729215;2019-09-01 12:30:00;2019-09-01 13:00:00;97.8
1071729215;2019-09-01 13:00:00;2019-09-01 13:30:00;84.6
1071729215;2019-09-01 13:30:00;2019-09-01 14:00:00;71.63333333333334
1071729215;2019-09-01 14:00:00;2019-09-01 14:30:00;83.23333333333333
1071729215;2019-09-01 14:30:00;2019-09-01 15:00:00;87.06666666666666
1071729215;2019-09-01 15:00:00;2019-09-01 15:30:00;89.13333333333334
1071729215;2019-09-01 15:30:00;2019-09-01 16:00:00;92.46666666666667
1071729215;2019-09-01 16:00:00;2019-09-01 16:30:00;97.8
1071729215;2019-09-01 16:30:00;2019-09-01 17:00:00;107.26666666666667
1071729215;2019-09-01 17:00:00;2019-09-01 17:30:00;105.16666666666667
1071729215;2019-09-01 17:30:00;2019-09-01 18:00:00;105.46666666666667
1071729215;2019-09-01 18:00:00;2019-09-01 18:30:00;99.93333333333334
1071729215;2019-09-01 18:30:00;2019-09-01 19:00:00;93.33333333333333
1071729215;2019-09-01 19:00:00;2019-09-01 19:30:00;103.46666666666667
1071729215;2019-09-01 19:30:00;2019-09-01 20:00:00;113.43333333333334
1071729215;2019-09-01 20:00:00;2019-09-01 20:30:00;91.7
1071729215;2019-09-01 20:30:00;2019-09-01 21:00:00;92.6
1071729215;2019-09-01 21:00:00;2019-09-01 21:30:00;92.0
1071729215;2019-09-01 21:30:00;2019-09-01 22:00:00;92.6
1071729215;2019-09-01 22:00:00;2019-09-01 22:30:00;92.9
1071729215;2019-09-01 22:30:00;2019-09-01 23:00:00;92.0
1071729215;2019-09-01 23:00:00;2019-09-01 23:30:00;92.0
1071729215;2019-09-01 23:30:00;2019-09-01 23:59:59;92.0
1071729215;2019-09-02 00:00:00;2019-09-02 00:30:00;92.0
1071729215;2019-09-02 00:30:00;2019-09-02 01:00:00;92.0
1071729215;2019-09-02 01:00:00;2019-09-02 01:30:00;99.66666666666667
1071729215;2019-09-02 01:30:00;2019-09-02 02:00:00;99.3
1071729215;2019-09-02 02:00:00;2019-09-02 02:30:00;137.0
1071729215;2019-09-02 02:30:00;2019-09-02 03:00:00;131.66666666666666
1071729215;2019-09-02 03:00:00;2019-09-02 03:30:00;100.6
1071729215;2019-09-02 03:30:00;2019-09-02 04:00:00;96.43333333333334
1071729215;2019-09-02 04:00:00;2019-09-02 04:30:00;100.33333333333333
1071729215;2019-09-02 04:30:00;2019-09-02 05:00:00;96.6
1071729215;2019-09-02 05:00:00;2019-09-02 05:30:00;106.16666666666667
1071729215;2019-09-02 05:30:00;2019-09-02 06:00:00;110.1
1071729215;2019-09-02 06:00:00;2019-09-02 06:30:00;95.36666666666666
1071729215;2019-09-02 06:30:00;2019-09-02 07:00:00;108.16666666666667
1071729215;2019-09-02 07:00:00;2019-09-02 07:30:00;114.26666666666667
1071729215;2019-09-02 07:30:00;2019-09-02 08:00:00;100.36666666666666
1071729215;2019-09-02 08:00:00;2019-09-02 08:30:00;95.86363636363636
1071729215;2019-09-02 08:30:00;2019-09-02 09:00:00;110.77272727272727
1071729215;2019-09-02 09:00:00;2019-09-02 09:30:00;109.06666666666666
1071729215;2019-09-02 09:30:00;2019-09-02 10:00:00;114.43333333333334
1071729215;2019-09-02 10:00:00;2019-09-02 10:30:00;88.03333333333333
1071729215;2019-09-02 10:30:00;2019-09-02 11:00:00;87.0
1071729215;2019-09-02 11:00:00;2019-09-02 11:30:00;98.10344827586206
1071729215;2019-09-02 11:30:00;2019-09-02 12:00:00;104.9
1071729215;2019-09-02 12:00:00;2019-09-02 12:30:00;105.16666666666667
1071729215;2019-09-02 12:30:00;2019-09-02 13:00:00;108.23333333333333
1071729215;2019-09-02 13:00:00;2019-09-02 13:30:00;90.0
1071729215;2019-09-02 13:30:00;2019-09-02 14:00:00;105.8
1071729215;2019-09-02 14:00:00;2019-09-02 14:30:00;113.9
1071729215;2019-09-02 14:30:00;2019-09-02 15:00:00;101.86666666666666
1071729215;2019-09-02 15:00:00;2019-09-02 15:30:00;100.83333333333333
1071729215;2019-09-02 15:30:00;2019-09-02 16:00:00;92.36666666666666
1071729215;2019-09-02 16:00:00;2019-09-02 16:30:00;102.96666666666667
1071729215;2019-09-02 16:30:00;2019-09-02 17:00:00;96.83333333333333
1071729215;2019-09-02 17:00:00;2019-09-02 17:30:00;100.96666666666667
1071729215;2019-09-02 17:30:00;2019-09-02 18:00:00;99.93333333333334
1071729215;2019-09-02 18:00:00;2019-09-02 18:30:00;111.43333333333334
1071729215;2019-09-02 18:30:00;2019-09-02 19:00:00;87.8
1071729215;2019-09-02 19:00:00;2019-09-02 19:30:00;101.2
1071729215;2019-09-02 19:30:00;2019-09-02 20:00:00;94.3
1071729215;2019-09-02 20:00:00;2019-09-02 20:30:00;105.93333333333334
1071729215;2019-09-02 20:30:00;2019-09-02 21:00:00;94.1
1071729215;2019-09-02 21:00:00;2019-09-02 21:30:00;114.0
1071729215;2019-09-02 21:30:00;2019-09-02 22:00:00;88.73333333333333
1071729215;2019-09-02 22:00:00;2019-09-02 22:30:00;92.0
1071729215;2019-09-02 22:30:00;2019-09-02 23:00:00;92.0
1071729215;2019-09-02 23:00:00;2019-09-02 23:30:00;92.0
1071729215;2019-09-02 23:30:00;2019-09-02 23:59:59;92.0
1071729215;2019-09-03 00:00:00;2019-09-03 00:30:00;92.0
1071729215;2019-09-03 00:30:00;2019-09-03 01:00:00;92.0
1071729215;2019-09-03 01:00:00;2019-09-03 01:30:00;92.0
1071729215;2019-09-03 01:30:00;2019-09-03 02:00:00;92.0
1071729215;2019-09-03 02:00:00;2019-09-03 02:30:00;92.0
1071729215;2019-09-03 02:30:00;2019-09-03 03:00:00;98.26666666666667
1071729215;2019-09-03 03:00:00;2019-09-03 03:30:00;90.2
1071729215;2019-09-03 03:30:00;2019-09-03 04:00:00;101.0
1071729215;2019-09-03 04:00:00;2019-09-03 04:30:00;101.8
1071729215;2019-09-03 04:30:00;2019-09-03 05:00:00;94.5
1071729215;2019-09-03 05:00:00;2019-09-03 05:30:00;107.06666666666666
1071729215;2019-09-03 05:30:00;2019-09-03 06:00:00;112.9
1071729215;2019-09-03 06:00:00;2019-09-03 06:30:00;105.73333333333333
1071729215;2019-09-03 06:30:00;2019-09-03 07:00:00;106.03333333333333
1071729215;2019-09-03 07:00:00;2019-09-03 07:30:00;99.76666666666667
1071729215;2019-09-03 07:30:00;2019-09-03 08:00:00;90.96666666666667
1071729215;2019-09-03 08:00:00;2019-09-03 08:30:00;99.1
1071729215;2019-09-03 08:30:00;2019-09-03 09:00:00;95.93333333333334
1071729215;2019-09-03 09:00:00;2019-09-03 09:30:00;86.93333333333334
1071729215;2019-09-03 09:30:00;2019-09-03 10:00:00;83.0
1071729215;2019-09-03 10:00:00;2019-09-03 10:30:00;93.53333333333333
1071729215;2019-09-03 10:30:00;2019-09-03 11:00:00;85.63333333333334
1071729215;2019-09-03 11:00:00;2019-09-03 11:30:00;90.5
1071729215;2019-09-03 11:30:00;2019-09-03 12:00:00;94.63333333333334
1071729215;2019-09-03 12:00:00;2019-09-03 12:30:00;89.86666666666666
1071729215;2019-09-03 12:30:00;2019-09-03 13:00:00;84.5
1071729215;2019-09-03 13:00:00;2019-09-03 13:30:00;91.86666666666666
1071729215;2019-09-03 13:30:00;2019-09-03 14:00:00;102.46666666666667
1071729215;2019-09-03 14:00:00;2019-09-03 14:30:00;105.6
1071729215;2019-09-03 14:30:00;2019-09-03 15:00:00;100.36666666666666
1071729215;2019-09-03 15:00:00;2019-09-03 15:30:00;95.63333333333334
1071729215;2019-09-03 15:30:00;2019-09-03 16:00:00;100.73333333333333
1071729215;2019-09-03 16:00:00;2019-09-03 16:30:00;96.3
1071729215;2019-09-03 16:30:00;2019-09-03 17:00:00;91.43333333333334
1071729215;2019-09-03 17:00:00;2019-09-03 17:30:00;96.26666666666667
1071729215;2019-09-03 17:30:00;2019-09-03 18:00:00;99.7
1071729215;2019-09-03 18:00:00;2019-09-03 18:30:00;100.93333333333334
1071729215;2019-09-03 18:30:00;2019-09-03 19:00:00;88.2
1071729215;2019-09-03 19:00:00;2019-09-03 19:30:00;88.86666666666666
1071729215;2019-09-03 19:30:00;2019-09-03 20:00:00;99.16666666666667
1071729215;2019-09-03 20:00:00;2019-09-03 20:30:00;93.23333333333333
1071729215;2019-09-03 20:30:00;2019-09-03 21:00:00;98.7
1071729215;2019-09-03 21:00:00;2019-09-03 21:30:00;97.13333333333334
1071729215;2019-09-03 21:30:00;2019-09-03 22:00:00;93.13333333333334
1071729215;2019-09-03 22:00:00;2019-09-03 22:30:00;100.3
1071729215;2019-09-03 22:30:00;2019-09-03 23:00:00;88.86666666666666
1071729215;2019-09-03 23:00:00;2019-09-03 23:30:00;90.43333333333334
1071729215;2019-09-03 23:30:00;2019-09-03 23:59:59;88.96666666666667
1071729215;2019-09-04 00:00:00;2019-09-04 00:30:00;92.0
1071729215;2019-09-04 00:30:00;2019-09-04 01:00:00;92.0
1071729215;2019-09-04 01:00:00;2019-09-04 01:30:00;92.0
1071729215;2019-09-04 01:30:00;2019-09-04 02:00:00;92.0
1071729215;2019-09-04 02:00:00;2019-09-04 02:30:00;91.2
1071729215;2019-09-04 02:30:00;2019-09-04 03:00:00;88.8
1071729215;2019-09-04 03:00:00;2019-09-04 03:30:00;87.2
1071729215;2019-09-04 03:30:00;2019-09-04 04:00:00;93.86666666666666
1071729215;2019-09-04 04:00:00;2019-09-04 04:30:00;104.33333333333333
1071729215;2019-09-04 04:30:00;2019-09-04 05:00:00;103.96666666666667
1071729215;2019-09-04 05:00:00;2019-09-04 05:30:00;107.06666666666666
1071729215;2019-09-04 05:30:00;2019-09-04 06:00:00;108.36666666666666
1071729215;2019-09-04 06:00:00;2019-09-04 06:30:00;101.06666666666666
1071729215;2019-09-04 06:30:00;2019-09-04 07:00:00;107.24137931034483
1071729215;2019-09-04 07:00:00;2019-09-04 07:30:00;109.0
1071729215;2019-09-04 07:30:00;2019-09-04 08:00:00;96.0
1071729215;2019-09-04 08:00:00;2019-09-04 08:30:00;88.8
1071729215;2019-09-04 08:30:00;2019-09-04 09:00:00;105.03333333333333
1071729215;2019-09-04 09:00:00;2019-09-04 09:30:00;95.26666666666667
1071729215;2019-09-04 09:30:00;2019-09-04 10:00:00;102.3
1071729215;2019-09-04 10:00:00;2019-09-04 10:30:00;108.76666666666667
1071729215;2019-09-04 10:30:00;2019-09-04 11:00:00;107.8
1071729215;2019-09-04 11:00:00;2019-09-04 11:30:00;99.4
1071729215;2019-09-04 11:30:00;2019-09-04 12:00:00;95.36666666666666
1071729215;2019-09-04 12:00:00;2019-09-04 12:30:00;94.03333333333333
1071729215;2019-09-04 12:30:00;2019-09-04 13:00:00;91.6
1071729215;2019-09-04 13:00:00;2019-09-04 13:30:00;94.7
1071729215;2019-09-04 13:30:00;2019-09-04 14:00:00;109.4
1071729215;2019-09-04 14:00:00;2019-09-04 14:30:00;101.13333333333334
1071729215;2019-09-04 14:30:00;2019-09-04 15:00:00;96.5
1071729215;2019-09-04 15:00:00;2019-09-04 15:30:00;93.3
1071729215;2019-09-04 15:30:00;2019-09-04 16:00:00;91.26666666666667
1071729215;2019-09-04 16:00:00;2019-09-04 16:30:00;90.23333333333333
1071729215;2019-09-04 16:30:00;2019-09-04 17:00:00;98.63333333333334
1071729215;2019-09-04 17:00:00;2019-09-04 17:30:00;118.5
1071729215;2019-09-04 17:30:00;2019-09-04 18:00:00;98.43333333333334
1071729215;2019-09-04 18:00:00;2019-09-04 18:30:00;98.46666666666667
1071729215;2019-09-04 18:30:00;2019-09-04 19:00:00;110.4
1071729215;2019-09-04 19:00:00;2019-09-04 19:30:00;99.06666666666666
1071729215;2019-09-04 19:30:00;2019-09-04 20:00:00;95.16666666666667
1071729215;2019-09-04 20:00:00;2019-09-04 20:30:00;94.26666666666667
1071729215;2019-09-04 20:30:00;2019-09-04 21:00:00;95.7
1071729215;2019-09-04 21:00:00;2019-09-04 21:30:00;97.96666666666667
1071729215;2019-09-04 21:30:00;2019-09-04 22:00:00;91.73333333333333
1071729215;2019-09-04 22:00:00;2019-09-04 22:30:00;108.3
1071729215;2019-09-04 22:30:00;2019-09-04 23:00:00;105.23333333333333
1071729215;2019-09-04 23:00:00;2019-09-04 23:30:00;106.0
1071729215;2019-09-04 23:30:00;2019-09-04 23:59:59;121.6
1071729215;2019-09-05 00:00:00;2019-09-05 00:30:00;111.3
1071729215;2019-09-05 00:30:00;2019-09-05 01:00:00;91.9
1071729215;2019-09-05 01:00:00;2019-09-05 01:30:00;91.7
1071729215;2019-09-05 01:30:00;2019-09-05 02:00:00;92.0
1071729215;2019-09-05 02:00:00;2019-09-05 02:30:00;92.0
1071729215;2019-09-05 02:30:00;2019-09-05 03:00:00;92.0
1071729215;2019-09-05 03:00:00;2019-09-05 03:30:00;84.0
1071729215;2019-09-05 03:30:00;2019-09-05 04:00:00;91.03333333333333
1071729215;2019-09-05 04:00:00;2019-09-05 04:30:00;89.0
1071729215;2019-09-05 04:30:00;2019-09-05 05:00:00;96.93333333333334
1071729215;2019-09-05 05:00:00;2019-09-05 05:30:00;104.76666666666667
1071729215;2019-09-05 05:30:00;2019-09-05 06:00:00;114.26666666666667
1071729215;2019-09-05 06:00:00;2019-09-05 06:30:00;99.4
1071729215;2019-09-05 06:30:00;2019-09-05 07:00:00;107.0
1071729215;2019-09-05 07:00:00;2019-09-05 07:30:00;105.73333333333333
1071729215;2019-09-05 07:30:00;2019-09-05 08:00:00;101.6
1071729215;2019-09-05 08:00:00;2019-09-05 08:30:00;90.53333333333333
1071729215;2019-09-05 08:30:00;2019-09-05 09:00:00;98.4
1071729215;2019-09-05 09:00:00;2019-09-05 09:30:00;105.83333333333333
1071729215;2019-09-05 09:30:00;2019-09-05 10:00:00;99.23333333333333
1071729215;2019-09-05 10:00:00;2019-09-05 10:30:00;94.16666666666667
1071729215;2019-09-05 10:30:00;2019-09-05 11:00:00;97.23333333333333
1071729215;2019-09-05 11:00:00;2019-09-05 11:30:00;106.0
1071729215;2019-09-05 11:30:00;2019-09-05 12:00:00;93.43333333333334
1071729215;2019-09-05 12:00:00;2019-09-05 12:30:00;101.0
1071729215;2019-09-05 12:30:00;2019-09-05 13:00:00;94.23333333333333
1071729215;2019-09-05 13:00:00;2019-09-05 13:30:00;107.73333333333333
1071729215;2019-09-05 13:30:00;2019-09-05 14:00:00;108.6
1071729215;2019-09-05 14:00:00;2019-09-05 14:30:00;95.06666666666666
1071729215;2019-09-05 14:30:00;2019-09-05 15:00:00;101.26666666666667
1071729215;2019-09-05 15:00:00;2019-09-05 15:30:00;94.66666666666667
1071729215;2019-09-05 15:30:00;2019-09-05 16:00:00;104.33333333333333
1071729215;2019-09-05 16:00:00;2019-09-05 16:30:00;96.96666666666667
1071729215;2019-09-05 16:30:00;2019-09-05 17:00:00;91.7
1071729215;2019-09-05 17:00:00;2019-09-05 17:30:00;93.0
1071729215;2019-09-05 17:30:00;2019-09-05 18:00:00;92.26666666666667
1071729215;2019-09-05 18:00:00;2019-09-05 18:30:00;90.66666666666667
1071729215;2019-09-05 18:30:00;2019-09-05 19:00:00;99.66666666666667
1071729215;2019-09-05 19:00:00;2019-09-05 19:30:00;92.96666666666667
1071729215;2019-09-05 19:30:00;2019-09-05 20:00:00;90.5
1071729215;2019-09-05 20:00:00;2019-09-05 20:30:00;86.26666666666667
1071729215;2019-09-05 20:30:00;2019-09-05 21:00:00;91.93333333333334
1071729215;2019-09-05 21:00:00;2019-09-05 21:30:00;91.66666666666667
1071729215;2019-09-05 21:30:00;2019-09-05 22:00:00;92.0
1071729215;2019-09-05 22:00:00;2019-09-05 22:30:00;92.0
1071729215;2019-09-05 22:30:00;2019-09-05 23:00:00;92.0
1071729215;2019-09-05 23:00:00;2019-09-05 23:30:00;90.7
1071729215;2019-09-05 23:30:00;2019-09-05 23:59:59;92.06666666666666
1071729215;2019-09-06 00:00:00;2019-09-06 00:30:00;94.66666666666667
1071729215;2019-09-06 00:30:00;2019-09-06 01:00:00;92.0
1071729215;2019-09-06 01:00:00;2019-09-06 01:30:00;90.9
1071729215;2019-09-06 01:30:00;2019-09-06 02:00:00;89.23333333333333
1071729215;2019-09-06 02:00:00;2019-09-06 02:30:00;92.0
1071729215;2019-09-06 02:30:00;2019-09-06 03:00:00;92.0
1071729215;2019-09-06 03:00:00;2019-09-06 03:30:00;84.86666666666666
1071729215;2019-09-06 03:30:00;2019-09-06 04:00:00;87.46666666666667
1071729215;2019-09-06 04:00:00;2019-09-06 04:30:00;107.86666666666666
1071729215;2019-09-06 04:30:00;2019-09-06 05:00:00;102.46666666666667
1071729215;2019-09-06 05:00:00;2019-09-06 05:30:00;110.26666666666667
1071729215;2019-09-06 05:30:00;2019-09-06 06:00:00;101.96666666666667
1071729215;2019-09-06 06:00:00;2019-09-06 06:30:00;109.5
1071729215;2019-09-06 06:30:00;2019-09-06 07:00:00;109.9
1071729215;2019-09-06 07:00:00;2019-09-06 07:30:00;97.76666666666667
1071729215;2019-09-06 07:30:00;2019-09-06 08:00:00;96.43333333333334
1071729215;2019-09-06 08:00:00;2019-09-06 08:30:00;103.0
1071729215;2019-09-06 08:30:00;2019-09-06 09:00:00;93.66666666666667
1071729215;2019-09-06 09:00:00;2019-09-06 09:30:00;94.46666666666667
1071729215;2019-09-06 09:30:00;2019-09-06 10:00:00;92.0
1071729215;2019-09-06 10:00:00;2019-09-06 10:30:00;96.33333333333333
1071729215;2019-09-06 10:30:00;2019-09-06 11:00:00;95.13333333333334
1071729215;2019-09-06 11:00:00;2019-09-06 11:30:00;109.7
1071729215;2019-09-06 11:30:00;2019-09-06 12:00:00;101.13333333333334
1071729215;2019-09-06 12:00:00;2019-09-06 12:30:00;94.26666666666667
1071729215;2019-09-06 12:30:00;2019-09-06 13:00:00;99.93333333333334
1071729215;2019-09-06 13:00:00;2019-09-06 13:30:00;109.7
1071729215;2019-09-06 13:30:00;2019-09-06 14:00:00;96.7
1071729215;2019-09-06 14:00:00;2019-09-06 14:30:00;98.0
1071729215;2019-09-06 14:30:00;2019-09-06 15:00:00;98.6
1071729215;2019-09-06 15:00:00;2019-09-06 15:30:00;110.0
1071729215;2019-09-06 15:30:00;2019-09-06 16:00:00;108.3
1071729215;2019-09-06 16:00:00;2019-09-06 16:30:00;98.56666666666666
1071729215;2019-09-06 16:30:00;2019-09-06 17:00:00;102.63333333333334
1071729215;2019-09-06 17:00:00;2019-09-06 17:30:00;115.5
1071729215;2019-09-06 17:30:00;2019-09-06 18:00:00;106.5
1071729215;2019-09-06 18:00:00;2019-09-06 18:30:00;106.03333333333333
1071729215;2019-09-06 18:30:00;2019-09-06 19:00:00;94.5
1071729215;2019-09-06 19:00:00;2019-09-06 19:30:00;109.1
1071729215;2019-09-06 19:30:00;2019-09-06 20:00:00;97.13333333333334
1071729215;2019-09-06 20:00:00;2019-09-06 20:30:00;100.03333333333333
1071729215;2019-09-06 20:30:00;2019-09-06 21:00:00;93.6
1071729215;2019-09-06 21:00:00;2019-09-06 21:30:00;95.0
1071729215;2019-09-06 21:30:00;2019-09-06 22:00:00;90.56666666666666
1071729215;2019-09-06 22:00:00;2019-09-06 22:30:00;91.4
1071729215;2019-09-06 22:30:00;2019-09-06 23:00:00;92.0
1071729215;2019-09-06 23:00:00;2019-09-06 23:30:00;89.7
1071729215;2019-09-06 23:30:00;2019-09-06 23:59:59;99.46666666666667
1071729215;2019-09-07 00:00:00;2019-09-07 00:30:00;106.96666666666667
1071729215;2019-09-07 00:30:00;2019-09-07 01:00:00;92.6
1071729215;2019-09-07 01:00:00;2019-09-07 01:30:00;114.96666666666667
1071729215;2019-09-07 01:30:00;2019-09-07 02:00:00;108.63333333333334
1071729215;2019-09-07 02:00:00;2019-09-07 02:30:00;96.1
1071729215;2019-09-07 02:30:00;2019-09-07 03:00:00;99.2
1071729215;2019-09-07 03:00:00;2019-09-07 03:30:00;112.83333333333333
1071729215;2019-09-07 03:30:00;2019-09-07 04:00:00;115.03333333333333
1071729215;2019-09-07 04:00:00;2019-09-07 04:30:00;104.23333333333333
1071729215;2019-09-07 04:30:00;2019-09-07 05:00:00;99.26666666666667
1071729215;2019-09-07 05:00:00;2019-09-07 05:30:00;103.0
1071729215;2019-09-07 05:30:00;2019-09-07 06:00:00;103.0
1071729215;2019-09-07 06:00:00;2019-09-07 06:30:00;105.13333333333334
1071729215;2019-09-07 06:30:00;2019-09-07 07:00:00;99.6
1071729215;2019-09-07 07:00:00;2019-09-07 07:30:00;104.23333333333333
1071729215;2019-09-07 07:30:00;2019-09-07 08:00:00;91.23333333333333
1071729215;2019-09-07 08:00:00;2019-09-07 08:30:00;110.76666666666667
1071729215;2019-09-07 08:30:00;2019-09-07 09:00:00;106.23333333333333
1071729215;2019-09-07 09:00:00;2019-09-07 09:30:00;105.86666666666666
1071729215;2019-09-07 09:30:00;2019-09-07 10:00:00;99.8
1071729215;2019-09-07 10:00:00;2019-09-07 10:30:00;100.9
1071729215;2019-09-07 10:30:00;2019-09-07 11:00:00;109.66666666666667
1071729215;2019-09-07 11:00:00;2019-09-07 11:30:00;102.76666666666667
1071729215;2019-09-07 11:30:00;2019-09-07 12:00:00;111.83333333333333
1071729215;2019-09-07 12:00:00;2019-09-07 12:30:00;96.26666666666667
1071729215;2019-09-07 12:30:00;2019-09-07 13:00:00;113.76666666666667
1071729215;2019-09-07 13:00:00;2019-09-07 13:30:00;102.3
1071729215;2019-09-07 13:30:00;2019-09-07 14:00:00;104.06666666666666
1071729215;2019-09-07 14:00:00;2019-09-07 14:30:00;115.5
1071729215;2019-09-07 14:30:00;2019-09-07 15:00:00;115.7
1071729215;2019-09-07 15:00:00;2019-09-07 15:30:00;108.43333333333334
1071729215;2019-09-07 15:30:00;2019-09-07 16:00:00;109.86666666666666
1071729215;2019-09-07 16:00:00;2019-09-07 16:30:00;109.73333333333333
1071729215;2019-09-07 16:30:00;2019-09-07 17:00:00;98.2
1071729215;2019-09-07 17:00:00;2019-09-07 17:30:00;104.1
1071729215;2019-09-07 17:30:00;2019-09-07 18:00:00;104.96666666666667
1071729215;2019-09-07 18:00:00;2019-09-07 18:30:00;103.06666666666666
1071729215;2019-09-07 18:30:00;2019-09-07 19:00:00;109.33333333333333
1071729215;2019-09-07 19:00:00;2019-09-07 19:30:00;109.13333333333334
1071729215;2019-09-07 19:30:00;2019-09-07 20:00:00;104.2
1071729215;2019-09-07 20:00:00;2019-09-07 20:30:00;98.36666666666666
1071729215;2019-09-07 20:30:00;2019-09-07 21:00:00;103.76666666666667
1071729215;2019-09-07 21:00:00;2019-09-07 21:30:00;106.13333333333334
1071729215;2019-09-07 21:30:00;2019-09-07 22:00:00;93.86666666666666
1071729215;2019-09-07 22:00:00;2019-09-07 22:30:00;92.43333333333334
1071729215;2019-09-07 22:30:00;2019-09-07 23:00:00;93.06666666666666
1071729215;2019-09-07 23:00:00;2019-09-07 23:30:00;96.96666666666667
1071729215;2019-09-07 23:30:00;2019-09-07 23:59:59;92.0
1071729215;2019-09-08 00:00:00;2019-09-08 00:30:00;92.0
1071729215;2019-09-08 00:30:00;2019-09-08 01:00:00;92.0
1071729215;2019-09-08 01:00:00;2019-09-08 01:30:00;92.0
1071729215;2019-09-08 01:30:00;2019-09-08 02:00:00;90.5
1071729215;2019-09-08 02:00:00;2019-09-08 02:30:00;92.0
1071729215;2019-09-08 02:30:00;2019-09-08 03:00:00;92.0
1071729215;2019-09-08 03:00:00;2019-09-08 03:30:00;95.0
1071729215;2019-09-08 03:30:00;2019-09-08 04:00:00;95.0
1071729215;2019-09-08 04:00:00;2019-09-08 04:30:00;93.0
1071729215;2019-09-08 04:30:00;2019-09-08 05:00:00;93.0
1071729215;2019-09-08 05:00:00;2019-09-08 05:30:00;95.43333333333334
1071729215;2019-09-08 05:30:00;2019-09-08 06:00:00;99.36666666666666
1071729215;2019-09-08 06:00:00;2019-09-08 06:30:00;96.36666666666666
1071729215;2019-09-08 06:30:00;2019-09-08 07:00:00;105.83333333333333
1071729215;2019-09-08 07:00:00;2019-09-08 07:30:00;104.3
1071729215;2019-09-08 07:30:00;2019-09-08 08:00:00;100.4
1071729215;2019-09-08 08:00:00;2019-09-08 08:30:00;107.0
1071729215;2019-09-08 08:30:00;2019-09-08 09:00:00;112.13333333333334
1071729215;2019-09-08 09:00:00;2019-09-08 09:30:00;108.86666666666666
1071729215;2019-09-08 09:30:00;2019-09-08 10:00:00;99.46666666666667
1071729215;2019-09-08 10:00:00;2019-09-08 10:30:00;108.66666666666667
1071729215;2019-09-08 10:30:00;2019-09-08 11:00:00;105.43333333333334
1071729215;2019-09-08 11:00:00;2019-09-08 11:30:00;104.83333333333333
1071729215;2019-09-08 11:30:00;2019-09-08 12:00:00;100.33333333333333
1071729215;2019-09-08 12:00:00;2019-09-08 12:30:00;99.16666666666667
1071729215;2019-09-08 12:30:00;2019-09-08 13:00:00;102.43333333333334
1071729215;2019-09-08 13:00:00;2019-09-08 13:30:00;109.56666666666666
1071729215;2019-09-08 13:30:00;2019-09-08 14:00:00;94.93333333333334
1071729215;2019-09-08 14:00:00;2019-09-08 14:30:00;96.46666666666667
1071729215;2019-09-08 14:30:00;2019-09-08 15:00:00;88.13333333333334
1071729215;2019-09-08 15:00:00;2019-09-08 15:30:00;91.73333333333333
1071729215;2019-09-08 15:30:00;2019-09-08 16:00:00;94.73333333333333
1071729215;2019-09-08 16:00:00;2019-09-08 16:30:00;102.63333333333334
1071729215;2019-09-08 16:30:00;2019-09-08 17:00:00;91.6
1071729215;2019-09-08 17:00:00;2019-09-08 17:30:00;100.16666666666667
1071729215;2019-09-08 17:30:00;2019-09-08 18:00:00;99.33333333333333
1071729215;2019-09-08 18:00:00;2019-09-08 18:30:00;104.26666666666667
1071729215;2019-09-08 18:30:00;2019-09-08 19:00:00;86.86666666666666
1071729215;2019-09-08 19:00:00;2019-09-08 19:30:00;107.46666666666667
1071729215;2019-09-08 19:30:00;2019-09-08 20:00:00;109.06666666666666
1071729215;2019-09-08 20:00:00;2019-09-08 20:30:00;112.8
1071729215;2019-09-08 20:30:00;2019-09-08 21:00:00;92.46666666666667
1071729215;2019-09-08 21:00:00;2019-09-08 21:30:00;92.0
1071729215;2019-09-08 21:30:00;2019-09-08 22:00:00;89.33333333333333
1071729215;2019-09-08 22:00:00;2019-09-08 22:30:00;92.0
1071729215;2019-09-08 22:30:00;2019-09-08 23:00:00;93.23333333333333
1071729215;2019-09-08 23:00:00;2019-09-08 23:30:00;95.3
1071729215;2019-09-08 23:30:00;2019-09-08 23:59:59;92.0
1071729215;2019-09-09 00:00:00;2019-09-09 00:30:00;92.0
1071729215;2019-09-09 00:30:00;2019-09-09 01:00:00;92.0
1071729215;2019-09-09 01:00:00;2019-09-09 01:30:00;92.0
1071729215;2019-09-09 01:30:00;2019-09-09 02:00:00;92.0
1071729215;2019-09-09 02:00:00;2019-09-09 02:30:00;92.0
1071729215;2019-09-09 02:30:00;2019-09-09 03:00:00;92.0
1071729215;2019-09-09 03:00:00;2019-09-09 03:30:00;90.0
1071729215;2019-09-09 03:30:00;2019-09-09 04:00:00;106.9
1071729215;2019-09-09 04:00:00;2019-09-09 04:30:00;101.33333333333333
1071729215;2019-09-09 04:30:00;2019-09-09 05:00:00;97.1
1071729215;2019-09-09 05:00:00;2019-09-09 05:30:00;103.03333333333333
1071729215;2019-09-09 05:30:00;2019-09-09 06:00:00;109.9
1071729215;2019-09-09 06:00:00;2019-09-09 06:30:00;102.13333333333334
1071729215;2019-09-09 06:30:00;2019-09-09 07:00:00;100.0
1071729215;2019-09-09 07:00:00;2019-09-09 07:30:00;104.93333333333334
1071729215;2019-09-09 07:30:00;2019-09-09 08:00:00;101.6
1071729215;2019-09-09 08:00:00;2019-09-09 08:30:00;98.7
1071729215;2019-09-09 08:30:00;2019-09-09 09:00:00;92.73333333333333
1071729215;2019-09-09 09:00:00;2019-09-09 09:30:00;104.2
1071729215;2019-09-09 09:30:00;2019-09-09 10:00:00;101.96666666666667
1071729215;2019-09-09 10:00:00;2019-09-09 10:30:00;101.86666666666666
1071729215;2019-09-09 10:30:00;2019-09-09 11:00:00;90.93333333333334
1071729215;2019-09-09 11:00:00;2019-09-09 11:30:00;99.6
1071729215;2019-09-09 11:30:00;2019-09-09 12:00:00;96.13333333333334
1071729215;2019-09-09 12:00:00;2019-09-09 12:30:00;107.1
1071729215;2019-09-09 12:30:00;2019-09-09 13:00:00;101.06666666666666
1071729215;2019-09-09 13:00:00;2019-09-09 13:30:00;105.2
1071729215;2019-09-09 13:30:00;2019-09-09 14:00:00;91.56666666666666
1071729215;2019-09-09 14:00:00;2019-09-09 14:30:00;104.43333333333334
1071729215;2019-09-09 14:30:00;2019-09-09 15:00:00;98.5
1071729215;2019-09-09 15:00:00;2019-09-09 15:30:00;97.46666666666667
1071729215;2019-09-09 15:30:00;2019-09-09 16:00:00;89.43333333333334
1071729215;2019-09-09 16:00:00;2019-09-09 16:30:00;102.4
1071729215;2019-09-09 16:30:00;2019-09-09 17:00:00;98.26666666666667
1071729215;2019-09-09 17:00:00;2019-09-09 17:30:00;100.3
1071729215;2019-09-09 17:30:00;2019-09-09 18:00:00;98.6
1071729215;2019-09-09 18:00:00;2019-09-09 18:30:00;89.86666666666666
1071729215;2019-09-09 18:30:00;2019-09-09 19:00:00;95.6
1071729215;2019-09-09 19:00:00;2019-09-09 19:30:00;99.06666666666666
1071729215;2019-09-09 19:30:00;2019-09-09 20:00:00;94.4
1071729215;2019-09-09 20:00:00;2019-09-09 20:30:00;104.46666666666667
1071729215;2019-09-09 20:30:00;2019-09-09 21:00:00;93.66666666666667
1071729215;2019-09-09 21:00:00;2019-09-09 21:30:00;90.83333333333333
1071729215;2019-09-09 21:30:00;2019-09-09 22:00:00;82.43333333333334
1071729215;2019-09-09 22:00:00;2019-09-09 22:30:00;89.76666666666667
1071729215;2019-09-09 22:30:00;2019-09-09 23:00:00;93.53333333333333
1071729215;2019-09-09 23:00:00;2019-09-09 23:30:00;92.0
1071729215;2019-09-09 23:30:00;2019-09-09 23:59:59;92.0
1071729215;2019-09-10 00:00:00;2019-09-10 00:30:00;84.36666666666666
1071729215;2019-09-10 00:30:00;2019-09-10 01:00:00;92.0
1071729215;2019-09-10 01:00:00;2019-09-10 01:30:00;100.6
1071729215;2019-09-10 01:30:00;2019-09-10 02:00:00;95.03333333333333
1071729215;2019-09-10 02:00:00;2019-09-10 02:30:00;116.0
1071729215;2019-09-10 02:30:00;2019-09-10 03:00:00;98.16666666666667
1071729215;2019-09-10 03:00:00;2019-09-10 03:30:00;95.9
1071729215;2019-09-10 03:30:00;2019-09-10 04:00:00;87.8
1071729215;2019-09-10 04:00:00;2019-09-10 04:30:00;94.63333333333334
1071729215;2019-09-10 04:30:00;2019-09-10 05:00:00;97.06666666666666
1071729215;2019-09-10 05:00:00;2019-09-10 05:30:00;100.76666666666667
1071729215;2019-09-10 05:30:00;2019-09-10 06:00:00;97.33333333333333
1071729215;2019-09-10 06:00:00;2019-09-10 06:30:00;95.56666666666666
1071729215;2019-09-10 06:30:00;2019-09-10 07:00:00;97.56666666666666
1071729215;2019-09-10 07:00:00;2019-09-10 07:30:00;101.7
1071729215;2019-09-10 07:30:00;2019-09-10 08:00:00;93.43333333333334
1071729215;2019-09-10 08:00:00;2019-09-10 08:30:00;93.23333333333333
1071729215;2019-09-10 08:30:00;2019-09-10 09:00:00;88.5
1071729215;2019-09-10 09:00:00;2019-09-10 09:30:00;85.96666666666667
1071729215;2019-09-10 09:30:00;2019-09-10 10:00:00;95.7
1071729215;2019-09-10 10:00:00;2019-09-10 10:30:00;96.66666666666667
1071729215;2019-09-10 10:30:00;2019-09-10 11:00:00;89.53333333333333
1071729215;2019-09-10 11:00:00;2019-09-10 11:30:00;103.9
1071729215;2019-09-10 11:30:00;2019-09-10 12:00:00;91.66666666666667
1071729215;2019-09-10 12:00:00;2019-09-10 12:30:00;101.9
1071729215;2019-09-10 12:30:00;2019-09-10 13:00:00;98.43333333333334
1071729215;2019-09-10 13:00:00;2019-09-10 13:30:00;103.66666666666667
1071729215;2019-09-10 13:30:00;2019-09-10 14:00:00;104.93333333333334
1071729215;2019-09-10 14:00:00;2019-09-10 14:30:00;93.13333333333334
1071729215;2019-09-10 14:30:00;2019-09-10 15:00:00;85.66666666666667
1071729215;2019-09-10 15:00:00;2019-09-10 15:30:00;93.93333333333334
1071729215;2019-09-10 15:30:00;2019-09-10 16:00:00;112.4
1071729215;2019-09-10 16:00:00;2019-09-10 16:30:00;111.66666666666667
1071729215;2019-09-10 16:30:00;2019-09-10 17:00:00;109.06666666666666
1071729215;2019-09-10 17:00:00;2019-09-10 17:30:00;93.5
1071729215;2019-09-10 17:30:00;2019-09-10 18:00:00;86.8
1071729215;2019-09-10 18:00:00;2019-09-10 18:30:00;102.5
1071729215;2019-09-10 18:30:00;2019-09-10 19:00:00;90.23333333333333
1071729215;2019-09-10 19:00:00;2019-09-10 19:30:00;103.5
1071729215;2019-09-10 19:30:00;2019-09-10 20:00:00;99.33333333333333
1071729215;2019-09-10 20:00:00;2019-09-10 20:30:00;97.46666666666667
1071729215;2019-09-10 20:30:00;2019-09-10 21:00:00;104.73333333333333
1071729215;2019-09-10 21:00:00;2019-09-10 21:30:00;91.0
1071729215;2019-09-10 21:30:00;2019-09-10 22:00:00;91.7
1071729215;2019-09-10 22:00:00;2019-09-10 22:30:00;96.7
1071729215;2019-09-10 22:30:00;2019-09-10 23:00:00;93.16666666666667
1071729215;2019-09-10 23:00:00;2019-09-10 23:30:00;96.53333333333333
1071729215;2019-09-10 23:30:00;2019-09-10 23:59:59;95.26666666666667
1071729215;2019-09-11 00:00:00;2019-09-11 00:30:00;84.8
1071729215;2019-09-11 00:30:00;2019-09-11 01:00:00;92.0
1071729215;2019-09-11 01:00:00;2019-09-11 01:30:00;89.7
1071729215;2019-09-11 01:30:00;2019-09-11 02:00:00;92.1
1071729215;2019-09-11 02:00:00;2019-09-11 02:30:00;107.2
1071729215;2019-09-11 02:30:00;2019-09-11 03:00:00;114.2
1071729215;2019-09-11 03:00:00;2019-09-11 03:30:00;120.7
1071729215;2019-09-11 03:30:00;2019-09-11 04:00:00;110.23333333333333
1071729215;2019-09-11 04:00:00;2019-09-11 04:30:00;101.46666666666667
1071729215;2019-09-11 04:30:00;2019-09-11 05:00:00;99.26666666666667
1071729215;2019-09-11 05:00:00;2019-09-11 05:30:00;98.2
1071729215;2019-09-11 05:30:00;2019-09-11 06:00:00;109.66666666666667
1071729215;2019-09-11 06:00:00;2019-09-11 06:30:00;94.43333333333334
1071729215;2019-09-11 06:30:00;2019-09-11 07:00:00;88.9
1071729215;2019-09-11 07:00:00;2019-09-11 07:30:00;105.0
1071729215;2019-09-11 07:30:00;2019-09-11 08:00:00;100.4
1071729215;2019-09-11 08:00:00;2019-09-11 08:30:00;93.9
1071729215;2019-09-11 08:30:00;2019-09-11 09:00:00;92.13333333333334
1071729215;2019-09-11 09:00:00;2019-09-11 09:30:00;96.16666666666667
1071729215;2019-09-11 09:30:00;2019-09-11 10:00:00;98.93333333333334
1071729215;2019-09-11 10:00:00;2019-09-11 10:30:00;89.43333333333334
1071729215;2019-09-11 10:30:00;2019-09-11 11:00:00;88.27586206896552
1071729215;2019-09-11 11:00:00;2019-09-11 11:30:00;112.0
1071729215;2019-09-11 11:30:00;2019-09-11 12:00:00;101.53333333333333
1071729215;2019-09-11 12:00:00;2019-09-11 12:30:00;87.8
1071729215;2019-09-11 12:30:00;2019-09-11 13:00:00;94.56666666666666
1071729215;2019-09-11 13:00:00;2019-09-11 13:30:00;99.93333333333334
1071729215;2019-09-11 13:30:00;2019-09-11 14:00:00;91.36666666666666
1071729215;2019-09-11 14:00:00;2019-09-11 14:30:00;99.36666666666666
1071729215;2019-09-11 14:30:00;2019-09-11 15:00:00;98.96666666666667
1071729215;2019-09-11 15:00:00;2019-09-11 15:30:00;100.5
1071729215;2019-09-11 15:30:00;2019-09-11 16:00:00;84.5
1071729215;2019-09-11 16:00:00;2019-09-11 16:30:00;100.2
1071729215;2019-09-11 16:30:00;2019-09-11 17:00:00;93.3
1071729215;2019-09-11 17:00:00;2019-09-11 17:30:00;114.33333333333333
1071729215;2019-09-11 17:30:00;2019-09-11 18:00:00;89.96666666666667
1071729215;2019-09-11 18:00:00;2019-09-11 18:30:00;99.13793103448276
1071729215;2019-09-11 18:30:00;2019-09-11 19:00:00;102.56666666666666
1071729215;2019-09-11 19:00:00;2019-09-11 19:30:00;95.66666666666667
1071729215;2019-09-11 19:30:00;2019-09-11 20:00:00;98.06666666666666
1071729215;2019-09-11 20:00:00;2019-09-11 20:30:00;96.63333333333334
1071729215;2019-09-11 20:30:00;2019-09-11 21:00:00;94.2
1071729215;2019-09-11 21:00:00;2019-09-11 21:30:00;88.7
1071729215;2019-09-11 21:30:00;2019-09-11 22:00:00;92.0
1071729215;2019-09-11 22:00:00;2019-09-11 22:30:00;92.0
1071729215;2019-09-11 22:30:00;2019-09-11 23:00:00;92.8
1071729215;2019-09-11 23:00:00;2019-09-11 23:30:00;93.0
1071729215;2019-09-11 23:30:00;2019-09-11 23:59:59;94.4
1071729215;2019-09-12 00:00:00;2019-09-12 00:30:00;92.0
1071729215;2019-09-12 00:30:00;2019-09-12 01:00:00;92.0
1071729215;2019-09-12 01:00:00;2019-09-12 01:30:00;92.0
1071729215;2019-09-12 01:30:00;2019-09-12 02:00:00;92.0
1071729215;2019-09-12 02:00:00;2019-09-12 02:30:00;92.0
1071729215;2019-09-12 02:30:00;2019-09-12 03:00:00;88.16666666666667
1071729215;2019-09-12 03:00:00;2019-09-12 03:30:00;84.4
1071729215;2019-09-12 03:30:00;2019-09-12 04:00:00;84.06666666666666
1071729215;2019-09-12 04:00:00;2019-09-12 04:30:00;96.76666666666667
1071729215;2019-09-12 04:30:00;2019-09-12 05:00:00;104.5
1071729215;2019-09-12 05:00:00;2019-09-12 05:30:00;110.6
1071729215;2019-09-12 05:30:00;2019-09-12 06:00:00;105.76666666666667
1071729215;2019-09-12 06:00:00;2019-09-12 06:30:00;93.63333333333334
1071729215;2019-09-12 06:30:00;2019-09-12 07:00:00;89.9
1071729215;2019-09-12 07:00:00;2019-09-12 07:30:00;96.9
1071729215;2019-09-12 07:30:00;2019-09-12 08:00:00;95.2
1071729215;2019-09-12 08:00:00;2019-09-12 08:30:00;99.53333333333333
1071729215;2019-09-12 08:30:00;2019-09-12 09:00:00;94.13333333333334
1071729215;2019-09-12 09:00:00;2019-09-12 09:30:00;96.83333333333333
1071729215;2019-09-12 09:30:00;2019-09-12 10:00:00;108.7
1071729215;2019-09-12 10:00:00;2019-09-12 10:30:00;104.6
1071729215;2019-09-12 10:30:00;2019-09-12 11:00:00;92.66666666666667
1071729215;2019-09-12 11:00:00;2019-09-12 11:30:00;98.53333333333333
1071729215;2019-09-12 11:30:00;2019-09-12 12:00:00;110.63333333333334
1071729215;2019-09-12 12:00:00;2019-09-12 12:30:00;100.13333333333334
1071729215;2019-09-12 12:30:00;2019-09-12 13:00:00;90.3
1071729215;2019-09-12 13:00:00;2019-09-12 13:30:00;99.66666666666667
1071729215;2019-09-12 13:30:00;2019-09-12 14:00:00;95.03333333333333
1071729215;2019-09-12 14:00:00;2019-09-12 14:30:00;99.06666666666666
1071729215;2019-09-12 14:30:00;2019-09-12 15:00:00;107.76666666666667
1071729215;2019-09-12 15:00:00;2019-09-12 15:30:00;97.03333333333333
1071729215;2019-09-12 15:30:00;2019-09-12 16:00:00;97.83333333333333
1071729215;2019-09-12 16:00:00;2019-09-12 16:30:00;98.26666666666667
1071729215;2019-09-12 16:30:00;2019-09-12 17:00:00;104.7
1071729215;2019-09-12 17:00:00;2019-09-12 17:30:00;96.13333333333334
1071729215;2019-09-12 17:30:00;2019-09-12 18:00:00;102.5
1071729215;2019-09-12 18:00:00;2019-09-12 18:30:00;102.13333333333334
1071729215;2019-09-12 18:30:00;2019-09-12 19:00:00;97.16666666666667
1071729215;2019-09-12 19:00:00;2019-09-12 19:30:00;100.63333333333334
1071729215;2019-09-12 19:30:00;2019-09-12 20:00:00;94.96666666666667
1071729215;2019-09-12 20:00:00;2019-09-12 20:30:00;96.56666666666666
1071729215;2019-09-12 20:30:00;2019-09-12 21:00:00;92.33333333333333
1071729215;2019-09-12 21:00:00;2019-09-12 21:30:00;92.0
1071729215;2019-09-12 21:30:00;2019-09-12 22:00:00;92.0
1071729215;2019-09-12 22:00:00;2019-09-12 22:30:00;92.0
1071729215;2019-09-12 22:30:00;2019-09-12 23:00:00;92.0
1071729215;2019-09-12 23:00:00;2019-09-12 23:30:00;92.0
1071729215;2019-09-12 23:30:00;2019-09-12 23:59:59;108.33333333333333
1071729215;2019-09-13 00:00:00;2019-09-13 00:30:00;89.76666666666667
1071729215;2019-09-13 00:30:00;2019-09-13 01:00:00;94.43333333333334
1071729215;2019-09-13 01:00:00;2019-09-13 01:30:00;97.56666666666666
1071729215;2019-09-13 01:30:00;2019-09-13 02:00:00;106.56666666666666
1071729215;2019-09-13 02:00:00;2019-09-13 02:30:00;107.93333333333334
1071729215;2019-09-13 02:30:00;2019-09-13 03:00:00;92.0
1071729215;2019-09-13 03:00:00;2019-09-13 03:30:00;104.8
1071729215;2019-09-13 03:30:00;2019-09-13 04:00:00;104.8
1071729215;2019-09-13 04:00:00;2019-09-13 04:30:00;101.5
1071729215;2019-09-13 04:30:00;2019-09-13 05:00:00;104.0
1071729215;2019-09-13 05:00:00;2019-09-13 05:30:00;97.43333333333334
1071729215;2019-09-13 05:30:00;2019-09-13 06:00:00;93.13333333333334
1071729215;2019-09-13 06:00:00;2019-09-13 06:30:00;110.56666666666666
1071729215;2019-09-13 06:30:00;2019-09-13 07:00:00;109.73333333333333
1071729215;2019-09-13 07:00:00;2019-09-13 07:30:00;91.36666666666666
1071729215;2019-09-13 07:30:00;2019-09-13 08:00:00;95.36666666666666
1071729215;2019-09-13 08:00:00;2019-09-13 08:30:00;93.43333333333334
1071729215;2019-09-13 08:30:00;2019-09-13 09:00:00;91.5
1071729215;2019-09-13 09:00:00;2019-09-13 09:30:00;101.06666666666666
1071729215;2019-09-13 09:30:00;2019-09-13 10:00:00;110.73333333333333
1071729215;2019-09-13 10:00:00;2019-09-13 10:30:00;99.36666666666666
1071729215;2019-09-13 10:30:00;2019-09-13 11:00:00;100.1
1071729215;2019-09-13 11:00:00;2019-09-13 11:30:00;97.8
1071729215;2019-09-13 11:30:00;2019-09-13 12:00:00;99.83333333333333
1071729215;2019-09-13 12:00:00;2019-09-13 12:30:00;105.03333333333333
1071729215;2019-09-13 12:30:00;2019-09-13 13:00:00;112.7
1071729215;2019-09-13 13:00:00;2019-09-13 13:30:00;107.2
1071729215;2019-09-13 13:30:00;2019-09-13 14:00:00;92.73333333333333
1071729215;2019-09-13 14:00:00;2019-09-13 14:30:00;97.76666666666667
1071729215;2019-09-13 14:30:00;2019-09-13 15:00:00;105.0
1071729215;2019-09-13 15:00:00;2019-09-13 15:30:00;108.73333333333333
1071729215;2019-09-13 15:30:00;2019-09-13 16:00:00;101.36666666666666
1071729215;2019-09-13 16:00:00;2019-09-13 16:30:00;124.66666666666667
1071729215;2019-09-13 16:30:00;2019-09-13 17:00:00;96.33333333333333
1071729215;2019-09-13 17:00:00;2019-09-13 17:30:00;94.46666666666667
1071729215;2019-09-13 17:30:00;2019-09-13 18:00:00;97.1
1071729215;2019-09-13 18:00:00;2019-09-13 18:30:00;94.76666666666667
1071729215;2019-09-13 18:30:00;2019-09-13 19:00:00;92.26666666666667
1071729215;2019-09-13 19:00:00;2019-09-13 19:30:00;97.76666666666667
1071729215;2019-09-13 19:30:00;2019-09-13 20:00:00;99.3
1071729215;2019-09-13 20:00:00;2019-09-13 20:30:00;102.0
1071729215;2019-09-13 20:30:00;2019-09-13 21:00:00;104.26666666666667
1071729215;2019-09-13 21:00:00;2019-09-13 21:30:00;101.8
1071729215;2019-09-13 21:30:00;2019-09-13 22:00:00;101.4
1071729215;2019-09-13 22:00:00;2019-09-13 22:30:00;100.9
1071729215;2019-09-13 22:30:00;2019-09-13 23:00:00;92.46666666666667
1071729215;2019-09-13 23:00:00;2019-09-13 23:30:00;92.0
1071729215;2019-09-13 23:30:00;2019-09-13 23:59:59;92.0
1071729215;2019-09-14 00:00:00;2019-09-14 00:30:00;92.0
1071729215;2019-09-14 00:30:00;2019-09-14 01:00:00;92.0
1071729215;2019-09-14 01:00:00;2019-09-14 01:30:00;92.0
1071729215;2019-09-14 01:30:00;2019-09-14 02:00:00;92.0
1071729215;2019-09-14 02:00:00;2019-09-14 02:30:00;92.0
1071729215;2019-09-14 02:30:00;2019-09-14 03:00:00;95.63333333333334
1071729215;2019-09-14 03:00:00;2019-09-14 03:30:00;87.9
1071729215;2019-09-14 03:30:00;2019-09-14 04:00:00;99.56666666666666
1071729215;2019-09-14 04:00:00;2019-09-14 04:30:00;90.73333333333333
1071729215;2019-09-14 04:30:00;2019-09-14 05:00:00;100.7
1071729215;2019-09-14 05:00:00;2019-09-14 05:30:00;108.96666666666667
1071729215;2019-09-14 05:30:00;2019-09-14 06:00:00;100.03333333333333
1071729215;2019-09-14 06:00:00;2019-09-14 06:30:00;98.53333333333333
1071729215;2019-09-14 06:30:00;2019-09-14 07:00:00;100.36666666666666
1071729215;2019-09-14 07:00:00;2019-09-14 07:30:00;109.46666666666667
1071729215;2019-09-14 07:30:00;2019-09-14 08:00:00;94.43333333333334
1071729215;2019-09-14 08:00:00;2019-09-14 08:30:00;111.03333333333333
1071729215;2019-09-14 08:30:00;2019-09-14 09:00:00;111.93333333333334
1071729215;2019-09-14 09:00:00;2019-09-14 09:30:00;107.4
1071729215;2019-09-14 09:30:00;2019-09-14 10:00:00;101.86666666666666
1071729215;2019-09-14 10:00:00;2019-09-14 10:30:00;94.3
1071729215;2019-09-14 10:30:00;2019-09-14 11:00:00;101.96666666666667
1071729215;2019-09-14 11:00:00;2019-09-14 11:30:00;96.56666666666666
1071729215;2019-09-14 11:30:00;2019-09-14 12:00:00;99.96666666666667
1071729215;2019-09-14 12:00:00;2019-09-14 12:30:00;106.06666666666666
1071729215;2019-09-14 12:30:00;2019-09-14 13:00:00;107.46666666666667
1071729215;2019-09-14 13:00:00;2019-09-14 13:30:00;113.96666666666667
1071729215;2019-09-14 13:30:00;2019-09-14 14:00:00;104.63333333333334
1071729215;2019-09-14 14:00:00;2019-09-14 14:30:00;113.7
1071729215;2019-09-14 14:30:00;2019-09-14 15:00:00;101.6
1071729215;2019-09-14 15:00:00;2019-09-14 15:30:00;107.8
1071729215;2019-09-14 15:30:00;2019-09-14 16:00:00;101.33333333333333
1071729215;2019-09-14 16:00:00;2019-09-14 16:30:00;111.73333333333333
1071729215;2019-09-14 16:30:00;2019-09-14 17:00:00;110.2
1071729215;2019-09-14 17:00:00;2019-09-14 17:30:00;112.16666666666667
1071729215;2019-09-14 17:30:00;2019-09-14 18:00:00;103.56666666666666
1071729215;2019-09-14 18:00:00;2019-09-14 18:30:00;97.26666666666667
1071729215;2019-09-14 18:30:00;2019-09-14 19:00:00;116.96666666666667
1071729215;2019-09-14 19:00:00;2019-09-14 19:30:00;114.3
1071729215;2019-09-14 19:30:00;2019-09-14 20:00:00;109.46666666666667
1071729215;2019-09-14 20:00:00;2019-09-14 20:30:00;99.66666666666667
1071729215;2019-09-14 20:30:00;2019-09-14 21:00:00;116.46666666666667
1071729215;2019-09-14 21:00:00;2019-09-14 21:30:00;93.66666666666667
1071729215;2019-09-14 21:30:00;2019-09-14 22:00:00;104.1
1071729215;2019-09-14 22:00:00;2019-09-14 22:30:00;92.93333333333334
1071729215;2019-09-14 22:30:00;2019-09-14 23:00:00;92.1
1071729215;2019-09-14 23:00:00;2019-09-14 23:30:00;92.13333333333334
1071729215;2019-09-14 23:30:00;2019-09-14 23:59:59;92.0
1071729215;2019-09-15 00:00:00;2019-09-15 00:30:00;92.0
1071729215;2019-09-15 00:30:00;2019-09-15 01:00:00;92.0
1071729215;2019-09-15 01:00:00;2019-09-15 01:30:00;88.9
1071729215;2019-09-15 01:30:00;2019-09-15 02:00:00;92.0
1071729215;2019-09-15 02:00:00;2019-09-15 02:30:00;95.36666666666666
1071729215;2019-09-15 02:30:00;2019-09-15 03:00:00;95.2
1071729215;2019-09-15 03:00:00;2019-09-15 03:30:00;98.4
1071729215;2019-09-15 03:30:00;2019-09-15 04:00:00;95.0
1071729215;2019-09-15 04:00:00;2019-09-15 04:30:00;93.0
1071729215;2019-09-15 04:30:00;2019-09-15 05:00:00;93.0
1071729215;2019-09-15 05:00:00;2019-09-15 05:30:00;89.43333333333334
1071729215;2019-09-15 05:30:00;2019-09-15 06:00:00;93.8
1071729215;2019-09-15 06:00:00;2019-09-15 06:30:00;93.4
1071729215;2019-09-15 06:30:00;2019-09-15 07:00:00;103.6
1071729215;2019-09-15 07:00:00;2019-09-15 07:30:00;106.6
1071729215;2019-09-15 07:30:00;2019-09-15 08:00:00;111.1
1071729215;2019-09-15 08:00:00;2019-09-15 08:30:00;101.2
1071729215;2019-09-15 08:30:00;2019-09-15 09:00:00;120.03333333333333
1071729215;2019-09-15 09:00:00;2019-09-15 09:30:00;93.96666666666667
1071729215;2019-09-15 09:30:00;2019-09-15 10:00:00;97.2
1071729215;2019-09-15 10:00:00;2019-09-15 10:30:00;107.06666666666666
1071729215;2019-09-15 10:30:00;2019-09-15 11:00:00;108.36666666666666
1071729215;2019-09-15 11:00:00;2019-09-15 11:30:00;103.26666666666667
1071729215;2019-09-15 11:30:00;2019-09-15 12:00:00;103.4
1071729215;2019-09-15 12:00:00;2019-09-15 12:30:00;100.06666666666666
1071729215;2019-09-15 12:30:00;2019-09-15 13:00:00;110.7
1071729215;2019-09-15 13:00:00;2019-09-15 13:30:00;97.23333333333333
1071729215;2019-09-15 13:30:00;2019-09-15 14:00:00;96.23333333333333
1071729215;2019-09-15 14:00:00;2019-09-15 14:30:00;90.33333333333333
1071729215;2019-09-15 14:30:00;2019-09-15 15:00:00;84.63333333333334
1071729215;2019-09-15 15:00:00;2019-09-15 15:30:00;94.66666666666667
1071729215;2019-09-15 15:30:00;2019-09-15 16:00:00;91.53333333333333
1071729215;2019-09-15 16:00:00;2019-09-15 16:30:00;93.96666666666667
1071729215;2019-09-15 16:30:00;2019-09-15 17:00:00;93.9
1071729215;2019-09-15 17:00:00;2019-09-15 17:30:00;98.43333333333334
1071729215;2019-09-15 17:30:00;2019-09-15 18:00:00;115.26666666666667
1071729215;2019-09-15 18:00:00;2019-09-15 18:30:00;94.73333333333333
1071729215;2019-09-15 18:30:00;2019-09-15 19:00:00;110.8
1071729215;2019-09-15 19:00:00;2019-09-15 19:30:00;107.6
1071729215;2019-09-15 19:30:00;2019-09-15 20:00:00;108.63333333333334
1071729215;2019-09-15 20:00:00;2019-09-15 20:30:00;96.3
1071729215;2019-09-15 20:30:00;2019-09-15 21:00:00;92.0
1071729215;2019-09-15 21:00:00;2019-09-15 21:30:00;105.53333333333333
1071729215;2019-09-15 21:30:00;2019-09-15 22:00:00;92.56666666666666
1071729215;2019-09-15 22:00:00;2019-09-15 22:30:00;92.8
1071729215;2019-09-15 22:30:00;2019-09-15 23:00:00;98.2
1071729215;2019-09-15 23:00:00;2019-09-15 23:30:00;102.3
1071729215;2019-09-15 23:30:00;2019-09-15 23:59:59;128.4
1071729215;2019-09-16 00:00:00;2019-09-16 00:30:00;90.8
1071729215;2019-09-16 00:30:00;2019-09-16 01:00:00;92.0
1071729215;2019-09-16 01:00:00;2019-09-16 01:30:00;91.0
1071729215;2019-09-16 01:30:00;2019-09-16 02:00:00;92.0
1071729215;2019-09-16 02:00:00;2019-09-16 02:30:00;92.0
1071729215;2019-09-16 02:30:00;2019-09-16 03:00:00;92.0
1071729215;2019-09-16 03:00:00;2019-09-16 03:30:00;89.4
1071729215;2019-09-16 03:30:00;2019-09-16 04:00:00;95.56666666666666
1071729215;2019-09-16 04:00:00;2019-09-16 04:30:00;110.36666666666666
1071729215;2019-09-16 04:30:00;2019-09-16 05:00:00;104.7
1071729215;2019-09-16 05:00:00;2019-09-16 05:30:00;115.66666666666667
1071729215;2019-09-16 05:30:00;2019-09-16 06:00:00;118.33333333333333
1071729215;2019-09-16 06:00:00;2019-09-16 06:30:00;97.73333333333333
1071729215;2019-09-16 06:30:00;2019-09-16 07:00:00;103.46666666666667
1071729215;2019-09-16 07:00:00;2019-09-16 07:30:00;101.0
1071729215;2019-09-16 07:30:00;2019-09-16 08:00:00;107.26666666666667
1071729215;2019-09-16 08:00:00;2019-09-16 08:30:00;107.63333333333334
1071729215;2019-09-16 08:30:00;2019-09-16 09:00:00;94.7
1071729215;2019-09-16 09:00:00;2019-09-16 09:30:00;96.06666666666666
1071729215;2019-09-16 09:30:00;2019-09-16 10:00:00;94.46666666666667
1071729215;2019-09-16 10:00:00;2019-09-16 10:30:00;106.36666666666666
1071729215;2019-09-16 10:30:00;2019-09-16 11:00:00;91.43333333333334
1071729215;2019-09-16 11:00:00;2019-09-16 11:30:00;93.53333333333333
1071729215;2019-09-16 11:30:00;2019-09-16 12:00:00;105.86666666666666
1071729215;2019-09-16 12:00:00;2019-09-16 12:30:00;90.03333333333333
1071729215;2019-09-16 12:30:00;2019-09-16 13:00:00;95.86666666666666
1071729215;2019-09-16 13:00:00;2019-09-16 13:30:00;87.5
1071729215;2019-09-16 13:30:00;2019-09-16 14:00:00;92.93333333333334
1071729215;2019-09-16 14:00:00;2019-09-16 14:30:00;91.03333333333333
1071729215;2019-09-16 14:30:00;2019-09-16 15:00:00;90.56666666666666
1071729215;2019-09-16 15:00:00;2019-09-16 15:30:00;111.6
1071729215;2019-09-16 15:30:00;2019-09-16 16:00:00;105.9
1071729215;2019-09-16 16:00:00;2019-09-16 16:30:00;97.7
1071729215;2019-09-16 16:30:00;2019-09-16 17:00:00;89.13333333333334
1071729215;2019-09-16 17:00:00;2019-09-16 17:30:00;115.26666666666667
1071729215;2019-09-16 17:30:00;2019-09-16 18:00:00;90.33333333333333
1071729215;2019-09-16 18:00:00;2019-09-16 18:30:00;104.53333333333333
1071729215;2019-09-16 18:30:00;2019-09-16 19:00:00;90.43333333333334
1071729215;2019-09-16 19:00:00;2019-09-16 19:30:00;93.56666666666666
1071729215;2019-09-16 19:30:00;2019-09-16 20:00:00;104.53333333333333
1071729215;2019-09-16 20:00:00;2019-09-16 20:30:00;102.76666666666667
1071729215;2019-09-16 20:30:00;2019-09-16 21:00:00;116.56666666666666
1071729215;2019-09-16 21:00:00;2019-09-16 21:30:00;103.93333333333334
1071729215;2019-09-16 21:30:00;2019-09-16 22:00:00;91.13333333333334
1071729215;2019-09-16 22:00:00;2019-09-16 22:30:00;92.0
1071729215;2019-09-16 22:30:00;2019-09-16 23:00:00;92.0
1071729215;2019-09-16 23:00:00;2019-09-16 23:30:00;92.0
1071729215;2019-09-16 23:30:00;2019-09-16 23:59:59;92.0
1071729215;2019-09-17 00:00:00;2019-09-17 00:30:00;92.0
1071729215;2019-09-17 00:30:00;2019-09-17 01:00:00;92.0
1071729215;2019-09-17 01:00:00;2019-09-17 01:30:00;92.0
1071729215;2019-09-17 01:30:00;2019-09-17 02:00:00;92.0
1071729215;2019-09-17 02:00:00;2019-09-17 02:30:00;89.53333333333333
1071729215;2019-09-17 02:30:00;2019-09-17 03:00:00;92.0
1071729215;2019-09-17 03:00:00;2019-09-17 03:30:00;85.46666666666667
1071729215;2019-09-17 03:30:00;2019-09-17 04:00:00;88.0
1071729215;2019-09-17 04:00:00;2019-09-17 04:30:00;89.53333333333333
1071729215;2019-09-17 04:30:00;2019-09-17 05:00:00;96.23333333333333
1071729215;2019-09-17 05:00:00;2019-09-17 05:30:00;108.4
1071729215;2019-09-17 05:30:00;2019-09-17 06:00:00;113.16666666666667
1071729215;2019-09-17 06:00:00;2019-09-17 06:30:00;96.03333333333333
1071729215;2019-09-17 06:30:00;2019-09-17 07:00:00;95.36666666666666
1071729215;2019-09-17 07:00:00;2019-09-17 07:30:00;106.16666666666667
1071729215;2019-09-17 07:30:00;2019-09-17 08:00:00;96.06666666666666
1071729215;2019-09-17 08:00:00;2019-09-17 08:30:00;110.93333333333334
1071729215;2019-09-17 08:30:00;2019-09-17 09:00:00;108.1
1071729215;2019-09-17 09:00:00;2019-09-17 09:30:00;117.76666666666667
1071729215;2019-09-17 09:30:00;2019-09-17 10:00:00;95.43333333333334
1071729215;2019-09-17 10:00:00;2019-09-17 10:30:00;95.93333333333334
1071729215;2019-09-17 10:30:00;2019-09-17 11:00:00;106.23333333333333
1071729215;2019-09-17 11:00:00;2019-09-17 11:30:00;88.3
1071729215;2019-09-17 11:30:00;2019-09-17 12:00:00;92.46666666666667
1071729215;2019-09-17 12:00:00;2019-09-17 12:30:00;98.23333333333333
1071729215;2019-09-17 12:30:00;2019-09-17 13:00:00;98.03333333333333
1071729215;2019-09-17 13:00:00;2019-09-17 13:30:00;89.1
1071729215;2019-09-17 13:30:00;2019-09-17 14:00:00;90.56666666666666
1071729215;2019-09-17 14:00:00;2019-09-17 14:30:00;101.23333333333333
1071729215;2019-09-17 14:30:00;2019-09-17 15:00:00;95.96666666666667
1071729215;2019-09-17 15:00:00;2019-09-17 15:30:00;101.73333333333333
1071729215;2019-09-17 15:30:00;2019-09-17 16:00:00;90.3
1071729215;2019-09-17 16:00:00;2019-09-17 16:30:00;110.4
1071729215;2019-09-17 16:30:00;2019-09-17 17:00:00;102.26666666666667
1071729215;2019-09-17 17:00:00;2019-09-17 17:30:00;104.23333333333333
1071729215;2019-09-17 17:30:00;2019-09-17 18:00:00;97.5
1071729215;2019-09-17 18:00:00;2019-09-17 18:30:00;94.83333333333333
1071729215;2019-09-17 18:30:00;2019-09-17 19:00:00;96.5
1071729215;2019-09-17 19:00:00;2019-09-17 19:30:00;93.7
1071729215;2019-09-17 19:30:00;2019-09-17 20:00:00;94.16666666666667
1071729215;2019-09-17 20:00:00;2019-09-17 20:30:00;101.56666666666666
1071729215;2019-09-17 20:30:00;2019-09-17 21:00:00;99.6
1071729215;2019-09-17 21:00:00;2019-09-17 21:30:00;97.63333333333334
1071729215;2019-09-17 21:30:00;2019-09-17 22:00:00;107.83333333333333
1071729215;2019-09-17 22:00:00;2019-09-17 22:30:00;90.4
1071729215;2019-09-17 22:30:00;2019-09-17 23:00:00;89.86666666666666
1071729215;2019-09-17 23:00:00;2019-09-17 23:30:00;92.0
1071729215;2019-09-17 23:30:00;2019-09-17 23:59:59;92.0
1071729215;2019-09-18 00:00:00;2019-09-18 00:30:00;91.43333333333334
1071729215;2019-09-18 00:30:00;2019-09-18 01:00:00;91.3
1071729215;2019-09-18 01:00:00;2019-09-18 01:30:00;92.0
1071729215;2019-09-18 01:30:00;2019-09-18 02:00:00;92.0
1071729215;2019-09-18 02:00:00;2019-09-18 02:30:00;92.0
1071729215;2019-09-18 02:30:00;2019-09-18 03:00:00;92.0
1071729215;2019-09-18 03:00:00;2019-09-18 03:30:00;83.03333333333333
1071729215;2019-09-18 03:30:00;2019-09-18 04:00:00;87.9
1071729215;2019-09-18 04:00:00;2019-09-18 04:30:00;101.5
1071729215;2019-09-18 04:30:00;2019-09-18 05:00:00;107.3
1071729215;2019-09-18 05:00:00;2019-09-18 05:30:00;107.23333333333333
1071729215;2019-09-18 05:30:00;2019-09-18 06:00:00;89.03333333333333
1071729215;2019-09-18 06:00:00;2019-09-18 06:30:00;95.86666666666666
1071729215;2019-09-18 06:30:00;2019-09-18 07:00:00;102.83333333333333
1071729215;2019-09-18 07:00:00;2019-09-18 07:30:00;99.1
1071729215;2019-09-18 07:30:00;2019-09-18 08:00:00;85.53333333333333
1071729215;2019-09-18 08:00:00;2019-09-18 08:30:00;101.96666666666667
1071729215;2019-09-18 08:30:00;2019-09-18 09:00:00;104.5
1071729215;2019-09-18 09:00:00;2019-09-18 09:30:00;83.1
1071729215;2019-09-18 09:30:00;2019-09-18 10:00:00;89.76666666666667
1071729215;2019-09-18 10:00:00;2019-09-18 10:30:00;95.53333333333333
1071729215;2019-09-18 10:30:00;2019-09-18 11:00:00;104.4
1071729215;2019-09-18 11:00:00;2019-09-18 11:30:00;108.53333333333333
1071729215;2019-09-18 11:30:00;2019-09-18 12:00:00;105.1
1071729215;2019-09-18 12:00:00;2019-09-18 12:30:00;107.86666666666666
1071729215;2019-09-18 12:30:00;2019-09-18 13:00:00;90.86666666666666
1071729215;2019-09-18 13:00:00;2019-09-18 13:30:00;91.7
1071729215;2019-09-18 13:30:00;2019-09-18 14:00:00;95.6
1071729215;2019-09-18 14:00:00;2019-09-18 14:30:00;101.5
1071729215;2019-09-18 14:30:00;2019-09-18 15:00:00;95.66666666666667
1071729215;2019-09-18 15:00:00;2019-09-18 15:30:00;98.46666666666667
1071729215;2019-09-18 15:30:00;2019-09-18 16:00:00;101.16666666666667
1071729215;2019-09-18 16:00:00;2019-09-18 16:30:00;94.63333333333334
1071729215;2019-09-18 16:30:00;2019-09-18 17:00:00;111.0
1071729215;2019-09-18 17:00:00;2019-09-18 17:30:00;109.9
1071729215;2019-09-18 17:30:00;2019-09-18 18:00:00;99.4
1071729215;2019-09-18 18:00:00;2019-09-18 18:30:00;100.56666666666666
1071729215;2019-09-18 18:30:00;2019-09-18 19:00:00;98.8
1071729215;2019-09-18 19:00:00;2019-09-18 19:30:00;96.86666666666666
1071729215;2019-09-18 19:30:00;2019-09-18 20:00:00;93.73333333333333
1071729215;2019-09-18 20:00:00;2019-09-18 20:30:00;95.56666666666666
1071729215;2019-09-18 20:30:00;2019-09-18 21:00:00;89.96666666666667
1071729215;2019-09-18 21:00:00;2019-09-18 21:30:00;92.0
1071729215;2019-09-18 21:30:00;2019-09-18 22:00:00;92.0
1071729215;2019-09-18 22:00:00;2019-09-18 22:30:00;104.5
1071729215;2019-09-18 22:30:00;2019-09-18 23:00:00;92.93333333333334
1071729215;2019-09-18 23:00:00;2019-09-18 23:30:00;90.93333333333334
1071729215;2019-09-18 23:30:00;2019-09-18 23:59:59;110.86666666666666
1071729215;2019-09-19 00:00:00;2019-09-19 00:30:00;106.33333333333333
1071729215;2019-09-19 00:30:00;2019-09-19 01:00:00;134.7
1071729215;2019-09-19 01:00:00;2019-09-19 01:30:00;120.56666666666666
1071729215;2019-09-19 01:30:00;2019-09-19 02:00:00;95.8
1071729215;2019-09-19 02:00:00;2019-09-19 02:30:00;104.06666666666666
1071729215;2019-09-19 02:30:00;2019-09-19 03:00:00;104.6
1071729215;2019-09-19 03:00:00;2019-09-19 03:30:00;91.46666666666667
1071729215;2019-09-19 03:30:00;2019-09-19 04:00:00;84.1
1071729215;2019-09-19 04:00:00;2019-09-19 04:30:00;92.0
1071729215;2019-09-19 04:30:00;2019-09-19 05:00:00;101.53333333333333
1071729215;2019-09-19 05:00:00;2019-09-19 05:30:00;101.83333333333333
1071729215;2019-09-19 05:30:00;2019-09-19 06:00:00;104.37931034482759
1071729215;2019-09-19 06:00:00;2019-09-19 06:30:00;103.93333333333334
1071729215;2019-09-19 06:30:00;2019-09-19 07:00:00;106.53333333333333
1071729215;2019-09-19 07:00:00;2019-09-19 07:30:00;96.93333333333334
1071729215;2019-09-19 07:30:00;2019-09-19 08:00:00;97.03333333333333
1071729215;2019-09-19 08:00:00;2019-09-19 08:30:00;88.4
1071729215;2019-09-19 08:30:00;2019-09-19 09:00:00;99.46666666666667
1071729215;2019-09-19 09:00:00;2019-09-19 09:30:00;94.0
1071729215;2019-09-19 09:30:00;2019-09-19 10:00:00;99.03333333333333
1071729215;2019-09-19 10:00:00;2019-09-19 10:30:00;88.5
1071729215;2019-09-19 10:30:00;2019-09-19 11:00:00;88.26666666666667
1071729215;2019-09-19 11:00:00;2019-09-19 11:30:00;108.23333333333333
1071729215;2019-09-19 11:30:00;2019-09-19 12:00:00;94.06666666666666
1071729215;2019-09-19 12:00:00;2019-09-19 12:30:00;90.7
1071729215;2019-09-19 12:30:00;2019-09-19 13:00:00;97.16666666666667
1071729215;2019-09-19 13:00:00;2019-09-19 13:30:00;95.33333333333333
1071729215;2019-09-19 13:30:00;2019-09-19 14:00:00;96.93333333333334
1071729215;2019-09-19 14:00:00;2019-09-19 14:30:00;92.06666666666666
1071729215;2019-09-19 14:30:00;2019-09-19 15:00:00;117.1
1071729215;2019-09-19 15:00:00;2019-09-19 15:30:00;94.86666666666666
1071729215;2019-09-19 15:30:00;2019-09-19 16:00:00;116.43333333333334
1071729215;2019-09-19 16:00:00;2019-09-19 16:30:00;107.8
1071729215;2019-09-19 16:30:00;2019-09-19 17:00:00;113.3
1071729215;2019-09-19 17:00:00;2019-09-19 17:30:00;115.3
1071729215;2019-09-19 17:30:00;2019-09-19 18:00:00;108.76666666666667
1071729215;2019-09-19 18:00:00;2019-09-19 18:30:00;90.63333333333334
1071729215;2019-09-19 18:30:00;2019-09-19 19:00:00;100.26666666666667
1071729215;2019-09-19 19:00:00;2019-09-19 19:30:00;101.1
1071729215;2019-09-19 19:30:00;2019-09-19 20:00:00;105.53333333333333
1071729215;2019-09-19 20:00:00;2019-09-19 20:30:00;88.96666666666667
1071729215;2019-09-19 20:30:00;2019-09-19 21:00:00;91.0
1071729215;2019-09-19 21:00:00;2019-09-19 21:30:00;95.8
1071729215;2019-09-19 21:30:00;2019-09-19 22:00:00;89.9
1071729215;2019-09-19 22:00:00;2019-09-19 22:30:00;92.0
1071729215;2019-09-19 22:30:00;2019-09-19 23:00:00;92.0
1071729215;2019-09-19 23:00:00;2019-09-19 23:30:00;90.63333333333334
1071729215;2019-09-19 23:30:00;2019-09-19 23:59:59;92.0
1071729215;2019-09-20 00:00:00;2019-09-20 00:30:00;92.0
1071729215;2019-09-20 00:30:00;2019-09-20 01:00:00;92.0
1071729215;2019-09-20 01:00:00;2019-09-20 01:30:00;91.93333333333334
1071729215;2019-09-20 01:30:00;2019-09-20 02:00:00;102.93333333333334
1071729215;2019-09-20 02:00:00;2019-09-20 02:30:00;109.5
1071729215;2019-09-20 02:30:00;2019-09-20 03:00:00;115.3
1071729215;2019-09-20 03:00:00;2019-09-20 03:30:00;99.7
1071729215;2019-09-20 03:30:00;2019-09-20 04:00:00;85.1
1071729215;2019-09-20 04:00:00;2019-09-20 04:30:00;104.26666666666667
1071729215;2019-09-20 04:30:00;2019-09-20 05:00:00;97.3
1071729215;2019-09-20 05:00:00;2019-09-20 05:30:00;96.53333333333333
1071729215;2019-09-20 05:30:00;2019-09-20 06:00:00;100.06666666666666
1071729215;2019-09-20 06:00:00;2019-09-20 06:30:00;89.0
1071729215;2019-09-20 06:30:00;2019-09-20 07:00:00;109.66666666666667
1071729215;2019-09-20 07:00:00;2019-09-20 07:30:00;97.96666666666667
1071729215;2019-09-20 07:30:00;2019-09-20 08:00:00;113.03333333333333
1071729215;2019-09-20 08:00:00;2019-09-20 08:30:00;101.9
1071729215;2019-09-20 08:30:00;2019-09-20 09:00:00;104.66666666666667
1071729215;2019-09-20 09:00:00;2019-09-20 09:30:00;100.4
1071729215;2019-09-20 09:30:00;2019-09-20 10:00:00;100.63333333333334
1071729215;2019-09-20 10:00:00;2019-09-20 10:30:00;107.03333333333333
1071729215;2019-09-20 10:30:00;2019-09-20 11:00:00;96.06666666666666
1071729215;2019-09-20 11:00:00;2019-09-20 11:30:00;102.23333333333333
1071729215;2019-09-20 11:30:00;2019-09-20 12:00:00;95.53333333333333
1071729215;2019-09-20 12:00:00;2019-09-20 12:30:00;86.1
1071729215;2019-09-20 12:30:00;2019-09-20 13:00:00;93.43333333333334
1071729215;2019-09-20 13:00:00;2019-09-20 13:30:00;100.16666666666667
1071729215;2019-09-20 13:30:00;2019-09-20 14:00:00;100.96666666666667
1071729215;2019-09-20 14:00:00;2019-09-20 14:30:00;92.93333333333334
1071729215;2019-09-20 14:30:00;2019-09-20 15:00:00;91.03333333333333
1071729215;2019-09-20 15:00:00;2019-09-20 15:30:00;92.23333333333333
1071729215;2019-09-20 15:30:00;2019-09-20 16:00:00;98.8
1071729215;2019-09-20 16:00:00;2019-09-20 16:30:00;109.86666666666666
1071729215;2019-09-20 16:30:00;2019-09-20 17:00:00;104.26666666666667
1071729215;2019-09-20 17:00:00;2019-09-20 17:30:00;108.73333333333333
1071729215;2019-09-20 17:30:00;2019-09-20 18:00:00;110.53333333333333
1071729215;2019-09-20 18:00:00;2019-09-20 18:30:00;90.06666666666666
1071729215;2019-09-20 18:30:00;2019-09-20 19:00:00;94.06666666666666
1071729215;2019-09-20 19:00:00;2019-09-20 19:30:00;118.7
1071729215;2019-09-20 19:30:00;2019-09-20 20:00:00;95.53333333333333
1071729215;2019-09-20 20:00:00;2019-09-20 20:30:00;92.03333333333333
1071729215;2019-09-20 20:30:00;2019-09-20 21:00:00;92.0
1071729215;2019-09-20 21:00:00;2019-09-20 21:30:00;92.0
1071729215;2019-09-20 21:30:00;2019-09-20 22:00:00;92.0
1071729215;2019-09-20 22:00:00;2019-09-20 22:30:00;92.0
1071729215;2019-09-20 22:30:00;2019-09-20 23:00:00;92.0
1071729215;2019-09-20 23:00:00;2019-09-20 23:30:00;92.0
1071729215;2019-09-20 23:30:00;2019-09-20 23:59:59;92.0
1071729215;2019-09-21 00:00:00;2019-09-21 00:30:00;92.0
1071729215;2019-09-21 00:30:00;2019-09-21 01:00:00;92.46666666666667
1071729215;2019-09-21 01:00:00;2019-09-21 01:30:00;101.53333333333333
1071729215;2019-09-21 01:30:00;2019-09-21 02:00:00;90.73333333333333
1071729215;2019-09-21 02:00:00;2019-09-21 02:30:00;92.0
1071729215;2019-09-21 02:30:00;2019-09-21 03:00:00;92.0
1071729215;2019-09-21 03:00:00;2019-09-21 03:30:00;89.0
1071729215;2019-09-21 03:30:00;2019-09-21 04:00:00;89.0
1071729215;2019-09-21 04:00:00;2019-09-21 04:30:00;98.0
1071729215;2019-09-21 04:30:00;2019-09-21 05:00:00;98.0
1071729215;2019-09-21 05:00:00;2019-09-21 05:30:00;103.0
1071729215;2019-09-21 05:30:00;2019-09-21 06:00:00;109.63333333333334
1071729215;2019-09-21 06:00:00;2019-09-21 06:30:00;105.03333333333333
1071729215;2019-09-21 06:30:00;2019-09-21 07:00:00;104.9
1071729215;2019-09-21 07:00:00;2019-09-21 07:30:00;87.13333333333334
1071729215;2019-09-21 07:30:00;2019-09-21 08:00:00;97.03333333333333
1071729215;2019-09-21 08:00:00;2019-09-21 08:30:00;104.46666666666667
1071729215;2019-09-21 08:30:00;2019-09-21 09:00:00;110.9
1071729215;2019-09-21 09:00:00;2019-09-21 09:30:00;116.43333333333334
1071729215;2019-09-21 09:30:00;2019-09-21 10:00:00;99.7
1071729215;2019-09-21 10:00:00;2019-09-21 10:30:00;105.1
1071729215;2019-09-21 10:30:00;2019-09-21 11:00:00;105.46666666666667
1071729215;2019-09-21 11:00:00;2019-09-21 11:30:00;107.73333333333333
1071729215;2019-09-21 11:30:00;2019-09-21 12:00:00;99.3
1071729215;2019-09-21 12:00:00;2019-09-21 12:30:00;98.86666666666666
1071729215;2019-09-21 12:30:00;2019-09-21 13:00:00;105.33333333333333
1071729215;2019-09-21 13:00:00;2019-09-21 13:30:00;94.0
1071729215;2019-09-21 13:30:00;2019-09-21 14:00:00;103.13333333333334
1071729215;2019-09-21 14:00:00;2019-09-21 14:30:00;111.4
1071729215;2019-09-21 14:30:00;2019-09-21 15:00:00;106.93333333333334
1071729215;2019-09-21 15:00:00;2019-09-21 15:30:00;116.13333333333334
1071729215;2019-09-21 15:30:00;2019-09-21 16:00:00;111.06666666666666
1071729215;2019-09-21 16:00:00;2019-09-21 16:30:00;110.23333333333333
1071729215;2019-09-21 16:30:00;2019-09-21 17:00:00;105.2
1071729215;2019-09-21 17:00:00;2019-09-21 17:30:00;107.16666666666667
1071729215;2019-09-21 17:30:00;2019-09-21 18:00:00;112.8
1071729215;2019-09-21 18:00:00;2019-09-21 18:30:00;103.46666666666667
1071729215;2019-09-21 18:30:00;2019-09-21 19:00:00;120.89655172413794
1071729215;2019-09-21 19:00:00;2019-09-21 19:30:00;116.3
1071729215;2019-09-21 19:30:00;2019-09-21 20:00:00;102.93333333333334
1071729215;2019-09-21 20:00:00;2019-09-21 20:30:00;101.13333333333334
1071729215;2019-09-21 20:30:00;2019-09-21 21:00:00;107.13333333333334
1071729215;2019-09-21 21:00:00;2019-09-21 21:30:00;92.5
1071729215;2019-09-21 21:30:00;2019-09-21 22:00:00;93.1
1071729215;2019-09-21 22:00:00;2019-09-21 22:30:00;92.56666666666666
1071729215;2019-09-21 22:30:00;2019-09-21 23:00:00;92.53333333333333
1071729215;2019-09-21 23:00:00;2019-09-21 23:30:00;92.0
1071729215;2019-09-21 23:30:00;2019-09-21 23:59:59;92.0
1071729215;2019-09-22 00:00:00;2019-09-22 00:30:00;92.0
1071729215;2019-09-22 00:30:00;2019-09-22 01:00:00;92.0
1071729215;2019-09-22 01:00:00;2019-09-22 01:30:00;92.0
1071729215;2019-09-22 01:30:00;2019-09-22 02:00:00;92.0
1071729215;2019-09-22 02:00:00;2019-09-22 02:30:00;92.0
1071729215;2019-09-22 02:30:00;2019-09-22 03:00:00;92.0
1071729215;2019-09-22 03:00:00;2019-09-22 03:30:00;95.0
1071729215;2019-09-22 03:30:00;2019-09-22 04:00:00;89.53333333333333
1071729215;2019-09-22 04:00:00;2019-09-22 04:30:00;93.0
1071729215;2019-09-22 04:30:00;2019-09-22 05:00:00;93.43333333333334
1071729215;2019-09-22 05:00:00;2019-09-22 05:30:00;97.16666666666667
1071729215;2019-09-22 05:30:00;2019-09-22 06:00:00;98.0
1071729215;2019-09-22 06:00:00;2019-09-22 06:30:00;101.0
1071729215;2019-09-22 06:30:00;2019-09-22 07:00:00;110.23333333333333
1071729215;2019-09-22 07:00:00;2019-09-22 07:30:00;99.56666666666666
1071729215;2019-09-22 07:30:00;2019-09-22 08:00:00;100.0
1071729215;2019-09-22 08:00:00;2019-09-22 08:30:00;96.13333333333334
1071729215;2019-09-22 08:30:00;2019-09-22 09:00:00;98.56666666666666
1071729215;2019-09-22 09:00:00;2019-09-22 09:30:00;110.1
1071729215;2019-09-22 09:30:00;2019-09-22 10:00:00;107.73333333333333
1071729215;2019-09-22 10:00:00;2019-09-22 10:30:00;115.23333333333333
1071729215;2019-09-22 10:30:00;2019-09-22 11:00:00;104.86666666666666
1071729215;2019-09-22 11:00:00;2019-09-22 11:30:00;101.26666666666667
1071729215;2019-09-22 11:30:00;2019-09-22 12:00:00;98.03333333333333
1071729215;2019-09-22 12:00:00;2019-09-22 12:30:00;107.7
1071729215;2019-09-22 12:30:00;2019-09-22 13:00:00;100.33333333333333
1071729215;2019-09-22 13:00:00;2019-09-22 13:30:00;104.76666666666667
1071729215;2019-09-22 13:30:00;2019-09-22 14:00:00;92.8
1071729215;2019-09-22 14:00:00;2019-09-22 14:30:00;95.06666666666666
1071729215;2019-09-22 14:30:00;2019-09-22 15:00:00;94.1
1071729215;2019-09-22 15:00:00;2019-09-22 15:30:00;103.2
1071729215;2019-09-22 15:30:00;2019-09-22 16:00:00;101.13333333333334
1071729215;2019-09-22 16:00:00;2019-09-22 16:30:00;87.76666666666667
1071729215;2019-09-22 16:30:00;2019-09-22 17:00:00;89.3
1071729215;2019-09-22 17:00:00;2019-09-22 17:30:00;96.43333333333334
1071729215;2019-09-22 17:30:00;2019-09-22 18:00:00;101.16666666666667
1071729215;2019-09-22 18:00:00;2019-09-22 18:30:00;106.23333333333333
1071729215;2019-09-22 18:30:00;2019-09-22 19:00:00;96.37931034482759
1071729215;2019-09-22 19:00:00;2019-09-22 19:30:00;109.36666666666666
1071729215;2019-09-22 19:30:00;2019-09-22 20:00:00;115.53333333333333
1071729215;2019-09-22 20:00:00;2019-09-22 20:30:00;103.33333333333333
1071729215;2019-09-22 20:30:00;2019-09-22 21:00:00;108.86666666666666
1071729215;2019-09-22 21:00:00;2019-09-22 21:30:00;93.53333333333333
1071729215;2019-09-22 21:30:00;2019-09-22 22:00:00;92.0
1071729215;2019-09-22 22:00:00;2019-09-22 22:30:00;103.73333333333333
1071729215;2019-09-22 22:30:00;2019-09-22 23:00:00;106.0
1071729215;2019-09-22 23:00:00;2019-09-22 23:30:00;121.53333333333333
1071729215;2019-09-22 23:30:00;2019-09-22 23:59:59;110.1
1071729215;2019-09-23 00:00:00;2019-09-23 00:30:00;88.1
1071729215;2019-09-23 00:30:00;2019-09-23 01:00:00;91.76666666666667
1071729215;2019-09-23 01:00:00;2019-09-23 01:30:00;92.0
1071729215;2019-09-23 01:30:00;2019-09-23 02:00:00;92.0
1071729215;2019-09-23 02:00:00;2019-09-23 02:30:00;92.0
1071729215;2019-09-23 02:30:00;2019-09-23 03:00:00;104.7
1071729215;2019-09-23 03:00:00;2019-09-23 03:30:00;95.6
1071729215;2019-09-23 03:30:00;2019-09-23 04:00:00;101.83333333333333
1071729215;2019-09-23 04:00:00;2019-09-23 04:30:00;92.66666666666667
1071729215;2019-09-23 04:30:00;2019-09-23 05:00:00;114.63333333333334
1071729215;2019-09-23 05:00:00;2019-09-23 05:30:00;103.0
1071729215;2019-09-23 05:30:00;2019-09-23 06:00:00;108.73333333333333
1071729215;2019-09-23 06:00:00;2019-09-23 06:30:00;118.6
1071729215;2019-09-23 06:30:00;2019-09-23 07:00:00;99.46666666666667
1071729215;2019-09-23 07:00:00;2019-09-23 07:30:00;88.26666666666667
1071729215;2019-09-23 07:30:00;2019-09-23 08:00:00;97.8
1071729215;2019-09-23 08:00:00;2019-09-23 08:30:00;111.28571428571429
1071729215;2019-09-23 08:30:00;2019-09-23 09:00:00;97.4
1071729215;2019-09-23 09:00:00;2019-09-23 09:30:00;104.5
1071729215;2019-09-23 09:30:00;2019-09-23 10:00:00;99.06666666666666
1071729215;2019-09-23 10:00:00;2019-09-23 10:30:00;92.26666666666667
1071729215;2019-09-23 10:30:00;2019-09-23 11:00:00;92.2
1071729215;2019-09-23 11:00:00;2019-09-23 11:30:00;101.13333333333334
1071729215;2019-09-23 11:30:00;2019-09-23 12:00:00;90.93333333333334
1071729215;2019-09-23 12:00:00;2019-09-23 12:30:00;95.16666666666667
1071729215;2019-09-23 12:30:00;2019-09-23 13:00:00;109.8
1071729215;2019-09-23 13:00:00;2019-09-23 13:30:00;105.1
1071729215;2019-09-23 13:30:00;2019-09-23 14:00:00;91.46666666666667
1071729215;2019-09-23 14:00:00;2019-09-23 14:30:00;94.36666666666666
1071729215;2019-09-23 14:30:00;2019-09-23 15:00:00;100.2
1071729215;2019-09-23 15:00:00;2019-09-23 15:30:00;95.93333333333334
1071729215;2019-09-23 15:30:00;2019-09-23 16:00:00;98.43333333333334
1071729215;2019-09-23 16:00:00;2019-09-23 16:30:00;91.16666666666667
1071729215;2019-09-23 16:30:00;2019-09-23 17:00:00;110.33333333333333
1071729215;2019-09-23 17:00:00;2019-09-23 17:30:00;95.6
1071729215;2019-09-23 17:30:00;2019-09-23 18:00:00;104.26666666666667
1071729215;2019-09-23 18:00:00;2019-09-23 18:30:00;104.5
1071729215;2019-09-23 18:30:00;2019-09-23 19:00:00;103.86666666666666
1071729215;2019-09-23 19:00:00;2019-09-23 19:30:00;97.76666666666667
1071729215;2019-09-23 19:30:00;2019-09-23 20:00:00;97.63333333333334
1071729215;2019-09-23 20:00:00;2019-09-23 20:30:00;96.9
1071729215;2019-09-23 20:30:00;2019-09-23 21:00:00;105.8
1071729215;2019-09-23 21:00:00;2019-09-23 21:30:00;94.86666666666666
1071729215;2019-09-23 21:30:00;2019-09-23 22:00:00;88.93333333333334
1071729215;2019-09-23 22:00:00;2019-09-23 22:30:00;89.6
1071729215;2019-09-23 22:30:00;2019-09-23 23:00:00;89.56666666666666
1071729215;2019-09-23 23:00:00;2019-09-23 23:30:00;92.0
1071729215;2019-09-23 23:30:00;2019-09-23 23:59:59;92.0
1071729215;2019-09-24 00:00:00;2019-09-24 00:30:00;92.0
1071729215;2019-09-24 00:30:00;2019-09-24 01:00:00;92.0
1071729215;2019-09-24 01:00:00;2019-09-24 01:30:00;89.73333333333333
1071729215;2019-09-24 01:30:00;2019-09-24 02:00:00;90.6
1071729215;2019-09-24 02:00:00;2019-09-24 02:30:00;92.0
1071729215;2019-09-24 02:30:00;2019-09-24 03:00:00;92.0
1071729215;2019-09-24 03:00:00;2019-09-24 03:30:00;84.9
1071729215;2019-09-24 03:30:00;2019-09-24 04:00:00;95.93333333333334
1071729215;2019-09-24 04:00:00;2019-09-24 04:30:00;97.26666666666667
1071729215;2019-09-24 04:30:00;2019-09-24 05:00:00;87.4
1071729215;2019-09-24 05:00:00;2019-09-24 05:30:00;96.93333333333334
1071729215;2019-09-24 05:30:00;2019-09-24 06:00:00;113.1
1071729215;2019-09-24 06:00:00;2019-09-24 06:30:00;99.8
1071729215;2019-09-24 06:30:00;2019-09-24 07:00:00;100.06666666666666
1071729215;2019-09-24 07:00:00;2019-09-24 07:30:00;101.6
1071729215;2019-09-24 07:30:00;2019-09-24 08:00:00;91.2
1071729215;2019-09-24 08:00:00;2019-09-24 08:30:00;101.63333333333334
1071729215;2019-09-24 08:30:00;2019-09-24 09:00:00;98.33333333333333
1071729215;2019-09-24 09:00:00;2019-09-24 09:30:00;98.66666666666667
1071729215;2019-09-24 09:30:00;2019-09-24 10:00:00;93.63333333333334
1071729215;2019-09-24 10:00:00;2019-09-24 10:30:00;92.43333333333334
1071729215;2019-09-24 10:30:00;2019-09-24 11:00:00;91.83333333333333
1071729215;2019-09-24 11:00:00;2019-09-24 11:30:00;99.5
1071729215;2019-09-24 11:30:00;2019-09-24 12:00:00;110.7
1071729215;2019-09-24 12:00:00;2019-09-24 12:30:00;103.56666666666666
1071729215;2019-09-24 12:30:00;2019-09-24 13:00:00;101.83333333333333
1071729215;2019-09-24 13:00:00;2019-09-24 13:30:00;104.1
1071729215;2019-09-24 13:30:00;2019-09-24 14:00:00;92.8
1071729215;2019-09-24 14:00:00;2019-09-24 14:30:00;101.1
1071729215;2019-09-24 14:30:00;2019-09-24 15:00:00;93.3
1071729215;2019-09-24 15:00:00;2019-09-24 15:30:00;103.1
1071729215;2019-09-24 15:30:00;2019-09-24 16:00:00;106.0
1071729215;2019-09-24 16:00:00;2019-09-24 16:30:00;98.53333333333333
1071729215;2019-09-24 16:30:00;2019-09-24 17:00:00;101.5
1071729215;2019-09-24 17:00:00;2019-09-24 17:30:00;93.0
1071729215;2019-09-24 17:30:00;2019-09-24 18:00:00;91.46666666666667
1071729215;2019-09-24 18:00:00;2019-09-24 18:30:00;91.76666666666667
1071729215;2019-09-24 18:30:00;2019-09-24 19:00:00;94.96666666666667
1071729215;2019-09-24 19:00:00;2019-09-24 19:30:00;95.5
1071729215;2019-09-24 19:30:00;2019-09-24 20:00:00;101.3225806451613
1071729215;2019-09-24 20:00:00;2019-09-24 20:30:00;98.83333333333333
1071729215;2019-09-24 20:30:00;2019-09-24 21:00:00;87.55172413793103
1071729215;2019-09-24 21:00:00;2019-09-24 21:30:00;92.53333333333333
1071729215;2019-09-24 21:30:00;2019-09-24 22:00:00;92.03333333333333
1071729215;2019-09-24 22:00:00;2019-09-24 22:30:00;92.0
1071729215;2019-09-24 22:30:00;2019-09-24 23:00:00;92.0
1071729215;2019-09-24 23:00:00;2019-09-24 23:30:00;92.0
1071729215;2019-09-24 23:30:00;2019-09-24 23:59:59;92.0
1071729215;2019-09-25 00:00:00;2019-09-25 00:30:00;92.0
1071729215;2019-09-25 00:30:00;2019-09-25 01:00:00;92.0
1071729215;2019-09-25 01:00:00;2019-09-25 01:30:00;92.0
1071729215;2019-09-25 01:30:00;2019-09-25 02:00:00;89.36666666666666
1071729215;2019-09-25 02:00:00;2019-09-25 02:30:00;89.83333333333333
1071729215;2019-09-25 02:30:00;2019-09-25 03:00:00;92.0
1071729215;2019-09-25 03:00:00;2019-09-25 03:30:00;85.6
1071729215;2019-09-25 03:30:00;2019-09-25 04:00:00;87.43333333333334
1071729215;2019-09-25 04:00:00;2019-09-25 04:30:00;90.4
1071729215;2019-09-25 04:30:00;2019-09-25 05:00:00;110.2
1071729215;2019-09-25 05:00:00;2019-09-25 05:30:00;111.23333333333333
1071729215;2019-09-25 05:30:00;2019-09-25 06:00:00;107.9
1071729215;2019-09-25 06:00:00;2019-09-25 06:30:00;94.2
1071729215;2019-09-25 06:30:00;2019-09-25 07:00:00;91.0
1071729215;2019-09-25 07:00:00;2019-09-25 07:30:00;91.8
1071729215;2019-09-25 07:30:00;2019-09-25 08:00:00;95.7
1071729215;2019-09-25 08:00:00;2019-09-25 08:30:00;112.63333333333334
1071729215;2019-09-25 08:30:00;2019-09-25 09:00:00;116.3
1071729215;2019-09-25 09:00:00;2019-09-25 09:30:00;94.86666666666666
1071729215;2019-09-25 09:30:00;2019-09-25 10:00:00;85.96666666666667
1071729215;2019-09-25 10:00:00;2019-09-25 10:30:00;101.23333333333333
1071729215;2019-09-25 10:30:00;2019-09-25 11:00:00;91.53333333333333
1071729215;2019-09-25 11:00:00;2019-09-25 11:30:00;100.96666666666667
1071729215;2019-09-25 11:30:00;2019-09-25 12:00:00;100.76666666666667
1071729215;2019-09-25 12:00:00;2019-09-25 12:30:00;101.96666666666667
1071729215;2019-09-25 12:30:00;2019-09-25 13:00:00;91.4
1071729215;2019-09-25 13:00:00;2019-09-25 13:30:00;97.5
1071729215;2019-09-25 13:30:00;2019-09-25 14:00:00;102.03333333333333
1071729215;2019-09-25 14:00:00;2019-09-25 14:30:00;99.16666666666667
1071729215;2019-09-25 14:30:00;2019-09-25 15:00:00;96.93333333333334
1071729215;2019-09-25 15:00:00;2019-09-25 15:30:00;112.3
1071729215;2019-09-25 15:30:00;2019-09-25 16:00:00;98.9
1071729215;2019-09-25 16:00:00;2019-09-25 16:30:00;91.93333333333334
1071729215;2019-09-25 16:30:00;2019-09-25 17:00:00;97.76666666666667
1071729215;2019-09-25 17:00:00;2019-09-25 17:30:00;107.3
1071729215;2019-09-25 17:30:00;2019-09-25 18:00:00;89.1
1071729215;2019-09-25 18:00:00;2019-09-25 18:30:00;91.8
1071729215;2019-09-25 18:30:00;2019-09-25 19:00:00;93.0
1071729215;2019-09-25 19:00:00;2019-09-25 19:30:00;102.6
1071729215;2019-09-25 19:30:00;2019-09-25 20:00:00;93.56666666666666
1071729215;2019-09-25 20:00:00;2019-09-25 20:30:00;92.43333333333334
1071729215;2019-09-25 20:30:00;2019-09-25 21:00:00;90.9
1071729215;2019-09-25 21:00:00;2019-09-25 21:30:00;102.3
1071729215;2019-09-25 21:30:00;2019-09-25 22:00:00;92.5
1071729215;2019-09-25 22:00:00;2019-09-25 22:30:00;89.06666666666666
1071729215;2019-09-25 22:30:00;2019-09-25 23:00:00;92.0
1071729215;2019-09-25 23:00:00;2019-09-25 23:30:00;92.0
1071729215;2019-09-25 23:30:00;2019-09-25 23:59:59;92.0
1071729215;2019-09-26 00:00:00;2019-09-26 00:30:00;92.0
1071729215;2019-09-26 00:30:00;2019-09-26 01:00:00;92.0
1071729215;2019-09-26 01:00:00;2019-09-26 01:30:00;92.0
1071729215;2019-09-26 01:30:00;2019-09-26 02:00:00;92.0
1071729215;2019-09-26 02:00:00;2019-09-26 02:30:00;89.33333333333333
1071729215;2019-09-26 02:30:00;2019-09-26 03:00:00;92.0
1071729215;2019-09-26 03:00:00;2019-09-26 03:30:00;91.86666666666666
1071729215;2019-09-26 03:30:00;2019-09-26 04:00:00;89.1
1071729215;2019-09-26 04:00:00;2019-09-26 04:30:00;104.9
1071729215;2019-09-26 04:30:00;2019-09-26 05:00:00;104.03333333333333
1071729215;2019-09-26 05:00:00;2019-09-26 05:30:00;117.23333333333333
1071729215;2019-09-26 05:30:00;2019-09-26 06:00:00;106.5
1071729215;2019-09-26 06:00:00;2019-09-26 06:30:00;92.0
1071729215;2019-09-26 06:30:00;2019-09-26 07:00:00;104.06666666666666
1071729215;2019-09-26 07:00:00;2019-09-26 07:30:00;107.16666666666667
1071729215;2019-09-26 07:30:00;2019-09-26 08:00:00;96.2
1071729215;2019-09-26 08:00:00;2019-09-26 08:30:00;108.6
1071729215;2019-09-26 08:30:00;2019-09-26 09:00:00;109.06666666666666
1071729215;2019-09-26 09:00:00;2019-09-26 09:30:00;102.9
1071729215;2019-09-26 09:30:00;2019-09-26 10:00:00;93.0
1071729215;2019-09-26 10:00:00;2019-09-26 10:30:00;102.06666666666666
1071729215;2019-09-26 10:30:00;2019-09-26 11:00:00;95.53333333333333
1071729215;2019-09-26 11:00:00;2019-09-26 11:30:00;95.9
1071729215;2019-09-26 11:30:00;2019-09-26 12:00:00;109.6
1071729215;2019-09-26 12:00:00;2019-09-26 12:30:00;102.93333333333334
1071729215;2019-09-26 12:30:00;2019-09-26 13:00:00;106.23333333333333
1071729215;2019-09-26 13:00:00;2019-09-26 13:30:00;90.66666666666667
1071729215;2019-09-26 13:30:00;2019-09-26 14:00:00;91.8
1071729215;2019-09-26 14:00:00;2019-09-26 14:30:00;94.33333333333333
1071729215;2019-09-26 14:30:00;2019-09-26 15:00:00;114.33333333333333
1071729215;2019-09-26 15:00:00;2019-09-26 15:30:00;107.26666666666667
1071729215;2019-09-26 15:30:00;2019-09-26 16:00:00;105.53333333333333
1071729215;2019-09-26 16:00:00;2019-09-26 16:30:00;116.5
1071729215;2019-09-26 16:30:00;2019-09-26 17:00:00;105.3
1071729215;2019-09-26 17:00:00;2019-09-26 17:30:00;92.23333333333333
1071729215;2019-09-26 17:30:00;2019-09-26 18:00:00;93.46666666666667
1071729215;2019-09-26 18:00:00;2019-09-26 18:30:00;84.93333333333334
1071729215;2019-09-26 18:30:00;2019-09-26 19:00:00;86.86666666666666
1071729215;2019-09-26 19:00:00;2019-09-26 19:30:00;90.03333333333333
1071729215;2019-09-26 19:30:00;2019-09-26 20:00:00;98.66666666666667
1071729215;2019-09-26 20:00:00;2019-09-26 20:30:00;101.86666666666666
1071729215;2019-09-26 20:30:00;2019-09-26 21:00:00;92.83333333333333
1071729215;2019-09-26 21:00:00;2019-09-26 21:30:00;105.16666666666667
1071729215;2019-09-26 21:30:00;2019-09-26 22:00:00;93.56666666666666
1071729215;2019-09-26 22:00:00;2019-09-26 22:30:00;112.8
1071729215;2019-09-26 22:30:00;2019-09-26 23:00:00;108.2
1071729215;2019-09-26 23:00:00;2019-09-26 23:30:00;92.93333333333334
1071729215;2019-09-26 23:30:00;2019-09-26 23:59:59;89.13333333333334
1071729215;2019-09-27 00:00:00;2019-09-27 00:30:00;92.0
1071729215;2019-09-27 00:30:00;2019-09-27 01:00:00;92.0
1071729215;2019-09-27 01:00:00;2019-09-27 01:30:00;92.0
1071729215;2019-09-27 01:30:00;2019-09-27 02:00:00;92.0
1071729215;2019-09-27 02:00:00;2019-09-27 02:30:00;92.0
1071729215;2019-09-27 02:30:00;2019-09-27 03:00:00;92.0
1071729215;2019-09-27 03:00:00;2019-09-27 03:30:00;84.96666666666667
1071729215;2019-09-27 03:30:00;2019-09-27 04:00:00;84.5
1071729215;2019-09-27 04:00:00;2019-09-27 04:30:00;100.1
1071729215;2019-09-27 04:30:00;2019-09-27 05:00:00;117.3
1071729215;2019-09-27 05:00:00;2019-09-27 05:30:00;103.4
1071729215;2019-09-27 05:30:00;2019-09-27 06:00:00;100.83333333333333
1071729215;2019-09-27 06:00:00;2019-09-27 06:30:00;103.23333333333333
1071729215;2019-09-27 06:30:00;2019-09-27 07:00:00;99.36666666666666
1071729215;2019-09-27 07:00:00;2019-09-27 07:30:00;99.6
1071729215;2019-09-27 07:30:00;2019-09-27 08:00:00;99.96666666666667
1071729215;2019-09-27 08:00:00;2019-09-27 08:30:00;102.46666666666667
1071729215;2019-09-27 08:30:00;2019-09-27 09:00:00;83.33333333333333
1071729215;2019-09-27 09:00:00;2019-09-27 09:30:00;99.86666666666666
1071729215;2019-09-27 09:30:00;2019-09-27 10:00:00;108.16666666666667
1071729215;2019-09-27 10:00:00;2019-09-27 10:30:00;101.7
1071729215;2019-09-27 10:30:00;2019-09-27 11:00:00;93.4
1071729215;2019-09-27 11:00:00;2019-09-27 11:30:00;88.66666666666667
1071729215;2019-09-27 11:30:00;2019-09-27 12:00:00;102.73333333333333
1071729215;2019-09-27 12:00:00;2019-09-27 12:30:00;95.1
1071729215;2019-09-27 12:30:00;2019-09-27 13:00:00;95.06666666666666
1071729215;2019-09-27 13:00:00;2019-09-27 13:30:00;105.26666666666667
1071729215;2019-09-27 13:30:00;2019-09-27 14:00:00;96.76666666666667
1071729215;2019-09-27 14:00:00;2019-09-27 14:30:00;96.3
1071729215;2019-09-27 14:30:00;2019-09-27 15:00:00;105.33333333333333
1071729215;2019-09-27 15:00:00;2019-09-27 15:30:00;102.33333333333333
1071729215;2019-09-27 15:30:00;2019-09-27 16:00:00;110.3
1071729215;2019-09-27 16:00:00;2019-09-27 16:30:00;108.73333333333333
1071729215;2019-09-27 16:30:00;2019-09-27 17:00:00;112.83333333333333
1071729215;2019-09-27 17:00:00;2019-09-27 17:30:00;99.33333333333333
1071729215;2019-09-27 17:30:00;2019-09-27 18:00:00;100.8
1071729215;2019-09-27 18:00:00;2019-09-27 18:30:00;90.56666666666666
1071729215;2019-09-27 18:30:00;2019-09-27 19:00:00;101.43333333333334
1071729215;2019-09-27 19:00:00;2019-09-27 19:30:00;98.93333333333334
1071729215;2019-09-27 19:30:00;2019-09-27 20:00:00;90.06666666666666
1071729215;2019-09-27 20:00:00;2019-09-27 20:30:00;104.8
1071729215;2019-09-27 20:30:00;2019-09-27 21:00:00;102.23333333333333
1071729215;2019-09-27 21:00:00;2019-09-27 21:30:00;100.4
1071729215;2019-09-27 21:30:00;2019-09-27 22:00:00;132.13333333333333
1071729215;2019-09-27 22:00:00;2019-09-27 22:30:00;131.3
1071729215;2019-09-27 22:30:00;2019-09-27 23:00:00;105.8
1071729215;2019-09-27 23:00:00;2019-09-27 23:30:00;92.0
1071729215;2019-09-27 23:30:00;2019-09-27 23:59:59;92.0
1071729215;2019-09-28 00:00:00;2019-09-28 00:30:00;92.0
1071729215;2019-09-28 00:30:00;2019-09-28 01:00:00;91.3
1071729215;2019-09-28 01:00:00;2019-09-28 01:30:00;91.73333333333333
1071729215;2019-09-28 01:30:00;2019-09-28 02:00:00;92.0
1071729215;2019-09-28 02:00:00;2019-09-28 02:30:00;94.26666666666667
1071729215;2019-09-28 02:30:00;2019-09-28 03:00:00;92.0
1071729215;2019-09-28 03:00:00;2019-09-28 03:30:00;89.7
1071729215;2019-09-28 03:30:00;2019-09-28 04:00:00;89.0
1071729215;2019-09-28 04:00:00;2019-09-28 04:30:00;93.7
1071729215;2019-09-28 04:30:00;2019-09-28 05:00:00;96.8
1071729215;2019-09-28 05:00:00;2019-09-28 05:30:00;103.0
1071729215;2019-09-28 05:30:00;2019-09-28 06:00:00;94.83333333333333
1071729215;2019-09-28 06:00:00;2019-09-28 06:30:00;87.6
1071729215;2019-09-28 06:30:00;2019-09-28 07:00:00;101.23333333333333
1071729215;2019-09-28 07:00:00;2019-09-28 07:30:00;104.53333333333333
1071729215;2019-09-28 07:30:00;2019-09-28 08:00:00;106.76666666666667
1071729215;2019-09-28 08:00:00;2019-09-28 08:30:00;109.13333333333334
1071729215;2019-09-28 08:30:00;2019-09-28 09:00:00;119.73333333333333
1071729215;2019-09-28 09:00:00;2019-09-28 09:30:00;96.13333333333334
1071729215;2019-09-28 09:30:00;2019-09-28 10:00:00;114.16666666666667
1071729215;2019-09-28 10:00:00;2019-09-28 10:30:00;119.5
1071729215;2019-09-28 10:30:00;2019-09-28 11:00:00;95.0
1071729215;2019-09-28 11:00:00;2019-09-28 11:30:00;91.53333333333333
1071729215;2019-09-28 11:30:00;2019-09-28 12:00:00;91.13333333333334
1071729215;2019-09-28 12:00:00;2019-09-28 12:30:00;110.93333333333334
1071729215;2019-09-28 12:30:00;2019-09-28 13:00:00;93.56666666666666
1071729215;2019-09-28 13:00:00;2019-09-28 13:30:00;97.53333333333333
1071729215;2019-09-28 13:30:00;2019-09-28 14:00:00;96.6
1071729215;2019-09-28 14:00:00;2019-09-28 14:30:00;108.7
1071729215;2019-09-28 14:30:00;2019-09-28 15:00:00;115.0
1071729215;2019-09-28 15:00:00;2019-09-28 15:30:00;107.1
1071729215;2019-09-28 15:30:00;2019-09-28 16:00:00;102.86666666666666
1071729215;2019-09-28 16:00:00;2019-09-28 16:30:00;104.96666666666667
1071729215;2019-09-28 16:30:00;2019-09-28 17:00:00;103.6
1071729215;2019-09-28 17:00:00;2019-09-28 17:30:00;108.46666666666667
1071729215;2019-09-28 17:30:00;2019-09-28 18:00:00;96.96666666666667
1071729215;2019-09-28 18:00:00;2019-09-28 18:30:00;107.8
1071729215;2019-09-28 18:30:00;2019-09-28 19:00:00;107.56666666666666
1071729215;2019-09-28 19:00:00;2019-09-28 19:30:00;102.76666666666667
1071729215;2019-09-28 19:30:00;2019-09-28 20:00:00;99.2
1071729215;2019-09-28 20:00:00;2019-09-28 20:30:00;91.9
1071729215;2019-09-28 20:30:00;2019-09-28 21:00:00;94.8
1071729215;2019-09-28 21:00:00;2019-09-28 21:30:00;90.0
1071729215;2019-09-28 21:30:00;2019-09-28 22:00:00;89.83333333333333
1071729215;2019-09-28 22:00:00;2019-09-28 22:30:00;92.0
1071729215;2019-09-28 22:30:00;2019-09-28 23:00:00;98.53333333333333
1071729215;2019-09-28 23:00:00;2019-09-28 23:30:00;92.0
1071729215;2019-09-28 23:30:00;2019-09-28 23:59:59;92.0
1071729215;2019-09-29 00:00:00;2019-09-29 00:30:00;92.0
1071729215;2019-09-29 00:30:00;2019-09-29 01:00:00;92.0
1071729215;2019-09-29 01:00:00;2019-09-29 01:30:00;101.63333333333334
1071729215;2019-09-29 01:30:00;2019-09-29 02:00:00;100.8
1071729215;2019-09-29 02:00:00;2019-09-29 02:30:00;113.46666666666667
1071729215;2019-09-29 02:30:00;2019-09-29 03:00:00;108.66666666666667
1071729215;2019-09-29 03:00:00;2019-09-29 03:30:00;97.46666666666667
1071729215;2019-09-29 03:30:00;2019-09-29 04:00:00;95.0
1071729215;2019-09-29 04:00:00;2019-09-29 04:30:00;94.33333333333333
1071729215;2019-09-29 04:30:00;2019-09-29 05:00:00;95.53333333333333
1071729215;2019-09-29 05:00:00;2019-09-29 05:30:00;97.7
1071729215;2019-09-29 05:30:00;2019-09-29 06:00:00;98.0
1071729215;2019-09-29 06:00:00;2019-09-29 06:30:00;93.5
1071729215;2019-09-29 06:30:00;2019-09-29 07:00:00;112.1
1071729215;2019-09-29 07:00:00;2019-09-29 07:30:00;104.0
1071729215;2019-09-29 07:30:00;2019-09-29 08:00:00;110.13333333333334
1071729215;2019-09-29 08:00:00;2019-09-29 08:30:00;118.26666666666667
1071729215;2019-09-29 08:30:00;2019-09-29 09:00:00;106.9
1071729215;2019-09-29 09:00:00;2019-09-29 09:30:00;105.66666666666667
1071729215;2019-09-29 09:30:00;2019-09-29 10:00:00;108.96666666666667
1071729215;2019-09-29 10:00:00;2019-09-29 10:30:00;102.13333333333334
1071729215;2019-09-29 10:30:00;2019-09-29 11:00:00;101.1
1071729215;2019-09-29 11:00:00;2019-09-29 11:30:00;106.63333333333334
1071729215;2019-09-29 11:30:00;2019-09-29 12:00:00;113.83333333333333
1071729215;2019-09-29 12:00:00;2019-09-29 12:30:00;96.23333333333333
1071729215;2019-09-29 12:30:00;2019-09-29 13:00:00;95.4
1071729215;2019-09-29 13:00:00;2019-09-29 13:30:00;98.26666666666667
1071729215;2019-09-29 13:30:00;2019-09-29 14:00:00;97.43333333333334
1071729215;2019-09-29 14:00:00;2019-09-29 14:30:00;89.53333333333333
1071729215;2019-09-29 14:30:00;2019-09-29 15:00:00;96.53333333333333
1071729215;2019-09-29 15:00:00;2019-09-29 15:30:00;93.43333333333334
1071729215;2019-09-29 15:30:00;2019-09-29 16:00:00;95.26666666666667
1071729215;2019-09-29 16:00:00;2019-09-29 16:30:00;92.96666666666667
1071729215;2019-09-29 16:30:00;2019-09-29 17:00:00;98.9
1071729215;2019-09-29 17:00:00;2019-09-29 17:30:00;103.16666666666667
1071729215;2019-09-29 17:30:00;2019-09-29 18:00:00;100.7
1071729215;2019-09-29 18:00:00;2019-09-29 18:30:00;108.56666666666666
1071729215;2019-09-29 18:30:00;2019-09-29 19:00:00;94.03333333333333
1071729215;2019-09-29 19:00:00;2019-09-29 19:30:00;99.26666666666667
1071729215;2019-09-29 19:30:00;2019-09-29 20:00:00;105.36666666666666
1071729215;2019-09-29 20:00:00;2019-09-29 20:30:00;82.1
1071729215;2019-09-29 20:30:00;2019-09-29 21:00:00;89.0
1071729215;2019-09-29 21:00:00;2019-09-29 21:30:00;95.26666666666667
1071729215;2019-09-29 21:30:00;2019-09-29 22:00:00;99.7
1071729215;2019-09-29 22:00:00;2019-09-29 22:30:00;95.66666666666667
1071729215;2019-09-29 22:30:00;2019-09-29 23:00:00;96.53333333333333
1071729215;2019-09-29 23:00:00;2019-09-29 23:30:00;93.53333333333333
1071729215;2019-09-29 23:30:00;2019-09-29 23:59:59;94.4
1071729215;2019-09-30 00:00:00;2019-09-30 00:30:00;92.0
1071729215;2019-09-30 00:30:00;2019-09-30 01:00:00;92.0
1071729215;2019-09-30 01:00:00;2019-09-30 01:30:00;92.0
1071729215;2019-09-30 01:30:00;2019-09-30 02:00:00;92.0
1071729215;2019-09-30 02:00:00;2019-09-30 02:30:00;102.63333333333334
1071729215;2019-09-30 02:30:00;2019-09-30 03:00:00;94.93333333333334
1071729215;2019-09-30 03:00:00;2019-09-30 03:30:00;97.03333333333333
1071729215;2019-09-30 03:30:00;2019-09-30 04:00:00;107.9
1071729215;2019-09-30 04:00:00;2019-09-30 04:30:00;96.93333333333334
1071729215;2019-09-30 04:30:00;2019-09-30 05:00:00;119.0
1071729215;2019-09-30 05:00:00;2019-09-30 05:30:00;100.06666666666666
1071729215;2019-09-30 05:30:00;2019-09-30 06:00:00;106.66666666666667
1071729215;2019-09-30 06:00:00;2019-09-30 06:30:00;98.16666666666667
1071729215;2019-09-30 06:30:00;2019-09-30 07:00:00;101.96666666666667
1071729215;2019-09-30 07:00:00;2019-09-30 07:30:00;112.6
1071729215;2019-09-30 07:30:00;2019-09-30 08:00:00;96.5
1071729215;2019-09-30 08:00:00;2019-09-30 08:30:00;94.53333333333333
1071729215;2019-09-30 08:30:00;2019-09-30 09:00:00;102.36666666666666
1071729215;2019-09-30 09:00:00;2019-09-30 09:30:00;101.96666666666667
1071729215;2019-09-30 09:30:00;2019-09-30 10:00:00;109.65517241379311
1071729215;2019-09-30 10:00:00;2019-09-30 10:30:00;100.96666666666667
1071729215;2019-09-30 10:30:00;2019-09-30 11:00:00;93.36666666666666
1071729215;2019-09-30 11:00:00;2019-09-30 11:30:00;97.6
1071729215;2019-09-30 11:30:00;2019-09-30 12:00:00;108.63333333333334
1071729215;2019-09-30 12:00:00;2019-09-30 12:30:00;97.06666666666666
1071729215;2019-09-30 12:30:00;2019-09-30 13:00:00;90.16666666666667
1071729215;2019-09-30 13:00:00;2019-09-30 13:30:00;97.73333333333333
1071729215;2019-09-30 13:30:00;2019-09-30 14:00:00;106.96666666666667
1071729215;2019-09-30 14:00:00;2019-09-30 14:30:00;107.03333333333333
1071729215;2019-09-30 14:30:00;2019-09-30 15:00:00;103.7
1071729215;2019-09-30 15:00:00;2019-09-30 15:30:00;95.93333333333334
1071729215;2019-09-30 15:30:00;2019-09-30 16:00:00;95.6
1071729215;2019-09-30 16:00:00;2019-09-30 16:30:00;97.33333333333333
1071729215;2019-09-30 16:30:00;2019-09-30 17:00:00;91.83333333333333
1071729215;2019-09-30 17:00:00;2019-09-30 17:30:00;86.43333333333334
1071729215;2019-09-30 17:30:00;2019-09-30 18:00:00;101.7
1071729215;2019-09-30 18:00:00;2019-09-30 18:30:00;108.4
1071729215;2019-09-30 18:30:00;2019-09-30 19:00:00;96.3
1071729215;2019-09-30 19:00:00;2019-09-30 19:30:00;95.33333333333333
1071729215;2019-09-30 19:30:00;2019-09-30 20:00:00;98.3
1071729215;2019-09-30 20:00:00;2019-09-30 20:30:00;94.93333333333334
1071729215;2019-09-30 20:30:00;2019-09-30 21:00:00;99.93333333333334
1071729215;2019-09-30 21:00:00;2019-09-30 21:30:00;99.96666666666667
1071729215;2019-09-30 21:30:00;2019-09-30 22:00:00;94.16666666666667
1071729215;2019-09-30 22:00:00;2019-09-30 22:30:00;92.0
1071729215;2019-09-30 22:30:00;2019-09-30 23:00:00;92.0
1071729215;2019-09-30 23:00:00;2019-09-30 23:30:00;87.66666666666667
1071729215;2019-09-30 23:30:00;2019-09-30 23:59:59;92.0
1071729215;2019-10-01 00:00:00;2019-10-01 00:30:00;92.0
1071729215;2019-10-01 00:30:00;2019-10-01 01:00:00;92.0
1071729215;2019-10-01 01:00:00;2019-10-01 01:30:00;92.0
1071729215;2019-10-01 01:30:00;2019-10-01 02:00:00;92.0
1071729215;2019-10-01 02:00:00;2019-10-01 02:30:00;92.0
1071729215;2019-10-01 02:30:00;2019-10-01 03:00:00;92.0
1071729215;2019-10-01 03:00:00;2019-10-01 03:30:00;85.0
1071729215;2019-10-01 03:30:00;2019-10-01 04:00:00;85.0
1071729215;2019-10-01 04:00:00;2019-10-01 04:30:00;92.56666666666666
1071729215;2019-10-01 04:30:00;2019-10-01 05:00:00;98.33333333333333
1071729215;2019-10-01 05:00:00;2019-10-01 05:30:00;108.43333333333334
1071729215;2019-10-01 05:30:00;2019-10-01 06:00:00;116.26666666666667
1071729215;2019-10-01 06:00:00;2019-10-01 06:30:00;109.0
1071729215;2019-10-01 06:30:00;2019-10-01 07:00:00;93.86666666666666
1071729215;2019-10-01 07:00:00;2019-10-01 07:30:00;99.43333333333334
1071729215;2019-10-01 07:30:00;2019-10-01 08:00:00;89.3
1071729215;2019-10-01 08:00:00;2019-10-01 08:30:00;105.86666666666666
1071729215;2019-10-01 08:30:00;2019-10-01 09:00:00;98.3103448275862
1071729215;2019-10-01 09:00:00;2019-10-01 09:30:00;97.9
1071729215;2019-10-01 09:30:00;2019-10-01 10:00:00;90.6
1071729215;2019-10-01 10:00:00;2019-10-01 10:30:00;89.03333333333333
1071729215;2019-10-01 10:30:00;2019-10-01 11:00:00;92.20689655172414
1071729215;2019-10-01 11:00:00;2019-10-01 11:30:00;90.8
1071729215;2019-10-01 11:30:00;2019-10-01 12:00:00;102.1
1071729215;2019-10-01 12:00:00;2019-10-01 12:30:00;105.83333333333333
1071729215;2019-10-01 12:30:00;2019-10-01 13:00:00;107.03448275862068
1071729215;2019-10-01 13:00:00;2019-10-01 13:30:00;96.76666666666667
1071729215;2019-10-01 13:30:00;2019-10-01 14:00:00;89.43333333333334
1071729215;2019-10-01 14:00:00;2019-10-01 14:30:00;112.7
1071729215;2019-10-01 14:30:00;2019-10-01 15:00:00;103.1
1071729215;2019-10-01 15:00:00;2019-10-01 15:30:00;119.83333333333333
1071729215;2019-10-01 15:30:00;2019-10-01 16:00:00;95.76666666666667
1071729215;2019-10-01 16:00:00;2019-10-01 16:30:00;101.56666666666666
1071729215;2019-10-01 16:30:00;2019-10-01 17:00:00;102.5
1071729215;2019-10-01 17:00:00;2019-10-01 17:30:00;90.2
1071729215;2019-10-01 17:30:00;2019-10-01 18:00:00;92.46666666666667
1071729215;2019-10-01 18:00:00;2019-10-01 18:30:00;89.16666666666667
1071729215;2019-10-01 18:30:00;2019-10-01 19:00:00;92.76666666666667
1071729215;2019-10-01 19:00:00;2019-10-01 19:30:00;92.4
1071729215;2019-10-01 19:30:00;2019-10-01 20:00:00;95.06666666666666
1071729215;2019-10-01 20:00:00;2019-10-01 20:30:00;86.06666666666666
1071729215;2019-10-01 20:30:00;2019-10-01 21:00:00;89.26666666666667
1071729215;2019-10-01 21:00:00;2019-10-01 21:30:00;92.0
1071729215;2019-10-01 21:30:00;2019-10-01 22:00:00;92.0
1071729215;2019-10-01 22:00:00;2019-10-01 22:30:00;92.0
1071729215;2019-10-01 22:30:00;2019-10-01 23:00:00;92.0
1071729215;2019-10-01 23:00:00;2019-10-01 23:30:00;88.1
1071729215;2019-10-01 23:30:00;2019-10-01 23:59:59;91.56666666666666
1071729215;2019-10-02 00:00:00;2019-10-02 00:30:00;92.0
1071729215;2019-10-02 00:30:00;2019-10-02 01:00:00;92.0
1071729215;2019-10-02 01:00:00;2019-10-02 01:30:00;92.0
1071729215;2019-10-02 01:30:00;2019-10-02 02:00:00;92.0
1071729215;2019-10-02 02:00:00;2019-10-02 02:30:00;92.0
1071729215;2019-10-02 02:30:00;2019-10-02 03:00:00;92.0
1071729215;2019-10-02 03:00:00;2019-10-02 03:30:00;85.73333333333333
1071729215;2019-10-02 03:30:00;2019-10-02 04:00:00;87.56666666666666
1071729215;2019-10-02 04:00:00;2019-10-02 04:30:00;94.4
1071729215;2019-10-02 04:30:00;2019-10-02 05:00:00;105.0
1071729215;2019-10-02 05:00:00;2019-10-02 05:30:00;98.06666666666666
1071729215;2019-10-02 05:30:00;2019-10-02 06:00:00;99.33333333333333
1071729215;2019-10-02 06:00:00;2019-10-02 06:30:00;100.63333333333334
1071729215;2019-10-02 06:30:00;2019-10-02 07:00:00;101.36666666666666
1071729215;2019-10-02 07:00:00;2019-10-02 07:30:00;100.3
1071729215;2019-10-02 07:30:00;2019-10-02 08:00:00;98.0
1071729215;2019-10-02 08:00:00;2019-10-02 08:30:00;90.55172413793103
1071729215;2019-10-02 08:30:00;2019-10-02 09:00:00;90.13333333333334
1071729215;2019-10-02 09:00:00;2019-10-02 09:30:00;91.8
1071729215;2019-10-02 09:30:00;2019-10-02 10:00:00;110.36666666666666
1071729215;2019-10-02 10:00:00;2019-10-02 10:30:00;101.89655172413794
1071729215;2019-10-02 10:30:00;2019-10-02 11:00:00;101.51724137931035
1071729215;2019-10-02 11:00:00;2019-10-02 11:30:00;86.3
1071729215;2019-10-02 11:30:00;2019-10-02 12:00:00;86.56666666666666
1071729215;2019-10-02 12:00:00;2019-10-02 12:30:00;102.6
1071729215;2019-10-02 12:30:00;2019-10-02 13:00:00;98.2
1071729215;2019-10-02 13:00:00;2019-10-02 13:30:00;94.93333333333334
1071729215;2019-10-02 13:30:00;2019-10-02 14:00:00;91.23333333333333
1071729215;2019-10-02 14:00:00;2019-10-02 14:30:00;88.83333333333333
1071729215;2019-10-02 14:30:00;2019-10-02 15:00:00;95.96666666666667
1071729215;2019-10-02 15:00:00;2019-10-02 15:30:00;89.56666666666666
1071729215;2019-10-02 15:30:00;2019-10-02 16:00:00;91.66666666666667
1071729215;2019-10-02 16:00:00;2019-10-02 16:30:00;88.76666666666667
1071729215;2019-10-02 16:30:00;2019-10-02 17:00:00;100.13333333333334
1071729215;2019-10-02 17:00:00;2019-10-02 17:30:00;105.7
1071729215;2019-10-02 17:30:00;2019-10-02 18:00:00;96.03333333333333
1071729215;2019-10-02 18:00:00;2019-10-02 18:30:00;94.76666666666667
1071729215;2019-10-02 18:30:00;2019-10-02 19:00:00;92.53333333333333
1071729215;2019-10-02 19:00:00;2019-10-02 19:30:00;90.13333333333334
1071729215;2019-10-02 19:30:00;2019-10-02 20:00:00;90.8
1071729215;2019-10-02 20:00:00;2019-10-02 20:30:00;92.0
1071729215;2019-10-02 20:30:00;2019-10-02 21:00:00;101.93333333333334
1071729215;2019-10-02 21:00:00;2019-10-02 21:30:00;93.6
1071729215;2019-10-02 21:30:00;2019-10-02 22:00:00;107.06666666666666
1071729215;2019-10-02 22:00:00;2019-10-02 22:30:00;92.0
1071729215;2019-10-02 22:30:00;2019-10-02 23:00:00;106.0
1071729215;2019-10-02 23:00:00;2019-10-02 23:30:00;87.93333333333334
1071729215;2019-10-02 23:30:00;2019-10-02 23:59:59;89.43333333333334
1071729215;2019-10-03 00:00:00;2019-10-03 00:30:00;92.0
1071729215;2019-10-03 00:30:00;2019-10-03 01:00:00;92.0
1071729215;2019-10-03 01:00:00;2019-10-03 01:30:00;92.0
1071729215;2019-10-03 01:30:00;2019-10-03 02:00:00;92.0
1071729215;2019-10-03 02:00:00;2019-10-03 02:30:00;92.0
1071729215;2019-10-03 02:30:00;2019-10-03 03:00:00;92.0
1071729215;2019-10-03 03:00:00;2019-10-03 03:30:00;84.0
1071729215;2019-10-03 03:30:00;2019-10-03 04:00:00;93.7
1071729215;2019-10-03 04:00:00;2019-10-03 04:30:00;89.93333333333334
1071729215;2019-10-03 04:30:00;2019-10-03 05:00:00;111.0
1071729215;2019-10-03 05:00:00;2019-10-03 05:30:00;84.83333333333333
1071729215;2019-10-03 05:30:00;2019-10-03 06:00:00;104.2
1071729215;2019-10-03 06:00:00;2019-10-03 06:30:00;92.0
1071729215;2019-10-03 06:30:00;2019-10-03 07:00:00;89.63333333333334
1071729215;2019-10-03 07:00:00;2019-10-03 07:30:00;88.5
1071729215;2019-10-03 07:30:00;2019-10-03 08:00:00;87.16666666666667
1071729215;2019-10-03 08:00:00;2019-10-03 08:30:00;90.13333333333334
1071729215;2019-10-03 08:30:00;2019-10-03 09:00:00;88.93333333333334
1071729215;2019-10-03 09:00:00;2019-10-03 09:30:00;93.2
1071729215;2019-10-03 09:30:00;2019-10-03 10:00:00;96.7
1071729215;2019-10-03 10:00:00;2019-10-03 10:30:00;87.96666666666667
1071729215;2019-10-03 10:30:00;2019-10-03 11:00:00;98.06666666666666
1071729215;2019-10-03 11:00:00;2019-10-03 11:30:00;108.86666666666666
1071729215;2019-10-03 11:30:00;2019-10-03 12:00:00;98.6
1071729215;2019-10-03 12:00:00;2019-10-03 12:30:00;99.13793103448276
1071729215;2019-10-03 12:30:00;2019-10-03 13:00:00;105.66666666666667
1071729215;2019-10-03 13:00:00;2019-10-03 13:30:00;98.46666666666667
1071729215;2019-10-03 13:30:00;2019-10-03 14:00:00;101.16666666666667
1071729215;2019-10-03 14:00:00;2019-10-03 14:30:00;108.1
1071729215;2019-10-03 14:30:00;2019-10-03 15:00:00;89.63333333333334
1071729215;2019-10-03 15:00:00;2019-10-03 15:30:00;102.66666666666667
1071729215;2019-10-03 15:30:00;2019-10-03 16:00:00;98.86666666666666
1071729215;2019-10-03 16:00:00;2019-10-03 16:30:00;100.56666666666666
1071729215;2019-10-03 16:30:00;2019-10-03 17:00:00;109.03333333333333
1071729215;2019-10-03 17:00:00;2019-10-03 17:30:00;104.23333333333333
1071729215;2019-10-03 17:30:00;2019-10-03 18:00:00;86.73333333333333
1071729215;2019-10-03 18:00:00;2019-10-03 18:30:00;106.8
1071729215;2019-10-03 18:30:00;2019-10-03 19:00:00;107.66666666666667
1071729215;2019-10-03 19:00:00;2019-10-03 19:30:00;107.66666666666667
1071729215;2019-10-03 19:30:00;2019-10-03 20:00:00;99.6
1071729215;2019-10-03 20:00:00;2019-10-03 20:30:00;94.46666666666667
1071729215;2019-10-03 20:30:00;2019-10-03 21:00:00;95.9
1071729215;2019-10-03 21:00:00;2019-10-03 21:30:00;91.4
1071729215;2019-10-03 21:30:00;2019-10-03 22:00:00;92.0
1071729215;2019-10-03 22:00:00;2019-10-03 22:30:00;92.0
1071729215;2019-10-03 22:30:00;2019-10-03 23:00:00;92.0
1071729215;2019-10-03 23:00:00;2019-10-03 23:30:00;92.0
1071729215;2019-10-03 23:30:00;2019-10-03 23:59:59;100.6
1071729215;2019-10-04 00:00:00;2019-10-04 00:30:00;92.7
1071729215;2019-10-04 00:30:00;2019-10-04 01:00:00;85.23333333333333
1071729215;2019-10-04 01:00:00;2019-10-04 01:30:00;92.26666666666667
1071729215;2019-10-04 01:30:00;2019-10-04 02:00:00;92.26666666666667
1071729215;2019-10-04 02:00:00;2019-10-04 02:30:00;92.0
1071729215;2019-10-04 02:30:00;2019-10-04 03:00:00;92.0
1071729215;2019-10-04 03:00:00;2019-10-04 03:30:00;85.0
1071729215;2019-10-04 03:30:00;2019-10-04 04:00:00;84.7
1071729215;2019-10-04 04:00:00;2019-10-04 04:30:00;89.06666666666666
1071729215;2019-10-04 04:30:00;2019-10-04 05:00:00;105.73333333333333
1071729215;2019-10-04 05:00:00;2019-10-04 05:30:00;101.2
1071729215;2019-10-04 05:30:00;2019-10-04 06:00:00;93.8
1071729215;2019-10-04 06:00:00;2019-10-04 06:30:00;105.2
1071729215;2019-10-04 06:30:00;2019-10-04 07:00:00;91.46666666666667
1071729215;2019-10-04 07:00:00;2019-10-04 07:30:00;91.7
1071729215;2019-10-04 07:30:00;2019-10-04 08:00:00;92.96666666666667
1071729215;2019-10-04 08:00:00;2019-10-04 08:30:00;97.83333333333333
1071729215;2019-10-04 08:30:00;2019-10-04 09:00:00;102.13333333333334
1071729215;2019-10-04 09:00:00;2019-10-04 09:30:00;97.5
1071729215;2019-10-04 09:30:00;2019-10-04 10:00:00;94.56666666666666
1071729215;2019-10-04 10:00:00;2019-10-04 10:30:00;93.53333333333333
1071729215;2019-10-04 10:30:00;2019-10-04 11:00:00;90.76666666666667
1071729215;2019-10-04 11:00:00;2019-10-04 11:30:00;96.63333333333334
1071729215;2019-10-04 11:30:00;2019-10-04 12:00:00;104.7
1071729215;2019-10-04 12:00:00;2019-10-04 12:30:00;100.06666666666666
1071729215;2019-10-04 12:30:00;2019-10-04 13:00:00;91.5
1071729215;2019-10-04 13:00:00;2019-10-04 13:30:00;108.36666666666666
1071729215;2019-10-04 13:30:00;2019-10-04 14:00:00;94.76666666666667
1071729215;2019-10-04 14:00:00;2019-10-04 14:30:00;104.66666666666667
1071729215;2019-10-04 14:30:00;2019-10-04 15:00:00;99.66666666666667
1071729215;2019-10-04 15:00:00;2019-10-04 15:30:00;103.56666666666666
1071729215;2019-10-04 15:30:00;2019-10-04 16:00:00;108.2
1071729215;2019-10-04 16:00:00;2019-10-04 16:30:00;95.83333333333333
1071729215;2019-10-04 16:30:00;2019-10-04 17:00:00;96.1
1071729215;2019-10-04 17:00:00;2019-10-04 17:30:00;93.26666666666667
1071729215;2019-10-04 17:30:00;2019-10-04 18:00:00;109.06666666666666
1071729215;2019-10-04 18:00:00;2019-10-04 18:30:00;99.93333333333334
1071729215;2019-10-04 18:30:00;2019-10-04 19:00:00;101.5
1071729215;2019-10-04 19:00:00;2019-10-04 19:30:00;107.93333333333334
1071729215;2019-10-04 19:30:00;2019-10-04 20:00:00;104.33333333333333
1071729215;2019-10-04 20:00:00;2019-10-04 20:30:00;95.26666666666667
1071729215;2019-10-04 20:30:00;2019-10-04 21:00:00;103.13333333333334
1071729215;2019-10-04 21:00:00;2019-10-04 21:30:00;100.6
1071729215;2019-10-04 21:30:00;2019-10-04 22:00:00;134.76666666666668
1071729215;2019-10-04 22:00:00;2019-10-04 22:30:00;125.13333333333334
1071729215;2019-10-04 22:30:00;2019-10-04 23:00:00;100.76666666666667
1071729215;2019-10-04 23:00:00;2019-10-04 23:30:00;92.8
1071729215;2019-10-04 23:30:00;2019-10-04 23:59:59;92.0
1071729215;2019-10-05 00:00:00;2019-10-05 00:30:00;92.0
1071729215;2019-10-05 00:30:00;2019-10-05 01:00:00;92.0
1071729215;2019-10-05 01:00:00;2019-10-05 01:30:00;95.3
1071729215;2019-10-05 01:30:00;2019-10-05 02:00:00;92.26666666666667
1071729215;2019-10-05 02:00:00;2019-10-05 02:30:00;92.0
1071729215;2019-10-05 02:30:00;2019-10-05 03:00:00;92.0
1071729215;2019-10-05 03:00:00;2019-10-05 03:30:00;86.96666666666667
1071729215;2019-10-05 03:30:00;2019-10-05 04:00:00;88.93333333333334
1071729215;2019-10-05 04:00:00;2019-10-05 04:30:00;93.1
1071729215;2019-10-05 04:30:00;2019-10-05 05:00:00;91.86666666666666
1071729215;2019-10-05 05:00:00;2019-10-05 05:30:00;99.86666666666666
1071729215;2019-10-05 05:30:00;2019-10-05 06:00:00;96.63333333333334
1071729215;2019-10-05 06:00:00;2019-10-05 06:30:00;98.1
1071729215;2019-10-05 06:30:00;2019-10-05 07:00:00;96.53333333333333
1071729215;2019-10-05 07:00:00;2019-10-05 07:30:00;109.96666666666667
1071729215;2019-10-05 07:30:00;2019-10-05 08:00:00;106.8
1071729215;2019-10-05 08:00:00;2019-10-05 08:30:00;105.23333333333333
1071729215;2019-10-05 08:30:00;2019-10-05 09:00:00;92.06666666666666
1071729215;2019-10-05 09:00:00;2019-10-05 09:30:00;97.83333333333333
1071729215;2019-10-05 09:30:00;2019-10-05 10:00:00;101.96666666666667
1071729215;2019-10-05 10:00:00;2019-10-05 10:30:00;99.4
1071729215;2019-10-05 10:30:00;2019-10-05 11:00:00;104.0
1071729215;2019-10-05 11:00:00;2019-10-05 11:30:00;97.6
1071729215;2019-10-05 11:30:00;2019-10-05 12:00:00;97.83333333333333
1071729215;2019-10-05 12:00:00;2019-10-05 12:30:00;100.8
1071729215;2019-10-05 12:30:00;2019-10-05 13:00:00;101.86666666666666
1071729215;2019-10-05 13:00:00;2019-10-05 13:30:00;102.73333333333333
1071729215;2019-10-05 13:30:00;2019-10-05 14:00:00;100.23333333333333
1071729215;2019-10-05 14:00:00;2019-10-05 14:30:00;96.63333333333334
1071729215;2019-10-05 14:30:00;2019-10-05 15:00:00;108.83333333333333
1071729215;2019-10-05 15:00:00;2019-10-05 15:30:00;109.76666666666667
1071729215;2019-10-05 15:30:00;2019-10-05 16:00:00;101.2
1071729215;2019-10-05 16:00:00;2019-10-05 16:30:00;102.83333333333333
1071729215;2019-10-05 16:30:00;2019-10-05 17:00:00;108.8
1071729215;2019-10-05 17:00:00;2019-10-05 17:30:00;92.83333333333333
1071729215;2019-10-05 17:30:00;2019-10-05 18:00:00;94.76666666666667
1071729215;2019-10-05 18:00:00;2019-10-05 18:30:00;94.53333333333333
1071729215;2019-10-05 18:30:00;2019-10-05 19:00:00;107.66666666666667
1071729215;2019-10-05 19:00:00;2019-10-05 19:30:00;104.13333333333334
1071729215;2019-10-05 19:30:00;2019-10-05 20:00:00;103.0
1071729215;2019-10-05 20:00:00;2019-10-05 20:30:00;102.96666666666667
1071729215;2019-10-05 20:30:00;2019-10-05 21:00:00;106.83333333333333
1071729215;2019-10-05 21:00:00;2019-10-05 21:30:00;90.73333333333333
1071729215;2019-10-05 21:30:00;2019-10-05 22:00:00;110.23333333333333
1071729215;2019-10-05 22:00:00;2019-10-05 22:30:00;94.16666666666667
1071729215;2019-10-05 22:30:00;2019-10-05 23:00:00;96.63333333333334
1071729215;2019-10-05 23:00:00;2019-10-05 23:30:00;92.0
1071729215;2019-10-05 23:30:00;2019-10-05 23:59:59;92.0
1071729215;2019-10-06 00:00:00;2019-10-06 00:30:00;92.0
1071729215;2019-10-06 00:30:00;2019-10-06 01:00:00;92.0
1071729215;2019-10-06 01:00:00;2019-10-06 01:30:00;92.0
1071729215;2019-10-06 01:30:00;2019-10-06 02:00:00;92.0
1071729215;2019-10-06 02:00:00;2019-10-06 02:30:00;92.0
1071729215;2019-10-06 02:30:00;2019-10-06 03:00:00;92.0
1071729215;2019-10-06 03:00:00;2019-10-06 03:30:00;95.0
1071729215;2019-10-06 03:30:00;2019-10-06 04:00:00;108.7
1071729215;2019-10-06 04:00:00;2019-10-06 04:30:00;97.4
1071729215;2019-10-06 04:30:00;2019-10-06 05:00:00;101.0
1071729215;2019-10-06 05:00:00;2019-10-06 05:30:00;105.0
1071729215;2019-10-06 05:30:00;2019-10-06 06:00:00;102.06666666666666
1071729215;2019-10-06 06:00:00;2019-10-06 06:30:00;100.26666666666667
1071729215;2019-10-06 06:30:00;2019-10-06 07:00:00;100.73333333333333
1071729215;2019-10-06 07:00:00;2019-10-06 07:30:00;101.93333333333334
1071729215;2019-10-06 07:30:00;2019-10-06 08:00:00;113.5
1071729215;2019-10-06 08:00:00;2019-10-06 08:30:00;108.66666666666667
1071729215;2019-10-06 08:30:00;2019-10-06 09:00:00;106.5
1071729215;2019-10-06 09:00:00;2019-10-06 09:30:00;111.66666666666667
1071729215;2019-10-06 09:30:00;2019-10-06 10:00:00;113.3
1071729215;2019-10-06 10:00:00;2019-10-06 10:30:00;107.9
1071729215;2019-10-06 10:30:00;2019-10-06 11:00:00;114.66666666666667
1071729215;2019-10-06 11:00:00;2019-10-06 11:30:00;103.93333333333334
1071729215;2019-10-06 11:30:00;2019-10-06 12:00:00;106.43333333333334
1071729215;2019-10-06 12:00:00;2019-10-06 12:30:00;109.8
1071729215;2019-10-06 12:30:00;2019-10-06 13:00:00;98.16666666666667
1071729215;2019-10-06 13:00:00;2019-10-06 13:30:00;104.9
1071729215;2019-10-06 13:30:00;2019-10-06 14:00:00;103.9
1071729215;2019-10-06 14:00:00;2019-10-06 14:30:00;87.33333333333333
1071729215;2019-10-06 14:30:00;2019-10-06 15:00:00;94.46666666666667
1071729215;2019-10-06 15:00:00;2019-10-06 15:30:00;96.63333333333334
1071729215;2019-10-06 15:30:00;2019-10-06 16:00:00;94.8
1071729215;2019-10-06 16:00:00;2019-10-06 16:30:00;110.26666666666667
1071729215;2019-10-06 16:30:00;2019-10-06 17:00:00;107.83333333333333
1071729215;2019-10-06 17:00:00;2019-10-06 17:30:00;95.9
1071729215;2019-10-06 17:30:00;2019-10-06 18:00:00;95.36666666666666
1071729215;2019-10-06 18:00:00;2019-10-06 18:30:00;118.36666666666666
1071729215;2019-10-06 18:30:00;2019-10-06 19:00:00;115.63333333333334
1071729215;2019-10-06 19:00:00;2019-10-06 19:30:00;110.63333333333334
1071729215;2019-10-06 19:30:00;2019-10-06 20:00:00;100.93333333333334
1071729215;2019-10-06 20:00:00;2019-10-06 20:30:00;100.7
1071729215;2019-10-06 20:30:00;2019-10-06 21:00:00;109.9
1071729215;2019-10-06 21:00:00;2019-10-06 21:30:00;106.46666666666667
1071729215;2019-10-06 21:30:00;2019-10-06 22:00:00;106.0
1071729215;2019-10-06 22:00:00;2019-10-06 22:30:00;122.0
1071729215;2019-10-06 22:30:00;2019-10-06 23:00:00;115.56666666666666
1071729215;2019-10-06 23:00:00;2019-10-06 23:30:00;96.66666666666667
1071729215;2019-10-06 23:30:00;2019-10-06 23:59:59;126.93333333333334
1071729215;2019-10-07 00:00:00;2019-10-07 00:30:00;120.83333333333333
1071729215;2019-10-07 00:30:00;2019-10-07 01:00:00;94.7
1071729215;2019-10-07 01:00:00;2019-10-07 01:30:00;90.7
1071729215;2019-10-07 01:30:00;2019-10-07 02:00:00;92.0
1071729215;2019-10-07 02:00:00;2019-10-07 02:30:00;92.0
1071729215;2019-10-07 02:30:00;2019-10-07 03:00:00;92.0
1071729215;2019-10-07 03:00:00;2019-10-07 03:30:00;90.0
1071729215;2019-10-07 03:30:00;2019-10-07 04:00:00;104.46666666666667
1071729215;2019-10-07 04:00:00;2019-10-07 04:30:00;104.8
1071729215;2019-10-07 04:30:00;2019-10-07 05:00:00;120.56666666666666
1071729215;2019-10-07 05:00:00;2019-10-07 05:30:00;105.06666666666666
1071729215;2019-10-07 05:30:00;2019-10-07 06:00:00;113.6
1071729215;2019-10-07 06:00:00;2019-10-07 06:30:00;104.5
1071729215;2019-10-07 06:30:00;2019-10-07 07:00:00;105.2
1071729215;2019-10-07 07:00:00;2019-10-07 07:30:00;100.26666666666667
1071729215;2019-10-07 07:30:00;2019-10-07 08:00:00;103.4
1071729215;2019-10-07 08:00:00;2019-10-07 08:30:00;96.9375
1071729215;2019-10-07 08:30:00;2019-10-07 09:00:00;88.0
1071729215;2019-10-07 09:00:00;2019-10-07 09:30:00;104.5
1071729215;2019-10-07 09:30:00;2019-10-07 10:00:00;104.5
1071729215;2019-10-07 10:00:00;2019-10-07 10:30:00;86.56666666666666
1071729215;2019-10-07 10:30:00;2019-10-07 11:00:00;86.13333333333334
1071729215;2019-10-07 11:00:00;2019-10-07 11:30:00;85.9
1071729215;2019-10-07 11:30:00;2019-10-07 12:00:00;86.46666666666667
1071729215;2019-10-07 12:00:00;2019-10-07 12:30:00;92.36666666666666
1071729215;2019-10-07 12:30:00;2019-10-07 13:00:00;95.66666666666667
1071729215;2019-10-07 13:00:00;2019-10-07 13:30:00;88.66666666666667
1071729215;2019-10-07 13:30:00;2019-10-07 14:00:00;98.16666666666667
1071729215;2019-10-07 14:00:00;2019-10-07 14:30:00;105.93333333333334
1071729215;2019-10-07 14:30:00;2019-10-07 15:00:00;104.6
1071729215;2019-10-07 15:00:00;2019-10-07 15:30:00;97.96666666666667
1071729215;2019-10-07 15:30:00;2019-10-07 16:00:00;98.76666666666667
1071729215;2019-10-07 16:00:00;2019-10-07 16:30:00;95.0
1071729215;2019-10-07 16:30:00;2019-10-07 17:00:00;94.4
1071729215;2019-10-07 17:00:00;2019-10-07 17:30:00;99.03333333333333
1071729215;2019-10-07 17:30:00;2019-10-07 18:00:00;103.53333333333333
1071729215;2019-10-07 18:00:00;2019-10-07 18:30:00;111.0
1071729215;2019-10-07 18:30:00;2019-10-07 19:00:00;87.16666666666667
1071729215;2019-10-07 19:00:00;2019-10-07 19:30:00;93.03333333333333
1071729215;2019-10-07 19:30:00;2019-10-07 20:00:00;98.76666666666667
1071729215;2019-10-07 20:00:00;2019-10-07 20:30:00;108.03333333333333
1071729215;2019-10-07 20:30:00;2019-10-07 21:00:00;111.33333333333333
1071729215;2019-10-07 21:00:00;2019-10-07 21:30:00;119.4
1071729215;2019-10-07 21:30:00;2019-10-07 22:00:00;92.0
1071729215;2019-10-07 22:00:00;2019-10-07 22:30:00;88.96666666666667
1071729215;2019-10-07 22:30:00;2019-10-07 23:00:00;92.0
1071729215;2019-10-07 23:00:00;2019-10-07 23:30:00;92.0
1071729215;2019-10-07 23:30:00;2019-10-07 23:59:59;100.23333333333333
1071729215;2019-10-08 00:00:00;2019-10-08 00:30:00;95.2
1071729215;2019-10-08 00:30:00;2019-10-08 01:00:00;108.7
1071729215;2019-10-08 01:00:00;2019-10-08 01:30:00;105.9
1071729215;2019-10-08 01:30:00;2019-10-08 02:00:00;94.2
1071729215;2019-10-08 02:00:00;2019-10-08 02:30:00;91.1
1071729215;2019-10-08 02:30:00;2019-10-08 03:00:00;92.0
1071729215;2019-10-08 03:00:00;2019-10-08 03:30:00;95.8
1071729215;2019-10-08 03:30:00;2019-10-08 04:00:00;95.66666666666667
1071729215;2019-10-08 04:00:00;2019-10-08 04:30:00;105.66666666666667
1071729215;2019-10-08 04:30:00;2019-10-08 05:00:00;107.36666666666666
1071729215;2019-10-08 05:00:00;2019-10-08 05:30:00;108.9
1071729215;2019-10-08 05:30:00;2019-10-08 06:00:00;99.16666666666667
1071729215;2019-10-08 06:00:00;2019-10-08 06:30:00;98.76666666666667
1071729215;2019-10-08 06:30:00;2019-10-08 07:00:00;94.2
1071729215;2019-10-08 07:00:00;2019-10-08 07:30:00;110.3
1071729215;2019-10-08 07:30:00;2019-10-08 08:00:00;100.16666666666667
1071729215;2019-10-08 08:00:00;2019-10-08 08:30:00;88.16666666666667
1071729215;2019-10-08 08:30:00;2019-10-08 09:00:00;100.56666666666666
1071729215;2019-10-08 09:00:00;2019-10-08 09:30:00;98.13333333333334
1071729215;2019-10-08 09:30:00;2019-10-08 10:00:00;114.73333333333333
1071729215;2019-10-08 10:00:00;2019-10-08 10:30:00;87.9
1071729215;2019-10-08 10:30:00;2019-10-08 11:00:00;96.26666666666667
1071729215;2019-10-08 11:00:00;2019-10-08 11:30:00;102.3
1071729215;2019-10-08 11:30:00;2019-10-08 12:00:00;114.53333333333333
1071729215;2019-10-08 12:00:00;2019-10-08 12:30:00;93.73333333333333
1071729215;2019-10-08 12:30:00;2019-10-08 13:00:00;95.46666666666667
1071729215;2019-10-08 13:00:00;2019-10-08 13:30:00;102.56666666666666
1071729215;2019-10-08 13:30:00;2019-10-08 14:00:00;94.16666666666667
1071729215;2019-10-08 14:00:00;2019-10-08 14:30:00;102.56666666666666
1071729215;2019-10-08 14:30:00;2019-10-08 15:00:00;95.96666666666667
1071729215;2019-10-08 15:00:00;2019-10-08 15:30:00;99.3
1071729215;2019-10-08 15:30:00;2019-10-08 16:00:00;105.6
1071729215;2019-10-08 16:00:00;2019-10-08 16:30:00;102.6
1071729215;2019-10-08 16:30:00;2019-10-08 17:00:00;102.26666666666667
1071729215;2019-10-08 17:00:00;2019-10-08 17:30:00;107.36666666666666
1071729215;2019-10-08 17:30:00;2019-10-08 18:00:00;90.93333333333334
1071729215;2019-10-08 18:00:00;2019-10-08 18:30:00;115.8
1071729215;2019-10-08 18:30:00;2019-10-08 19:00:00;89.43333333333334
1071729215;2019-10-08 19:00:00;2019-10-08 19:30:00;93.66666666666667
1071729215;2019-10-08 19:30:00;2019-10-08 20:00:00;109.5
1071729215;2019-10-08 20:00:00;2019-10-08 20:30:00;99.9
1071729215;2019-10-08 20:30:00;2019-10-08 21:00:00;118.0
1071729215;2019-10-08 21:00:00;2019-10-08 21:30:00;98.43333333333334
1071729215;2019-10-08 21:30:00;2019-10-08 22:00:00;92.1
1071729215;2019-10-08 22:00:00;2019-10-08 22:30:00;91.4
1071729215;2019-10-08 22:30:00;2019-10-08 23:00:00;92.0
1071729215;2019-10-08 23:00:00;2019-10-08 23:30:00;92.0
1071729215;2019-10-08 23:30:00;2019-10-08 23:59:59;92.0
1071729215;2019-10-09 00:00:00;2019-10-09 00:30:00;92.0
1071729215;2019-10-09 00:30:00;2019-10-09 01:00:00;92.0
1071729215;2019-10-09 01:00:00;2019-10-09 01:30:00;92.0
1071729215;2019-10-09 01:30:00;2019-10-09 02:00:00;92.0
1071729215;2019-10-09 02:00:00;2019-10-09 02:30:00;92.0
1071729215;2019-10-09 02:30:00;2019-10-09 03:00:00;92.0
1071729215;2019-10-09 03:00:00;2019-10-09 03:30:00;85.66666666666667
1071729215;2019-10-09 03:30:00;2019-10-09 04:00:00;90.66666666666667
1071729215;2019-10-09 04:00:00;2019-10-09 04:30:00;100.93333333333334
1071729215;2019-10-09 04:30:00;2019-10-09 05:00:00;94.63333333333334
1071729215;2019-10-09 05:00:00;2019-10-09 05:30:00;100.53333333333333
1071729215;2019-10-09 05:30:00;2019-10-09 06:00:00;110.4
1071729215;2019-10-09 06:00:00;2019-10-09 06:30:00;104.4
1071729215;2019-10-09 06:30:00;2019-10-09 07:00:00;86.7
1071729215;2019-10-09 07:00:00;2019-10-09 07:30:00;90.9
1071729215;2019-10-09 07:30:00;2019-10-09 08:00:00;104.06666666666666
1071729215;2019-10-09 08:00:00;2019-10-09 08:30:00;102.23333333333333
1071729215;2019-10-09 08:30:00;2019-10-09 09:00:00;106.06666666666666
1071729215;2019-10-09 09:00:00;2019-10-09 09:30:00;96.0
1071729215;2019-10-09 09:30:00;2019-10-09 10:00:00;105.06666666666666
1071729215;2019-10-09 10:00:00;2019-10-09 10:30:00;93.33333333333333
1071729215;2019-10-09 10:30:00;2019-10-09 11:00:00;99.66666666666667
1071729215;2019-10-09 11:00:00;2019-10-09 11:30:00;89.62068965517241
1071729215;2019-10-09 11:30:00;2019-10-09 12:00:00;108.13333333333334
1071729215;2019-10-09 12:00:00;2019-10-09 12:30:00;100.93333333333334
1071729215;2019-10-09 12:30:00;2019-10-09 13:00:00;89.36666666666666
1071729215;2019-10-09 13:00:00;2019-10-09 13:30:00;92.03333333333333
1071729215;2019-10-09 13:30:00;2019-10-09 14:00:00;104.36666666666666
1071729215;2019-10-09 14:00:00;2019-10-09 14:30:00;91.1
1071729215;2019-10-09 14:30:00;2019-10-09 15:00:00;103.36666666666666
1071729215;2019-10-09 15:00:00;2019-10-09 15:30:00;99.73333333333333
1071729215;2019-10-09 15:30:00;2019-10-09 16:00:00;90.13333333333334
1071729215;2019-10-09 16:00:00;2019-10-09 16:30:00;89.96666666666667
1071729215;2019-10-09 16:30:00;2019-10-09 17:00:00;107.93333333333334
1071729215;2019-10-09 17:00:00;2019-10-09 17:30:00;105.4
1071729215;2019-10-09 17:30:00;2019-10-09 18:00:00;101.33333333333333
1071729215;2019-10-09 18:00:00;2019-10-09 18:30:00;103.73333333333333
1071729215;2019-10-09 18:30:00;2019-10-09 19:00:00;104.53333333333333
1071729215;2019-10-09 19:00:00;2019-10-09 19:30:00;90.5
1071729215;2019-10-09 19:30:00;2019-10-09 20:00:00;91.2
1071729215;2019-10-09 20:00:00;2019-10-09 20:30:00;92.0
1071729215;2019-10-09 20:30:00;2019-10-09 21:00:00;93.53333333333333
1071729215;2019-10-09 21:00:00;2019-10-09 21:30:00;108.86666666666666
1071729215;2019-10-09 21:30:00;2019-10-09 22:00:00;92.0
1071729215;2019-10-09 22:00:00;2019-10-09 22:30:00;109.43333333333334
1071729215;2019-10-09 22:30:00;2019-10-09 23:00:00;104.26666666666667
1071729215;2019-10-09 23:00:00;2019-10-09 23:30:00;100.53333333333333
1071729215;2019-10-09 23:30:00;2019-10-09 23:59:59;92.0
1071729215;2019-10-10 00:00:00;2019-10-10 00:30:00;92.0
1071729215;2019-10-10 00:30:00;2019-10-10 01:00:00;86.56666666666666
1071729215;2019-10-10 01:00:00;2019-10-10 01:30:00;90.76666666666667
1071729215;2019-10-10 01:30:00;2019-10-10 02:00:00;86.63333333333334
1071729215;2019-10-10 02:00:00;2019-10-10 02:30:00;92.0
1071729215;2019-10-10 02:30:00;2019-10-10 03:00:00;92.0
1071729215;2019-10-10 03:00:00;2019-10-10 03:30:00;83.96666666666667
1071729215;2019-10-10 03:30:00;2019-10-10 04:00:00;84.0
1071729215;2019-10-10 04:00:00;2019-10-10 04:30:00;86.83333333333333
1071729215;2019-10-10 04:30:00;2019-10-10 05:00:00;102.2
1071729215;2019-10-10 05:00:00;2019-10-10 05:30:00;111.93333333333334
1071729215;2019-10-10 05:30:00;2019-10-10 06:00:00;96.1
1071729215;2019-10-10 06:00:00;2019-10-10 06:30:00;106.5
1071729215;2019-10-10 06:30:00;2019-10-10 07:00:00;96.53333333333333
1071729215;2019-10-10 07:00:00;2019-10-10 07:30:00;100.76666666666667
1071729215;2019-10-10 07:30:00;2019-10-10 08:00:00;105.0
1071729215;2019-10-10 08:00:00;2019-10-10 08:30:00;95.36666666666666
1071729215;2019-10-10 08:30:00;2019-10-10 09:00:00;101.43333333333334
1071729215;2019-10-10 09:00:00;2019-10-10 09:30:00;90.3
1071729215;2019-10-10 09:30:00;2019-10-10 10:00:00;88.9
1071729215;2019-10-10 10:00:00;2019-10-10 10:30:00;102.93333333333334
1071729215;2019-10-10 10:30:00;2019-10-10 11:00:00;96.06451612903226
1071729215;2019-10-10 11:00:00;2019-10-10 11:30:00;101.10344827586206
1071729215;2019-10-10 11:30:00;2019-10-10 12:00:00;107.03333333333333
1071729215;2019-10-10 12:00:00;2019-10-10 12:30:00;107.6774193548387
1071729215;2019-10-10 12:30:00;2019-10-10 13:00:00;93.20689655172414
1071729215;2019-10-10 13:00:00;2019-10-10 13:30:00;92.3
1071729215;2019-10-10 13:30:00;2019-10-10 14:00:00;98.3
1071729215;2019-10-10 14:00:00;2019-10-10 14:30:00;91.53333333333333
1071729215;2019-10-10 14:30:00;2019-10-10 15:00:00;103.38709677419355
1071729215;2019-10-10 15:00:00;2019-10-10 15:30:00;108.72413793103448
1071729215;2019-10-10 15:30:00;2019-10-10 16:00:00;98.0
1071729215;2019-10-10 16:00:00;2019-10-10 16:30:00;101.93548387096774
1071729215;2019-10-10 16:30:00;2019-10-10 17:00:00;111.27586206896552
1071729215;2019-10-10 17:00:00;2019-10-10 17:30:00;101.8
1071729215;2019-10-10 17:30:00;2019-10-10 18:00:00;105.3225806451613
1071729215;2019-10-10 18:00:00;2019-10-10 18:30:00;103.17241379310344
1071729215;2019-10-10 18:30:00;2019-10-10 19:00:00;93.63333333333334
1071729215;2019-10-10 19:00:00;2019-10-10 19:30:00;96.8
1071729215;2019-10-10 19:30:00;2019-10-10 20:00:00;107.53333333333333
1071729215;2019-10-10 20:00:00;2019-10-10 20:30:00;95.5
1071729215;2019-10-10 20:30:00;2019-10-10 21:00:00;91.3
1071729215;2019-10-10 21:00:00;2019-10-10 21:30:00;101.8
1071729215;2019-10-10 21:30:00;2019-10-10 22:00:00;87.23333333333333
1071729215;2019-10-10 22:00:00;2019-10-10 22:30:00;84.5
1071729215;2019-10-10 22:30:00;2019-10-10 23:00:00;90.55555555555556
1071729215;2019-10-10 23:00:00;2019-10-10 23:30:00;92.0
1071729215;2019-10-10 23:30:00;2019-10-10 23:59:59;92.0
1071729215;2019-10-11 00:00:00;2019-10-11 00:30:00;92.0
1071729215;2019-10-11 00:30:00;2019-10-11 01:00:00;92.0
1071729215;2019-10-11 01:00:00;2019-10-11 01:30:00;92.0
1071729215;2019-10-11 01:30:00;2019-10-11 02:00:00;92.0
1071729215;2019-10-11 02:00:00;2019-10-11 02:30:00;92.0
1071729215;2019-10-11 02:30:00;2019-10-11 03:00:00;92.0
1071729215;2019-10-11 03:00:00;2019-10-11 03:30:00;86.3
1071729215;2019-10-11 03:30:00;2019-10-11 04:00:00;88.87096774193549
1071729215;2019-10-11 04:00:00;2019-10-11 04:30:00;86.72413793103448
1071729215;2019-10-11 04:30:00;2019-10-11 05:00:00;107.66666666666667
1071729215;2019-10-11 05:00:00;2019-10-11 05:30:00;103.87096774193549
1071729215;2019-10-11 05:30:00;2019-10-11 06:00:00;97.06896551724138
1071729215;2019-10-11 06:00:00;2019-10-11 06:30:00;95.29032258064517
1071729215;2019-10-11 06:30:00;2019-10-11 07:00:00;100.3103448275862
1071729215;2019-10-11 07:00:00;2019-10-11 07:30:00;95.83870967741936
1071729215;2019-10-11 07:30:00;2019-10-11 08:00:00;102.96551724137932
1071729215;2019-10-11 08:00:00;2019-10-11 08:30:00;103.33333333333333
1071729215;2019-10-11 08:30:00;2019-10-11 09:00:00;97.93333333333334
1071729215;2019-10-11 09:00:00;2019-10-11 09:30:00;95.7741935483871
1071729215;2019-10-11 09:30:00;2019-10-11 10:00:00;100.34482758620689
1071729215;2019-10-11 10:00:00;2019-10-11 10:30:00;93.03333333333333
1071729215;2019-10-11 10:30:00;2019-10-11 11:00:00;100.43333333333334
1071729215;2019-10-11 11:00:00;2019-10-11 11:30:00;91.73333333333333
1071729215;2019-10-11 11:30:00;2019-10-11 12:00:00;106.13333333333334
1071729215;2019-10-11 12:00:00;2019-10-11 12:30:00;105.36666666666666
1071729215;2019-10-11 12:30:00;2019-10-11 13:00:00;100.93333333333334
1071729215;2019-10-11 13:00:00;2019-10-11 13:30:00;108.53333333333333
1071729215;2019-10-11 13:30:00;2019-10-11 14:00:00;107.76666666666667
1071729215;2019-10-11 14:00:00;2019-10-11 14:30:00;108.36666666666666
1071729215;2019-10-11 14:30:00;2019-10-11 15:00:00;107.43333333333334
1071729215;2019-10-11 15:00:00;2019-10-11 15:30:00;101.76666666666667
1071729215;2019-10-11 15:30:00;2019-10-11 16:00:00;109.66666666666667
1071729215;2019-10-11 16:00:00;2019-10-11 16:30:00;96.46666666666667
1071729215;2019-10-11 16:30:00;2019-10-11 17:00:00;101.2258064516129
1071729215;2019-10-11 17:00:00;2019-10-11 17:30:00;88.9
1071729215;2019-10-11 17:30:00;2019-10-11 18:00:00;97.43333333333334
1071729215;2019-10-11 18:00:00;2019-10-11 18:30:00;105.58620689655173
1071729215;2019-10-11 18:30:00;2019-10-11 19:00:00;95.8
1071729215;2019-10-11 19:00:00;2019-10-11 19:30:00;92.6
1071729215;2019-10-11 19:30:00;2019-10-11 20:00:00;93.93333333333334
1071729215;2019-10-11 20:00:00;2019-10-11 20:30:00;91.53333333333333
1071729215;2019-10-11 20:30:00;2019-10-11 21:00:00;96.43333333333334
1071729215;2019-10-11 21:00:00;2019-10-11 21:30:00;102.39285714285714
1071729215;2019-10-11 21:30:00;2019-10-11 22:00:00;98.3
1071729215;2019-10-11 22:00:00;2019-10-11 22:30:00;90.0
1071729215;2019-10-11 22:30:00;2019-10-11 23:00:00;92.0
1071729215;2019-10-11 23:00:00;2019-10-11 23:30:00;92.5
1071729215;2019-10-11 23:30:00;2019-10-11 23:59:59;92.0
1071729215;2019-10-12 00:00:00;2019-10-12 00:30:00;92.0
1071729215;2019-10-12 00:30:00;2019-10-12 01:00:00;92.0
1071729215;2019-10-12 01:00:00;2019-10-12 01:30:00;92.0
1071729215;2019-10-12 01:30:00;2019-10-12 02:00:00;92.0
1071729215;2019-10-12 02:00:00;2019-10-12 02:30:00;92.0
1071729215;2019-10-12 02:30:00;2019-10-12 03:00:00;91.79310344827586
1071729215;2019-10-12 03:00:00;2019-10-12 03:30:00;88.3
1071729215;2019-10-12 03:30:00;2019-10-12 04:00:00;87.0
1071729215;2019-10-12 04:00:00;2019-10-12 04:30:00;96.2
1071729215;2019-10-12 04:30:00;2019-10-12 05:00:00;114.43333333333334
1071729215;2019-10-12 05:00:00;2019-10-12 05:30:00;93.86666666666666
1071729215;2019-10-12 05:30:00;2019-10-12 06:00:00;93.46666666666667
1071729215;2019-10-12 06:00:00;2019-10-12 06:30:00;101.13333333333334
1071729215;2019-10-12 06:30:00;2019-10-12 07:00:00;104.86666666666666
1071729215;2019-10-12 07:00:00;2019-10-12 07:30:00;106.1
1071729215;2019-10-12 07:30:00;2019-10-12 08:00:00;109.76666666666667
1071729215;2019-10-12 08:00:00;2019-10-12 08:30:00;110.83333333333333
1071729215;2019-10-12 08:30:00;2019-10-12 09:00:00;117.48387096774194
1071729215;2019-10-12 09:00:00;2019-10-12 09:30:00;115.48275862068965
1071729215;2019-10-12 09:30:00;2019-10-12 10:00:00;108.54838709677419
1071729215;2019-10-12 10:00:00;2019-10-12 10:30:00;110.23333333333333
1071729215;2019-10-12 10:30:00;2019-10-12 11:00:00;98.82758620689656
1071729215;2019-10-12 11:00:00;2019-10-12 11:30:00;94.6774193548387
1071729215;2019-10-12 11:30:00;2019-10-12 12:00:00;94.93103448275862
1071729215;2019-10-12 12:00:00;2019-10-12 12:30:00;102.76666666666667
1071729215;2019-10-12 12:30:00;2019-10-12 13:00:00;107.6
1071729215;2019-10-12 13:00:00;2019-10-12 13:30:00;98.16666666666667
1071729215;2019-10-12 13:30:00;2019-10-12 14:00:00;108.61290322580645
1071729215;2019-10-12 14:00:00;2019-10-12 14:30:00;115.96551724137932
1071729215;2019-10-12 14:30:00;2019-10-12 15:00:00;98.33333333333333
1071729215;2019-10-12 15:00:00;2019-10-12 15:30:00;112.19354838709677
1071729215;2019-10-12 15:30:00;2019-10-12 16:00:00;99.83333333333333
1071729215;2019-10-12 16:00:00;2019-10-12 16:30:00;96.44827586206897
1071729215;2019-10-12 16:30:00;2019-10-12 17:00:00;99.09677419354838
1071729215;2019-10-12 17:00:00;2019-10-12 17:30:00;91.55172413793103
1071729215;2019-10-12 17:30:00;2019-10-12 18:00:00;103.76666666666667
1071729215;2019-10-12 18:00:00;2019-10-12 18:30:00;104.46666666666667
1071729215;2019-10-12 18:30:00;2019-10-12 19:00:00;103.7
1071729215;2019-10-12 19:00:00;2019-10-12 19:30:00;106.5
1071729215;2019-10-12 19:30:00;2019-10-12 20:00:00;107.06666666666666
1071729215;2019-10-12 20:00:00;2019-10-12 20:30:00;98.86666666666666
1071729215;2019-10-12 20:30:00;2019-10-12 21:00:00;92.0
1071729215;2019-10-12 21:00:00;2019-10-12 21:30:00;92.0
1071729215;2019-10-12 21:30:00;2019-10-12 22:00:00;95.46666666666667
1071729215;2019-10-12 22:00:00;2019-10-12 22:30:00;92.06666666666666
1071729215;2019-10-12 22:30:00;2019-10-12 23:00:00;96.56666666666666
1071729215;2019-10-12 23:00:00;2019-10-12 23:30:00;95.2
1071729215;2019-10-12 23:30:00;2019-10-12 23:59:59;90.36666666666666
1071729215;2019-10-13 00:00:00;2019-10-13 00:30:00;90.46666666666667
1071729215;2019-10-13 00:30:00;2019-10-13 01:00:00;92.0
1071729215;2019-10-13 01:00:00;2019-10-13 01:30:00;92.0
1071729215;2019-10-13 01:30:00;2019-10-13 02:00:00;92.0
1071729215;2019-10-13 02:00:00;2019-10-13 02:30:00;92.0
1071729215;2019-10-13 02:30:00;2019-10-13 03:00:00;92.0
1071729215;2019-10-13 03:00:00;2019-10-13 03:30:00;89.0
1071729215;2019-10-13 03:30:00;2019-10-13 04:00:00;89.0
1071729215;2019-10-13 04:00:00;2019-10-13 04:30:00;87.0
1071729215;2019-10-13 04:30:00;2019-10-13 05:00:00;87.0
1071729215;2019-10-13 05:00:00;2019-10-13 05:30:00;88.86666666666666
1071729215;2019-10-13 05:30:00;2019-10-13 06:00:00;98.96666666666667
1071729215;2019-10-13 06:00:00;2019-10-13 06:30:00;90.5
1071729215;2019-10-13 06:30:00;2019-10-13 07:00:00;101.48387096774194
1071729215;2019-10-13 07:00:00;2019-10-13 07:30:00;98.06896551724138
1071729215;2019-10-13 07:30:00;2019-10-13 08:00:00;98.64516129032258
1071729215;2019-10-13 08:00:00;2019-10-13 08:30:00;111.58620689655173
1071729215;2019-10-13 08:30:00;2019-10-13 09:00:00;119.63333333333334
1071729215;2019-10-13 09:00:00;2019-10-13 09:30:00;114.96666666666667
1071729215;2019-10-13 09:30:00;2019-10-13 10:00:00;112.87096774193549
1071729215;2019-10-13 10:00:00;2019-10-13 10:30:00;116.44827586206897
1071729215;2019-10-13 10:30:00;2019-10-13 11:00:00;108.25806451612904
1071729215;2019-10-13 11:00:00;2019-10-13 11:30:00;106.06896551724138
1071729215;2019-10-13 11:30:00;2019-10-13 12:00:00;110.36666666666666
1071729215;2019-10-13 12:00:00;2019-10-13 12:30:00;101.4
1071729215;2019-10-13 12:30:00;2019-10-13 13:00:00;105.4
1071729215;2019-10-13 13:00:00;2019-10-13 13:30:00;92.2
1071729215;2019-10-13 13:30:00;2019-10-13 14:00:00;92.33333333333333
1071729215;2019-10-13 14:00:00;2019-10-13 14:30:00;102.13333333333334
1071729215;2019-10-13 14:30:00;2019-10-13 15:00:00;108.93333333333334
1071729215;2019-10-13 15:00:00;2019-10-13 15:30:00;92.96666666666667
1071729215;2019-10-13 15:30:00;2019-10-13 16:00:00;97.33333333333333
1071729215;2019-10-13 16:00:00;2019-10-13 16:30:00;82.56666666666666
1071729215;2019-10-13 16:30:00;2019-10-13 17:00:00;91.3
1071729215;2019-10-13 17:00:00;2019-10-13 17:30:00;98.6
1071729215;2019-10-13 17:30:00;2019-10-13 18:00:00;88.26666666666667
1071729215;2019-10-13 18:00:00;2019-10-13 18:30:00;94.16666666666667
1071729215;2019-10-13 18:30:00;2019-10-13 19:00:00;99.35483870967742
1071729215;2019-10-13 19:00:00;2019-10-13 19:30:00;100.48275862068965
1071729215;2019-10-13 19:30:00;2019-10-13 20:00:00;109.06451612903226
1071729215;2019-10-13 20:00:00;2019-10-13 20:30:00;108.34482758620689
1071729215;2019-10-13 20:30:00;2019-10-13 21:00:00;113.83333333333333
1071729215;2019-10-13 21:00:00;2019-10-13 21:30:00;92.2
1071729215;2019-10-13 21:30:00;2019-10-13 22:00:00;95.35483870967742
1071729215;2019-10-13 22:00:00;2019-10-13 22:30:00;93.65517241379311
1071729215;2019-10-13 22:30:00;2019-10-13 23:00:00;89.2
1071729215;2019-10-13 23:00:00;2019-10-13 23:30:00;96.86666666666666
1071729215;2019-10-13 23:30:00;2019-10-13 23:59:59;93.66666666666667
1071729215;2019-10-14 00:00:00;2019-10-14 00:30:00;92.0
1071729215;2019-10-14 00:30:00;2019-10-14 01:00:00;92.0
1071729215;2019-10-14 01:00:00;2019-10-14 01:30:00;92.0
1071729215;2019-10-14 01:30:00;2019-10-14 02:00:00;92.0
1071729215;2019-10-14 02:00:00;2019-10-14 02:30:00;90.76666666666667
1071729215;2019-10-14 02:30:00;2019-10-14 03:00:00;89.6
1071729215;2019-10-14 03:00:00;2019-10-14 03:30:00;88.45161290322581
1071729215;2019-10-14 03:30:00;2019-10-14 04:00:00;98.82758620689656
1071729215;2019-10-14 04:00:00;2019-10-14 04:30:00;103.3225806451613
1071729215;2019-10-14 04:30:00;2019-10-14 05:00:00;96.6896551724138
1071729215;2019-10-14 05:00:00;2019-10-14 05:30:00;93.38709677419355
1071729215;2019-10-14 05:30:00;2019-10-14 06:00:00;104.89655172413794
1071729215;2019-10-14 06:00:00;2019-10-14 06:30:00;91.96666666666667
1071729215;2019-10-14 06:30:00;2019-10-14 07:00:00;104.33333333333333
1071729215;2019-10-14 07:00:00;2019-10-14 07:30:00;100.76666666666667
1071729215;2019-10-14 07:30:00;2019-10-14 08:00:00;111.51724137931035
1071729215;2019-10-14 08:00:00;2019-10-14 08:30:00;113.16666666666667
1071729215;2019-10-14 08:30:00;2019-10-14 09:00:00;97.76666666666667
1071729215;2019-10-14 09:00:00;2019-10-14 09:30:00;97.82758620689656
1071729215;2019-10-14 09:30:00;2019-10-14 10:00:00;96.46666666666667
1071729215;2019-10-14 10:00:00;2019-10-14 10:30:00;89.6
1071729215;2019-10-14 10:30:00;2019-10-14 11:00:00;88.53333333333333
1071729215;2019-10-14 11:00:00;2019-10-14 11:30:00;88.38709677419355
1071729215;2019-10-14 11:30:00;2019-10-14 12:00:00;99.86666666666666
1071729215;2019-10-14 12:00:00;2019-10-14 12:30:00;109.79310344827586
1071729215;2019-10-14 12:30:00;2019-10-14 13:00:00;101.48387096774194
1071729215;2019-10-14 13:00:00;2019-10-14 13:30:00;114.62068965517241
1071729215;2019-10-14 13:30:00;2019-10-14 14:00:00;98.16666666666667
1071729215;2019-10-14 14:00:00;2019-10-14 14:30:00;101.8
1071729215;2019-10-14 14:30:00;2019-10-14 15:00:00;105.96666666666667
1071729215;2019-10-14 15:00:00;2019-10-14 15:30:00;98.5
1071729215;2019-10-14 15:30:00;2019-10-14 16:00:00;87.16666666666667
1071729215;2019-10-14 16:00:00;2019-10-14 16:30:00;86.1
1071729215;2019-10-14 16:30:00;2019-10-14 17:00:00;102.70967741935483
1071729215;2019-10-14 17:00:00;2019-10-14 17:30:00;96.5925925925926
1071729215;2019-10-14 17:30:00;2019-10-14 18:00:00;110.44827586206897
1071729215;2019-10-14 18:00:00;2019-10-14 18:30:00;103.41379310344827
1071729215;2019-10-14 18:30:00;2019-10-14 19:00:00;101.16666666666667
1071729215;2019-10-14 19:00:00;2019-10-14 19:30:00;93.16666666666667
1071729215;2019-10-14 19:30:00;2019-10-14 20:00:00;101.93333333333334
1071729215;2019-10-14 20:00:00;2019-10-14 20:30:00;110.86666666666666
1071729215;2019-10-14 20:30:00;2019-10-14 21:00:00;113.03333333333333
1071729215;2019-10-14 21:00:00;2019-10-14 21:30:00;97.3
1071729215;2019-10-14 21:30:00;2019-10-14 22:00:00;88.06451612903226
1071729215;2019-10-14 22:00:00;2019-10-14 22:30:00;92.0
1071729215;2019-10-14 22:30:00;2019-10-14 23:00:00;92.0
1071729215;2019-10-14 23:00:00;2019-10-14 23:30:00;92.0
1071729215;2019-10-14 23:30:00;2019-10-14 23:59:59;92.0
1071729215;2019-10-15 00:00:00;2019-10-15 00:30:00;92.0
1071729215;2019-10-15 00:30:00;2019-10-15 01:00:00;92.0
1071729215;2019-10-15 01:00:00;2019-10-15 01:30:00;92.0
1071729215;2019-10-15 01:30:00;2019-10-15 02:00:00;92.0
1071729215;2019-10-15 02:00:00;2019-10-15 02:30:00;92.0
1071729215;2019-10-15 02:30:00;2019-10-15 03:00:00;92.0
1071729215;2019-10-15 03:00:00;2019-10-15 03:30:00;84.0
1071729215;2019-10-15 03:30:00;2019-10-15 04:00:00;85.06666666666666
1071729215;2019-10-15 04:00:00;2019-10-15 04:30:00;90.56666666666666
1071729215;2019-10-15 04:30:00;2019-10-15 05:00:00;108.58620689655173
1071729215;2019-10-15 05:00:00;2019-10-15 05:30:00;102.16666666666667
1071729215;2019-10-15 05:30:00;2019-10-15 06:00:00;100.53333333333333
1071729215;2019-10-15 06:00:00;2019-10-15 06:30:00;94.3
1071729215;2019-10-15 06:30:00;2019-10-15 07:00:00;101.25806451612904
1071729215;2019-10-15 07:00:00;2019-10-15 07:30:00;94.51724137931035
1071729215;2019-10-15 07:30:00;2019-10-15 08:00:00;96.46666666666667
1071729215;2019-10-15 08:00:00;2019-10-15 08:30:00;91.90322580645162
1071729215;2019-10-15 08:30:00;2019-10-15 09:00:00;103.86206896551724
1071729215;2019-10-15 09:00:00;2019-10-15 09:30:00;93.13333333333334
1071729215;2019-10-15 09:30:00;2019-10-15 10:00:00;98.2258064516129
1071729215;2019-10-15 10:00:00;2019-10-15 10:30:00;92.4
1071729215;2019-10-15 10:30:00;2019-10-15 11:00:00;93.63333333333334
1071729215;2019-10-15 11:00:00;2019-10-15 11:30:00;94.0
1071729215;2019-10-15 11:30:00;2019-10-15 12:00:00;93.61290322580645
1071729215;2019-10-15 12:00:00;2019-10-15 12:30:00;90.06666666666666
1071729215;2019-10-15 12:30:00;2019-10-15 13:00:00;99.20689655172414
1071729215;2019-10-15 13:00:00;2019-10-15 13:30:00;96.33333333333333
1071729215;2019-10-15 13:30:00;2019-10-15 14:00:00;94.74193548387096
1071729215;2019-10-15 14:00:00;2019-10-15 14:30:00;87.10344827586206
1071729215;2019-10-15 14:30:00;2019-10-15 15:00:00;89.0
1071729215;2019-10-15 15:00:00;2019-10-15 15:30:00;107.2
1071729215;2019-10-15 15:30:00;2019-10-15 16:00:00;101.7
1071729215;2019-10-15 16:00:00;2019-10-15 16:30:00;92.8
1071729215;2019-10-15 16:30:00;2019-10-15 17:00:00;101.36666666666666
1071729215;2019-10-15 17:00:00;2019-10-15 17:30:00;116.03333333333333
1071729215;2019-10-15 17:30:00;2019-10-15 18:00:00;95.13333333333334
1071729215;2019-10-15 18:00:00;2019-10-15 18:30:00;100.46666666666667
1071729215;2019-10-15 18:30:00;2019-10-15 19:00:00;97.43333333333334
1071729215;2019-10-15 19:00:00;2019-10-15 19:30:00;90.7
1071729215;2019-10-15 19:30:00;2019-10-15 20:00:00;92.46666666666667
1071729215;2019-10-15 20:00:00;2019-10-15 20:30:00;91.53333333333333
1071729215;2019-10-15 20:30:00;2019-10-15 21:00:00;92.1
1071729215;2019-10-15 21:00:00;2019-10-15 21:30:00;94.1
1071729215;2019-10-15 21:30:00;2019-10-15 22:00:00;92.0
1071729215;2019-10-15 22:00:00;2019-10-15 22:30:00;92.0
1071729215;2019-10-15 22:30:00;2019-10-15 23:00:00;92.0
1071729215;2019-10-15 23:00:00;2019-10-15 23:30:00;92.0
1071729215;2019-10-15 23:30:00;2019-10-15 23:59:59;92.0
1071729215;2019-10-16 00:00:00;2019-10-16 00:30:00;92.0
1071729215;2019-10-16 00:30:00;2019-10-16 01:00:00;92.0
1071729215;2019-10-16 01:00:00;2019-10-16 01:30:00;92.0
1071729215;2019-10-16 01:30:00;2019-10-16 02:00:00;92.0
1071729215;2019-10-16 02:00:00;2019-10-16 02:30:00;92.0
1071729215;2019-10-16 02:30:00;2019-10-16 03:00:00;92.96666666666667
1071729215;2019-10-16 03:00:00;2019-10-16 03:30:00;99.96666666666667
1071729215;2019-10-16 03:30:00;2019-10-16 04:00:00;85.33333333333333
1071729215;2019-10-16 04:00:00;2019-10-16 04:30:00;86.43333333333334
1071729215;2019-10-16 04:30:00;2019-10-16 05:00:00;87.8
1071729215;2019-10-16 05:00:00;2019-10-16 05:30:00;97.5
1071729215;2019-10-16 05:30:00;2019-10-16 06:00:00;89.5
1071729215;2019-10-16 06:00:00;2019-10-16 06:30:00;107.36666666666666
1071729215;2019-10-16 06:30:00;2019-10-16 07:00:00;103.9
1071729215;2019-10-16 07:00:00;2019-10-16 07:30:00;99.83333333333333
1071729215;2019-10-16 07:30:00;2019-10-16 08:00:00;85.1
1071729215;2019-10-16 08:00:00;2019-10-16 08:30:00;104.46666666666667
1071729215;2019-10-16 08:30:00;2019-10-16 09:00:00;102.8
1071729215;2019-10-16 09:00:00;2019-10-16 09:30:00;94.1
1071729215;2019-10-16 09:30:00;2019-10-16 10:00:00;114.4
1071729215;2019-10-16 10:00:00;2019-10-16 10:30:00;101.43333333333334
1071729215;2019-10-16 10:30:00;2019-10-16 11:00:00;89.83333333333333
1071729215;2019-10-16 11:00:00;2019-10-16 11:30:00;103.5
1071729215;2019-10-16 11:30:00;2019-10-16 12:00:00;97.46666666666667
1071729215;2019-10-16 12:00:00;2019-10-16 12:30:00;85.7
1071729215;2019-10-16 12:30:00;2019-10-16 13:00:00;97.5
1071729215;2019-10-16 13:00:00;2019-10-16 13:30:00;103.93333333333334
1071729215;2019-10-16 13:30:00;2019-10-16 14:00:00;89.66666666666667
1071729215;2019-10-16 14:00:00;2019-10-16 14:30:00;92.33333333333333
1071729215;2019-10-16 14:30:00;2019-10-16 15:00:00;93.7
1071729215;2019-10-16 15:00:00;2019-10-16 15:30:00;109.1
1071729215;2019-10-16 15:30:00;2019-10-16 16:00:00;108.3
1071729215;2019-10-16 16:00:00;2019-10-16 16:30:00;85.36666666666666
1071729215;2019-10-16 16:30:00;2019-10-16 17:00:00;82.9
1071729215;2019-10-16 17:00:00;2019-10-16 17:30:00;98.5
1071729215;2019-10-16 17:30:00;2019-10-16 18:00:00;96.56666666666666
1071729215;2019-10-16 18:00:00;2019-10-16 18:30:00;113.2
1071729215;2019-10-16 18:30:00;2019-10-16 19:00:00;94.76666666666667
1071729215;2019-10-16 19:00:00;2019-10-16 19:30:00;100.8
1071729215;2019-10-16 19:30:00;2019-10-16 20:00:00;96.56666666666666
1071729215;2019-10-16 20:00:00;2019-10-16 20:30:00;92.0
1071729215;2019-10-16 20:30:00;2019-10-16 21:00:00;101.7
1071729215;2019-10-16 21:00:00;2019-10-16 21:30:00;94.36666666666666
1071729215;2019-10-16 21:30:00;2019-10-16 22:00:00;91.2
1071729215;2019-10-16 22:00:00;2019-10-16 22:30:00;97.16666666666667
1071729215;2019-10-16 22:30:00;2019-10-16 23:00:00;87.4
1071729215;2019-10-16 23:00:00;2019-10-16 23:30:00;91.76666666666667
1071729215;2019-10-16 23:30:00;2019-10-16 23:59:59;92.0
1071729215;2019-10-17 00:00:00;2019-10-17 00:30:00;92.0
1071729215;2019-10-17 00:30:00;2019-10-17 01:00:00;92.0
1071729215;2019-10-17 01:00:00;2019-10-17 01:30:00;92.0
1071729215;2019-10-17 01:30:00;2019-10-17 02:00:00;92.0
1071729215;2019-10-17 02:00:00;2019-10-17 02:30:00;90.93333333333334
1071729215;2019-10-17 02:30:00;2019-10-17 03:00:00;87.2
1071729215;2019-10-17 03:00:00;2019-10-17 03:30:00;85.46666666666667
1071729215;2019-10-17 03:30:00;2019-10-17 04:00:00;84.0
1071729215;2019-10-17 04:00:00;2019-10-17 04:30:00;97.1
1071729215;2019-10-17 04:30:00;2019-10-17 05:00:00;99.0
1071729215;2019-10-17 05:00:00;2019-10-17 05:30:00;93.66666666666667
1071729215;2019-10-17 05:30:00;2019-10-17 06:00:00;107.53333333333333
1071729215;2019-10-17 06:00:00;2019-10-17 06:30:00;99.03333333333333
1071729215;2019-10-17 06:30:00;2019-10-17 07:00:00;94.1
1071729215;2019-10-17 07:00:00;2019-10-17 07:30:00;94.0
1071729215;2019-10-17 07:30:00;2019-10-17 08:00:00;101.8
1071729215;2019-10-17 08:00:00;2019-10-17 08:30:00;99.3
1071729215;2019-10-17 08:30:00;2019-10-17 09:00:00;93.43333333333334
1071729215;2019-10-17 09:00:00;2019-10-17 09:30:00;91.96666666666667
1071729215;2019-10-17 09:30:00;2019-10-17 10:00:00;107.13333333333334
1071729215;2019-10-17 10:00:00;2019-10-17 10:30:00;94.86666666666666
1071729215;2019-10-17 10:30:00;2019-10-17 11:00:00;91.42857142857143
1071729215;2019-10-17 11:00:00;2019-10-17 11:30:00;97.76666666666667
1071729215;2019-10-17 11:30:00;2019-10-17 12:00:00;96.23333333333333
1071729215;2019-10-17 12:00:00;2019-10-17 12:30:00;94.16666666666667
1071729215;2019-10-17 12:30:00;2019-10-17 13:00:00;103.4
1071729215;2019-10-17 13:00:00;2019-10-17 13:30:00;99.7
1071729215;2019-10-17 13:30:00;2019-10-17 14:00:00;95.73333333333333
1071729215;2019-10-17 14:00:00;2019-10-17 14:30:00;93.76666666666667
1071729215;2019-10-17 14:30:00;2019-10-17 15:00:00;100.76666666666667
1071729215;2019-10-17 15:00:00;2019-10-17 15:30:00;102.83333333333333
1071729215;2019-10-17 15:30:00;2019-10-17 16:00:00;100.93333333333334
1071729215;2019-10-17 16:00:00;2019-10-17 16:30:00;102.76666666666667
1071729215;2019-10-17 16:30:00;2019-10-17 17:00:00;99.26666666666667
1071729215;2019-10-17 17:00:00;2019-10-17 17:30:00;94.7
1071729215;2019-10-17 17:30:00;2019-10-17 18:00:00;94.9
1071729215;2019-10-17 18:00:00;2019-10-17 18:30:00;107.86666666666666
1071729215;2019-10-17 18:30:00;2019-10-17 19:00:00;96.26666666666667
1071729215;2019-10-17 19:00:00;2019-10-17 19:30:00;93.76666666666667
1071729215;2019-10-17 19:30:00;2019-10-17 20:00:00;102.46666666666667
1071729215;2019-10-17 20:00:00;2019-10-17 20:30:00;95.03333333333333
1071729215;2019-10-17 20:30:00;2019-10-17 21:00:00;94.43333333333334
1071729215;2019-10-17 21:00:00;2019-10-17 21:30:00;91.3
1071729215;2019-10-17 21:30:00;2019-10-17 22:00:00;92.0
1071729215;2019-10-17 22:00:00;2019-10-17 22:30:00;92.0
1071729215;2019-10-17 22:30:00;2019-10-17 23:00:00;107.16666666666667
1071729215;2019-10-17 23:00:00;2019-10-17 23:30:00;114.66666666666667
1071729215;2019-10-17 23:30:00;2019-10-17 23:59:59;123.8
1071729215;2019-10-18 00:00:00;2019-10-18 00:30:00;107.8
1071729215;2019-10-18 00:30:00;2019-10-18 01:00:00;91.76666666666667
1071729215;2019-10-18 01:00:00;2019-10-18 01:30:00;92.0
1071729215;2019-10-18 01:30:00;2019-10-18 02:00:00;92.0
1071729215;2019-10-18 02:00:00;2019-10-18 02:30:00;92.0
1071729215;2019-10-18 02:30:00;2019-10-18 03:00:00;92.0
1071729215;2019-10-18 03:00:00;2019-10-18 03:30:00;85.0
1071729215;2019-10-18 03:30:00;2019-10-18 04:00:00;85.0
1071729215;2019-10-18 04:00:00;2019-10-18 04:30:00;108.73333333333333
1071729215;2019-10-18 04:30:00;2019-10-18 05:00:00;102.86666666666666
1071729215;2019-10-18 05:00:00;2019-10-18 05:30:00;96.3
1071729215;2019-10-18 05:30:00;2019-10-18 06:00:00;113.46666666666667
1071729215;2019-10-18 06:00:00;2019-10-18 06:30:00;111.1
1071729215;2019-10-18 06:30:00;2019-10-18 07:00:00;98.66666666666667
1071729215;2019-10-18 07:00:00;2019-10-18 07:30:00;109.5
1071729215;2019-10-18 07:30:00;2019-10-18 08:00:00;109.0
1071729215;2019-10-18 08:00:00;2019-10-18 08:30:00;102.13333333333334
1071729215;2019-10-18 08:30:00;2019-10-18 09:00:00;101.9
1071729215;2019-10-18 09:00:00;2019-10-18 09:30:00;86.93333333333334
1071729215;2019-10-18 09:30:00;2019-10-18 10:00:00;112.7
1071729215;2019-10-18 10:00:00;2019-10-18 10:30:00;88.0
1071729215;2019-10-18 10:30:00;2019-10-18 11:00:00;92.66666666666667
1071729215;2019-10-18 11:00:00;2019-10-18 11:30:00;101.56666666666666
1071729215;2019-10-18 11:30:00;2019-10-18 12:00:00;102.4
1071729215;2019-10-18 12:00:00;2019-10-18 12:30:00;93.0
1071729215;2019-10-18 12:30:00;2019-10-18 13:00:00;91.8
1071729215;2019-10-18 13:00:00;2019-10-18 13:30:00;115.93333333333334
1071729215;2019-10-18 13:30:00;2019-10-18 14:00:00;104.26666666666667
1071729215;2019-10-18 14:00:00;2019-10-18 14:30:00;106.73333333333333
1071729215;2019-10-18 14:30:00;2019-10-18 15:00:00;106.36666666666666
1071729215;2019-10-18 15:00:00;2019-10-18 15:30:00;97.96666666666667
1071729215;2019-10-18 15:30:00;2019-10-18 16:00:00;106.16666666666667
1071729215;2019-10-18 16:00:00;2019-10-18 16:30:00;104.93333333333334
1071729215;2019-10-18 16:30:00;2019-10-18 17:00:00;99.56666666666666
1071729215;2019-10-18 17:00:00;2019-10-18 17:30:00;98.4
1071729215;2019-10-18 17:30:00;2019-10-18 18:00:00;104.96666666666667
1071729215;2019-10-18 18:00:00;2019-10-18 18:30:00;91.96666666666667
1071729215;2019-10-18 18:30:00;2019-10-18 19:00:00;91.13333333333334
1071729215;2019-10-18 19:00:00;2019-10-18 19:30:00;101.66666666666667
1071729215;2019-10-18 19:30:00;2019-10-18 20:00:00;101.36666666666666
1071729215;2019-10-18 20:00:00;2019-10-18 20:30:00;91.3
1071729215;2019-10-18 20:30:00;2019-10-18 21:00:00;92.0
1071729215;2019-10-18 21:00:00;2019-10-18 21:30:00;92.0
1071729215;2019-10-18 21:30:00;2019-10-18 22:00:00;92.0
1071729215;2019-10-18 22:00:00;2019-10-18 22:30:00;91.46666666666667
1071729215;2019-10-18 22:30:00;2019-10-18 23:00:00;90.53333333333333
1071729215;2019-10-18 23:00:00;2019-10-18 23:30:00;92.76666666666667
1071729215;2019-10-18 23:30:00;2019-10-18 23:59:59;92.03333333333333
1071729215;2019-10-19 00:00:00;2019-10-19 00:30:00;92.0
1071729215;2019-10-19 00:30:00;2019-10-19 01:00:00;92.0
1071729215;2019-10-19 01:00:00;2019-10-19 01:30:00;92.0
1071729215;2019-10-19 01:30:00;2019-10-19 02:00:00;88.16666666666667
1071729215;2019-10-19 02:00:00;2019-10-19 02:30:00;92.0
1071729215;2019-10-19 02:30:00;2019-10-19 03:00:00;92.0
1071729215;2019-10-19 03:00:00;2019-10-19 03:30:00;87.0
1071729215;2019-10-19 03:30:00;2019-10-19 04:00:00;87.0
1071729215;2019-10-19 04:00:00;2019-10-19 04:30:00;89.0
1071729215;2019-10-19 04:30:00;2019-10-19 05:00:00;89.0
1071729215;2019-10-19 05:00:00;2019-10-19 05:30:00;95.0
1071729215;2019-10-19 05:30:00;2019-10-19 06:00:00;93.13333333333334
1071729215;2019-10-19 06:00:00;2019-10-19 06:30:00;100.9
1071729215;2019-10-19 06:30:00;2019-10-19 07:00:00;101.26666666666667
1071729215;2019-10-19 07:00:00;2019-10-19 07:30:00;103.2
1071729215;2019-10-19 07:30:00;2019-10-19 08:00:00;107.43333333333334
1071729215;2019-10-19 08:00:00;2019-10-19 08:30:00;97.56666666666666
1071729215;2019-10-19 08:30:00;2019-10-19 09:00:00;101.86666666666666
1071729215;2019-10-19 09:00:00;2019-10-19 09:30:00;105.76666666666667
1071729215;2019-10-19 09:30:00;2019-10-19 10:00:00;106.0
1071729215;2019-10-19 10:00:00;2019-10-19 10:30:00;100.46666666666667
1071729215;2019-10-19 10:30:00;2019-10-19 11:00:00;98.3
1071729215;2019-10-19 11:00:00;2019-10-19 11:30:00;100.53333333333333
1071729215;2019-10-19 11:30:00;2019-10-19 12:00:00;102.1
1071729215;2019-10-19 12:00:00;2019-10-19 12:30:00;109.9
1071729215;2019-10-19 12:30:00;2019-10-19 13:00:00;101.4
1071729215;2019-10-19 13:00:00;2019-10-19 13:30:00;105.96666666666667
1071729215;2019-10-19 13:30:00;2019-10-19 14:00:00;101.66666666666667
1071729215;2019-10-19 14:00:00;2019-10-19 14:30:00;97.4
1071729215;2019-10-19 14:30:00;2019-10-19 15:00:00;103.53333333333333
1071729215;2019-10-19 15:00:00;2019-10-19 15:30:00;95.13333333333334
1071729215;2019-10-19 15:30:00;2019-10-19 16:00:00;107.33333333333333
1071729215;2019-10-19 16:00:00;2019-10-19 16:30:00;93.36666666666666
1071729215;2019-10-19 16:30:00;2019-10-19 17:00:00;100.93103448275862
1071729215;2019-10-19 17:00:00;2019-10-19 17:30:00;64.16666666666667
1071729215;2019-10-19 17:30:00;2019-10-19 18:00:00;103.56666666666666
1071729215;2019-10-19 18:00:00;2019-10-19 18:30:00;114.06666666666666
1071729215;2019-10-19 18:30:00;2019-10-19 19:00:00;107.83333333333333
1071729215;2019-10-19 19:00:00;2019-10-19 19:30:00;88.76666666666667
1071729215;2019-10-19 19:30:00;2019-10-19 20:00:00;95.03333333333333
1071729215;2019-10-19 20:00:00;2019-10-19 20:30:00;92.53333333333333
1071729215;2019-10-19 20:30:00;2019-10-19 21:00:00;95.16666666666667
1071729215;2019-10-19 21:00:00;2019-10-19 21:30:00;93.5
1071729215;2019-10-19 21:30:00;2019-10-19 22:00:00;98.4
1071729215;2019-10-19 22:00:00;2019-10-19 22:30:00;98.66666666666667
1071729215;2019-10-19 22:30:00;2019-10-19 23:00:00;97.5
1071729215;2019-10-19 23:00:00;2019-10-19 23:30:00;92.0
1071729215;2019-10-19 23:30:00;2019-10-19 23:59:59;93.63333333333334
1071729215;2019-10-20 00:00:00;2019-10-20 00:30:00;92.0
1071729215;2019-10-20 00:30:00;2019-10-20 01:00:00;92.0
1071729215;2019-10-20 01:00:00;2019-10-20 01:30:00;90.06666666666666
1071729215;2019-10-20 01:30:00;2019-10-20 02:00:00;90.83333333333333
1071729215;2019-10-20 02:00:00;2019-10-20 02:30:00;92.0
1071729215;2019-10-20 02:30:00;2019-10-20 03:00:00;98.6
1071729215;2019-10-20 03:00:00;2019-10-20 03:30:00;88.86666666666666
1071729215;2019-10-20 03:30:00;2019-10-20 04:00:00;84.66666666666667
1071729215;2019-10-20 04:00:00;2019-10-20 04:30:00;92.43333333333334
1071729215;2019-10-20 04:30:00;2019-10-20 05:00:00;91.86666666666666
1071729215;2019-10-20 05:00:00;2019-10-20 05:30:00;87.16666666666667
1071729215;2019-10-20 05:30:00;2019-10-20 06:00:00;89.0
1071729215;2019-10-20 06:00:00;2019-10-20 06:30:00;106.2
1071729215;2019-10-20 06:30:00;2019-10-20 07:00:00;102.56666666666666
1071729215;2019-10-20 07:00:00;2019-10-20 07:30:00;114.8
1071729215;2019-10-20 07:30:00;2019-10-20 08:00:00;99.06666666666666
1071729215;2019-10-20 08:00:00;2019-10-20 08:30:00;101.33333333333333
1071729215;2019-10-20 08:30:00;2019-10-20 09:00:00;90.33333333333333
1071729215;2019-10-20 09:00:00;2019-10-20 09:30:00;89.66666666666667
1071729215;2019-10-20 09:30:00;2019-10-20 10:00:00;103.26666666666667
1071729215;2019-10-20 10:00:00;2019-10-20 10:30:00;88.73333333333333
1071729215;2019-10-20 10:30:00;2019-10-20 11:00:00;97.0
1071729215;2019-10-20 11:00:00;2019-10-20 11:30:00;104.5
1071729215;2019-10-20 11:30:00;2019-10-20 12:00:00;114.43333333333334
1071729215;2019-10-20 12:00:00;2019-10-20 12:30:00;94.6
1071729215;2019-10-20 12:30:00;2019-10-20 13:00:00;93.0
1071729215;2019-10-20 13:00:00;2019-10-20 13:30:00;101.93333333333334
1071729215;2019-10-20 13:30:00;2019-10-20 14:00:00;100.53333333333333
1071729215;2019-10-20 14:00:00;2019-10-20 14:30:00;96.0
1071729215;2019-10-20 14:30:00;2019-10-20 15:00:00;88.43333333333334
1071729215;2019-10-20 15:00:00;2019-10-20 15:30:00;91.86666666666666
1071729215;2019-10-20 15:30:00;2019-10-20 16:00:00;94.96666666666667
1071729215;2019-10-20 16:00:00;2019-10-20 16:30:00;93.3
1071729215;2019-10-20 16:30:00;2019-10-20 17:00:00;93.83333333333333
1071729215;2019-10-20 17:00:00;2019-10-20 17:30:00;92.0
1071729215;2019-10-20 17:30:00;2019-10-20 18:00:00;107.33333333333333
1071729215;2019-10-20 18:00:00;2019-10-20 18:30:00;107.8
1071729215;2019-10-20 18:30:00;2019-10-20 19:00:00;104.86666666666666
1071729215;2019-10-20 19:00:00;2019-10-20 19:30:00;105.0
1071729215;2019-10-20 19:30:00;2019-10-20 20:00:00;112.83333333333333
1071729215;2019-10-20 20:00:00;2019-10-20 20:30:00;105.23333333333333
1071729215;2019-10-20 20:30:00;2019-10-20 21:00:00;92.0
1071729215;2019-10-20 21:00:00;2019-10-20 21:30:00;92.0
1071729215;2019-10-20 21:30:00;2019-10-20 22:00:00;101.76666666666667
1071729215;2019-10-20 22:00:00;2019-10-20 22:30:00;94.3
1071729215;2019-10-20 22:30:00;2019-10-20 23:00:00;86.83333333333333
1071729215;2019-10-20 23:00:00;2019-10-20 23:30:00;90.4
1071729215;2019-10-20 23:30:00;2019-10-20 23:59:59;75.86666666666666
1071729215;2019-10-21 00:00:00;2019-10-21 00:30:00;96.2
1071729215;2019-10-21 00:30:00;2019-10-21 01:00:00;91.2
1071729215;2019-10-21 01:00:00;2019-10-21 01:30:00;92.0
1071729215;2019-10-21 01:30:00;2019-10-21 02:00:00;92.0
1071729215;2019-10-21 02:00:00;2019-10-21 02:30:00;92.0
1071729215;2019-10-21 02:30:00;2019-10-21 03:00:00;92.0
1071729215;2019-10-21 03:00:00;2019-10-21 03:30:00;86.8
1071729215;2019-10-21 03:30:00;2019-10-21 04:00:00;97.56666666666666
1071729215;2019-10-21 04:00:00;2019-10-21 04:30:00;95.93333333333334
1071729215;2019-10-21 04:30:00;2019-10-21 05:00:00;109.7
1071729215;2019-10-21 05:00:00;2019-10-21 05:30:00;96.63333333333334
1071729215;2019-10-21 05:30:00;2019-10-21 06:00:00;111.2
1071729215;2019-10-21 06:00:00;2019-10-21 06:30:00;108.4
1071729215;2019-10-21 06:30:00;2019-10-21 07:00:00;97.66666666666667
1071729215;2019-10-21 07:00:00;2019-10-21 07:30:00;120.13333333333334
1071729215;2019-10-21 07:30:00;2019-10-21 08:00:00;116.3
1071729215;2019-10-21 08:00:00;2019-10-21 08:30:00;110.61538461538461
1071729215;2019-10-21 08:30:00;2019-10-21 09:00:00;109.51851851851852
1071729215;2019-10-21 09:00:00;2019-10-21 09:30:00;96.93333333333334
1071729215;2019-10-21 09:30:00;2019-10-21 10:00:00;104.9
1071729215;2019-10-21 10:00:00;2019-10-21 10:30:00;101.16666666666667
1071729215;2019-10-21 10:30:00;2019-10-21 11:00:00;99.73333333333333
1071729215;2019-10-21 11:00:00;2019-10-21 11:30:00;103.56666666666666
1071729215;2019-10-21 11:30:00;2019-10-21 12:00:00;104.2
1071729215;2019-10-21 12:00:00;2019-10-21 12:30:00;99.03333333333333
1071729215;2019-10-21 12:30:00;2019-10-21 13:00:00;97.46666666666667
1071729215;2019-10-21 13:00:00;2019-10-21 13:30:00;97.76666666666667
1071729215;2019-10-21 13:30:00;2019-10-21 14:00:00;98.06666666666666
1071729215;2019-10-21 14:00:00;2019-10-21 14:30:00;96.26666666666667
1071729215;2019-10-21 14:30:00;2019-10-21 15:00:00;94.5
1071729215;2019-10-21 15:00:00;2019-10-21 15:30:00;91.4
1071729215;2019-10-21 15:30:00;2019-10-21 16:00:00;95.53333333333333
1071729215;2019-10-21 16:00:00;2019-10-21 16:30:00;93.6
1071729215;2019-10-21 16:30:00;2019-10-21 17:00:00;95.03333333333333
1071729215;2019-10-21 17:00:00;2019-10-21 17:30:00;91.3
1071729215;2019-10-21 17:30:00;2019-10-21 18:00:00;99.46666666666667
1071729215;2019-10-21 18:00:00;2019-10-21 18:30:00;96.9
1071729215;2019-10-21 18:30:00;2019-10-21 19:00:00;117.93333333333334
1071729215;2019-10-21 19:00:00;2019-10-21 19:30:00;96.1
1071729215;2019-10-21 19:30:00;2019-10-21 20:00:00;118.06666666666666
1071729215;2019-10-21 20:00:00;2019-10-21 20:30:00;96.73333333333333
1071729215;2019-10-21 20:30:00;2019-10-21 21:00:00;95.83333333333333
1071729215;2019-10-21 21:00:00;2019-10-21 21:30:00;94.2
1071729215;2019-10-21 21:30:00;2019-10-21 22:00:00;91.86666666666666
1071729215;2019-10-21 22:00:00;2019-10-21 22:30:00;94.33333333333333
1071729215;2019-10-21 22:30:00;2019-10-21 23:00:00;99.5
1071729215;2019-10-21 23:00:00;2019-10-21 23:30:00;115.2
1071729215;2019-10-21 23:30:00;2019-10-21 23:59:59;116.66666666666667
1071729215;2019-10-22 00:00:00;2019-10-22 00:30:00;98.66666666666667
1071729215;2019-10-22 00:30:00;2019-10-22 01:00:00;89.0
1071729215;2019-10-22 01:00:00;2019-10-22 01:30:00;92.0
1071729215;2019-10-22 01:30:00;2019-10-22 02:00:00;92.0
1071729215;2019-10-22 02:00:00;2019-10-22 02:30:00;90.56666666666666
1071729215;2019-10-22 02:30:00;2019-10-22 03:00:00;91.0
1071729215;2019-10-22 03:00:00;2019-10-22 03:30:00;94.66666666666667
1071729215;2019-10-22 03:30:00;2019-10-22 04:00:00;96.86666666666666
1071729215;2019-10-22 04:00:00;2019-10-22 04:30:00;94.3
1071729215;2019-10-22 04:30:00;2019-10-22 05:00:00;105.83333333333333
1071729215;2019-10-22 05:00:00;2019-10-22 05:30:00;117.3
1071729215;2019-10-22 05:30:00;2019-10-22 06:00:00;96.93333333333334
1071729215;2019-10-22 06:00:00;2019-10-22 06:30:00;103.83333333333333
1071729215;2019-10-22 06:30:00;2019-10-22 07:00:00;90.13333333333334
1071729215;2019-10-22 07:00:00;2019-10-22 07:30:00;91.6
1071729215;2019-10-22 07:30:00;2019-10-22 08:00:00;103.03333333333333
1071729215;2019-10-22 08:00:00;2019-10-22 08:30:00;102.13333333333334
1071729215;2019-10-22 08:30:00;2019-10-22 09:00:00;115.16666666666667
1071729215;2019-10-22 09:00:00;2019-10-22 09:30:00;96.13333333333334
1071729215;2019-10-22 09:30:00;2019-10-22 10:00:00;86.7
1071729215;2019-10-22 10:00:00;2019-10-22 10:30:00;88.56666666666666
1071729215;2019-10-22 10:30:00;2019-10-22 11:00:00;86.06666666666666
1071729215;2019-10-22 11:00:00;2019-10-22 11:30:00;84.3
1071729215;2019-10-22 11:30:00;2019-10-22 12:00:00;104.9
1071729215;2019-10-22 12:00:00;2019-10-22 12:30:00;102.5
1071729215;2019-10-22 12:30:00;2019-10-22 13:00:00;101.23333333333333
1071729215;2019-10-22 13:00:00;2019-10-22 13:30:00;107.26666666666667
1071729215;2019-10-22 13:30:00;2019-10-22 14:00:00;96.43333333333334
1071729215;2019-10-22 14:00:00;2019-10-22 14:30:00;103.23333333333333
1071729215;2019-10-22 14:30:00;2019-10-22 15:00:00;113.53333333333333
1071729215;2019-10-22 15:00:00;2019-10-22 15:30:00;109.83333333333333
1071729215;2019-10-22 15:30:00;2019-10-22 16:00:00;92.16666666666667
1071729215;2019-10-22 16:00:00;2019-10-22 16:30:00;97.03333333333333
1071729215;2019-10-22 16:30:00;2019-10-22 17:00:00;91.63333333333334
1071729215;2019-10-22 17:00:00;2019-10-22 17:30:00;97.86666666666666
1071729215;2019-10-22 17:30:00;2019-10-22 18:00:00;86.7
1071729215;2019-10-22 18:00:00;2019-10-22 18:30:00;109.0
1071729215;2019-10-22 18:30:00;2019-10-22 19:00:00;107.43333333333334
1071729215;2019-10-22 19:00:00;2019-10-22 19:30:00;100.93333333333334
1071729215;2019-10-22 19:30:00;2019-10-22 20:00:00;90.53333333333333
1071729215;2019-10-22 20:00:00;2019-10-22 20:30:00;95.67857142857143
1071729215;2019-10-22 20:30:00;2019-10-22 21:00:00;94.6
1071729215;2019-10-22 21:00:00;2019-10-22 21:30:00;110.23333333333333
1071729215;2019-10-22 21:30:00;2019-10-22 22:00:00;106.66666666666667
1071729215;2019-10-22 22:00:00;2019-10-22 22:30:00;92.33333333333333
1071729215;2019-10-22 22:30:00;2019-10-22 23:00:00;86.96666666666667
1071729215;2019-10-22 23:00:00;2019-10-22 23:30:00;89.86666666666666
1071729215;2019-10-22 23:30:00;2019-10-22 23:59:59;92.0
1071729215;2019-10-23 00:00:00;2019-10-23 00:30:00;92.0
1071729215;2019-10-23 00:30:00;2019-10-23 01:00:00;91.56666666666666
1071729215;2019-10-23 01:00:00;2019-10-23 01:30:00;91.1
1071729215;2019-10-23 01:30:00;2019-10-23 02:00:00;91.06666666666666
1071729215;2019-10-23 02:00:00;2019-10-23 02:30:00;92.0
1071729215;2019-10-23 02:30:00;2019-10-23 03:00:00;92.0
1071729215;2019-10-23 03:00:00;2019-10-23 03:30:00;91.3
1071729215;2019-10-23 03:30:00;2019-10-23 04:00:00;101.13333333333334
1071729215;2019-10-23 04:00:00;2019-10-23 04:30:00;86.7
1071729215;2019-10-23 04:30:00;2019-10-23 05:00:00;99.36666666666666
1071729215;2019-10-23 05:00:00;2019-10-23 05:30:00;109.1
1071729215;2019-10-23 05:30:00;2019-10-23 06:00:00;98.8
1071729215;2019-10-23 06:00:00;2019-10-23 06:30:00;95.76666666666667
1071729215;2019-10-23 06:30:00;2019-10-23 07:00:00;101.46666666666667
1071729215;2019-10-23 07:00:00;2019-10-23 07:30:00;99.3
1071729215;2019-10-23 07:30:00;2019-10-23 08:00:00;88.5
1071729215;2019-10-23 08:00:00;2019-10-23 08:30:00;89.03333333333333
1071729215;2019-10-23 08:30:00;2019-10-23 09:00:00;108.0
1071729215;2019-10-23 09:00:00;2019-10-23 09:30:00;95.26666666666667
1071729215;2019-10-23 09:30:00;2019-10-23 10:00:00;100.1
1071729215;2019-10-23 10:00:00;2019-10-23 10:30:00;93.4
1071729215;2019-10-23 10:30:00;2019-10-23 11:00:00;92.6
1071729215;2019-10-23 11:00:00;2019-10-23 11:30:00;102.53333333333333
1071729215;2019-10-23 11:30:00;2019-10-23 12:00:00;101.26666666666667
1071729215;2019-10-23 12:00:00;2019-10-23 12:30:00;106.16666666666667
1071729215;2019-10-23 12:30:00;2019-10-23 13:00:00;106.36666666666666
1071729215;2019-10-23 13:00:00;2019-10-23 13:30:00;96.13333333333334
1071729215;2019-10-23 13:30:00;2019-10-23 14:00:00;97.06666666666666
1071729215;2019-10-23 14:00:00;2019-10-23 14:30:00;104.76666666666667
1071729215;2019-10-23 14:30:00;2019-10-23 15:00:00;97.4
1071729215;2019-10-23 15:00:00;2019-10-23 15:30:00;97.36666666666666
1071729215;2019-10-23 15:30:00;2019-10-23 16:00:00;95.93333333333334
1071729215;2019-10-23 16:00:00;2019-10-23 16:30:00;43.6
1071729215;2019-10-23 16:30:00;2019-10-23 17:00:00;
1071729215;2019-10-23 17:00:00;2019-10-23 17:30:00;
1071729215;2019-10-23 17:30:00;2019-10-23 18:00:00;
1071729215;2019-10-23 18:00:00;2019-10-23 18:30:00;
1071729215;2019-10-23 18:30:00;2019-10-23 19:00:00;
1071729215;2019-10-23 19:00:00;2019-10-23 19:30:00;
1071729215;2019-10-23 19:30:00;2019-10-23 20:00:00;
1071729215;2019-10-23 20:00:00;2019-10-23 20:30:00;
1071729215;2019-10-23 20:30:00;2019-10-23 21:00:00;
1071729215;2019-10-23 21:00:00;2019-10-23 21:30:00;
1071729215;2019-10-23 21:30:00;2019-10-23 22:00:00;
1071729215;2019-10-23 22:00:00;2019-10-23 22:30:00;
1071729215;2019-10-23 22:30:00;2019-10-23 23:00:00;
1071729215;2019-10-23 23:00:00;2019-10-23 23:30:00;
1071729215;2019-10-23 23:30:00;2019-10-23 23:59:59;
1071729215;2019-10-24 00:00:00;2019-10-24 00:30:00;
1071729215;2019-10-24 00:30:00;2019-10-24 01:00:00;
1071729215;2019-10-24 01:00:00;2019-10-24 01:30:00;
1071729215;2019-10-24 01:30:00;2019-10-24 02:00:00;
1071729215;2019-10-24 02:00:00;2019-10-24 02:30:00;
1071729215;2019-10-24 02:30:00;2019-10-24 03:00:00;
1071729215;2019-10-24 03:00:00;2019-10-24 03:30:00;
1071729215;2019-10-24 03:30:00;2019-10-24 04:00:00;
1071729215;2019-10-24 04:00:00;2019-10-24 04:30:00;85.83333333333333
1071729215;2019-10-24 04:30:00;2019-10-24 05:00:00;97.5
1071729215;2019-10-24 05:00:00;2019-10-24 05:30:00;104.33333333333333
1071729215;2019-10-24 05:30:00;2019-10-24 06:00:00;96.53333333333333
1071729215;2019-10-24 06:00:00;2019-10-24 06:30:00;90.16666666666667
1071729215;2019-10-24 06:30:00;2019-10-24 07:00:00;101.8
1071729215;2019-10-24 07:00:00;2019-10-24 07:30:00;97.46666666666667
1071729215;2019-10-24 07:30:00;2019-10-24 08:00:00;94.03333333333333
1071729215;2019-10-24 08:00:00;2019-10-24 08:30:00;95.63333333333334
1071729215;2019-10-24 08:30:00;2019-10-24 09:00:00;102.1
1071729215;2019-10-24 09:00:00;2019-10-24 09:30:00;92.9
1071729215;2019-10-24 09:30:00;2019-10-24 10:00:00;93.5
1071729215;2019-10-24 10:00:00;2019-10-24 10:30:00;93.66666666666667
1071729215;2019-10-24 10:30:00;2019-10-24 11:00:00;98.43333333333334
1071729215;2019-10-24 11:00:00;2019-10-24 11:30:00;92.13333333333334
1071729215;2019-10-24 11:30:00;2019-10-24 12:00:00;100.53333333333333
1071729215;2019-10-24 12:00:00;2019-10-24 12:30:00;94.93333333333334
1071729215;2019-10-24 12:30:00;2019-10-24 13:00:00;106.6
1071729215;2019-10-24 13:00:00;2019-10-24 13:30:00;92.16666666666667
1071729215;2019-10-24 13:30:00;2019-10-24 14:00:00;92.96666666666667
1071729215;2019-10-24 14:00:00;2019-10-24 14:30:00;100.46666666666667
1071729215;2019-10-24 14:30:00;2019-10-24 15:00:00;100.06666666666666
1071729215;2019-10-24 15:00:00;2019-10-24 15:30:00;95.26666666666667
1071729215;2019-10-24 15:30:00;2019-10-24 16:00:00;107.1
1071729215;2019-10-24 16:00:00;2019-10-24 16:30:00;84.36666666666666
1071729215;2019-10-24 16:30:00;2019-10-24 17:00:00;99.76666666666667
1071729215;2019-10-24 17:00:00;2019-10-24 17:30:00;99.46666666666667
1071729215;2019-10-24 17:30:00;2019-10-24 18:00:00;106.5
1071729215;2019-10-24 18:00:00;2019-10-24 18:30:00;94.7
1071729215;2019-10-24 18:30:00;2019-10-24 19:00:00;92.03333333333333
1071729215;2019-10-24 19:00:00;2019-10-24 19:30:00;99.0
1071729215;2019-10-24 19:30:00;2019-10-24 20:00:00;100.0
1071729215;2019-10-24 20:00:00;2019-10-24 20:30:00;98.93333333333334
1071729215;2019-10-24 20:30:00;2019-10-24 21:00:00;91.23333333333333
1071729215;2019-10-24 21:00:00;2019-10-24 21:30:00;90.5
1071729215;2019-10-24 21:30:00;2019-10-24 22:00:00;98.8
1071729215;2019-10-24 22:00:00;2019-10-24 22:30:00;92.0
1071729215;2019-10-24 22:30:00;2019-10-24 23:00:00;92.0
1071729215;2019-10-24 23:00:00;2019-10-24 23:30:00;92.0
1071729215;2019-10-24 23:30:00;2019-10-24 23:59:59;92.0
1071729215;2019-10-25 00:00:00;2019-10-25 00:30:00;92.0
1071729215;2019-10-25 00:30:00;2019-10-25 01:00:00;92.0
1071729215;2019-10-25 01:00:00;2019-10-25 01:30:00;92.0
1071729215;2019-10-25 01:30:00;2019-10-25 02:00:00;88.16666666666667
1071729215;2019-10-25 02:00:00;2019-10-25 02:30:00;90.8
1071729215;2019-10-25 02:30:00;2019-10-25 03:00:00;92.0
1071729215;2019-10-25 03:00:00;2019-10-25 03:30:00;85.0
1071729215;2019-10-25 03:30:00;2019-10-25 04:00:00;101.03333333333333
1071729215;2019-10-25 04:00:00;2019-10-25 04:30:00;99.23333333333333
1071729215;2019-10-25 04:30:00;2019-10-25 05:00:00;117.96666666666667
1071729215;2019-10-25 05:00:00;2019-10-25 05:30:00;106.63333333333334
1071729215;2019-10-25 05:30:00;2019-10-25 06:00:00;106.2
1071729215;2019-10-25 06:00:00;2019-10-25 06:30:00;88.83333333333333
1071729215;2019-10-25 06:30:00;2019-10-25 07:00:00;96.83333333333333
1071729215;2019-10-25 07:00:00;2019-10-25 07:30:00;93.96666666666667
1071729215;2019-10-25 07:30:00;2019-10-25 08:00:00;126.9
1071729215;2019-10-25 08:00:00;2019-10-25 08:30:00;103.2
1071729215;2019-10-25 08:30:00;2019-10-25 09:00:00;104.93333333333334
1071729215;2019-10-25 09:00:00;2019-10-25 09:30:00;98.93333333333334
1071729215;2019-10-25 09:30:00;2019-10-25 10:00:00;98.23333333333333
1071729215;2019-10-25 10:00:00;2019-10-25 10:30:00;99.0
1071729215;2019-10-25 10:30:00;2019-10-25 11:00:00;96.46666666666667
1071729215;2019-10-25 11:00:00;2019-10-25 11:30:00;100.2
1071729215;2019-10-25 11:30:00;2019-10-25 12:00:00;104.13333333333334
1071729215;2019-10-25 12:00:00;2019-10-25 12:30:00;100.63333333333334
1071729215;2019-10-25 12:30:00;2019-10-25 13:00:00;96.0
1071729215;2019-10-25 13:00:00;2019-10-25 13:30:00;90.46666666666667
1071729215;2019-10-25 13:30:00;2019-10-25 14:00:00;99.9
1071729215;2019-10-25 14:00:00;2019-10-25 14:30:00;115.1
1071729215;2019-10-25 14:30:00;2019-10-25 15:00:00;104.96666666666667
1071729215;2019-10-25 15:00:00;2019-10-25 15:30:00;112.23333333333333
1071729215;2019-10-25 15:30:00;2019-10-25 16:00:00;110.36666666666666
1071729215;2019-10-25 16:00:00;2019-10-25 16:30:00;103.8
1071729215;2019-10-25 16:30:00;2019-10-25 17:00:00;89.16666666666667
1071729215;2019-10-25 17:00:00;2019-10-25 17:30:00;96.93333333333334
1071729215;2019-10-25 17:30:00;2019-10-25 18:00:00;94.06666666666666
1071729215;2019-10-25 18:00:00;2019-10-25 18:30:00;94.13333333333334
1071729215;2019-10-25 18:30:00;2019-10-25 19:00:00;93.9
1071729215;2019-10-25 19:00:00;2019-10-25 19:30:00;90.3
1071729215;2019-10-25 19:30:00;2019-10-25 20:00:00;99.63333333333334
1071729215;2019-10-25 20:00:00;2019-10-25 20:30:00;107.9
1071729215;2019-10-25 20:30:00;2019-10-25 21:00:00;97.23333333333333
1071729215;2019-10-25 21:00:00;2019-10-25 21:30:00;102.93333333333334
1071729215;2019-10-25 21:30:00;2019-10-25 22:00:00;94.5
1071729215;2019-10-25 22:00:00;2019-10-25 22:30:00;92.73333333333333
1071729215;2019-10-25 22:30:00;2019-10-25 23:00:00;93.0
1071729215;2019-10-25 23:00:00;2019-10-25 23:30:00;93.0
1071729215;2019-10-25 23:30:00;2019-10-25 23:59:59;92.43333333333334
1071729215;2019-10-26 00:00:00;2019-10-26 00:30:00;92.0
1071729215;2019-10-26 00:30:00;2019-10-26 01:00:00;92.0
1071729215;2019-10-26 01:00:00;2019-10-26 01:30:00;92.0
1071729215;2019-10-26 01:30:00;2019-10-26 02:00:00;96.6
1071729215;2019-10-26 02:00:00;2019-10-26 02:30:00;92.5
1071729215;2019-10-26 02:30:00;2019-10-26 03:00:00;92.0
1071729215;2019-10-26 03:00:00;2019-10-26 03:30:00;87.0
1071729215;2019-10-26 03:30:00;2019-10-26 04:00:00;87.0
1071729215;2019-10-26 04:00:00;2019-10-26 04:30:00;89.0
1071729215;2019-10-26 04:30:00;2019-10-26 05:00:00;92.13333333333334
1071729215;2019-10-26 05:00:00;2019-10-26 05:30:00;101.46666666666667
1071729215;2019-10-26 05:30:00;2019-10-26 06:00:00;97.66666666666667
1071729215;2019-10-26 06:00:00;2019-10-26 06:30:00;99.5
1071729215;2019-10-26 06:30:00;2019-10-26 07:00:00;97.56666666666666
1071729215;2019-10-26 07:00:00;2019-10-26 07:30:00;110.56666666666666
1071729215;2019-10-26 07:30:00;2019-10-26 08:00:00;104.26666666666667
1071729215;2019-10-26 08:00:00;2019-10-26 08:30:00;108.63333333333334
1071729215;2019-10-26 08:30:00;2019-10-26 09:00:00;115.6
1071729215;2019-10-26 09:00:00;2019-10-26 09:30:00;108.63333333333334
1071729215;2019-10-26 09:30:00;2019-10-26 10:00:00;101.16666666666667
1071729215;2019-10-26 10:00:00;2019-10-26 10:30:00;108.46666666666667
1071729215;2019-10-26 10:30:00;2019-10-26 11:00:00;102.83333333333333
1071729215;2019-10-26 11:00:00;2019-10-26 11:30:00;117.1
1071729215;2019-10-26 11:30:00;2019-10-26 12:00:00;100.1
1071729215;2019-10-26 12:00:00;2019-10-26 12:30:00;105.4
1071729215;2019-10-26 12:30:00;2019-10-26 13:00:00;113.96666666666667
1071729215;2019-10-26 13:00:00;2019-10-26 13:30:00;101.03333333333333
1071729215;2019-10-26 13:30:00;2019-10-26 14:00:00;90.76666666666667
1071729215;2019-10-26 14:00:00;2019-10-26 14:30:00;108.26666666666667
1071729215;2019-10-26 14:30:00;2019-10-26 15:00:00;110.16666666666667
1071729215;2019-10-26 15:00:00;2019-10-26 15:30:00;113.53333333333333
1071729215;2019-10-26 15:30:00;2019-10-26 16:00:00;99.23333333333333
1071729215;2019-10-26 16:00:00;2019-10-26 16:30:00;93.6
1071729215;2019-10-26 16:30:00;2019-10-26 17:00:00;110.33333333333333
1071729215;2019-10-26 17:00:00;2019-10-26 17:30:00;102.36666666666666
1071729215;2019-10-26 17:30:00;2019-10-26 18:00:00;103.96666666666667
1071729215;2019-10-26 18:00:00;2019-10-26 18:30:00;97.46666666666667
1071729215;2019-10-26 18:30:00;2019-10-26 19:00:00;105.3
1071729215;2019-10-26 19:00:00;2019-10-26 19:30:00;101.03333333333333
1071729215;2019-10-26 19:30:00;2019-10-26 20:00:00;103.46666666666667
1071729215;2019-10-26 20:00:00;2019-10-26 20:30:00;99.8
1071729215;2019-10-26 20:30:00;2019-10-26 21:00:00;99.3
1071729215;2019-10-26 21:00:00;2019-10-26 21:30:00;89.56666666666666
1071729215;2019-10-26 21:30:00;2019-10-26 22:00:00;92.0
1071729215;2019-10-26 22:00:00;2019-10-26 22:30:00;89.13333333333334
1071729215;2019-10-26 22:30:00;2019-10-26 23:00:00;104.46666666666667
1071729215;2019-10-26 23:00:00;2019-10-26 23:30:00;92.26666666666667
1071729215;2019-10-26 23:30:00;2019-10-26 23:59:59;97.06666666666666
1071729215;2019-10-27 00:00:00;2019-10-27 00:30:00;93.5
1071729215;2019-10-27 00:30:00;2019-10-27 01:00:00;92.0
1071729215;2019-10-27 01:00:00;2019-10-27 01:30:00;92.0
1071729215;2019-10-27 01:30:00;2019-10-27 02:00:00;92.0
1071729215;2019-10-27 02:00:00;2019-10-27 02:30:00;92.0
1071729215;2019-10-27 02:30:00;2019-10-27 03:00:00;92.0
1071729215;2019-10-27 03:00:00;2019-10-27 03:30:00;92.0
1071729215;2019-10-27 03:30:00;2019-10-27 04:00:00;92.0
1071729215;2019-10-27 04:00:00;2019-10-27 04:30:00;89.0
1071729215;2019-10-27 04:30:00;2019-10-27 05:00:00;89.0
1071729215;2019-10-27 05:00:00;2019-10-27 05:30:00;87.0
1071729215;2019-10-27 05:30:00;2019-10-27 06:00:00;96.06666666666666
1071729215;2019-10-27 06:00:00;2019-10-27 06:30:00;93.06666666666666
1071729215;2019-10-27 06:30:00;2019-10-27 07:00:00;94.1
1071729215;2019-10-27 07:00:00;2019-10-27 07:30:00;94.46666666666667
1071729215;2019-10-27 07:30:00;2019-10-27 08:00:00;91.8
1071729215;2019-10-27 08:00:00;2019-10-27 08:30:00;98.13333333333334
1071729215;2019-10-27 08:30:00;2019-10-27 09:00:00;98.73333333333333
1071729215;2019-10-27 09:00:00;2019-10-27 09:30:00;102.26666666666667
1071729215;2019-10-27 09:30:00;2019-10-27 10:00:00;103.33333333333333
1071729215;2019-10-27 10:00:00;2019-10-27 10:30:00;106.4
1071729215;2019-10-27 10:30:00;2019-10-27 11:00:00;93.8
1071729215;2019-10-27 11:00:00;2019-10-27 11:30:00;104.66666666666667
1071729215;2019-10-27 11:30:00;2019-10-27 12:00:00;100.8
1071729215;2019-10-27 12:00:00;2019-10-27 12:30:00;100.53333333333333
1071729215;2019-10-27 12:30:00;2019-10-27 13:00:00;115.53333333333333
1071729215;2019-10-27 13:00:00;2019-10-27 13:30:00;109.43333333333334
1071729215;2019-10-27 13:30:00;2019-10-27 14:00:00;100.1
1071729215;2019-10-27 14:00:00;2019-10-27 14:30:00;108.6
1071729215;2019-10-27 14:30:00;2019-10-27 15:00:00;101.53333333333333
1071729215;2019-10-27 15:00:00;2019-10-27 15:30:00;105.96666666666667
1071729215;2019-10-27 15:30:00;2019-10-27 16:00:00;95.66666666666667
1071729215;2019-10-27 16:00:00;2019-10-27 16:30:00;81.96666666666667
1071729215;2019-10-27 16:30:00;2019-10-27 17:00:00;110.96666666666667
1071729215;2019-10-27 17:00:00;2019-10-27 17:30:00;112.66666666666667
1071729215;2019-10-27 17:30:00;2019-10-27 18:00:00;102.2
1071729215;2019-10-27 18:00:00;2019-10-27 18:30:00;99.93333333333334
1071729215;2019-10-27 18:30:00;2019-10-27 19:00:00;109.93333333333334
1071729215;2019-10-27 19:00:00;2019-10-27 19:30:00;104.73333333333333
1071729215;2019-10-27 19:30:00;2019-10-27 20:00:00;97.8
1071729215;2019-10-27 20:00:00;2019-10-27 20:30:00;101.53846153846153
1071729215;2019-10-27 20:30:00;2019-10-27 21:00:00;114.5
1071729215;2019-10-27 21:00:00;2019-10-27 21:30:00;107.33333333333333
1071729215;2019-10-27 21:30:00;2019-10-27 22:00:00;106.83333333333333
1071729215;2019-10-27 22:00:00;2019-10-27 22:30:00;103.13333333333334
1071729215;2019-10-27 22:30:00;2019-10-27 23:00:00;92.0
1071729215;2019-10-27 23:00:00;2019-10-27 23:30:00;103.6
1071729215;2019-10-27 23:30:00;2019-10-27 23:59:59;92.5
1071729215;2019-10-28 00:00:00;2019-10-28 00:30:00;95.0
1071729215;2019-10-28 00:30:00;2019-10-28 01:00:00;94.0
1071729215;2019-10-28 01:00:00;2019-10-28 01:30:00;92.0
1071729215;2019-10-28 01:30:00;2019-10-28 02:00:00;92.0
1071729215;2019-10-28 02:00:00;2019-10-28 02:30:00;92.0
1071729215;2019-10-28 02:30:00;2019-10-28 03:00:00;92.0
1071729215;2019-10-28 03:00:00;2019-10-28 03:30:00;92.0
1071729215;2019-10-28 03:30:00;2019-10-28 04:00:00;92.0
1071729215;2019-10-28 04:00:00;2019-10-28 04:30:00;104.63333333333334
1071729215;2019-10-28 04:30:00;2019-10-28 05:00:00;101.0
1071729215;2019-10-28 05:00:00;2019-10-28 05:30:00;110.8
1071729215;2019-10-28 05:30:00;2019-10-28 06:00:00;123.36666666666666
1071729215;2019-10-28 06:00:00;2019-10-28 06:30:00;94.63333333333334
1071729215;2019-10-28 06:30:00;2019-10-28 07:00:00;105.53333333333333
1071729215;2019-10-28 07:00:00;2019-10-28 07:30:00;98.96666666666667
1071729215;2019-10-28 07:30:00;2019-10-28 08:00:00;100.46666666666667
1071729215;2019-10-28 08:00:00;2019-10-28 08:30:00;97.23333333333333
1071729215;2019-10-28 08:30:00;2019-10-28 09:00:00;96.76666666666667
1071729215;2019-10-28 09:00:00;2019-10-28 09:30:00;102.2
1071729215;2019-10-28 09:30:00;2019-10-28 10:00:00;102.96666666666667
1071729215;2019-10-28 10:00:00;2019-10-28 10:30:00;101.86666666666666
1071729215;2019-10-28 10:30:00;2019-10-28 11:00:00;103.83333333333333
1071729215;2019-10-28 11:00:00;2019-10-28 11:30:00;94.13333333333334
1071729215;2019-10-28 11:30:00;2019-10-28 12:00:00;103.03333333333333
1071729215;2019-10-28 12:00:00;2019-10-28 12:30:00;101.86666666666666
1071729215;2019-10-28 12:30:00;2019-10-28 13:00:00;98.4
1071729215;2019-10-28 13:00:00;2019-10-28 13:30:00;99.03333333333333
1071729215;2019-10-28 13:30:00;2019-10-28 14:00:00;101.43333333333334
1071729215;2019-10-28 14:00:00;2019-10-28 14:30:00;90.86666666666666
1071729215;2019-10-28 14:30:00;2019-10-28 15:00:00;88.86666666666666
1071729215;2019-10-28 15:00:00;2019-10-28 15:30:00;101.7
1071729215;2019-10-28 15:30:00;2019-10-28 16:00:00;102.9
1071729215;2019-10-28 16:00:00;2019-10-28 16:30:00;102.36666666666666
1071729215;2019-10-28 16:30:00;2019-10-28 17:00:00;107.0
1071729215;2019-10-28 17:00:00;2019-10-28 17:30:00;95.93333333333334
1071729215;2019-10-28 17:30:00;2019-10-28 18:00:00;95.96666666666667
1071729215;2019-10-28 18:00:00;2019-10-28 18:30:00;111.76666666666667
1071729215;2019-10-28 18:30:00;2019-10-28 19:00:00;91.73333333333333
1071729215;2019-10-28 19:00:00;2019-10-28 19:30:00;105.53333333333333
1071729215;2019-10-28 19:30:00;2019-10-28 20:00:00;85.76666666666667
1071729215;2019-10-28 20:00:00;2019-10-28 20:30:00;92.0
1071729215;2019-10-28 20:30:00;2019-10-28 21:00:00;92.4
1071729215;2019-10-28 21:00:00;2019-10-28 21:30:00;93.66666666666667
1071729215;2019-10-28 21:30:00;2019-10-28 22:00:00;92.66666666666667
1071729215;2019-10-28 22:00:00;2019-10-28 22:30:00;107.33333333333333
1071729215;2019-10-28 22:30:00;2019-10-28 23:00:00;105.5
1071729215;2019-10-28 23:00:00;2019-10-28 23:30:00;136.0
1071729215;2019-10-28 23:30:00;2019-10-28 23:59:59;120.33333333333333
1071729215;2019-10-29 00:00:00;2019-10-29 00:30:00;90.33333333333333
1071729215;2019-10-29 00:30:00;2019-10-29 01:00:00;90.83333333333333
1071729215;2019-10-29 01:00:00;2019-10-29 01:30:00;92.0
1071729215;2019-10-29 01:30:00;2019-10-29 02:00:00;92.0
1071729215;2019-10-29 02:00:00;2019-10-29 02:30:00;102.5
1071729215;2019-10-29 02:30:00;2019-10-29 03:00:00;106.5
1071729215;2019-10-29 03:00:00;2019-10-29 03:30:00;97.7
1071729215;2019-10-29 03:30:00;2019-10-29 04:00:00;92.0
1071729215;2019-10-29 04:00:00;2019-10-29 04:30:00;97.73333333333333
1071729215;2019-10-29 04:30:00;2019-10-29 05:00:00;94.1
1071729215;2019-10-29 05:00:00;2019-10-29 05:30:00;98.96666666666667
1071729215;2019-10-29 05:30:00;2019-10-29 06:00:00;105.1
1071729215;2019-10-29 06:00:00;2019-10-29 06:30:00;107.23333333333333
1071729215;2019-10-29 06:30:00;2019-10-29 07:00:00;96.34482758620689
1071729215;2019-10-29 07:00:00;2019-10-29 07:30:00;97.0
1071729215;2019-10-29 07:30:00;2019-10-29 08:00:00;94.93333333333334
1071729215;2019-10-29 08:00:00;2019-10-29 08:30:00;92.36666666666666
1071729215;2019-10-29 08:30:00;2019-10-29 09:00:00;101.23333333333333
1071729215;2019-10-29 09:00:00;2019-10-29 09:30:00;87.13333333333334
1071729215;2019-10-29 09:30:00;2019-10-29 10:00:00;92.96666666666667
1071729215;2019-10-29 10:00:00;2019-10-29 10:30:00;95.06666666666666
1071729215;2019-10-29 10:30:00;2019-10-29 11:00:00;87.23333333333333
1071729215;2019-10-29 11:00:00;2019-10-29 11:30:00;104.5
1071729215;2019-10-29 11:30:00;2019-10-29 12:00:00;85.43333333333334
1071729215;2019-10-29 12:00:00;2019-10-29 12:30:00;102.56666666666666
1071729215;2019-10-29 12:30:00;2019-10-29 13:00:00;89.96666666666667
1071729215;2019-10-29 13:00:00;2019-10-29 13:30:00;94.53333333333333
1071729215;2019-10-29 13:30:00;2019-10-29 14:00:00;87.06666666666666
1071729215;2019-10-29 14:00:00;2019-10-29 14:30:00;100.83333333333333
1071729215;2019-10-29 14:30:00;2019-10-29 15:00:00;92.73333333333333
1071729215;2019-10-29 15:00:00;2019-10-29 15:30:00;93.06666666666666
1071729215;2019-10-29 15:30:00;2019-10-29 16:00:00;97.63333333333334
1071729215;2019-10-29 16:00:00;2019-10-29 16:30:00;107.33333333333333
1071729215;2019-10-29 16:30:00;2019-10-29 17:00:00;89.33333333333333
1071729215;2019-10-29 17:00:00;2019-10-29 17:30:00;92.56666666666666
1071729215;2019-10-29 17:30:00;2019-10-29 18:00:00;93.66666666666667
1071729215;2019-10-29 18:00:00;2019-10-29 18:30:00;85.6
1071729215;2019-10-29 18:30:00;2019-10-29 19:00:00;106.93333333333334
1071729215;2019-10-29 19:00:00;2019-10-29 19:30:00;103.6
1071729215;2019-10-29 19:30:00;2019-10-29 20:00:00;105.76666666666667
1071729215;2019-10-29 20:00:00;2019-10-29 20:30:00;91.8
1071729215;2019-10-29 20:30:00;2019-10-29 21:00:00;99.36666666666666
1071729215;2019-10-29 21:00:00;2019-10-29 21:30:00;95.46666666666667
1071729215;2019-10-29 21:30:00;2019-10-29 22:00:00;91.6
1071729215;2019-10-29 22:00:00;2019-10-29 22:30:00;101.86666666666666
1071729215;2019-10-29 22:30:00;2019-10-29 23:00:00;88.66666666666667
1071729215;2019-10-29 23:00:00;2019-10-29 23:30:00;90.5
1071729215;2019-10-29 23:30:00;2019-10-29 23:59:59;89.9
1071729215;2019-10-30 00:00:00;2019-10-30 00:30:00;92.0
1071729215;2019-10-30 00:30:00;2019-10-30 01:00:00;92.0
1071729215;2019-10-30 01:00:00;2019-10-30 01:30:00;92.0
1071729215;2019-10-30 01:30:00;2019-10-30 02:00:00;92.0
1071729215;2019-10-30 02:00:00;2019-10-30 02:30:00;92.0
1071729215;2019-10-30 02:30:00;2019-10-30 03:00:00;92.0
1071729215;2019-10-30 03:00:00;2019-10-30 03:30:00;90.06666666666666
1071729215;2019-10-30 03:30:00;2019-10-30 04:00:00;97.26666666666667
1071729215;2019-10-30 04:00:00;2019-10-30 04:30:00;87.9
1071729215;2019-10-30 04:30:00;2019-10-30 05:00:00;98.16666666666667
1071729215;2019-10-30 05:00:00;2019-10-30 05:30:00;105.43333333333334
1071729215;2019-10-30 05:30:00;2019-10-30 06:00:00;92.66666666666667
1071729215;2019-10-30 06:00:00;2019-10-30 06:30:00;94.13333333333334
1071729215;2019-10-30 06:30:00;2019-10-30 07:00:00;106.16666666666667
1071729215;2019-10-30 07:00:00;2019-10-30 07:30:00;96.53333333333333
1071729215;2019-10-30 07:30:00;2019-10-30 08:00:00;102.73333333333333
1071729215;2019-10-30 08:00:00;2019-10-30 08:30:00;100.9
1071729215;2019-10-30 08:30:00;2019-10-30 09:00:00;97.93333333333334
1071729215;2019-10-30 09:00:00;2019-10-30 09:30:00;95.0
1071729215;2019-10-30 09:30:00;2019-10-30 10:00:00;107.86666666666666
1071729215;2019-10-30 10:00:00;2019-10-30 10:30:00;99.16666666666667
1071729215;2019-10-30 10:30:00;2019-10-30 11:00:00;99.1
1071729215;2019-10-30 11:00:00;2019-10-30 11:30:00;88.13333333333334
1071729215;2019-10-30 11:30:00;2019-10-30 12:00:00;86.33333333333333
1071729215;2019-10-30 12:00:00;2019-10-30 12:30:00;106.5
1071729215;2019-10-30 12:30:00;2019-10-30 13:00:00;111.93333333333334
1071729215;2019-10-30 13:00:00;2019-10-30 13:30:00;101.66666666666667
1071729215;2019-10-30 13:30:00;2019-10-30 14:00:00;90.9
1071729215;2019-10-30 14:00:00;2019-10-30 14:30:00;105.33333333333333
1071729215;2019-10-30 14:30:00;2019-10-30 15:00:00;99.9
1071729215;2019-10-30 15:00:00;2019-10-30 15:30:00;104.1
1071729215;2019-10-30 15:30:00;2019-10-30 16:00:00;97.5
1071729215;2019-10-30 16:00:00;2019-10-30 16:30:00;99.26666666666667
1071729215;2019-10-30 16:30:00;2019-10-30 17:00:00;98.06666666666666
1071729215;2019-10-30 17:00:00;2019-10-30 17:30:00;100.96666666666667
1071729215;2019-10-30 17:30:00;2019-10-30 18:00:00;100.2
1071729215;2019-10-30 18:00:00;2019-10-30 18:30:00;94.96666666666667
1071729215;2019-10-30 18:30:00;2019-10-30 19:00:00;95.66666666666667
1071729215;2019-10-30 19:00:00;2019-10-30 19:30:00;89.2
1071729215;2019-10-30 19:30:00;2019-10-30 20:00:00;90.0
1071729215;2019-10-30 20:00:00;2019-10-30 20:30:00;88.96666666666667
1071729215;2019-10-30 20:30:00;2019-10-30 21:00:00;90.73333333333333
1071729215;2019-10-30 21:00:00;2019-10-30 21:30:00;97.06666666666666
1071729215;2019-10-30 21:30:00;2019-10-30 22:00:00;100.86666666666666
1071729215;2019-10-30 22:00:00;2019-10-30 22:30:00;93.26666666666667
1071729215;2019-10-30 22:30:00;2019-10-30 23:00:00;91.56666666666666
1071729215;2019-10-30 23:00:00;2019-10-30 23:30:00;91.53333333333333
1071729215;2019-10-30 23:30:00;2019-10-30 23:59:59;87.33333333333333
1071729215;2019-10-31 00:00:00;2019-10-31 00:30:00;92.0
1071729215;2019-10-31 00:30:00;2019-10-31 01:00:00;92.0
1071729215;2019-10-31 01:00:00;2019-10-31 01:30:00;92.0
1071729215;2019-10-31 01:30:00;2019-10-31 02:00:00;92.0
1071729215;2019-10-31 02:00:00;2019-10-31 02:30:00;92.0
1071729215;2019-10-31 02:30:00;2019-10-31 03:00:00;92.0
1071729215;2019-10-31 03:00:00;2019-10-31 03:30:00;92.66666666666667
1071729215;2019-10-31 03:30:00;2019-10-31 04:00:00;93.1
1071729215;2019-10-31 04:00:00;2019-10-31 04:30:00;86.66666666666667
1071729215;2019-10-31 04:30:00;2019-10-31 05:00:00;84.76666666666667
1071729215;2019-10-31 05:00:00;2019-10-31 05:30:00;92.03333333333333
1071729215;2019-10-31 05:30:00;2019-10-31 06:00:00;87.8
1071729215;2019-10-31 06:00:00;2019-10-31 06:30:00;93.6
1071729215;2019-10-31 06:30:00;2019-10-31 07:00:00;94.3
1071729215;2019-10-31 07:00:00;2019-10-31 07:30:00;86.8
1071729215;2019-10-31 07:30:00;2019-10-31 08:00:00;101.93333333333334
1071729215;2019-10-31 08:00:00;2019-10-31 08:30:00;100.93333333333334
1071729215;2019-10-31 08:30:00;2019-10-31 09:00:00;89.56666666666666
1071729215;2019-10-31 09:00:00;2019-10-31 09:30:00;89.86666666666666
1071729215;2019-10-31 09:30:00;2019-10-31 10:00:00;93.76666666666667
1071729215;2019-10-31 10:00:00;2019-10-31 10:30:00;107.26666666666667
1071729215;2019-10-31 10:30:00;2019-10-31 11:00:00;98.86666666666666
1071729215;2019-10-31 11:00:00;2019-10-31 11:30:00;97.93333333333334
1071729215;2019-10-31 11:30:00;2019-10-31 12:00:00;97.43333333333334
1071729215;2019-10-31 12:00:00;2019-10-31 12:30:00;92.73333333333333
1071729215;2019-10-31 12:30:00;2019-10-31 13:00:00;105.03333333333333
1071729215;2019-10-31 13:00:00;2019-10-31 13:30:00;95.36666666666666
1071729215;2019-10-31 13:30:00;2019-10-31 14:00:00;102.0
1071729215;2019-10-31 14:00:00;2019-10-31 14:30:00;110.8
1071729215;2019-10-31 14:30:00;2019-10-31 15:00:00;91.73333333333333
1071729215;2019-10-31 15:00:00;2019-10-31 15:30:00;95.66666666666667
1071729215;2019-10-31 15:30:00;2019-10-31 16:00:00;104.46666666666667
1071729215;2019-10-31 16:00:00;2019-10-31 16:30:00;98.0
1071729215;2019-10-31 16:30:00;2019-10-31 17:00:00;110.23333333333333
1071729215;2019-10-31 17:00:00;2019-10-31 17:30:00;108.46666666666667
1071729215;2019-10-31 17:30:00;2019-10-31 18:00:00;102.96666666666667
1071729215;2019-10-31 18:00:00;2019-10-31 18:30:00;96.76666666666667
1071729215;2019-10-31 18:30:00;2019-10-31 19:00:00;112.26666666666667
1071729215;2019-10-31 19:00:00;2019-10-31 19:30:00;102.63333333333334
1071729215;2019-10-31 19:30:00;2019-10-31 20:00:00;104.1
1071729215;2019-10-31 20:00:00;2019-10-31 20:30:00;106.33333333333333
1071729215;2019-10-31 20:30:00;2019-10-31 21:00:00;116.63333333333334
1071729215;2019-10-31 21:00:00;2019-10-31 21:30:00;94.7
1071729215;2019-10-31 21:30:00;2019-10-31 22:00:00;116.0
1071729215;2019-10-31 22:00:00;2019-10-31 22:30:00;109.0
1071729215;2019-10-31 22:30:00;2019-10-31 23:00:00;92.9
1071729215;2019-10-31 23:00:00;2019-10-31 23:30:00;91.4
1071729215;2019-10-31 23:30:00;2019-10-31 23:59:59;92.0
1071729215;2019-11-01 00:00:00;2019-11-01 00:30:00;92.0
1071729215;2019-11-01 00:30:00;2019-11-01 01:00:00;92.0
1071729215;2019-11-01 01:00:00;2019-11-01 01:30:00;92.0
1071729215;2019-11-01 01:30:00;2019-11-01 02:00:00;90.63333333333334
1071729215;2019-11-01 02:00:00;2019-11-01 02:30:00;92.0
1071729215;2019-11-01 02:30:00;2019-11-01 03:00:00;92.0
1071729215;2019-11-01 03:00:00;2019-11-01 03:30:00;92.0
1071729215;2019-11-01 03:30:00;2019-11-01 04:00:00;92.0
1071729215;2019-11-01 04:00:00;2019-11-01 04:30:00;85.0
1071729215;2019-11-01 04:30:00;2019-11-01 05:00:00;85.0
1071729215;2019-11-01 05:00:00;2019-11-01 05:30:00;95.0
1071729215;2019-11-01 05:30:00;2019-11-01 06:00:00;105.36666666666666
1071729215;2019-11-01 06:00:00;2019-11-01 06:30:00;90.6
1071729215;2019-11-01 06:30:00;2019-11-01 07:00:00;88.93333333333334
1071729215;2019-11-01 07:00:00;2019-11-01 07:30:00;114.26666666666667
1071729215;2019-11-01 07:30:00;2019-11-01 08:00:00;100.73333333333333
1071729215;2019-11-01 08:00:00;2019-11-01 08:30:00;102.73333333333333
1071729215;2019-11-01 08:30:00;2019-11-01 09:00:00;104.93333333333334
1071729215;2019-11-01 09:00:00;2019-11-01 09:30:00;102.2
1071729215;2019-11-01 09:30:00;2019-11-01 10:00:00;87.7
1071729215;2019-11-01 10:00:00;2019-11-01 10:30:00;98.3
1071729215;2019-11-01 10:30:00;2019-11-01 11:00:00;91.86666666666666
1071729215;2019-11-01 11:00:00;2019-11-01 11:30:00;104.1
1071729215;2019-11-01 11:30:00;2019-11-01 12:00:00;96.8
1071729215;2019-11-01 12:00:00;2019-11-01 12:30:00;101.86666666666666
1071729215;2019-11-01 12:30:00;2019-11-01 13:00:00;109.4
1071729215;2019-11-01 13:00:00;2019-11-01 13:30:00;95.6
1071729215;2019-11-01 13:30:00;2019-11-01 14:00:00;104.4
1071729215;2019-11-01 14:00:00;2019-11-01 14:30:00;88.16666666666667
1071729215;2019-11-01 14:30:00;2019-11-01 15:00:00;96.7
1071729215;2019-11-01 15:00:00;2019-11-01 15:30:00;102.83333333333333
1071729215;2019-11-01 15:30:00;2019-11-01 16:00:00;108.7
1071729215;2019-11-01 16:00:00;2019-11-01 16:30:00;105.36666666666666
1071729215;2019-11-01 16:30:00;2019-11-01 17:00:00;107.46666666666667
1071729215;2019-11-01 17:00:00;2019-11-01 17:30:00;95.1
1071729215;2019-11-01 17:30:00;2019-11-01 18:00:00;102.8
1071729215;2019-11-01 18:00:00;2019-11-01 18:30:00;91.1
1071729215;2019-11-01 18:30:00;2019-11-01 19:00:00;106.63333333333334
1071729215;2019-11-01 19:00:00;2019-11-01 19:30:00;105.26666666666667
1071729215;2019-11-01 19:30:00;2019-11-01 20:00:00;97.73333333333333
1071729215;2019-11-01 20:00:00;2019-11-01 20:30:00;98.9
1071729215;2019-11-01 20:30:00;2019-11-01 21:00:00;94.56666666666666
1071729215;2019-11-01 21:00:00;2019-11-01 21:30:00;94.13333333333334
1071729215;2019-11-01 21:30:00;2019-11-01 22:00:00;108.7
1071729215;2019-11-01 22:00:00;2019-11-01 22:30:00;94.83333333333333
1071729215;2019-11-01 22:30:00;2019-11-01 23:00:00;98.73333333333333
1071729215;2019-11-01 23:00:00;2019-11-01 23:30:00;100.76666666666667
1071729215;2019-11-01 23:30:00;2019-11-01 23:59:59;93.3
1071729215;2019-11-02 00:00:00;2019-11-02 00:30:00;92.0
1071729215;2019-11-02 00:30:00;2019-11-02 01:00:00;92.0
1071729215;2019-11-02 01:00:00;2019-11-02 01:30:00;92.26666666666667
1071729215;2019-11-02 01:30:00;2019-11-02 02:00:00;92.06666666666666
1071729215;2019-11-02 02:00:00;2019-11-02 02:30:00;92.0
1071729215;2019-11-02 02:30:00;2019-11-02 03:00:00;92.0
1071729215;2019-11-02 03:00:00;2019-11-02 03:30:00;92.0
1071729215;2019-11-02 03:30:00;2019-11-02 04:00:00;92.0
1071729215;2019-11-02 04:00:00;2019-11-02 04:30:00;100.0
1071729215;2019-11-02 04:30:00;2019-11-02 05:00:00;100.0
1071729215;2019-11-02 05:00:00;2019-11-02 05:30:00;90.03333333333333
1071729215;2019-11-02 05:30:00;2019-11-02 06:00:00;99.5
1071729215;2019-11-02 06:00:00;2019-11-02 06:30:00;97.33333333333333
1071729215;2019-11-02 06:30:00;2019-11-02 07:00:00;89.63333333333334
1071729215;2019-11-02 07:00:00;2019-11-02 07:30:00;104.2
1071729215;2019-11-02 07:30:00;2019-11-02 08:00:00;101.13333333333334
1071729215;2019-11-02 08:00:00;2019-11-02 08:30:00;105.56666666666666
1071729215;2019-11-02 08:30:00;2019-11-02 09:00:00;101.63333333333334
1071729215;2019-11-02 09:00:00;2019-11-02 09:30:00;104.5
1071729215;2019-11-02 09:30:00;2019-11-02 10:00:00;102.3
1071729215;2019-11-02 10:00:00;2019-11-02 10:30:00;114.63333333333334
1071729215;2019-11-02 10:30:00;2019-11-02 11:00:00;106.23333333333333
1071729215;2019-11-02 11:00:00;2019-11-02 11:30:00;93.36666666666666
1071729215;2019-11-02 11:30:00;2019-11-02 12:00:00;107.46666666666667
1071729215;2019-11-02 12:00:00;2019-11-02 12:30:00;110.43333333333334
1071729215;2019-11-02 12:30:00;2019-11-02 13:00:00;104.56666666666666
1071729215;2019-11-02 13:00:00;2019-11-02 13:30:00;101.53333333333333
1071729215;2019-11-02 13:30:00;2019-11-02 14:00:00;106.76666666666667
1071729215;2019-11-02 14:00:00;2019-11-02 14:30:00;104.7
1071729215;2019-11-02 14:30:00;2019-11-02 15:00:00;108.6
1071729215;2019-11-02 15:00:00;2019-11-02 15:30:00;115.06666666666666
1071729215;2019-11-02 15:30:00;2019-11-02 16:00:00;98.23333333333333
1071729215;2019-11-02 16:00:00;2019-11-02 16:30:00;99.93333333333334
1071729215;2019-11-02 16:30:00;2019-11-02 17:00:00;107.8
1071729215;2019-11-02 17:00:00;2019-11-02 17:30:00;103.56666666666666
1071729215;2019-11-02 17:30:00;2019-11-02 18:00:00;113.5
1071729215;2019-11-02 18:00:00;2019-11-02 18:30:00;107.2
1071729215;2019-11-02 18:30:00;2019-11-02 19:00:00;117.63333333333334
1071729215;2019-11-02 19:00:00;2019-11-02 19:30:00;93.43333333333334
1071729215;2019-11-02 19:30:00;2019-11-02 20:00:00;98.6
1071729215;2019-11-02 20:00:00;2019-11-02 20:30:00;95.2
1071729215;2019-11-02 20:30:00;2019-11-02 21:00:00;101.8
1071729215;2019-11-02 21:00:00;2019-11-02 21:30:00;93.33333333333333
1071729215;2019-11-02 21:30:00;2019-11-02 22:00:00;88.0
1071729215;2019-11-02 22:00:00;2019-11-02 22:30:00;92.0
1071729215;2019-11-02 22:30:00;2019-11-02 23:00:00;93.06666666666666
1071729215;2019-11-02 23:00:00;2019-11-02 23:30:00;101.6
1071729215;2019-11-02 23:30:00;2019-11-02 23:59:59;92.7
1071729215;2019-11-03 00:00:00;2019-11-03 00:30:00;93.0
1071729215;2019-11-03 00:30:00;2019-11-03 01:00:00;92.16666666666667
1071729215;2019-11-03 01:00:00;2019-11-03 01:30:00;90.9
1071729215;2019-11-03 01:30:00;2019-11-03 02:00:00;92.0
1071729215;2019-11-03 02:00:00;2019-11-03 02:30:00;92.36666666666666
1071729215;2019-11-03 02:30:00;2019-11-03 03:00:00;88.26666666666667
1071729215;2019-11-03 03:00:00;2019-11-03 03:30:00;87.83333333333333
1071729215;2019-11-03 03:30:00;2019-11-03 04:00:00;92.0
1071729215;2019-11-03 04:00:00;2019-11-03 04:30:00;89.0
1071729215;2019-11-03 04:30:00;2019-11-03 05:00:00;89.0
1071729215;2019-11-03 05:00:00;2019-11-03 05:30:00;87.0
1071729215;2019-11-03 05:30:00;2019-11-03 06:00:00;87.0
1071729215;2019-11-03 06:00:00;2019-11-03 06:30:00;89.0
1071729215;2019-11-03 06:30:00;2019-11-03 07:00:00;89.1
1071729215;2019-11-03 07:00:00;2019-11-03 07:30:00;91.73333333333333
1071729215;2019-11-03 07:30:00;2019-11-03 08:00:00;91.96666666666667
1071729215;2019-11-03 08:00:00;2019-11-03 08:30:00;102.86666666666666
1071729215;2019-11-03 08:30:00;2019-11-03 09:00:00;105.4
1071729215;2019-11-03 09:00:00;2019-11-03 09:30:00;104.36666666666666
1071729215;2019-11-03 09:30:00;2019-11-03 10:00:00;108.13333333333334
1071729215;2019-11-03 10:00:00;2019-11-03 10:30:00;100.43333333333334
1071729215;2019-11-03 10:30:00;2019-11-03 11:00:00;111.86666666666666
1071729215;2019-11-03 11:00:00;2019-11-03 11:30:00;105.36666666666666
1071729215;2019-11-03 11:30:00;2019-11-03 12:00:00;89.8
1071729215;2019-11-03 12:00:00;2019-11-03 12:30:00;106.63333333333334
1071729215;2019-11-03 12:30:00;2019-11-03 13:00:00;96.96666666666667
1071729215;2019-11-03 13:00:00;2019-11-03 13:30:00;96.73333333333333
1071729215;2019-11-03 13:30:00;2019-11-03 14:00:00;93.0
1071729215;2019-11-03 14:00:00;2019-11-03 14:30:00;93.6
1071729215;2019-11-03 14:30:00;2019-11-03 15:00:00;97.33333333333333
1071729215;2019-11-03 15:00:00;2019-11-03 15:30:00;94.63333333333334
1071729215;2019-11-03 15:30:00;2019-11-03 16:00:00;87.8
1071729215;2019-11-03 16:00:00;2019-11-03 16:30:00;84.2
1071729215;2019-11-03 16:30:00;2019-11-03 17:00:00;83.73333333333333
1071729215;2019-11-03 17:00:00;2019-11-03 17:30:00;78.76666666666667
1071729215;2019-11-03 17:30:00;2019-11-03 18:00:00;82.8
1071729215;2019-11-03 18:00:00;2019-11-03 18:30:00;89.46666666666667
1071729215;2019-11-03 18:30:00;2019-11-03 19:00:00;92.46666666666667
1071729215;2019-11-03 19:00:00;2019-11-03 19:30:00;109.83333333333333
1071729215;2019-11-03 19:30:00;2019-11-03 20:00:00;114.13333333333334
1071729215;2019-11-03 20:00:00;2019-11-03 20:30:00;96.03333333333333
1071729215;2019-11-03 20:30:00;2019-11-03 21:00:00;101.2
1071729215;2019-11-03 21:00:00;2019-11-03 21:30:00;96.16666666666667
1071729215;2019-11-03 21:30:00;2019-11-03 22:00:00;95.13333333333334
1071729215;2019-11-03 22:00:00;2019-11-03 22:30:00;92.0
1071729215;2019-11-03 22:30:00;2019-11-03 23:00:00;92.0
1071729215;2019-11-03 23:00:00;2019-11-03 23:30:00;92.5
1071729215;2019-11-03 23:30:00;2019-11-03 23:59:59;102.66666666666667
1071729215;2019-11-04 00:00:00;2019-11-04 00:30:00;97.0
1071729215;2019-11-04 00:30:00;2019-11-04 01:00:00;121.83333333333333
1071729215;2019-11-04 01:00:00;2019-11-04 01:30:00;115.5
1071729215;2019-11-04 01:30:00;2019-11-04 02:00:00;95.56666666666666
1071729215;2019-11-04 02:00:00;2019-11-04 02:30:00;91.5
1071729215;2019-11-04 02:30:00;2019-11-04 03:00:00;92.0
1071729215;2019-11-04 03:00:00;2019-11-04 03:30:00;92.0
1071729215;2019-11-04 03:30:00;2019-11-04 04:00:00;95.43333333333334
1071729215;2019-11-04 04:00:00;2019-11-04 04:30:00;87.73333333333333
1071729215;2019-11-04 04:30:00;2019-11-04 05:00:00;100.73333333333333
1071729215;2019-11-04 05:00:00;2019-11-04 05:30:00;88.53333333333333
1071729215;2019-11-04 05:30:00;2019-11-04 06:00:00;103.63333333333334
1071729215;2019-11-04 06:00:00;2019-11-04 06:30:00;99.3
1071729215;2019-11-04 06:30:00;2019-11-04 07:00:00;103.26666666666667
1071729215;2019-11-04 07:00:00;2019-11-04 07:30:00;108.56666666666666
1071729215;2019-11-04 07:30:00;2019-11-04 08:00:00;100.93333333333334
1071729215;2019-11-04 08:00:00;2019-11-04 08:30:00;94.36666666666666
1071729215;2019-11-04 08:30:00;2019-11-04 09:00:00;105.23333333333333
1071729215;2019-11-04 09:00:00;2019-11-04 09:30:00;89.94444444444444
1071729215;2019-11-04 09:30:00;2019-11-04 10:00:00;93.1
1071729215;2019-11-04 10:00:00;2019-11-04 10:30:00;102.46666666666667
1071729215;2019-11-04 10:30:00;2019-11-04 11:00:00;89.3
1071729215;2019-11-04 11:00:00;2019-11-04 11:30:00;98.43333333333334
1071729215;2019-11-04 11:30:00;2019-11-04 12:00:00;94.0
1071729215;2019-11-04 12:00:00;2019-11-04 12:30:00;84.5
1071729215;2019-11-04 12:30:00;2019-11-04 13:00:00;85.3103448275862
1071729215;2019-11-04 13:00:00;2019-11-04 13:30:00;105.16666666666667
1071729215;2019-11-04 13:30:00;2019-11-04 14:00:00;91.76666666666667
1071729215;2019-11-04 14:00:00;2019-11-04 14:30:00;95.8
1071729215;2019-11-04 14:30:00;2019-11-04 15:00:00;97.43333333333334
1071729215;2019-11-04 15:00:00;2019-11-04 15:30:00;103.36666666666666
1071729215;2019-11-04 15:30:00;2019-11-04 16:00:00;94.56666666666666
1071729215;2019-11-04 16:00:00;2019-11-04 16:30:00;93.03333333333333
1071729215;2019-11-04 16:30:00;2019-11-04 17:00:00;94.2
1071729215;2019-11-04 17:00:00;2019-11-04 17:30:00;106.43333333333334
1071729215;2019-11-04 17:30:00;2019-11-04 18:00:00;102.76666666666667
1071729215;2019-11-04 18:00:00;2019-11-04 18:30:00;93.4
1071729215;2019-11-04 18:30:00;2019-11-04 19:00:00;94.53333333333333
1071729215;2019-11-04 19:00:00;2019-11-04 19:30:00;97.73333333333333
1071729215;2019-11-04 19:30:00;2019-11-04 20:00:00;99.73333333333333
1071729215;2019-11-04 20:00:00;2019-11-04 20:30:00;102.86666666666666
1071729215;2019-11-04 20:30:00;2019-11-04 21:00:00;101.03333333333333
1071729215;2019-11-04 21:00:00;2019-11-04 21:30:00;89.23333333333333
1071729215;2019-11-04 21:30:00;2019-11-04 22:00:00;97.86666666666666
1071729215;2019-11-04 22:00:00;2019-11-04 22:30:00;97.23333333333333
1071729215;2019-11-04 22:30:00;2019-11-04 23:00:00;113.66666666666667
1071729215;2019-11-04 23:00:00;2019-11-04 23:30:00;96.5
1071729215;2019-11-04 23:30:00;2019-11-04 23:59:59;91.83333333333333
1071729215;2019-11-05 00:00:00;2019-11-05 00:30:00;87.16666666666667
1071729215;2019-11-05 00:30:00;2019-11-05 01:00:00;92.0
1071729215;2019-11-05 01:00:00;2019-11-05 01:30:00;92.0
1071729215;2019-11-05 01:30:00;2019-11-05 02:00:00;92.0
1071729215;2019-11-05 02:00:00;2019-11-05 02:30:00;92.0
1071729215;2019-11-05 02:30:00;2019-11-05 03:00:00;92.0
1071729215;2019-11-05 03:00:00;2019-11-05 03:30:00;92.0
1071729215;2019-11-05 03:30:00;2019-11-05 04:00:00;90.3
1071729215;2019-11-05 04:00:00;2019-11-05 04:30:00;89.7
1071729215;2019-11-05 04:30:00;2019-11-05 05:00:00;92.03333333333333
1071729215;2019-11-05 05:00:00;2019-11-05 05:30:00;96.5
1071729215;2019-11-05 05:30:00;2019-11-05 06:00:00;95.13333333333334
1071729215;2019-11-05 06:00:00;2019-11-05 06:30:00;97.0
1071729215;2019-11-05 06:30:00;2019-11-05 07:00:00;102.86666666666666
1071729215;2019-11-05 07:00:00;2019-11-05 07:30:00;86.03333333333333
1071729215;2019-11-05 07:30:00;2019-11-05 08:00:00;97.3
1071729215;2019-11-05 08:00:00;2019-11-05 08:30:00;101.76666666666667
1071729215;2019-11-05 08:30:00;2019-11-05 09:00:00;100.4
1071729215;2019-11-05 09:00:00;2019-11-05 09:30:00;90.06666666666666
1071729215;2019-11-05 09:30:00;2019-11-05 10:00:00;88.76666666666667
1071729215;2019-11-05 10:00:00;2019-11-05 10:30:00;89.33333333333333
1071729215;2019-11-05 10:30:00;2019-11-05 11:00:00;100.1
1071729215;2019-11-05 11:00:00;2019-11-05 11:30:00;87.63333333333334
1071729215;2019-11-05 11:30:00;2019-11-05 12:00:00;85.2
1071729215;2019-11-05 12:00:00;2019-11-05 12:30:00;87.66666666666667
1071729215;2019-11-05 12:30:00;2019-11-05 13:00:00;100.7
1071729215;2019-11-05 13:00:00;2019-11-05 13:30:00;104.16666666666667
1071729215;2019-11-05 13:30:00;2019-11-05 14:00:00;102.13333333333334
1071729215;2019-11-05 14:00:00;2019-11-05 14:30:00;94.76666666666667
1071729215;2019-11-05 14:30:00;2019-11-05 15:00:00;92.72413793103448
1071729215;2019-11-05 15:00:00;2019-11-05 15:30:00;107.6
1071729215;2019-11-05 15:30:00;2019-11-05 16:00:00;87.16666666666667
1071729215;2019-11-05 16:00:00;2019-11-05 16:30:00;94.03333333333333
1071729215;2019-11-05 16:30:00;2019-11-05 17:00:00;89.73333333333333
1071729215;2019-11-05 17:00:00;2019-11-05 17:30:00;85.13333333333334
1071729215;2019-11-05 17:30:00;2019-11-05 18:00:00;92.33333333333333
1071729215;2019-11-05 18:00:00;2019-11-05 18:30:00;89.3
1071729215;2019-11-05 18:30:00;2019-11-05 19:00:00;89.0
1071729215;2019-11-05 19:00:00;2019-11-05 19:30:00;89.0
1071729215;2019-11-05 19:30:00;2019-11-05 20:00:00;89.0
1071729215;2019-11-05 20:00:00;2019-11-05 20:30:00;87.66666666666667
1071729215;2019-11-05 20:30:00;2019-11-05 21:00:00;87.16666666666667
1071729215;2019-11-05 21:00:00;2019-11-05 21:30:00;92.53333333333333
1071729215;2019-11-05 21:30:00;2019-11-05 22:00:00;94.56666666666666
1071729215;2019-11-05 22:00:00;2019-11-05 22:30:00;92.76666666666667
1071729215;2019-11-05 22:30:00;2019-11-05 23:00:00;93.0
1071729215;2019-11-05 23:00:00;2019-11-05 23:30:00;92.66666666666667
1071729215;2019-11-05 23:30:00;2019-11-05 23:59:59;92.0
1071729215;2019-11-06 00:00:00;2019-11-06 00:30:00;92.0
1071729215;2019-11-06 00:30:00;2019-11-06 01:00:00;90.0
1071729215;2019-11-06 01:00:00;2019-11-06 01:30:00;94.06666666666666
1071729215;2019-11-06 01:30:00;2019-11-06 02:00:00;102.83333333333333
1071729215;2019-11-06 02:00:00;2019-11-06 02:30:00;118.06666666666666
1071729215;2019-11-06 02:30:00;2019-11-06 03:00:00;120.16666666666667
1071729215;2019-11-06 03:00:00;2019-11-06 03:30:00;96.2
1071729215;2019-11-06 03:30:00;2019-11-06 04:00:00;91.3
1071729215;2019-11-06 04:00:00;2019-11-06 04:30:00;84.0
1071729215;2019-11-06 04:30:00;2019-11-06 05:00:00;85.7
1071729215;2019-11-06 05:00:00;2019-11-06 05:30:00;87.4
1071729215;2019-11-06 05:30:00;2019-11-06 06:00:00;97.13333333333334
1071729215;2019-11-06 06:00:00;2019-11-06 06:30:00;105.76666666666667
1071729215;2019-11-06 06:30:00;2019-11-06 07:00:00;114.1
1071729215;2019-11-06 07:00:00;2019-11-06 07:30:00;116.26666666666667
1071729215;2019-11-06 07:30:00;2019-11-06 08:00:00;100.2
1071729215;2019-11-06 08:00:00;2019-11-06 08:30:00;101.2
1071729215;2019-11-06 08:30:00;2019-11-06 09:00:00;92.36666666666666
1071729215;2019-11-06 09:00:00;2019-11-06 09:30:00;86.13333333333334
1071729215;2019-11-06 09:30:00;2019-11-06 10:00:00;91.06666666666666
1071729215;2019-11-06 10:00:00;2019-11-06 10:30:00;100.23333333333333
1071729215;2019-11-06 10:30:00;2019-11-06 11:00:00;112.7
1071729215;2019-11-06 11:00:00;2019-11-06 11:30:00;96.56666666666666
1071729215;2019-11-06 11:30:00;2019-11-06 12:00:00;84.43333333333334
1071729215;2019-11-06 12:00:00;2019-11-06 12:30:00;92.5
1071729215;2019-11-06 12:30:00;2019-11-06 13:00:00;85.0
1071729215;2019-11-06 13:00:00;2019-11-06 13:30:00;109.76666666666667
1071729215;2019-11-06 13:30:00;2019-11-06 14:00:00;103.4
1071729215;2019-11-06 14:00:00;2019-11-06 14:30:00;102.7
1071729215;2019-11-06 14:30:00;2019-11-06 15:00:00;100.72413793103448
1071729215;2019-11-06 15:00:00;2019-11-06 15:30:00;94.86666666666666
1071729215;2019-11-06 15:30:00;2019-11-06 16:00:00;95.9
1071729215;2019-11-06 16:00:00;2019-11-06 16:30:00;93.43333333333334
1071729215;2019-11-06 16:30:00;2019-11-06 17:00:00;91.73333333333333
1071729215;2019-11-06 17:00:00;2019-11-06 17:30:00;101.3
1071729215;2019-11-06 17:30:00;2019-11-06 18:00:00;102.2
1071729215;2019-11-06 18:00:00;2019-11-06 18:30:00;96.9
1071729215;2019-11-06 18:30:00;2019-11-06 19:00:00;106.23333333333333
1071729215;2019-11-06 19:00:00;2019-11-06 19:30:00;100.5
1071729215;2019-11-06 19:30:00;2019-11-06 20:00:00;110.9
1071729215;2019-11-06 20:00:00;2019-11-06 20:30:00;97.0
1071729215;2019-11-06 20:30:00;2019-11-06 21:00:00;105.33333333333333
1071729215;2019-11-06 21:00:00;2019-11-06 21:30:00;89.96666666666667
1071729215;2019-11-06 21:30:00;2019-11-06 22:00:00;87.06666666666666
1071729215;2019-11-06 22:00:00;2019-11-06 22:30:00;87.8
1071729215;2019-11-06 22:30:00;2019-11-06 23:00:00;92.0
1071729215;2019-11-06 23:00:00;2019-11-06 23:30:00;91.93333333333334
1071729215;2019-11-06 23:30:00;2019-11-06 23:59:59;92.0
1071729215;2019-11-07 00:00:00;2019-11-07 00:30:00;91.5
1071729215;2019-11-07 00:30:00;2019-11-07 01:00:00;88.53333333333333
1071729215;2019-11-07 01:00:00;2019-11-07 01:30:00;92.0
1071729215;2019-11-07 01:30:00;2019-11-07 02:00:00;92.0
1071729215;2019-11-07 02:00:00;2019-11-07 02:30:00;90.66666666666667
1071729215;2019-11-07 02:30:00;2019-11-07 03:00:00;92.0
1071729215;2019-11-07 03:00:00;2019-11-07 03:30:00;92.0
1071729215;2019-11-07 03:30:00;2019-11-07 04:00:00;92.0
1071729215;2019-11-07 04:00:00;2019-11-07 04:30:00;84.46666666666667
1071729215;2019-11-07 04:30:00;2019-11-07 05:00:00;84.83333333333333
1071729215;2019-11-07 05:00:00;2019-11-07 05:30:00;92.06666666666666
1071729215;2019-11-07 05:30:00;2019-11-07 06:00:00;104.66666666666667
1071729215;2019-11-07 06:00:00;2019-11-07 06:30:00;101.96666666666667
1071729215;2019-11-07 06:30:00;2019-11-07 07:00:00;110.23333333333333
1071729215;2019-11-07 07:00:00;2019-11-07 07:30:00;115.73333333333333
1071729215;2019-11-07 07:30:00;2019-11-07 08:00:00;107.46666666666667
1071729215;2019-11-07 08:00:00;2019-11-07 08:30:00;82.1
1071729215;2019-11-07 08:30:00;2019-11-07 09:00:00;92.0
1071729215;2019-11-07 09:00:00;2019-11-07 09:30:00;87.13333333333334
1071729215;2019-11-07 09:30:00;2019-11-07 10:00:00;94.20689655172414
1071729215;2019-11-07 10:00:00;2019-11-07 10:30:00;95.7
1071729215;2019-11-07 10:30:00;2019-11-07 11:00:00;96.3
1071729215;2019-11-07 11:00:00;2019-11-07 11:30:00;88.1
1071729215;2019-11-07 11:30:00;2019-11-07 12:00:00;109.16666666666667
1071729215;2019-11-07 12:00:00;2019-11-07 12:30:00;91.2
1071729215;2019-11-07 12:30:00;2019-11-07 13:00:00;99.1
1071729215;2019-11-07 13:00:00;2019-11-07 13:30:00;98.1
1071729215;2019-11-07 13:30:00;2019-11-07 14:00:00;90.0
1071729215;2019-11-07 14:00:00;2019-11-07 14:30:00;92.1
1071729215;2019-11-07 14:30:00;2019-11-07 15:00:00;93.9
1071729215;2019-11-07 15:00:00;2019-11-07 15:30:00;100.13333333333334
1071729215;2019-11-07 15:30:00;2019-11-07 16:00:00;89.53333333333333
1071729215;2019-11-07 16:00:00;2019-11-07 16:30:00;106.1
1071729215;2019-11-07 16:30:00;2019-11-07 17:00:00;98.8
1071729215;2019-11-07 17:00:00;2019-11-07 17:30:00;105.3
1071729215;2019-11-07 17:30:00;2019-11-07 18:00:00;102.7
1071729215;2019-11-07 18:00:00;2019-11-07 18:30:00;113.46666666666667
1071729215;2019-11-07 18:30:00;2019-11-07 19:00:00;99.3
1071729215;2019-11-07 19:00:00;2019-11-07 19:30:00;95.8
1071729215;2019-11-07 19:30:00;2019-11-07 20:00:00;91.73333333333333
1071729215;2019-11-07 20:00:00;2019-11-07 20:30:00;94.83333333333333
1071729215;2019-11-07 20:30:00;2019-11-07 21:00:00;93.1
1071729215;2019-11-07 21:00:00;2019-11-07 21:30:00;86.8
1071729215;2019-11-07 21:30:00;2019-11-07 22:00:00;91.6
1071729215;2019-11-07 22:00:00;2019-11-07 22:30:00;80.4
1071729215;2019-11-07 22:30:00;2019-11-07 23:00:00;80.51724137931035
1071729215;2019-11-07 23:00:00;2019-11-07 23:30:00;86.66666666666667
1071729215;2019-11-07 23:30:00;2019-11-07 23:59:59;91.26666666666667
1071729215;2019-11-08 00:00:00;2019-11-08 00:30:00;92.0
1071729215;2019-11-08 00:30:00;2019-11-08 01:00:00;92.0
1071729215;2019-11-08 01:00:00;2019-11-08 01:30:00;88.46666666666667
1071729215;2019-11-08 01:30:00;2019-11-08 02:00:00;92.0
1071729215;2019-11-08 02:00:00;2019-11-08 02:30:00;92.0
1071729215;2019-11-08 02:30:00;2019-11-08 03:00:00;92.0
1071729215;2019-11-08 03:00:00;2019-11-08 03:30:00;87.66666666666667
1071729215;2019-11-08 03:30:00;2019-11-08 04:00:00;91.76666666666667
1071729215;2019-11-08 04:00:00;2019-11-08 04:30:00;86.66666666666667
1071729215;2019-11-08 04:30:00;2019-11-08 05:00:00;85.0
1071729215;2019-11-08 05:00:00;2019-11-08 05:30:00;94.73333333333333
1071729215;2019-11-08 05:30:00;2019-11-08 06:00:00;99.33333333333333
1071729215;2019-11-08 06:00:00;2019-11-08 06:30:00;91.46666666666667
1071729215;2019-11-08 06:30:00;2019-11-08 07:00:00;107.7
1071729215;2019-11-08 07:00:00;2019-11-08 07:30:00;95.13333333333334
1071729215;2019-11-08 07:30:00;2019-11-08 08:00:00;114.93333333333334
1071729215;2019-11-08 08:00:00;2019-11-08 08:30:00;87.5
1071729215;2019-11-08 08:30:00;2019-11-08 09:00:00;88.86666666666666
1071729215;2019-11-08 09:00:00;2019-11-08 09:30:00;92.13333333333334
1071729215;2019-11-08 09:30:00;2019-11-08 10:00:00;96.7
1071729215;2019-11-08 10:00:00;2019-11-08 10:30:00;96.16666666666667
1071729215;2019-11-08 10:30:00;2019-11-08 11:00:00;87.5
1071729215;2019-11-08 11:00:00;2019-11-08 11:30:00;100.4
1071729215;2019-11-08 11:30:00;2019-11-08 12:00:00;99.76666666666667
1071729215;2019-11-08 12:00:00;2019-11-08 12:30:00;103.03333333333333
1071729215;2019-11-08 12:30:00;2019-11-08 13:00:00;93.33333333333333
1071729215;2019-11-08 13:00:00;2019-11-08 13:30:00;104.36666666666666
1071729215;2019-11-08 13:30:00;2019-11-08 14:00:00;106.9
1071729215;2019-11-08 14:00:00;2019-11-08 14:30:00;101.7
1071729215;2019-11-08 14:30:00;2019-11-08 15:00:00;100.33333333333333
1071729215;2019-11-08 15:00:00;2019-11-08 15:30:00;101.86666666666666
1071729215;2019-11-08 15:30:00;2019-11-08 16:00:00;76.33333333333333
1071729215;2019-11-08 16:00:00;2019-11-08 16:30:00;84.96666666666667
1071729215;2019-11-08 16:30:00;2019-11-08 17:00:00;82.93333333333334
1071729215;2019-11-08 17:00:00;2019-11-08 17:30:00;77.56666666666666
1071729215;2019-11-08 17:30:00;2019-11-08 18:00:00;61.2
1071729215;2019-11-08 18:00:00;2019-11-08 18:30:00;83.6
1071729215;2019-11-08 18:30:00;2019-11-08 19:00:00;76.56666666666666
1071729215;2019-11-08 19:00:00;2019-11-08 19:30:00;72.66666666666667
1071729215;2019-11-08 19:30:00;2019-11-08 20:00:00;70.6
1071729215;2019-11-08 20:00:00;2019-11-08 20:30:00;89.53333333333333
1071729215;2019-11-08 20:30:00;2019-11-08 21:00:00;94.8
1071729215;2019-11-08 21:00:00;2019-11-08 21:30:00;90.46666666666667
1071729215;2019-11-08 21:30:00;2019-11-08 22:00:00;88.06666666666666
1071729215;2019-11-08 22:00:00;2019-11-08 22:30:00;88.26666666666667
1071729215;2019-11-08 22:30:00;2019-11-08 23:00:00;92.0
1071729215;2019-11-08 23:00:00;2019-11-08 23:30:00;91.86666666666666
1071729215;2019-11-08 23:30:00;2019-11-08 23:59:59;91.93333333333334
1071729215;2019-11-09 00:00:00;2019-11-09 00:30:00;90.3
1071729215;2019-11-09 00:30:00;2019-11-09 01:00:00;95.56666666666666
1071729215;2019-11-09 01:00:00;2019-11-09 01:30:00;93.6
1071729215;2019-11-09 01:30:00;2019-11-09 02:00:00;92.0
1071729215;2019-11-09 02:00:00;2019-11-09 02:30:00;92.0
1071729215;2019-11-09 02:30:00;2019-11-09 03:00:00;92.0
1071729215;2019-11-09 03:00:00;2019-11-09 03:30:00;92.0
1071729215;2019-11-09 03:30:00;2019-11-09 04:00:00;92.0
1071729215;2019-11-09 04:00:00;2019-11-09 04:30:00;87.0
1071729215;2019-11-09 04:30:00;2019-11-09 05:00:00;87.0
1071729215;2019-11-09 05:00:00;2019-11-09 05:30:00;89.0
1071729215;2019-11-09 05:30:00;2019-11-09 06:00:00;89.0
1071729215;2019-11-09 06:00:00;2019-11-09 06:30:00;92.76666666666667
1071729215;2019-11-09 06:30:00;2019-11-09 07:00:00;93.23333333333333
1071729215;2019-11-09 07:00:00;2019-11-09 07:30:00;95.06666666666666
1071729215;2019-11-09 07:30:00;2019-11-09 08:00:00;101.43333333333334
1071729215;2019-11-09 08:00:00;2019-11-09 08:30:00;92.53333333333333
1071729215;2019-11-09 08:30:00;2019-11-09 09:00:00;96.8
1071729215;2019-11-09 09:00:00;2019-11-09 09:30:00;98.96666666666667
1071729215;2019-11-09 09:30:00;2019-11-09 10:00:00;108.46666666666667
1071729215;2019-11-09 10:00:00;2019-11-09 10:30:00;95.7
1071729215;2019-11-09 10:30:00;2019-11-09 11:00:00;100.16666666666667
1071729215;2019-11-09 11:00:00;2019-11-09 11:30:00;106.96666666666667
1071729215;2019-11-09 11:30:00;2019-11-09 12:00:00;106.13333333333334
1071729215;2019-11-09 12:00:00;2019-11-09 12:30:00;97.2
1071729215;2019-11-09 12:30:00;2019-11-09 13:00:00;101.43333333333334
1071729215;2019-11-09 13:00:00;2019-11-09 13:30:00;95.3
1071729215;2019-11-09 13:30:00;2019-11-09 14:00:00;92.0
1071729215;2019-11-09 14:00:00;2019-11-09 14:30:00;98.96666666666667
1071729215;2019-11-09 14:30:00;2019-11-09 15:00:00;89.1
1071729215;2019-11-09 15:00:00;2019-11-09 15:30:00;100.1
1071729215;2019-11-09 15:30:00;2019-11-09 16:00:00;84.0
1071729215;2019-11-09 16:00:00;2019-11-09 16:30:00;88.53333333333333
1071729215;2019-11-09 16:30:00;2019-11-09 17:00:00;87.96666666666667
1071729215;2019-11-09 17:00:00;2019-11-09 17:30:00;89.6
1071729215;2019-11-09 17:30:00;2019-11-09 18:00:00;93.23333333333333
1071729215;2019-11-09 18:00:00;2019-11-09 18:30:00;80.2
1071729215;2019-11-09 18:30:00;2019-11-09 19:00:00;80.93333333333334
1071729215;2019-11-09 19:00:00;2019-11-09 19:30:00;69.93333333333334
1071729215;2019-11-09 19:30:00;2019-11-09 20:00:00;95.66666666666667
1071729215;2019-11-09 20:00:00;2019-11-09 20:30:00;104.82758620689656
1071729215;2019-11-09 20:30:00;2019-11-09 21:00:00;85.0
1071729215;2019-11-09 21:00:00;2019-11-09 21:30:00;95.5
1071729215;2019-11-09 21:30:00;2019-11-09 22:00:00;94.23333333333333
1071729215;2019-11-09 22:00:00;2019-11-09 22:30:00;92.03333333333333
1071729215;2019-11-09 22:30:00;2019-11-09 23:00:00;92.0
1071729215;2019-11-09 23:00:00;2019-11-09 23:30:00;89.33333333333333
1071729215;2019-11-09 23:30:00;2019-11-09 23:59:59;91.33333333333333
1071729215;2019-11-10 00:00:00;2019-11-10 00:30:00;92.0
1071729215;2019-11-10 00:30:00;2019-11-10 01:00:00;92.0
1071729215;2019-11-10 01:00:00;2019-11-10 01:30:00;90.83333333333333
1071729215;2019-11-10 01:30:00;2019-11-10 02:00:00;103.43333333333334
1071729215;2019-11-10 02:00:00;2019-11-10 02:30:00;123.66666666666667
1071729215;2019-11-10 02:30:00;2019-11-10 03:00:00;127.1
1071729215;2019-11-10 03:00:00;2019-11-10 03:30:00;106.9
1071729215;2019-11-10 03:30:00;2019-11-10 04:00:00;91.6
1071729215;2019-11-10 04:00:00;2019-11-10 04:30:00;89.0
1071729215;2019-11-10 04:30:00;2019-11-10 05:00:00;89.0
1071729215;2019-11-10 05:00:00;2019-11-10 05:30:00;94.43333333333334
1071729215;2019-11-10 05:30:00;2019-11-10 06:00:00;87.06666666666666
1071729215;2019-11-10 06:00:00;2019-11-10 06:30:00;89.0
1071729215;2019-11-10 06:30:00;2019-11-10 07:00:00;93.66666666666667
1071729215;2019-11-10 07:00:00;2019-11-10 07:30:00;87.6
1071729215;2019-11-10 07:30:00;2019-11-10 08:00:00;93.5
1071729215;2019-11-10 08:00:00;2019-11-10 08:30:00;97.86666666666666
1071729215;2019-11-10 08:30:00;2019-11-10 09:00:00;107.83333333333333
1071729215;2019-11-10 09:00:00;2019-11-10 09:30:00;98.26666666666667
1071729215;2019-11-10 09:30:00;2019-11-10 10:00:00;100.96666666666667
1071729215;2019-11-10 10:00:00;2019-11-10 10:30:00;92.7
1071729215;2019-11-10 10:30:00;2019-11-10 11:00:00;103.6
1071729215;2019-11-10 11:00:00;2019-11-10 11:30:00;96.63333333333334
1071729215;2019-11-10 11:30:00;2019-11-10 12:00:00;85.66666666666667
1071729215;2019-11-10 12:00:00;2019-11-10 12:30:00;93.26666666666667
1071729215;2019-11-10 12:30:00;2019-11-10 13:00:00;90.76666666666667
1071729215;2019-11-10 13:00:00;2019-11-10 13:30:00;82.6
1071729215;2019-11-10 13:30:00;2019-11-10 14:00:00;82.7
1071729215;2019-11-10 14:00:00;2019-11-10 14:30:00;85.56666666666666
1071729215;2019-11-10 14:30:00;2019-11-10 15:00:00;94.93333333333334
1071729215;2019-11-10 15:00:00;2019-11-10 15:30:00;94.1
1071729215;2019-11-10 15:30:00;2019-11-10 16:00:00;91.46666666666667
1071729215;2019-11-10 16:00:00;2019-11-10 16:30:00;91.53333333333333
1071729215;2019-11-10 16:30:00;2019-11-10 17:00:00;81.96666666666667
1071729215;2019-11-10 17:00:00;2019-11-10 17:30:00;75.6
1071729215;2019-11-10 17:30:00;2019-11-10 18:00:00;97.7
1071729215;2019-11-10 18:00:00;2019-11-10 18:30:00;99.26666666666667
1071729215;2019-11-10 18:30:00;2019-11-10 19:00:00;102.2
1071729215;2019-11-10 19:00:00;2019-11-10 19:30:00;100.4
1071729215;2019-11-10 19:30:00;2019-11-10 20:00:00;84.56666666666666
1071729215;2019-11-10 20:00:00;2019-11-10 20:30:00;96.03333333333333
1071729215;2019-11-10 20:30:00;2019-11-10 21:00:00;98.46666666666667
1071729215;2019-11-10 21:00:00;2019-11-10 21:30:00;94.13333333333334
1071729215;2019-11-10 21:30:00;2019-11-10 22:00:00;98.43333333333334
1071729215;2019-11-10 22:00:00;2019-11-10 22:30:00;92.26666666666667
1071729215;2019-11-10 22:30:00;2019-11-10 23:00:00;95.86666666666666
1071729215;2019-11-10 23:00:00;2019-11-10 23:30:00;92.0
1071729215;2019-11-10 23:30:00;2019-11-10 23:59:59;92.0
1071729215;2019-11-11 00:00:00;2019-11-11 00:30:00;92.3
1071729215;2019-11-11 00:30:00;2019-11-11 01:00:00;92.7
1071729215;2019-11-11 01:00:00;2019-11-11 01:30:00;92.0
1071729215;2019-11-11 01:30:00;2019-11-11 02:00:00;92.0
1071729215;2019-11-11 02:00:00;2019-11-11 02:30:00;92.0
1071729215;2019-11-11 02:30:00;2019-11-11 03:00:00;92.0
1071729215;2019-11-11 03:00:00;2019-11-11 03:30:00;92.0
1071729215;2019-11-11 03:30:00;2019-11-11 04:00:00;99.33333333333333
1071729215;2019-11-11 04:00:00;2019-11-11 04:30:00;93.56666666666666
1071729215;2019-11-11 04:30:00;2019-11-11 05:00:00;94.03333333333333
1071729215;2019-11-11 05:00:00;2019-11-11 05:30:00;99.33333333333333
1071729215;2019-11-11 05:30:00;2019-11-11 06:00:00;84.5
1071729215;2019-11-11 06:00:00;2019-11-11 06:30:00;100.56666666666666
1071729215;2019-11-11 06:30:00;2019-11-11 07:00:00;102.53333333333333
1071729215;2019-11-11 07:00:00;2019-11-11 07:30:00;103.86666666666666
1071729215;2019-11-11 07:30:00;2019-11-11 08:00:00;104.86666666666666
1071729215;2019-11-11 08:00:00;2019-11-11 08:30:00;100.83333333333333
1071729215;2019-11-11 08:30:00;2019-11-11 09:00:00;105.66666666666667
1071729215;2019-11-11 09:00:00;2019-11-11 09:30:00;98.6
1071729215;2019-11-11 09:30:00;2019-11-11 10:00:00;91.5
1071729215;2019-11-11 10:00:00;2019-11-11 10:30:00;98.56666666666666
1071729215;2019-11-11 10:30:00;2019-11-11 11:00:00;97.16666666666667
1071729215;2019-11-11 11:00:00;2019-11-11 11:30:00;93.83333333333333
1071729215;2019-11-11 11:30:00;2019-11-11 12:00:00;94.16666666666667
1071729215;2019-11-11 12:00:00;2019-11-11 12:30:00;90.66666666666667
1071729215;2019-11-11 12:30:00;2019-11-11 13:00:00;100.66666666666667
1071729215;2019-11-11 13:00:00;2019-11-11 13:30:00;96.36666666666666
1071729215;2019-11-11 13:30:00;2019-11-11 14:00:00;90.16666666666667
1071729215;2019-11-11 14:00:00;2019-11-11 14:30:00;82.0
1071729215;2019-11-11 14:30:00;2019-11-11 15:00:00;96.1
1071729215;2019-11-11 15:00:00;2019-11-11 15:30:00;84.86666666666666
1071729215;2019-11-11 15:30:00;2019-11-11 16:00:00;99.4
1071729215;2019-11-11 16:00:00;2019-11-11 16:30:00;98.7
1071729215;2019-11-11 16:30:00;2019-11-11 17:00:00;97.76666666666667
1071729215;2019-11-11 17:00:00;2019-11-11 17:30:00;92.16666666666667
1071729215;2019-11-11 17:30:00;2019-11-11 18:00:00;91.76666666666667
1071729215;2019-11-11 18:00:00;2019-11-11 18:30:00;89.06666666666666
1071729215;2019-11-11 18:30:00;2019-11-11 19:00:00;83.0
1071729215;2019-11-11 19:00:00;2019-11-11 19:30:00;91.53333333333333
1071729215;2019-11-11 19:30:00;2019-11-11 20:00:00;89.56666666666666
1071729215;2019-11-11 20:00:00;2019-11-11 20:30:00;90.3
1071729215;2019-11-11 20:30:00;2019-11-11 21:00:00;91.1
1071729215;2019-11-11 21:00:00;2019-11-11 21:30:00;93.0
1071729215;2019-11-11 21:30:00;2019-11-11 22:00:00;92.03333333333333
1071729215;2019-11-11 22:00:00;2019-11-11 22:30:00;92.0
1071729215;2019-11-11 22:30:00;2019-11-11 23:00:00;92.0
1071729215;2019-11-11 23:00:00;2019-11-11 23:30:00;92.0
1071729215;2019-11-11 23:30:00;2019-11-11 23:59:59;92.0
1071729215;2019-11-12 00:00:00;2019-11-12 00:30:00;90.83333333333333
1071729215;2019-11-12 00:30:00;2019-11-12 01:00:00;90.4
1071729215;2019-11-12 01:00:00;2019-11-12 01:30:00;92.0
1071729215;2019-11-12 01:30:00;2019-11-12 02:00:00;92.0
1071729215;2019-11-12 02:00:00;2019-11-12 02:30:00;92.0
1071729215;2019-11-12 02:30:00;2019-11-12 03:00:00;92.0
1071729215;2019-11-12 03:00:00;2019-11-12 03:30:00;93.33333333333333
1071729215;2019-11-12 03:30:00;2019-11-12 04:00:00;93.96666666666667
1071729215;2019-11-12 04:00:00;2019-11-12 04:30:00;100.63333333333334
1071729215;2019-11-12 04:30:00;2019-11-12 05:00:00;94.83333333333333
1071729215;2019-11-12 05:00:00;2019-11-12 05:30:00;94.23333333333333
1071729215;2019-11-12 05:30:00;2019-11-12 06:00:00;98.23333333333333
1071729215;2019-11-12 06:00:00;2019-11-12 06:30:00;95.93333333333334
1071729215;2019-11-12 06:30:00;2019-11-12 07:00:00;105.4
1071729215;2019-11-12 07:00:00;2019-11-12 07:30:00;107.06666666666666
1071729215;2019-11-12 07:30:00;2019-11-12 08:00:00;93.36666666666666
1071729215;2019-11-12 08:00:00;2019-11-12 08:30:00;91.06666666666666
1071729215;2019-11-12 08:30:00;2019-11-12 09:00:00;84.43333333333334
1071729215;2019-11-12 09:00:00;2019-11-12 09:30:00;89.46666666666667
1071729215;2019-11-12 09:30:00;2019-11-12 10:00:00;113.2
1071729215;2019-11-12 10:00:00;2019-11-12 10:30:00;92.8
1071729215;2019-11-12 10:30:00;2019-11-12 11:00:00;94.6
1071729215;2019-11-12 11:00:00;2019-11-12 11:30:00;86.16666666666667
1071729215;2019-11-12 11:30:00;2019-11-12 12:00:00;95.96666666666667
1071729215;2019-11-12 12:00:00;2019-11-12 12:30:00;90.66666666666667
1071729215;2019-11-12 12:30:00;2019-11-12 13:00:00;106.5
1071729215;2019-11-12 13:00:00;2019-11-12 13:30:00;98.5
1071729215;2019-11-12 13:30:00;2019-11-12 14:00:00;90.56666666666666
1071729215;2019-11-12 14:00:00;2019-11-12 14:30:00;93.63333333333334
1071729215;2019-11-12 14:30:00;2019-11-12 15:00:00;97.2
1071729215;2019-11-12 15:00:00;2019-11-12 15:30:00;95.13333333333334
1071729215;2019-11-12 15:30:00;2019-11-12 16:00:00;94.73333333333333
1071729215;2019-11-12 16:00:00;2019-11-12 16:30:00;93.26666666666667
1071729215;2019-11-12 16:30:00;2019-11-12 17:00:00;87.62068965517241
1071729215;2019-11-12 17:00:00;2019-11-12 17:30:00;98.2
1071729215;2019-11-12 17:30:00;2019-11-12 18:00:00;89.63333333333334
1071729215;2019-11-12 18:00:00;2019-11-12 18:30:00;88.4
1071729215;2019-11-12 18:30:00;2019-11-12 19:00:00;85.53333333333333
1071729215;2019-11-12 19:00:00;2019-11-12 19:30:00;90.16666666666667
1071729215;2019-11-12 19:30:00;2019-11-12 20:00:00;89.0
1071729215;2019-11-12 20:00:00;2019-11-12 20:30:00;89.26666666666667
1071729215;2019-11-12 20:30:00;2019-11-12 21:00:00;93.1
1071729215;2019-11-12 21:00:00;2019-11-12 21:30:00;98.0
1071729215;2019-11-12 21:30:00;2019-11-12 22:00:00;101.73333333333333
1071729215;2019-11-12 22:00:00;2019-11-12 22:30:00;101.86666666666666
1071729215;2019-11-12 22:30:00;2019-11-12 23:00:00;92.4
1071729215;2019-11-12 23:00:00;2019-11-12 23:30:00;95.2
1071729215;2019-11-12 23:30:00;2019-11-12 23:59:59;87.76666666666667
1071729215;2019-11-13 00:00:00;2019-11-13 00:30:00;92.0
1071729215;2019-11-13 00:30:00;2019-11-13 01:00:00;92.0
1071729215;2019-11-13 01:00:00;2019-11-13 01:30:00;92.0
1071729215;2019-11-13 01:30:00;2019-11-13 02:00:00;92.0
1071729215;2019-11-13 02:00:00;2019-11-13 02:30:00;92.0
1071729215;2019-11-13 02:30:00;2019-11-13 03:00:00;92.0
1071729215;2019-11-13 03:00:00;2019-11-13 03:30:00;92.0
1071729215;2019-11-13 03:30:00;2019-11-13 04:00:00;101.66666666666667
1071729215;2019-11-13 04:00:00;2019-11-13 04:30:00;88.73333333333333
1071729215;2019-11-13 04:30:00;2019-11-13 05:00:00;100.23333333333333
1071729215;2019-11-13 05:00:00;2019-11-13 05:30:00;91.93333333333334
1071729215;2019-11-13 05:30:00;2019-11-13 06:00:00;82.26666666666667
1071729215;2019-11-13 06:00:00;2019-11-13 06:30:00;90.36666666666666
1071729215;2019-11-13 06:30:00;2019-11-13 07:00:00;102.86666666666666
1071729215;2019-11-13 07:00:00;2019-11-13 07:30:00;93.53333333333333
1071729215;2019-11-13 07:30:00;2019-11-13 08:00:00;96.7
1071729215;2019-11-13 08:00:00;2019-11-13 08:30:00;87.83333333333333
1071729215;2019-11-13 08:30:00;2019-11-13 09:00:00;90.46666666666667
1071729215;2019-11-13 09:00:00;2019-11-13 09:30:00;88.53333333333333
1071729215;2019-11-13 09:30:00;2019-11-13 10:00:00;86.5
1071729215;2019-11-13 10:00:00;2019-11-13 10:30:00;96.7
1071729215;2019-11-13 10:30:00;2019-11-13 11:00:00;97.56666666666666
1071729215;2019-11-13 11:00:00;2019-11-13 11:30:00;94.7
1071729215;2019-11-13 11:30:00;2019-11-13 12:00:00;93.4
1071729215;2019-11-13 12:00:00;2019-11-13 12:30:00;93.43333333333334
1071729215;2019-11-13 12:30:00;2019-11-13 13:00:00;90.96666666666667
1071729215;2019-11-13 13:00:00;2019-11-13 13:30:00;98.73333333333333
1071729215;2019-11-13 13:30:00;2019-11-13 14:00:00;94.6
1071729215;2019-11-13 14:00:00;2019-11-13 14:30:00;95.76666666666667
1071729215;2019-11-13 14:30:00;2019-11-13 15:00:00;97.76666666666667
1071729215;2019-11-13 15:00:00;2019-11-13 15:30:00;99.4
1071729215;2019-11-13 15:30:00;2019-11-13 16:00:00;95.2
1071729215;2019-11-13 16:00:00;2019-11-13 16:30:00;88.13333333333334
1071729215;2019-11-13 16:30:00;2019-11-13 17:00:00;97.03333333333333
1071729215;2019-11-13 17:00:00;2019-11-13 17:30:00;88.5
1071729215;2019-11-13 17:30:00;2019-11-13 18:00:00;87.7
1071729215;2019-11-13 18:00:00;2019-11-13 18:30:00;89.96551724137932
1071729215;2019-11-13 18:30:00;2019-11-13 19:00:00;89.8
1071729215;2019-11-13 19:00:00;2019-11-13 19:30:00;88.6
1071729215;2019-11-13 19:30:00;2019-11-13 20:00:00;92.8
1071729215;2019-11-13 20:00:00;2019-11-13 20:30:00;97.66666666666667
1071729215;2019-11-13 20:30:00;2019-11-13 21:00:00;97.1
1071729215;2019-11-13 21:00:00;2019-11-13 21:30:00;91.0
1071729215;2019-11-13 21:30:00;2019-11-13 22:00:00;92.0
1071729215;2019-11-13 22:00:00;2019-11-13 22:30:00;92.2
1071729215;2019-11-13 22:30:00;2019-11-13 23:00:00;87.8
1071729215;2019-11-13 23:00:00;2019-11-13 23:30:00;92.0
1071729215;2019-11-13 23:30:00;2019-11-13 23:59:59;92.0
1071729215;2019-11-14 00:00:00;2019-11-14 00:30:00;92.0
1071729215;2019-11-14 00:30:00;2019-11-14 01:00:00;94.4
1071729215;2019-11-14 01:00:00;2019-11-14 01:30:00;92.53333333333333
1071729215;2019-11-14 01:30:00;2019-11-14 02:00:00;92.0
1071729215;2019-11-14 02:00:00;2019-11-14 02:30:00;92.0
1071729215;2019-11-14 02:30:00;2019-11-14 03:00:00;92.0
1071729215;2019-11-14 03:00:00;2019-11-14 03:30:00;90.76666666666667
1071729215;2019-11-14 03:30:00;2019-11-14 04:00:00;96.16666666666667
1071729215;2019-11-14 04:00:00;2019-11-14 04:30:00;86.4
1071729215;2019-11-14 04:30:00;2019-11-14 05:00:00;84.0
1071729215;2019-11-14 05:00:00;2019-11-14 05:30:00;89.0
1071729215;2019-11-14 05:30:00;2019-11-14 06:00:00;113.5
1071729215;2019-11-14 06:00:00;2019-11-14 06:30:00;98.86666666666666
1071729215;2019-11-14 06:30:00;2019-11-14 07:00:00;101.56666666666666
1071729215;2019-11-14 07:00:00;2019-11-14 07:30:00;103.66666666666667
1071729215;2019-11-14 07:30:00;2019-11-14 08:00:00;104.33333333333333
1071729215;2019-11-14 08:00:00;2019-11-14 08:30:00;85.43333333333334
1071729215;2019-11-14 08:30:00;2019-11-14 09:00:00;98.06666666666666
1071729215;2019-11-14 09:00:00;2019-11-14 09:30:00;85.4
1071729215;2019-11-14 09:30:00;2019-11-14 10:00:00;107.7
1071729215;2019-11-14 10:00:00;2019-11-14 10:30:00;98.51724137931035
1071729215;2019-11-14 10:30:00;2019-11-14 11:00:00;93.36666666666666
1071729215;2019-11-14 11:00:00;2019-11-14 11:30:00;108.3
1071729215;2019-11-14 11:30:00;2019-11-14 12:00:00;92.33333333333333
1071729215;2019-11-14 12:00:00;2019-11-14 12:30:00;94.1
1071729215;2019-11-14 12:30:00;2019-11-14 13:00:00;103.4
1071729215;2019-11-14 13:00:00;2019-11-14 13:30:00;94.6
1071729215;2019-11-14 13:30:00;2019-11-14 14:00:00;89.63333333333334
1071729215;2019-11-14 14:00:00;2019-11-14 14:30:00;94.8
1071729215;2019-11-14 14:30:00;2019-11-14 15:00:00;89.43333333333334
1071729215;2019-11-14 15:00:00;2019-11-14 15:30:00;100.6
1071729215;2019-11-14 15:30:00;2019-11-14 16:00:00;98.96666666666667
1071729215;2019-11-14 16:00:00;2019-11-14 16:30:00;104.6
1071729215;2019-11-14 16:30:00;2019-11-14 17:00:00;106.3
1071729215;2019-11-14 17:00:00;2019-11-14 17:30:00;102.75862068965517
1071729215;2019-11-14 17:30:00;2019-11-14 18:00:00;101.27586206896552
1071729215;2019-11-14 18:00:00;2019-11-14 18:30:00;97.36666666666666
1071729215;2019-11-14 18:30:00;2019-11-14 19:00:00;111.26666666666667
1071729215;2019-11-14 19:00:00;2019-11-14 19:30:00;115.3
1071729215;2019-11-14 19:30:00;2019-11-14 20:00:00;95.7
1071729215;2019-11-14 20:00:00;2019-11-14 20:30:00;105.03333333333333
1071729215;2019-11-14 20:30:00;2019-11-14 21:00:00;102.0
1071729215;2019-11-14 21:00:00;2019-11-14 21:30:00;104.44827586206897
1071729215;2019-11-14 21:30:00;2019-11-14 22:00:00;93.8
1071729215;2019-11-14 22:00:00;2019-11-14 22:30:00;106.3
1071729215;2019-11-14 22:30:00;2019-11-14 23:00:00;91.96666666666667
1071729215;2019-11-14 23:00:00;2019-11-14 23:30:00;91.0
1071729215;2019-11-14 23:30:00;2019-11-14 23:59:59;102.1
1071729215;2019-11-15 00:00:00;2019-11-15 00:30:00;93.06666666666666
1071729215;2019-11-15 00:30:00;2019-11-15 01:00:00;92.0
1071729215;2019-11-15 01:00:00;2019-11-15 01:30:00;92.0
1071729215;2019-11-15 01:30:00;2019-11-15 02:00:00;92.0
1071729215;2019-11-15 02:00:00;2019-11-15 02:30:00;92.0
1071729215;2019-11-15 02:30:00;2019-11-15 03:00:00;88.73333333333333
1071729215;2019-11-15 03:00:00;2019-11-15 03:30:00;92.0
1071729215;2019-11-15 03:30:00;2019-11-15 04:00:00;92.0
1071729215;2019-11-15 04:00:00;2019-11-15 04:30:00;85.0
1071729215;2019-11-15 04:30:00;2019-11-15 05:00:00;85.0
1071729215;2019-11-15 05:00:00;2019-11-15 05:30:00;93.83333333333333
1071729215;2019-11-15 05:30:00;2019-11-15 06:00:00;109.3
1071729215;2019-11-15 06:00:00;2019-11-15 06:30:00;90.23333333333333
1071729215;2019-11-15 06:30:00;2019-11-15 07:00:00;101.26666666666667
1071729215;2019-11-15 07:00:00;2019-11-15 07:30:00;98.13333333333334
1071729215;2019-11-15 07:30:00;2019-11-15 08:00:00;99.66666666666667
1071729215;2019-11-15 08:00:00;2019-11-15 08:30:00;99.7
1071729215;2019-11-15 08:30:00;2019-11-15 09:00:00;103.63333333333334
1071729215;2019-11-15 09:00:00;2019-11-15 09:30:00;103.93333333333334
1071729215;2019-11-15 09:30:00;2019-11-15 10:00:00;97.06896551724138
1071729215;2019-11-15 10:00:00;2019-11-15 10:30:00;99.53333333333333
1071729215;2019-11-15 10:30:00;2019-11-15 11:00:00;102.13333333333334
1071729215;2019-11-15 11:00:00;2019-11-15 11:30:00;104.33333333333333
1071729215;2019-11-15 11:30:00;2019-11-15 12:00:00;101.03333333333333
1071729215;2019-11-15 12:00:00;2019-11-15 12:30:00;92.43333333333334
1071729215;2019-11-15 12:30:00;2019-11-15 13:00:00;106.46666666666667
1071729215;2019-11-15 13:00:00;2019-11-15 13:30:00;106.3
1071729215;2019-11-15 13:30:00;2019-11-15 14:00:00;107.56666666666666
1071729215;2019-11-15 14:00:00;2019-11-15 14:30:00;99.83333333333333
1071729215;2019-11-15 14:30:00;2019-11-15 15:00:00;113.2
1071729215;2019-11-15 15:00:00;2019-11-15 15:30:00;111.03333333333333
1071729215;2019-11-15 15:30:00;2019-11-15 16:00:00;88.8
1071729215;2019-11-15 16:00:00;2019-11-15 16:30:00;90.13333333333334
1071729215;2019-11-15 16:30:00;2019-11-15 17:00:00;101.93333333333334
1071729215;2019-11-15 17:00:00;2019-11-15 17:30:00;98.1
1071729215;2019-11-15 17:30:00;2019-11-15 18:00:00;89.93333333333334
1071729215;2019-11-15 18:00:00;2019-11-15 18:30:00;90.3
1071729215;2019-11-15 18:30:00;2019-11-15 19:00:00;94.9
1071729215;2019-11-15 19:00:00;2019-11-15 19:30:00;110.06666666666666
1071729215;2019-11-15 19:30:00;2019-11-15 20:00:00;106.76666666666667
1071729215;2019-11-15 20:00:00;2019-11-15 20:30:00;100.83333333333333
1071729215;2019-11-15 20:30:00;2019-11-15 21:00:00;102.73333333333333
1071729215;2019-11-15 21:00:00;2019-11-15 21:30:00;98.9
1071729215;2019-11-15 21:30:00;2019-11-15 22:00:00;93.7
1071729215;2019-11-15 22:00:00;2019-11-15 22:30:00;92.7
1071729215;2019-11-15 22:30:00;2019-11-15 23:00:00;87.7
1071729215;2019-11-15 23:00:00;2019-11-15 23:30:00;86.8
1071729215;2019-11-15 23:30:00;2019-11-15 23:59:59;80.53333333333333
1071729215;2019-11-16 00:00:00;2019-11-16 00:30:00;87.7
1071729215;2019-11-16 00:30:00;2019-11-16 01:00:00;94.53333333333333
1071729215;2019-11-16 01:00:00;2019-11-16 01:30:00;92.0
1071729215;2019-11-16 01:30:00;2019-11-16 02:00:00;92.0
1071729215;2019-11-16 02:00:00;2019-11-16 02:30:00;92.0
1071729215;2019-11-16 02:30:00;2019-11-16 03:00:00;92.0
1071729215;2019-11-16 03:00:00;2019-11-16 03:30:00;92.0
1071729215;2019-11-16 03:30:00;2019-11-16 04:00:00;90.4
1071729215;2019-11-16 04:00:00;2019-11-16 04:30:00;86.2
1071729215;2019-11-16 04:30:00;2019-11-16 05:00:00;86.73333333333333
1071729215;2019-11-16 05:00:00;2019-11-16 05:30:00;97.63333333333334
1071729215;2019-11-16 05:30:00;2019-11-16 06:00:00;92.93333333333334
1071729215;2019-11-16 06:00:00;2019-11-16 06:30:00;112.33333333333333
1071729215;2019-11-16 06:30:00;2019-11-16 07:00:00;109.83333333333333
1071729215;2019-11-16 07:00:00;2019-11-16 07:30:00;115.66666666666667
1071729215;2019-11-16 07:30:00;2019-11-16 08:00:00;103.4
1071729215;2019-11-16 08:00:00;2019-11-16 08:30:00;105.13333333333334
1071729215;2019-11-16 08:30:00;2019-11-16 09:00:00;94.83333333333333
1071729215;2019-11-16 09:00:00;2019-11-16 09:30:00;103.83333333333333
1071729215;2019-11-16 09:30:00;2019-11-16 10:00:00;108.33333333333333
1071729215;2019-11-16 10:00:00;2019-11-16 10:30:00;102.13333333333334
1071729215;2019-11-16 10:30:00;2019-11-16 11:00:00;100.56666666666666
1071729215;2019-11-16 11:00:00;2019-11-16 11:30:00;104.33333333333333
1071729215;2019-11-16 11:30:00;2019-11-16 12:00:00;114.1
1071729215;2019-11-16 12:00:00;2019-11-16 12:30:00;103.23333333333333
1071729215;2019-11-16 12:30:00;2019-11-16 13:00:00;102.6
1071729215;2019-11-16 13:00:00;2019-11-16 13:30:00;107.76666666666667
1071729215;2019-11-16 13:30:00;2019-11-16 14:00:00;116.0
1071729215;2019-11-16 14:00:00;2019-11-16 14:30:00;105.8
1071729215;2019-11-16 14:30:00;2019-11-16 15:00:00;109.46666666666667
1071729215;2019-11-16 15:00:00;2019-11-16 15:30:00;113.03333333333333
1071729215;2019-11-16 15:30:00;2019-11-16 16:00:00;98.96666666666667
1071729215;2019-11-16 16:00:00;2019-11-16 16:30:00;104.43333333333334
1071729215;2019-11-16 16:30:00;2019-11-16 17:00:00;101.86666666666666
1071729215;2019-11-16 17:00:00;2019-11-16 17:30:00;99.0
1071729215;2019-11-16 17:30:00;2019-11-16 18:00:00;95.33333333333333
1071729215;2019-11-16 18:00:00;2019-11-16 18:30:00;100.9
1071729215;2019-11-16 18:30:00;2019-11-16 19:00:00;99.63333333333334
1071729215;2019-11-16 19:00:00;2019-11-16 19:30:00;103.26666666666667
1071729215;2019-11-16 19:30:00;2019-11-16 20:00:00;105.56666666666666
1071729215;2019-11-16 20:00:00;2019-11-16 20:30:00;107.8
1071729215;2019-11-16 20:30:00;2019-11-16 21:00:00;109.23333333333333
1071729215;2019-11-16 21:00:00;2019-11-16 21:30:00;97.23333333333333
1071729215;2019-11-16 21:30:00;2019-11-16 22:00:00;92.0
1071729215;2019-11-16 22:00:00;2019-11-16 22:30:00;92.0
1071729215;2019-11-16 22:30:00;2019-11-16 23:00:00;92.0
1071729215;2019-11-16 23:00:00;2019-11-16 23:30:00;92.0
1071729215;2019-11-16 23:30:00;2019-11-16 23:59:59;92.0
1071729215;2019-11-17 00:00:00;2019-11-17 00:30:00;92.0
1071729215;2019-11-17 00:30:00;2019-11-17 01:00:00;92.0
1071729215;2019-11-17 01:00:00;2019-11-17 01:30:00;92.0
1071729215;2019-11-17 01:30:00;2019-11-17 02:00:00;92.0
1071729215;2019-11-17 02:00:00;2019-11-17 02:30:00;92.0
1071729215;2019-11-17 02:30:00;2019-11-17 03:00:00;92.0
1071729215;2019-11-17 03:00:00;2019-11-17 03:30:00;92.0
1071729215;2019-11-17 03:30:00;2019-11-17 04:00:00;92.0
1071729215;2019-11-17 04:00:00;2019-11-17 04:30:00;89.0
1071729215;2019-11-17 04:30:00;2019-11-17 05:00:00;89.0
1071729215;2019-11-17 05:00:00;2019-11-17 05:30:00;87.0
1071729215;2019-11-17 05:30:00;2019-11-17 06:00:00;87.0
1071729215;2019-11-17 06:00:00;2019-11-17 06:30:00;89.96666666666667
1071729215;2019-11-17 06:30:00;2019-11-17 07:00:00;92.63333333333334
1071729215;2019-11-17 07:00:00;2019-11-17 07:30:00;92.5
1071729215;2019-11-17 07:30:00;2019-11-17 08:00:00;97.63333333333334
1071729215;2019-11-17 08:00:00;2019-11-17 08:30:00;102.43333333333334
1071729215;2019-11-17 08:30:00;2019-11-17 09:00:00;107.33333333333333
1071729215;2019-11-17 09:00:00;2019-11-17 09:30:00;96.5
1071729215;2019-11-17 09:30:00;2019-11-17 10:00:00;103.56666666666666
1071729215;2019-11-17 10:00:00;2019-11-17 10:30:00;101.66666666666667
1071729215;2019-11-17 10:30:00;2019-11-17 11:00:00;110.96666666666667
1071729215;2019-11-17 11:00:00;2019-11-17 11:30:00;106.26666666666667
1071729215;2019-11-17 11:30:00;2019-11-17 12:00:00;102.7
1071729215;2019-11-17 12:00:00;2019-11-17 12:30:00;101.2
1071729215;2019-11-17 12:30:00;2019-11-17 13:00:00;114.43333333333334
1071729215;2019-11-17 13:00:00;2019-11-17 13:30:00;106.1
1071729215;2019-11-17 13:30:00;2019-11-17 14:00:00;91.46666666666667
1071729215;2019-11-17 14:00:00;2019-11-17 14:30:00;98.96666666666667
1071729215;2019-11-17 14:30:00;2019-11-17 15:00:00;107.26666666666667
1071729215;2019-11-17 15:00:00;2019-11-17 15:30:00;90.96666666666667
1071729215;2019-11-17 15:30:00;2019-11-17 16:00:00;97.23333333333333
1071729215;2019-11-17 16:00:00;2019-11-17 16:30:00;109.36666666666666
1071729215;2019-11-17 16:30:00;2019-11-17 17:00:00;107.1
1071729215;2019-11-17 17:00:00;2019-11-17 17:30:00;94.36666666666666
1071729215;2019-11-17 17:30:00;2019-11-17 18:00:00;97.16666666666667
1071729215;2019-11-17 18:00:00;2019-11-17 18:30:00;105.1
1071729215;2019-11-17 18:30:00;2019-11-17 19:00:00;98.46666666666667
1071729215;2019-11-17 19:00:00;2019-11-17 19:30:00;108.96666666666667
1071729215;2019-11-17 19:30:00;2019-11-17 20:00:00;96.63333333333334
1071729215;2019-11-17 20:00:00;2019-11-17 20:30:00;109.3
1071729215;2019-11-17 20:30:00;2019-11-17 21:00:00;110.9
1071729215;2019-11-17 21:00:00;2019-11-17 21:30:00;100.33333333333333
1071729215;2019-11-17 21:30:00;2019-11-17 22:00:00;91.33333333333333
1071729215;2019-11-17 22:00:00;2019-11-17 22:30:00;93.4
1071729215;2019-11-17 22:30:00;2019-11-17 23:00:00;89.6
1071729215;2019-11-17 23:00:00;2019-11-17 23:30:00;105.1
1071729215;2019-11-17 23:30:00;2019-11-17 23:59:59;123.66666666666667
1071729215;2019-11-18 00:00:00;2019-11-18 00:30:00;127.1
1071729215;2019-11-18 00:30:00;2019-11-18 01:00:00;107.5
1071729215;2019-11-18 01:00:00;2019-11-18 01:30:00;93.0
1071729215;2019-11-18 01:30:00;2019-11-18 02:00:00;92.0
1071729215;2019-11-18 02:00:00;2019-11-18 02:30:00;92.0
1071729215;2019-11-18 02:30:00;2019-11-18 03:00:00;92.0
1071729215;2019-11-18 03:00:00;2019-11-18 03:30:00;92.0
1071729215;2019-11-18 03:30:00;2019-11-18 04:00:00;92.0
1071729215;2019-11-18 04:00:00;2019-11-18 04:30:00;89.36666666666666
1071729215;2019-11-18 04:30:00;2019-11-18 05:00:00;86.46666666666667
1071729215;2019-11-18 05:00:00;2019-11-18 05:30:00;111.76666666666667
1071729215;2019-11-18 05:30:00;2019-11-18 06:00:00;101.73333333333333
1071729215;2019-11-18 06:00:00;2019-11-18 06:30:00;111.3
1071729215;2019-11-18 06:30:00;2019-11-18 07:00:00;101.83333333333333
1071729215;2019-11-18 07:00:00;2019-11-18 07:30:00;99.23333333333333
1071729215;2019-11-18 07:30:00;2019-11-18 08:00:00;96.43333333333334
1071729215;2019-11-18 08:00:00;2019-11-18 08:30:00;105.93333333333334
1071729215;2019-11-18 08:30:00;2019-11-18 09:00:00;100.4
1071729215;2019-11-18 09:00:00;2019-11-18 09:30:00;97.0
1071729215;2019-11-18 09:30:00;2019-11-18 10:00:00;99.76666666666667
1071729215;2019-11-18 10:00:00;2019-11-18 10:30:00;118.13793103448276
1071729215;2019-11-18 10:30:00;2019-11-18 11:00:00;107.4
1071729215;2019-11-18 11:00:00;2019-11-18 11:30:00;98.63333333333334
1071729215;2019-11-18 11:30:00;2019-11-18 12:00:00;89.93333333333334
1071729215;2019-11-18 12:00:00;2019-11-18 12:30:00;111.46666666666667
1071729215;2019-11-18 12:30:00;2019-11-18 13:00:00;98.62068965517241
1071729215;2019-11-18 13:00:00;2019-11-18 13:30:00;112.96666666666667
1071729215;2019-11-18 13:30:00;2019-11-18 14:00:00;101.75862068965517
1071729215;2019-11-18 14:00:00;2019-11-18 14:30:00;102.83333333333333
1071729215;2019-11-18 14:30:00;2019-11-18 15:00:00;101.63333333333334
1071729215;2019-11-18 15:00:00;2019-11-18 15:30:00;94.66666666666667
1071729215;2019-11-18 15:30:00;2019-11-18 16:00:00;90.53333333333333
1071729215;2019-11-18 16:00:00;2019-11-18 16:30:00;100.5
1071729215;2019-11-18 16:30:00;2019-11-18 17:00:00;93.53333333333333
1071729215;2019-11-18 17:00:00;2019-11-18 17:30:00;95.23333333333333
1071729215;2019-11-18 17:30:00;2019-11-18 18:00:00;98.46666666666667
1071729215;2019-11-18 18:00:00;2019-11-18 18:30:00;90.6
1071729215;2019-11-18 18:30:00;2019-11-18 19:00:00;101.4
1071729215;2019-11-18 19:00:00;2019-11-18 19:30:00;104.63333333333334
1071729215;2019-11-18 19:30:00;2019-11-18 20:00:00;86.53333333333333
1071729215;2019-11-18 20:00:00;2019-11-18 20:30:00;89.3
1071729215;2019-11-18 20:30:00;2019-11-18 21:00:00;87.3
1071729215;2019-11-18 21:00:00;2019-11-18 21:30:00;93.3
1071729215;2019-11-18 21:30:00;2019-11-18 22:00:00;92.6
1071729215;2019-11-18 22:00:00;2019-11-18 22:30:00;92.0
1071729215;2019-11-18 22:30:00;2019-11-18 23:00:00;92.0
1071729215;2019-11-18 23:00:00;2019-11-18 23:30:00;92.0
1071729215;2019-11-18 23:30:00;2019-11-18 23:59:59;92.0
1071729215;2019-11-19 00:00:00;2019-11-19 00:30:00;92.0
1071729215;2019-11-19 00:30:00;2019-11-19 01:00:00;92.0
1071729215;2019-11-19 01:00:00;2019-11-19 01:30:00;92.0
1071729215;2019-11-19 01:30:00;2019-11-19 02:00:00;92.0
1071729215;2019-11-19 02:00:00;2019-11-19 02:30:00;92.0
1071729215;2019-11-19 02:30:00;2019-11-19 03:00:00;107.03333333333333
1071729215;2019-11-19 03:00:00;2019-11-19 03:30:00;107.3
1071729215;2019-11-19 03:30:00;2019-11-19 04:00:00;102.73333333333333
1071729215;2019-11-19 04:00:00;2019-11-19 04:30:00;92.2
1071729215;2019-11-19 04:30:00;2019-11-19 05:00:00;104.46666666666667
1071729215;2019-11-19 05:00:00;2019-11-19 05:30:00;108.16666666666667
1071729215;2019-11-19 05:30:00;2019-11-19 06:00:00;104.9
1071729215;2019-11-19 06:00:00;2019-11-19 06:30:00;98.36666666666666
1071729215;2019-11-19 06:30:00;2019-11-19 07:00:00;102.76666666666667
1071729215;2019-11-19 07:00:00;2019-11-19 07:30:00;94.86666666666666
1071729215;2019-11-19 07:30:00;2019-11-19 08:00:00;104.46666666666667
1071729215;2019-11-19 08:00:00;2019-11-19 08:30:00;95.06666666666666
1071729215;2019-11-19 08:30:00;2019-11-19 09:00:00;103.2
1071729215;2019-11-19 09:00:00;2019-11-19 09:30:00;105.3
1071729215;2019-11-19 09:30:00;2019-11-19 10:00:00;91.66666666666667
1071729215;2019-11-19 10:00:00;2019-11-19 10:30:00;88.76666666666667
1071729215;2019-11-19 10:30:00;2019-11-19 11:00:00;91.0
1071729215;2019-11-19 11:00:00;2019-11-19 11:30:00;89.86666666666666
1071729215;2019-11-19 11:30:00;2019-11-19 12:00:00;85.26666666666667
1071729215;2019-11-19 12:00:00;2019-11-19 12:30:00;97.43333333333334
1071729215;2019-11-19 12:30:00;2019-11-19 13:00:00;93.16666666666667
1071729215;2019-11-19 13:00:00;2019-11-19 13:30:00;98.63333333333334
1071729215;2019-11-19 13:30:00;2019-11-19 14:00:00;96.1
1071729215;2019-11-19 14:00:00;2019-11-19 14:30:00;87.6
1071729215;2019-11-19 14:30:00;2019-11-19 15:00:00;93.06666666666666
1071729215;2019-11-19 15:00:00;2019-11-19 15:30:00;93.6
1071729215;2019-11-19 15:30:00;2019-11-19 16:00:00;97.2
1071729215;2019-11-19 16:00:00;2019-11-19 16:30:00;104.33333333333333
1071729215;2019-11-19 16:30:00;2019-11-19 17:00:00;89.46666666666667
1071729215;2019-11-19 17:00:00;2019-11-19 17:30:00;99.16666666666667
1071729215;2019-11-19 17:30:00;2019-11-19 18:00:00;87.16666666666667
1071729215;2019-11-19 18:00:00;2019-11-19 18:30:00;100.63333333333334
1071729215;2019-11-19 18:30:00;2019-11-19 19:00:00;106.0
1071729215;2019-11-19 19:00:00;2019-11-19 19:30:00;96.66666666666667
1071729215;2019-11-19 19:30:00;2019-11-19 20:00:00;108.6
1071729215;2019-11-19 20:00:00;2019-11-19 20:30:00;105.76666666666667
1071729215;2019-11-19 20:30:00;2019-11-19 21:00:00;95.0
1071729215;2019-11-19 21:00:00;2019-11-19 21:30:00;106.13333333333334
1071729215;2019-11-19 21:30:00;2019-11-19 22:00:00;104.26666666666667
1071729215;2019-11-19 22:00:00;2019-11-19 22:30:00;96.13333333333334
1071729215;2019-11-19 22:30:00;2019-11-19 23:00:00;92.0
1071729215;2019-11-19 23:00:00;2019-11-19 23:30:00;92.0
1071729215;2019-11-19 23:30:00;2019-11-19 23:59:59;91.33333333333333
1071729215;2019-11-20 00:00:00;2019-11-20 00:30:00;91.76666666666667
1071729215;2019-11-20 00:30:00;2019-11-20 01:00:00;92.0
1071729215;2019-11-20 01:00:00;2019-11-20 01:30:00;92.0
1071729215;2019-11-20 01:30:00;2019-11-20 02:00:00;92.0
1071729215;2019-11-20 02:00:00;2019-11-20 02:30:00;92.0
1071729215;2019-11-20 02:30:00;2019-11-20 03:00:00;92.0
1071729215;2019-11-20 03:00:00;2019-11-20 03:30:00;92.0
1071729215;2019-11-20 03:30:00;2019-11-20 04:00:00;92.0
1071729215;2019-11-20 04:00:00;2019-11-20 04:30:00;84.0
1071729215;2019-11-20 04:30:00;2019-11-20 05:00:00;84.76666666666667
1071729215;2019-11-20 05:00:00;2019-11-20 05:30:00;105.56666666666666
1071729215;2019-11-20 05:30:00;2019-11-20 06:00:00;97.2
1071729215;2019-11-20 06:00:00;2019-11-20 06:30:00;100.46666666666667
1071729215;2019-11-20 06:30:00;2019-11-20 07:00:00;108.3
1071729215;2019-11-20 07:00:00;2019-11-20 07:30:00;96.6
1071729215;2019-11-20 07:30:00;2019-11-20 08:00:00;98.46666666666667
1071729215;2019-11-20 08:00:00;2019-11-20 08:30:00;90.13333333333334
1071729215;2019-11-20 08:30:00;2019-11-20 09:00:00;90.6
1071729215;2019-11-20 09:00:00;2019-11-20 09:30:00;92.53333333333333
1071729215;2019-11-20 09:30:00;2019-11-20 10:00:00;87.3
1071729215;2019-11-20 10:00:00;2019-11-20 10:30:00;89.06666666666666
1071729215;2019-11-20 10:30:00;2019-11-20 11:00:00;88.6
1071729215;2019-11-20 11:00:00;2019-11-20 11:30:00;108.2
1071729215;2019-11-20 11:30:00;2019-11-20 12:00:00;98.66666666666667
1071729215;2019-11-20 12:00:00;2019-11-20 12:30:00;86.73333333333333
1071729215;2019-11-20 12:30:00;2019-11-20 13:00:00;97.93333333333334
1071729215;2019-11-20 13:00:00;2019-11-20 13:30:00;100.0
1071729215;2019-11-20 13:30:00;2019-11-20 14:00:00;97.76666666666667
1071729215;2019-11-20 14:00:00;2019-11-20 14:30:00;100.33333333333333
1071729215;2019-11-20 14:30:00;2019-11-20 15:00:00;98.23333333333333
1071729215;2019-11-20 15:00:00;2019-11-20 15:30:00;96.96666666666667
1071729215;2019-11-20 15:30:00;2019-11-20 16:00:00;95.23333333333333
1071729215;2019-11-20 16:00:00;2019-11-20 16:30:00;90.96666666666667
1071729215;2019-11-20 16:30:00;2019-11-20 17:00:00;111.9
1071729215;2019-11-20 17:00:00;2019-11-20 17:30:00;89.93333333333334
1071729215;2019-11-20 17:30:00;2019-11-20 18:00:00;91.5
1071729215;2019-11-20 18:00:00;2019-11-20 18:30:00;101.33333333333333
1071729215;2019-11-20 18:30:00;2019-11-20 19:00:00;92.93333333333334
1071729215;2019-11-20 19:00:00;2019-11-20 19:30:00;92.16666666666667
1071729215;2019-11-20 19:30:00;2019-11-20 20:00:00;92.66666666666667
1071729215;2019-11-20 20:00:00;2019-11-20 20:30:00;90.0
1071729215;2019-11-20 20:30:00;2019-11-20 21:00:00;88.76666666666667
1071729215;2019-11-20 21:00:00;2019-11-20 21:30:00;89.3
1071729215;2019-11-20 21:30:00;2019-11-20 22:00:00;92.0
1071729215;2019-11-20 22:00:00;2019-11-20 22:30:00;88.76666666666667
1071729215;2019-11-20 22:30:00;2019-11-20 23:00:00;88.13333333333334
1071729215;2019-11-20 23:00:00;2019-11-20 23:30:00;91.6
1071729215;2019-11-20 23:30:00;2019-11-20 23:59:59;92.0
1071729215;2019-11-21 00:00:00;2019-11-21 00:30:00;92.0
1071729215;2019-11-21 00:30:00;2019-11-21 01:00:00;92.0
1071729215;2019-11-21 01:00:00;2019-11-21 01:30:00;92.0
1071729215;2019-11-21 01:30:00;2019-11-21 02:00:00;87.6
1071729215;2019-11-21 02:00:00;2019-11-21 02:30:00;88.66666666666667
1071729215;2019-11-21 02:30:00;2019-11-21 03:00:00;92.0
1071729215;2019-11-21 03:00:00;2019-11-21 03:30:00;92.0
1071729215;2019-11-21 03:30:00;2019-11-21 04:00:00;92.0
1071729215;2019-11-21 04:00:00;2019-11-21 04:30:00;84.0
1071729215;2019-11-21 04:30:00;2019-11-21 05:00:00;84.0
1071729215;2019-11-21 05:00:00;2019-11-21 05:30:00;93.0
1071729215;2019-11-21 05:30:00;2019-11-21 06:00:00;114.76666666666667
1071729215;2019-11-21 06:00:00;2019-11-21 06:30:00;90.43333333333334
1071729215;2019-11-21 06:30:00;2019-11-21 07:00:00;101.1
1071729215;2019-11-21 07:00:00;2019-11-21 07:30:00;103.93333333333334
1071729215;2019-11-21 07:30:00;2019-11-21 08:00:00;101.1
1071729215;2019-11-21 08:00:00;2019-11-21 08:30:00;90.73333333333333
1071729215;2019-11-21 08:30:00;2019-11-21 09:00:00;91.33333333333333
1071729215;2019-11-21 09:00:00;2019-11-21 09:30:00;91.06666666666666
1071729215;2019-11-21 09:30:00;2019-11-21 10:00:00;98.36666666666666
1071729215;2019-11-21 10:00:00;2019-11-21 10:30:00;89.9
1071729215;2019-11-21 10:30:00;2019-11-21 11:00:00;102.63333333333334
1071729215;2019-11-21 11:00:00;2019-11-21 11:30:00;97.06666666666666
1071729215;2019-11-21 11:30:00;2019-11-21 12:00:00;89.03333333333333
1071729215;2019-11-21 12:00:00;2019-11-21 12:30:00;87.2
1071729215;2019-11-21 12:30:00;2019-11-21 13:00:00;110.93333333333334
1071729215;2019-11-21 13:00:00;2019-11-21 13:30:00;93.43333333333334
1071729215;2019-11-21 13:30:00;2019-11-21 14:00:00;85.2
1071729215;2019-11-21 14:00:00;2019-11-21 14:30:00;95.6
1071729215;2019-11-21 14:30:00;2019-11-21 15:00:00;94.3
1071729215;2019-11-21 15:00:00;2019-11-21 15:30:00;92.56666666666666
1071729215;2019-11-21 15:30:00;2019-11-21 16:00:00;88.53333333333333
1071729215;2019-11-21 16:00:00;2019-11-21 16:30:00;97.53333333333333
1071729215;2019-11-21 16:30:00;2019-11-21 17:00:00;96.43333333333334
1071729215;2019-11-21 17:00:00;2019-11-21 17:30:00;101.93333333333334
1071729215;2019-11-21 17:30:00;2019-11-21 18:00:00;101.5
1071729215;2019-11-21 18:00:00;2019-11-21 18:30:00;92.0
1071729215;2019-11-21 18:30:00;2019-11-21 19:00:00;96.2
1071729215;2019-11-21 19:00:00;2019-11-21 19:30:00;94.4
1071729215;2019-11-21 19:30:00;2019-11-21 20:00:00;113.3
1071729215;2019-11-21 20:00:00;2019-11-21 20:30:00;102.46666666666667
1071729215;2019-11-21 20:30:00;2019-11-21 21:00:00;105.36666666666666
1071729215;2019-11-21 21:00:00;2019-11-21 21:30:00;96.36666666666666
1071729215;2019-11-21 21:30:00;2019-11-21 22:00:00;89.93333333333334
1071729215;2019-11-21 22:00:00;2019-11-21 22:30:00;115.3
1071729215;2019-11-21 22:30:00;2019-11-21 23:00:00;95.0
1071729215;2019-11-21 23:00:00;2019-11-21 23:30:00;96.36666666666666
1071729215;2019-11-21 23:30:00;2019-11-21 23:59:59;102.0
1071729215;2019-11-22 00:00:00;2019-11-22 00:30:00;92.0
1071729215;2019-11-22 00:30:00;2019-11-22 01:00:00;92.0
1071729215;2019-11-22 01:00:00;2019-11-22 01:30:00;92.0
1071729215;2019-11-22 01:30:00;2019-11-22 02:00:00;92.0
1071729215;2019-11-22 02:00:00;2019-11-22 02:30:00;92.0
1071729215;2019-11-22 02:30:00;2019-11-22 03:00:00;92.0
1071729215;2019-11-22 03:00:00;2019-11-22 03:30:00;92.0
1071729215;2019-11-22 03:30:00;2019-11-22 04:00:00;92.0
1071729215;2019-11-22 04:00:00;2019-11-22 04:30:00;85.0
1071729215;2019-11-22 04:30:00;2019-11-22 05:00:00;85.63333333333334
1071729215;2019-11-22 05:00:00;2019-11-22 05:30:00;91.66666666666667
1071729215;2019-11-22 05:30:00;2019-11-22 06:00:00;89.76666666666667
1071729215;2019-11-22 06:00:00;2019-11-22 06:30:00;93.13333333333334
1071729215;2019-11-22 06:30:00;2019-11-22 07:00:00;85.7
1071729215;2019-11-22 07:00:00;2019-11-22 07:30:00;103.63333333333334
1071729215;2019-11-22 07:30:00;2019-11-22 08:00:00;102.83333333333333
1071729215;2019-11-22 08:00:00;2019-11-22 08:30:00;104.73333333333333
1071729215;2019-11-22 08:30:00;2019-11-22 09:00:00;101.5
1071729215;2019-11-22 09:00:00;2019-11-22 09:30:00;98.5
1071729215;2019-11-22 09:30:00;2019-11-22 10:00:00;91.7
1071729215;2019-11-22 10:00:00;2019-11-22 10:30:00;92.76666666666667
1071729215;2019-11-22 10:30:00;2019-11-22 11:00:00;108.43333333333334
1071729215;2019-11-22 11:00:00;2019-11-22 11:30:00;92.5
1071729215;2019-11-22 11:30:00;2019-11-22 12:00:00;96.16666666666667
1071729215;2019-11-22 12:00:00;2019-11-22 12:30:00;105.86666666666666
1071729215;2019-11-22 12:30:00;2019-11-22 13:00:00;92.8
1071729215;2019-11-22 13:00:00;2019-11-22 13:30:00;88.0
1071729215;2019-11-22 13:30:00;2019-11-22 14:00:00;106.1
1071729215;2019-11-22 14:00:00;2019-11-22 14:30:00;91.65517241379311
1071729215;2019-11-22 14:30:00;2019-11-22 15:00:00;96.6
1071729215;2019-11-22 15:00:00;2019-11-22 15:30:00;88.73333333333333
1071729215;2019-11-22 15:30:00;2019-11-22 16:00:00;92.66666666666667
1071729215;2019-11-22 16:00:00;2019-11-22 16:30:00;98.56666666666666
1071729215;2019-11-22 16:30:00;2019-11-22 17:00:00;93.66666666666667
1071729215;2019-11-22 17:00:00;2019-11-22 17:30:00;96.3
1071729215;2019-11-22 17:30:00;2019-11-22 18:00:00;102.76666666666667
1071729215;2019-11-22 18:00:00;2019-11-22 18:30:00;96.86666666666666
1071729215;2019-11-22 18:30:00;2019-11-22 19:00:00;107.53333333333333
1071729215;2019-11-22 19:00:00;2019-11-22 19:30:00;98.03333333333333
1071729215;2019-11-22 19:30:00;2019-11-22 20:00:00;109.1
1071729215;2019-11-22 20:00:00;2019-11-22 20:30:00;116.56666666666666
1071729215;2019-11-22 20:30:00;2019-11-22 21:00:00;102.03333333333333
1071729215;2019-11-22 21:00:00;2019-11-22 21:30:00;115.53333333333333
1071729215;2019-11-22 21:30:00;2019-11-22 22:00:00;113.76666666666667
1071729215;2019-11-22 22:00:00;2019-11-22 22:30:00;99.46666666666667
1071729215;2019-11-22 22:30:00;2019-11-22 23:00:00;92.0
1071729215;2019-11-22 23:00:00;2019-11-22 23:30:00;102.9
1071729215;2019-11-22 23:30:00;2019-11-22 23:59:59;109.5
1071729215;2019-11-23 00:00:00;2019-11-23 00:30:00;115.56666666666666
1071729215;2019-11-23 00:30:00;2019-11-23 01:00:00;106.7
1071729215;2019-11-23 01:00:00;2019-11-23 01:30:00;98.4
1071729215;2019-11-23 01:30:00;2019-11-23 02:00:00;92.0
1071729215;2019-11-23 02:00:00;2019-11-23 02:30:00;92.0
1071729215;2019-11-23 02:30:00;2019-11-23 03:00:00;96.83333333333333
1071729215;2019-11-23 03:00:00;2019-11-23 03:30:00;99.13333333333334
1071729215;2019-11-23 03:30:00;2019-11-23 04:00:00;119.0
1071729215;2019-11-23 04:00:00;2019-11-23 04:30:00;107.9
1071729215;2019-11-23 04:30:00;2019-11-23 05:00:00;88.0
1071729215;2019-11-23 05:00:00;2019-11-23 05:30:00;87.8
1071729215;2019-11-23 05:30:00;2019-11-23 06:00:00;89.76666666666667
1071729215;2019-11-23 06:00:00;2019-11-23 06:30:00;92.23333333333333
1071729215;2019-11-23 06:30:00;2019-11-23 07:00:00;93.86666666666666
1071729215;2019-11-23 07:00:00;2019-11-23 07:30:00;109.13793103448276
1071729215;2019-11-23 07:30:00;2019-11-23 08:00:00;100.3
1071729215;2019-11-23 08:00:00;2019-11-23 08:30:00;99.2
1071729215;2019-11-23 08:30:00;2019-11-23 09:00:00;104.1
1071729215;2019-11-23 09:00:00;2019-11-23 09:30:00;102.56666666666666
1071729215;2019-11-23 09:30:00;2019-11-23 10:00:00;105.46666666666667
1071729215;2019-11-23 10:00:00;2019-11-23 10:30:00;101.43333333333334
1071729215;2019-11-23 10:30:00;2019-11-23 11:00:00;97.66666666666667
1071729215;2019-11-23 11:00:00;2019-11-23 11:30:00;100.53333333333333
1071729215;2019-11-23 11:30:00;2019-11-23 12:00:00;97.53333333333333
1071729215;2019-11-23 12:00:00;2019-11-23 12:30:00;91.3
1071729215;2019-11-23 12:30:00;2019-11-23 13:00:00;90.9
1071729215;2019-11-23 13:00:00;2019-11-23 13:30:00;100.53333333333333
1071729215;2019-11-23 13:30:00;2019-11-23 14:00:00;101.26666666666667
1071729215;2019-11-23 14:00:00;2019-11-23 14:30:00;105.76666666666667
1071729215;2019-11-23 14:30:00;2019-11-23 15:00:00;102.4
1071729215;2019-11-23 15:00:00;2019-11-23 15:30:00;101.03333333333333
1071729215;2019-11-23 15:30:00;2019-11-23 16:00:00;102.36666666666666
1071729215;2019-11-23 16:00:00;2019-11-23 16:30:00;94.06666666666666
1071729215;2019-11-23 16:30:00;2019-11-23 17:00:00;109.7
1071729215;2019-11-23 17:00:00;2019-11-23 17:30:00;108.96666666666667
1071729215;2019-11-23 17:30:00;2019-11-23 18:00:00;107.06666666666666
1071729215;2019-11-23 18:00:00;2019-11-23 18:30:00;94.33333333333333
1071729215;2019-11-23 18:30:00;2019-11-23 19:00:00;100.53333333333333
1071729215;2019-11-23 19:00:00;2019-11-23 19:30:00;112.93333333333334
1071729215;2019-11-23 19:30:00;2019-11-23 20:00:00;96.56666666666666
1071729215;2019-11-23 20:00:00;2019-11-23 20:30:00;105.06666666666666
1071729215;2019-11-23 20:30:00;2019-11-23 21:00:00;110.7
1071729215;2019-11-23 21:00:00;2019-11-23 21:30:00;93.93333333333334
1071729215;2019-11-23 21:30:00;2019-11-23 22:00:00;89.7
1071729215;2019-11-23 22:00:00;2019-11-23 22:30:00;90.76666666666667
1071729215;2019-11-23 22:30:00;2019-11-23 23:00:00;92.93333333333334
1071729215;2019-11-23 23:00:00;2019-11-23 23:30:00;92.0
1071729215;2019-11-23 23:30:00;2019-11-23 23:59:59;92.0
1071729215;2019-11-24 00:00:00;2019-11-24 00:30:00;92.0
1071729215;2019-11-24 00:30:00;2019-11-24 01:00:00;92.0
1071729215;2019-11-24 01:00:00;2019-11-24 01:30:00;92.0
1071729215;2019-11-24 01:30:00;2019-11-24 02:00:00;92.0
1071729215;2019-11-24 02:00:00;2019-11-24 02:30:00;95.7
1071729215;2019-11-24 02:30:00;2019-11-24 03:00:00;92.0
1071729215;2019-11-24 03:00:00;2019-11-24 03:30:00;92.0
1071729215;2019-11-24 03:30:00;2019-11-24 04:00:00;92.0
1071729215;2019-11-24 04:00:00;2019-11-24 04:30:00;89.0
1071729215;2019-11-24 04:30:00;2019-11-24 05:00:00;89.0
1071729215;2019-11-24 05:00:00;2019-11-24 05:30:00;87.0
1071729215;2019-11-24 05:30:00;2019-11-24 06:00:00;87.0
1071729215;2019-11-24 06:00:00;2019-11-24 06:30:00;90.76666666666667
1071729215;2019-11-24 06:30:00;2019-11-24 07:00:00;99.3
1071729215;2019-11-24 07:00:00;2019-11-24 07:30:00;98.73333333333333
1071729215;2019-11-24 07:30:00;2019-11-24 08:00:00;105.06666666666666
1071729215;2019-11-24 08:00:00;2019-11-24 08:30:00;107.16666666666667
1071729215;2019-11-24 08:30:00;2019-11-24 09:00:00;102.26666666666667
1071729215;2019-11-24 09:00:00;2019-11-24 09:30:00;99.8
1071729215;2019-11-24 09:30:00;2019-11-24 10:00:00;94.8
1071729215;2019-11-24 10:00:00;2019-11-24 10:30:00;101.86666666666666
1071729215;2019-11-24 10:30:00;2019-11-24 11:00:00;100.23333333333333
1071729215;2019-11-24 11:00:00;2019-11-24 11:30:00;106.63333333333334
1071729215;2019-11-24 11:30:00;2019-11-24 12:00:00;108.23333333333333
1071729215;2019-11-24 12:00:00;2019-11-24 12:30:00;102.16666666666667
1071729215;2019-11-24 12:30:00;2019-11-24 13:00:00;105.7
1071729215;2019-11-24 13:00:00;2019-11-24 13:30:00;108.56666666666666
1071729215;2019-11-24 13:30:00;2019-11-24 14:00:00;100.56666666666666
1071729215;2019-11-24 14:00:00;2019-11-24 14:30:00;90.53333333333333
1071729215;2019-11-24 14:30:00;2019-11-24 15:00:00;94.76666666666667
1071729215;2019-11-24 15:00:00;2019-11-24 15:30:00;92.2
1071729215;2019-11-24 15:30:00;2019-11-24 16:00:00;89.93333333333334
1071729215;2019-11-24 16:00:00;2019-11-24 16:30:00;94.33333333333333
1071729215;2019-11-24 16:30:00;2019-11-24 17:00:00;113.6
1071729215;2019-11-24 17:00:00;2019-11-24 17:30:00;113.63333333333334
1071729215;2019-11-24 17:30:00;2019-11-24 18:00:00;101.26666666666667
1071729215;2019-11-24 18:00:00;2019-11-24 18:30:00;100.86666666666666
1071729215;2019-11-24 18:30:00;2019-11-24 19:00:00;117.06666666666666
1071729215;2019-11-24 19:00:00;2019-11-24 19:30:00;111.56666666666666
1071729215;2019-11-24 19:30:00;2019-11-24 20:00:00;119.3
1071729215;2019-11-24 20:00:00;2019-11-24 20:30:00;115.53333333333333
1071729215;2019-11-24 20:30:00;2019-11-24 21:00:00;111.73333333333333
1071729215;2019-11-24 21:00:00;2019-11-24 21:30:00;106.9
1071729215;2019-11-24 21:30:00;2019-11-24 22:00:00;92.73333333333333
1071729215;2019-11-24 22:00:00;2019-11-24 22:30:00;104.7
1071729215;2019-11-24 22:30:00;2019-11-24 23:00:00;99.33333333333333
1071729215;2019-11-24 23:00:00;2019-11-24 23:30:00;91.9
1071729215;2019-11-24 23:30:00;2019-11-24 23:59:59;92.5
1071729215;2019-11-25 00:00:00;2019-11-25 00:30:00;102.63333333333334
1071729215;2019-11-25 00:30:00;2019-11-25 01:00:00;94.2
1071729215;2019-11-25 01:00:00;2019-11-25 01:30:00;113.76666666666667
1071729215;2019-11-25 01:30:00;2019-11-25 02:00:00;108.2
1071729215;2019-11-25 02:00:00;2019-11-25 02:30:00;97.1
1071729215;2019-11-25 02:30:00;2019-11-25 03:00:00;92.0
1071729215;2019-11-25 03:00:00;2019-11-25 03:30:00;92.0
1071729215;2019-11-25 03:30:00;2019-11-25 04:00:00;92.0
1071729215;2019-11-25 04:00:00;2019-11-25 04:30:00;89.36666666666666
1071729215;2019-11-25 04:30:00;2019-11-25 05:00:00;112.7
1071729215;2019-11-25 05:00:00;2019-11-25 05:30:00;99.86206896551724
1071729215;2019-11-25 05:30:00;2019-11-25 06:00:00;107.7
1071729215;2019-11-25 06:00:00;2019-11-25 06:30:00;95.8
1071729215;2019-11-25 06:30:00;2019-11-25 07:00:00;103.76666666666667
1071729215;2019-11-25 07:00:00;2019-11-25 07:30:00;115.76666666666667
1071729215;2019-11-25 07:30:00;2019-11-25 08:00:00;98.83333333333333
1071729215;2019-11-25 08:00:00;2019-11-25 08:30:00;97.73333333333333
1071729215;2019-11-25 08:30:00;2019-11-25 09:00:00;100.9
1071729215;2019-11-25 09:00:00;2019-11-25 09:30:00;102.36666666666666
1071729215;2019-11-25 09:30:00;2019-11-25 10:00:00;90.61538461538461
1071729215;2019-11-25 10:00:00;2019-11-25 10:30:00;93.03333333333333
1071729215;2019-11-25 10:30:00;2019-11-25 11:00:00;97.06666666666666
1071729215;2019-11-25 11:00:00;2019-11-25 11:30:00;86.5
1071729215;2019-11-25 11:30:00;2019-11-25 12:00:00;98.6
1071729215;2019-11-25 12:00:00;2019-11-25 12:30:00;97.76666666666667
1071729215;2019-11-25 12:30:00;2019-11-25 13:00:00;101.6
1071729215;2019-11-25 13:00:00;2019-11-25 13:30:00;91.83333333333333
1071729215;2019-11-25 13:30:00;2019-11-25 14:00:00;97.66666666666667
1071729215;2019-11-25 14:00:00;2019-11-25 14:30:00;106.76666666666667
1071729215;2019-11-25 14:30:00;2019-11-25 15:00:00;87.86206896551724
1071729215;2019-11-25 15:00:00;2019-11-25 15:30:00;85.3
1071729215;2019-11-25 15:30:00;2019-11-25 16:00:00;105.3
1071729215;2019-11-25 16:00:00;2019-11-25 16:30:00;92.23333333333333
1071729215;2019-11-25 16:30:00;2019-11-25 17:00:00;89.26666666666667
1071729215;2019-11-25 17:00:00;2019-11-25 17:30:00;98.96666666666667
1071729215;2019-11-25 17:30:00;2019-11-25 18:00:00;101.33333333333333
1071729215;2019-11-25 18:00:00;2019-11-25 18:30:00;91.66666666666667
1071729215;2019-11-25 18:30:00;2019-11-25 19:00:00;106.93333333333334
1071729215;2019-11-25 19:00:00;2019-11-25 19:30:00;101.43333333333334
1071729215;2019-11-25 19:30:00;2019-11-25 20:00:00;92.2
1071729215;2019-11-25 20:00:00;2019-11-25 20:30:00;91.53333333333333
1071729215;2019-11-25 20:30:00;2019-11-25 21:00:00;91.83333333333333
1071729215;2019-11-25 21:00:00;2019-11-25 21:30:00;92.0
1071729215;2019-11-25 21:30:00;2019-11-25 22:00:00;99.93333333333334
1071729215;2019-11-25 22:00:00;2019-11-25 22:30:00;97.13333333333334
1071729215;2019-11-25 22:30:00;2019-11-25 23:00:00;113.76666666666667
1071729215;2019-11-25 23:00:00;2019-11-25 23:30:00;107.5
1071729215;2019-11-25 23:30:00;2019-11-25 23:59:59;90.23333333333333
1071729215;2019-11-26 00:00:00;2019-11-26 00:30:00;89.86666666666666
1071729215;2019-11-26 00:30:00;2019-11-26 01:00:00;92.0
1071729215;2019-11-26 01:00:00;2019-11-26 01:30:00;92.0
1071729215;2019-11-26 01:30:00;2019-11-26 02:00:00;92.0
1071729215;2019-11-26 02:00:00;2019-11-26 02:30:00;92.0
1071729215;2019-11-26 02:30:00;2019-11-26 03:00:00;92.0
1071729215;2019-11-26 03:00:00;2019-11-26 03:30:00;92.0
1071729215;2019-11-26 03:30:00;2019-11-26 04:00:00;96.2
1071729215;2019-11-26 04:00:00;2019-11-26 04:30:00;87.86206896551724
1071729215;2019-11-26 04:30:00;2019-11-26 05:00:00;90.33333333333333
1071729215;2019-11-26 05:00:00;2019-11-26 05:30:00;98.4
1071729215;2019-11-26 05:30:00;2019-11-26 06:00:00;102.03333333333333
1071729215;2019-11-26 06:00:00;2019-11-26 06:30:00;103.63333333333334
1071729215;2019-11-26 06:30:00;2019-11-26 07:00:00;114.63333333333334
1071729215;2019-11-26 07:00:00;2019-11-26 07:30:00;110.33333333333333
1071729215;2019-11-26 07:30:00;2019-11-26 08:00:00;113.73333333333333
1071729215;2019-11-26 08:00:00;2019-11-26 08:30:00;105.13333333333334
1071729215;2019-11-26 08:30:00;2019-11-26 09:00:00;95.6
1071729215;2019-11-26 09:00:00;2019-11-26 09:30:00;95.96666666666667
1071729215;2019-11-26 09:30:00;2019-11-26 10:00:00;103.26666666666667
1071729215;2019-11-26 10:00:00;2019-11-26 10:30:00;87.96666666666667
1071729215;2019-11-26 10:30:00;2019-11-26 11:00:00;103.46666666666667
1071729215;2019-11-26 11:00:00;2019-11-26 11:30:00;94.5
1071729215;2019-11-26 11:30:00;2019-11-26 12:00:00;84.5
1071729215;2019-11-26 12:00:00;2019-11-26 12:30:00;103.46666666666667
1071729215;2019-11-26 12:30:00;2019-11-26 13:00:00;99.76666666666667
1071729215;2019-11-26 13:00:00;2019-11-26 13:30:00;87.93333333333334
1071729215;2019-11-26 13:30:00;2019-11-26 14:00:00;92.8
1071729215;2019-11-26 14:00:00;2019-11-26 14:30:00;95.66666666666667
1071729215;2019-11-26 14:30:00;2019-11-26 15:00:00;91.26666666666667
1071729215;2019-11-26 15:00:00;2019-11-26 15:30:00;94.53333333333333
1071729215;2019-11-26 15:30:00;2019-11-26 16:00:00;97.86666666666666
1071729215;2019-11-26 16:00:00;2019-11-26 16:30:00;94.16666666666667
1071729215;2019-11-26 16:30:00;2019-11-26 17:00:00;93.73333333333333
1071729215;2019-11-26 17:00:00;2019-11-26 17:30:00;89.36666666666666
1071729215;2019-11-26 17:30:00;2019-11-26 18:00:00;89.93333333333334
1071729215;2019-11-26 18:00:00;2019-11-26 18:30:00;93.0
1071729215;2019-11-26 18:30:00;2019-11-26 19:00:00;110.26666666666667
1071729215;2019-11-26 19:00:00;2019-11-26 19:30:00;97.23333333333333
1071729215;2019-11-26 19:30:00;2019-11-26 20:00:00;115.46666666666667
1071729215;2019-11-26 20:00:00;2019-11-26 20:30:00;86.23333333333333
1071729215;2019-11-26 20:30:00;2019-11-26 21:00:00;104.43333333333334
1071729215;2019-11-26 21:00:00;2019-11-26 21:30:00;87.76666666666667
1071729215;2019-11-26 21:30:00;2019-11-26 22:00:00;107.8
1071729215;2019-11-26 22:00:00;2019-11-26 22:30:00;101.7
1071729215;2019-11-26 22:30:00;2019-11-26 23:00:00;92.6896551724138
1071729215;2019-11-26 23:00:00;2019-11-26 23:30:00;92.0
1071729215;2019-11-26 23:30:00;2019-11-26 23:59:59;92.0
1071729215;2019-11-27 00:00:00;2019-11-27 00:30:00;92.0
1071729215;2019-11-27 00:30:00;2019-11-27 01:00:00;92.0
1071729215;2019-11-27 01:00:00;2019-11-27 01:30:00;92.0
1071729215;2019-11-27 01:30:00;2019-11-27 02:00:00;92.0
1071729215;2019-11-27 02:00:00;2019-11-27 02:30:00;88.66666666666667
1071729215;2019-11-27 02:30:00;2019-11-27 03:00:00;92.0
1071729215;2019-11-27 03:00:00;2019-11-27 03:30:00;87.6
1071729215;2019-11-27 03:30:00;2019-11-27 04:00:00;90.13333333333334
1071729215;2019-11-27 04:00:00;2019-11-27 04:30:00;85.5
1071729215;2019-11-27 04:30:00;2019-11-27 05:00:00;84.13333333333334
1071729215;2019-11-27 05:00:00;2019-11-27 05:30:00;81.96666666666667
1071729215;2019-11-27 05:30:00;2019-11-27 06:00:00;82.23333333333333
1071729215;2019-11-27 06:00:00;2019-11-27 06:30:00;82.83333333333333
1071729215;2019-11-27 06:30:00;2019-11-27 07:00:00;92.06666666666666
1071729215;2019-11-27 07:00:00;2019-11-27 07:30:00;87.76666666666667
1071729215;2019-11-27 07:30:00;2019-11-27 08:00:00;92.96666666666667
1071729215;2019-11-27 08:00:00;2019-11-27 08:30:00;94.36666666666666
1071729215;2019-11-27 08:30:00;2019-11-27 09:00:00;85.46666666666667
1071729215;2019-11-27 09:00:00;2019-11-27 09:30:00;102.26666666666667
1071729215;2019-11-27 09:30:00;2019-11-27 10:00:00;98.9
1071729215;2019-11-27 10:00:00;2019-11-27 10:30:00;94.03333333333333
1071729215;2019-11-27 10:30:00;2019-11-27 11:00:00;100.9
1071729215;2019-11-27 11:00:00;2019-11-27 11:30:00;85.86666666666666
1071729215;2019-11-27 11:30:00;2019-11-27 12:00:00;91.13333333333334
1071729215;2019-11-27 12:00:00;2019-11-27 12:30:00;92.2
1071729215;2019-11-27 12:30:00;2019-11-27 13:00:00;91.03333333333333
1071729215;2019-11-27 13:00:00;2019-11-27 13:30:00;86.06666666666666
1071729215;2019-11-27 13:30:00;2019-11-27 14:00:00;100.96666666666667
1071729215;2019-11-27 14:00:00;2019-11-27 14:30:00;102.6
1071729215;2019-11-27 14:30:00;2019-11-27 15:00:00;84.53333333333333
1071729215;2019-11-27 15:00:00;2019-11-27 15:30:00;100.23333333333333
1071729215;2019-11-27 15:30:00;2019-11-27 16:00:00;89.35714285714286
1071729215;2019-11-27 16:00:00;2019-11-27 16:30:00;82.8
1071729215;2019-11-27 16:30:00;2019-11-27 17:00:00;86.83333333333333
1071729215;2019-11-27 17:00:00;2019-11-27 17:30:00;93.3
1071729215;2019-11-27 17:30:00;2019-11-27 18:00:00;96.5
1071729215;2019-11-27 18:00:00;2019-11-27 18:30:00;100.6
1071729215;2019-11-27 18:30:00;2019-11-27 19:00:00;102.3
1071729215;2019-11-27 19:00:00;2019-11-27 19:30:00;98.4
1071729215;2019-11-27 19:30:00;2019-11-27 20:00:00;89.96666666666667
1071729215;2019-11-27 20:00:00;2019-11-27 20:30:00;91.4
1071729215;2019-11-27 20:30:00;2019-11-27 21:00:00;92.43333333333334
1071729215;2019-11-27 21:00:00;2019-11-27 21:30:00;92.0
1071729215;2019-11-27 21:30:00;2019-11-27 22:00:00;88.8
1071729215;2019-11-27 22:00:00;2019-11-27 22:30:00;83.86666666666666
1071729215;2019-11-27 22:30:00;2019-11-27 23:00:00;90.6
1071729215;2019-11-27 23:00:00;2019-11-27 23:30:00;92.86666666666666
1071729215;2019-11-27 23:30:00;2019-11-27 23:59:59;91.1
1071729215;2019-11-28 00:00:00;2019-11-28 00:30:00;88.93333333333334
1071729215;2019-11-28 00:30:00;2019-11-28 01:00:00;92.0
1071729215;2019-11-28 01:00:00;2019-11-28 01:30:00;92.0
1071729215;2019-11-28 01:30:00;2019-11-28 02:00:00;89.2
1071729215;2019-11-28 02:00:00;2019-11-28 02:30:00;92.0
1071729215;2019-11-28 02:30:00;2019-11-28 03:00:00;90.46666666666667
1071729215;2019-11-28 03:00:00;2019-11-28 03:30:00;89.33333333333333
1071729215;2019-11-28 03:30:00;2019-11-28 04:00:00;92.0
1071729215;2019-11-28 04:00:00;2019-11-28 04:30:00;84.0
1071729215;2019-11-28 04:30:00;2019-11-28 05:00:00;84.23333333333333
1071729215;2019-11-28 05:00:00;2019-11-28 05:30:00;85.72413793103448
1071729215;2019-11-28 05:30:00;2019-11-28 06:00:00;85.9
1071729215;2019-11-28 06:00:00;2019-11-28 06:30:00;90.9
1071729215;2019-11-28 06:30:00;2019-11-28 07:00:00;77.56666666666666
1071729215;2019-11-28 07:00:00;2019-11-28 07:30:00;86.7
1071729215;2019-11-28 07:30:00;2019-11-28 08:00:00;80.73333333333333
1071729215;2019-11-28 08:00:00;2019-11-28 08:30:00;89.6
1071729215;2019-11-28 08:30:00;2019-11-28 09:00:00;83.73333333333333
1071729215;2019-11-28 09:00:00;2019-11-28 09:30:00;88.26666666666667
1071729215;2019-11-28 09:30:00;2019-11-28 10:00:00;82.33333333333333
1071729215;2019-11-28 10:00:00;2019-11-28 10:30:00;67.46666666666667
1071729215;2019-11-28 10:30:00;2019-11-28 11:00:00;85.66666666666667
1071729215;2019-11-28 11:00:00;2019-11-28 11:30:00;91.76666666666667
1071729215;2019-11-28 11:30:00;2019-11-28 12:00:00;95.43333333333334
1071729215;2019-11-28 12:00:00;2019-11-28 12:30:00;101.3
1071729215;2019-11-28 12:30:00;2019-11-28 13:00:00;84.56666666666666
1071729215;2019-11-28 13:00:00;2019-11-28 13:30:00;88.93333333333334
1071729215;2019-11-28 13:30:00;2019-11-28 14:00:00;88.33333333333333
1071729215;2019-11-28 14:00:00;2019-11-28 14:30:00;90.66666666666667
1071729215;2019-11-28 14:30:00;2019-11-28 15:00:00;94.66666666666667
1071729215;2019-11-28 15:00:00;2019-11-28 15:30:00;91.83333333333333
1071729215;2019-11-28 15:30:00;2019-11-28 16:00:00;84.03333333333333
1071729215;2019-11-28 16:00:00;2019-11-28 16:30:00;84.7
1071729215;2019-11-28 16:30:00;2019-11-28 17:00:00;80.3
1071729215;2019-11-28 17:00:00;2019-11-28 17:30:00;88.17857142857143
1071729215;2019-11-28 17:30:00;2019-11-28 18:00:00;89.0
1071729215;2019-11-28 18:00:00;2019-11-28 18:30:00;97.53333333333333
1071729215;2019-11-28 18:30:00;2019-11-28 19:00:00;93.21428571428571
1071729215;2019-11-28 19:00:00;2019-11-28 19:30:00;90.93333333333334
1071729215;2019-11-28 19:30:00;2019-11-28 20:00:00;88.16666666666667
1071729215;2019-11-28 20:00:00;2019-11-28 20:30:00;99.66666666666667
1071729215;2019-11-28 20:30:00;2019-11-28 21:00:00;106.0
1071729215;2019-11-28 21:00:00;2019-11-28 21:30:00;85.8
1071729215;2019-11-28 21:30:00;2019-11-28 22:00:00;82.3
1071729215;2019-11-28 22:00:00;2019-11-28 22:30:00;90.96666666666667
1071729215;2019-11-28 22:30:00;2019-11-28 23:00:00;85.6
1071729215;2019-11-28 23:00:00;2019-11-28 23:30:00;76.76666666666667
1071729215;2019-11-28 23:30:00;2019-11-28 23:59:59;85.13793103448276
1071729215;2019-11-29 00:00:00;2019-11-29 00:30:00;91.26666666666667
1071729215;2019-11-29 00:30:00;2019-11-29 01:00:00;92.0
1071729215;2019-11-29 01:00:00;2019-11-29 01:30:00;92.0
1071729215;2019-11-29 01:30:00;2019-11-29 02:00:00;92.0
1071729215;2019-11-29 02:00:00;2019-11-29 02:30:00;92.0
1071729215;2019-11-29 02:30:00;2019-11-29 03:00:00;103.4
1071729215;2019-11-29 03:00:00;2019-11-29 03:30:00;114.0
1071729215;2019-11-29 03:30:00;2019-11-29 04:00:00;115.66666666666667
1071729215;2019-11-29 04:00:00;2019-11-29 04:30:00;85.1
1071729215;2019-11-29 04:30:00;2019-11-29 05:00:00;86.2
1071729215;2019-11-29 05:00:00;2019-11-29 05:30:00;91.0
1071729215;2019-11-29 05:30:00;2019-11-29 06:00:00;93.8
1071729215;2019-11-29 06:00:00;2019-11-29 06:30:00;97.03333333333333
1071729215;2019-11-29 06:30:00;2019-11-29 07:00:00;101.16666666666667
1071729215;2019-11-29 07:00:00;2019-11-29 07:30:00;87.53333333333333
1071729215;2019-11-29 07:30:00;2019-11-29 08:00:00;87.5
1071729215;2019-11-29 08:00:00;2019-11-29 08:30:00;90.1
1071729215;2019-11-29 08:30:00;2019-11-29 09:00:00;89.13333333333334
1071729215;2019-11-29 09:00:00;2019-11-29 09:30:00;89.03333333333333
1071729215;2019-11-29 09:30:00;2019-11-29 10:00:00;93.13333333333334
1071729215;2019-11-29 10:00:00;2019-11-29 10:30:00;90.63333333333334
1071729215;2019-11-29 10:30:00;2019-11-29 11:00:00;90.8
1071729215;2019-11-29 11:00:00;2019-11-29 11:30:00;101.26666666666667
1071729215;2019-11-29 11:30:00;2019-11-29 12:00:00;96.8
1071729215;2019-11-29 12:00:00;2019-11-29 12:30:00;100.83333333333333
1071729215;2019-11-29 12:30:00;2019-11-29 13:00:00;98.8
1071729215;2019-11-29 13:00:00;2019-11-29 13:30:00;97.8
1071729215;2019-11-29 13:30:00;2019-11-29 14:00:00;91.73333333333333
1071729215;2019-11-29 14:00:00;2019-11-29 14:30:00;89.63333333333334
1071729215;2019-11-29 14:30:00;2019-11-29 15:00:00;87.46666666666667
1071729215;2019-11-29 15:00:00;2019-11-29 15:30:00;94.1
1071729215;2019-11-29 15:30:00;2019-11-29 16:00:00;103.06666666666666
1071729215;2019-11-29 16:00:00;2019-11-29 16:30:00;93.1
1071729215;2019-11-29 16:30:00;2019-11-29 17:00:00;97.9
1071729215;2019-11-29 17:00:00;2019-11-29 17:30:00;95.46666666666667
1071729215;2019-11-29 17:30:00;2019-11-29 18:00:00;103.2
1071729215;2019-11-29 18:00:00;2019-11-29 18:30:00;101.06666666666666
1071729215;2019-11-29 18:30:00;2019-11-29 19:00:00;96.2
1071729215;2019-11-29 19:00:00;2019-11-29 19:30:00;92.76666666666667
1071729215;2019-11-29 19:30:00;2019-11-29 20:00:00;103.13333333333334
1071729215;2019-11-29 20:00:00;2019-11-29 20:30:00;95.26666666666667
1071729215;2019-11-29 20:30:00;2019-11-29 21:00:00;96.2
1071729215;2019-11-29 21:00:00;2019-11-29 21:30:00;96.43333333333334
1071729215;2019-11-29 21:30:00;2019-11-29 22:00:00;92.0
1071729215;2019-11-29 22:00:00;2019-11-29 22:30:00;105.53333333333333
1071729215;2019-11-29 22:30:00;2019-11-29 23:00:00;101.66666666666667
1071729215;2019-11-29 23:00:00;2019-11-29 23:30:00;92.83333333333333
1071729215;2019-11-29 23:30:00;2019-11-29 23:59:59;91.6
1071729215;2019-11-30 00:00:00;2019-11-30 00:30:00;92.5
1071729215;2019-11-30 00:30:00;2019-11-30 01:00:00;92.0
1071729215;2019-11-30 01:00:00;2019-11-30 01:30:00;92.0
1071729215;2019-11-30 01:30:00;2019-11-30 02:00:00;87.8
1071729215;2019-11-30 02:00:00;2019-11-30 02:30:00;99.36666666666666
1071729215;2019-11-30 02:30:00;2019-11-30 03:00:00;90.33333333333333
1071729215;2019-11-30 03:00:00;2019-11-30 03:30:00;87.06666666666666
1071729215;2019-11-30 03:30:00;2019-11-30 04:00:00;105.66666666666667
1071729215;2019-11-30 04:00:00;2019-11-30 04:30:00;91.6
1071729215;2019-11-30 04:30:00;2019-11-30 05:00:00;102.23333333333333
1071729215;2019-11-30 05:00:00;2019-11-30 05:30:00;88.6
1071729215;2019-11-30 05:30:00;2019-11-30 06:00:00;97.26666666666667
1071729215;2019-11-30 06:00:00;2019-11-30 06:30:00;97.4
1071729215;2019-11-30 06:30:00;2019-11-30 07:00:00;101.4
1071729215;2019-11-30 07:00:00;2019-11-30 07:30:00;101.16666666666667
1071729215;2019-11-30 07:30:00;2019-11-30 08:00:00;102.3
1071729215;2019-11-30 08:00:00;2019-11-30 08:30:00;101.53333333333333
1071729215;2019-11-30 08:30:00;2019-11-30 09:00:00;102.3
1071729215;2019-11-30 09:00:00;2019-11-30 09:30:00;95.96666666666667
1071729215;2019-11-30 09:30:00;2019-11-30 10:00:00;97.83333333333333
1071729215;2019-11-30 10:00:00;2019-11-30 10:30:00;108.36666666666666
1071729215;2019-11-30 10:30:00;2019-11-30 11:00:00;95.8
1071729215;2019-11-30 11:00:00;2019-11-30 11:30:00;103.3
1071729215;2019-11-30 11:30:00;2019-11-30 12:00:00;101.2
1071729215;2019-11-30 12:00:00;2019-11-30 12:30:00;103.2
1071729215;2019-11-30 12:30:00;2019-11-30 13:00:00;105.0
1071729215;2019-11-30 13:00:00;2019-11-30 13:30:00;100.36666666666666
1071729215;2019-11-30 13:30:00;2019-11-30 14:00:00;97.2
1071729215;2019-11-30 14:00:00;2019-11-30 14:30:00;103.46666666666667
1071729215;2019-11-30 14:30:00;2019-11-30 15:00:00;92.26666666666667
1071729215;2019-11-30 15:00:00;2019-11-30 15:30:00;101.43333333333334
1071729215;2019-11-30 15:30:00;2019-11-30 16:00:00;112.53333333333333
1071729215;2019-11-30 16:00:00;2019-11-30 16:30:00;107.86666666666666
1071729215;2019-11-30 16:30:00;2019-11-30 17:00:00;101.5
1071729215;2019-11-30 17:00:00;2019-11-30 17:30:00;93.93333333333334
1071729215;2019-11-30 17:30:00;2019-11-30 18:00:00;106.9
1071729215;2019-11-30 18:00:00;2019-11-30 18:30:00;93.06666666666666
1071729215;2019-11-30 18:30:00;2019-11-30 19:00:00;104.26666666666667
1071729215;2019-11-30 19:00:00;2019-11-30 19:30:00;112.66666666666667
1071729215;2019-11-30 19:30:00;2019-11-30 20:00:00;100.73333333333333
1071729215;2019-11-30 20:00:00;2019-11-30 20:30:00;101.16666666666667
1071729215;2019-11-30 20:30:00;2019-11-30 21:00:00;104.56666666666666
1071729215;2019-11-30 21:00:00;2019-11-30 21:30:00;96.93333333333334
1071729215;2019-11-30 21:30:00;2019-11-30 22:00:00;86.48275862068965
1071729215;2019-11-30 22:00:00;2019-11-30 22:30:00;98.16666666666667
1071729215;2019-11-30 22:30:00;2019-11-30 23:00:00;91.26666666666667
1071729215;2019-11-30 23:00:00;2019-11-30 23:30:00;92.0
1071729215;2019-11-30 23:30:00;2019-11-30 23:59:59;92.0
1071729215;2019-12-01 00:00:00;2019-12-01 00:30:00;92.0
1071729215;2019-12-01 00:30:00;2019-12-01 01:00:00;92.0
1071729215;2019-12-01 01:00:00;2019-12-01 01:30:00;92.0
1071729215;2019-12-01 01:30:00;2019-12-01 02:00:00;92.0
1071729215;2019-12-01 02:00:00;2019-12-01 02:30:00;94.4
1071729215;2019-12-01 02:30:00;2019-12-01 03:00:00;92.0
1071729215;2019-12-01 03:00:00;2019-12-01 03:30:00;92.0
1071729215;2019-12-01 03:30:00;2019-12-01 04:00:00;92.0
1071729215;2019-12-01 04:00:00;2019-12-01 04:30:00;89.0
1071729215;2019-12-01 04:30:00;2019-12-01 05:00:00;89.0
1071729215;2019-12-01 05:00:00;2019-12-01 05:30:00;88.33333333333333
1071729215;2019-12-01 05:30:00;2019-12-01 06:00:00;87.8
1071729215;2019-12-01 06:00:00;2019-12-01 06:30:00;89.13333333333334
1071729215;2019-12-01 06:30:00;2019-12-01 07:00:00;97.46666666666667
1071729215;2019-12-01 07:00:00;2019-12-01 07:30:00;92.16666666666667
1071729215;2019-12-01 07:30:00;2019-12-01 08:00:00;95.37931034482759
1071729215;2019-12-01 08:00:00;2019-12-01 08:30:00;90.23333333333333
1071729215;2019-12-01 08:30:00;2019-12-01 09:00:00;94.76666666666667
1071729215;2019-12-01 09:00:00;2019-12-01 09:30:00;90.2
1071729215;2019-12-01 09:30:00;2019-12-01 10:00:00;111.63333333333334
1071729215;2019-12-01 10:00:00;2019-12-01 10:30:00;93.6
1071729215;2019-12-01 10:30:00;2019-12-01 11:00:00;96.16666666666667
1071729215;2019-12-01 11:00:00;2019-12-01 11:30:00;94.83333333333333
1071729215;2019-12-01 11:30:00;2019-12-01 12:00:00;88.43333333333334
1071729215;2019-12-01 12:00:00;2019-12-01 12:30:00;99.9
1071729215;2019-12-01 12:30:00;2019-12-01 13:00:00;102.86666666666666
1071729215;2019-12-01 13:00:00;2019-12-01 13:30:00;99.43333333333334
1071729215;2019-12-01 13:30:00;2019-12-01 14:00:00;102.5
1071729215;2019-12-01 14:00:00;2019-12-01 14:30:00;89.83333333333333
1071729215;2019-12-01 14:30:00;2019-12-01 15:00:00;89.0
1071729215;2019-12-01 15:00:00;2019-12-01 15:30:00;89.46666666666667
1071729215;2019-12-01 15:30:00;2019-12-01 16:00:00;100.36666666666666
1071729215;2019-12-01 16:00:00;2019-12-01 16:30:00;90.3
1071729215;2019-12-01 16:30:00;2019-12-01 17:00:00;91.66666666666667
1071729215;2019-12-01 17:00:00;2019-12-01 17:30:00;73.0
1071729215;2019-12-01 17:30:00;2019-12-01 18:00:00;88.4
1071729215;2019-12-01 18:00:00;2019-12-01 18:30:00;108.26666666666667
1071729215;2019-12-01 18:30:00;2019-12-01 19:00:00;103.26666666666667
1071729215;2019-12-01 19:00:00;2019-12-01 19:30:00;96.93333333333334
1071729215;2019-12-01 19:30:00;2019-12-01 20:00:00;90.9
1071729215;2019-12-01 20:00:00;2019-12-01 20:30:00;99.36666666666666
1071729215;2019-12-01 20:30:00;2019-12-01 21:00:00;110.3
1071729215;2019-12-01 21:00:00;2019-12-01 21:30:00;102.3
1071729215;2019-12-01 21:30:00;2019-12-01 22:00:00;99.43333333333334
1071729215;2019-12-01 22:00:00;2019-12-01 22:30:00;92.0
1071729215;2019-12-01 22:30:00;2019-12-01 23:00:00;92.0
1071729215;2019-12-01 23:00:00;2019-12-01 23:30:00;92.0
1071729215;2019-12-01 23:30:00;2019-12-01 23:59:59;91.06666666666666
1071729215;2019-12-02 00:00:00;2019-12-02 00:30:00;90.93333333333334
1071729215;2019-12-02 00:30:00;2019-12-02 01:00:00;92.96666666666667
1071729215;2019-12-02 01:00:00;2019-12-02 01:30:00;92.3
1071729215;2019-12-02 01:30:00;2019-12-02 02:00:00;92.0
1071729215;2019-12-02 02:00:00;2019-12-02 02:30:00;92.0
1071729215;2019-12-02 02:30:00;2019-12-02 03:00:00;98.06666666666666
1071729215;2019-12-02 03:00:00;2019-12-02 03:30:00;92.0
1071729215;2019-12-02 03:30:00;2019-12-02 04:00:00;94.46666666666667
1071729215;2019-12-02 04:00:00;2019-12-02 04:30:00;94.1
1071729215;2019-12-02 04:30:00;2019-12-02 05:00:00;92.86666666666666
1071729215;2019-12-02 05:00:00;2019-12-02 05:30:00;103.7
1071729215;2019-12-02 05:30:00;2019-12-02 06:00:00;102.9
1071729215;2019-12-02 06:00:00;2019-12-02 06:30:00;98.16666666666667
1071729215;2019-12-02 06:30:00;2019-12-02 07:00:00;98.93333333333334
1071729215;2019-12-02 07:00:00;2019-12-02 07:30:00;95.5
1071729215;2019-12-02 07:30:00;2019-12-02 08:00:00;89.13333333333334
1071729215;2019-12-02 08:00:00;2019-12-02 08:30:00;93.23333333333333
1071729215;2019-12-02 08:30:00;2019-12-02 09:00:00;113.8
1071729215;2019-12-02 09:00:00;2019-12-02 09:30:00;100.52631578947368
1071729215;2019-12-02 09:30:00;2019-12-02 10:00:00;104.1
1071729215;2019-12-02 10:00:00;2019-12-02 10:30:00;87.93333333333334
1071729215;2019-12-02 10:30:00;2019-12-02 11:00:00;98.66666666666667
1071729215;2019-12-02 11:00:00;2019-12-02 11:30:00;107.23333333333333
1071729215;2019-12-02 11:30:00;2019-12-02 12:00:00;97.53333333333333
1071729215;2019-12-02 12:00:00;2019-12-02 12:30:00;94.86666666666666
1071729215;2019-12-02 12:30:00;2019-12-02 13:00:00;100.56666666666666
1071729215;2019-12-02 13:00:00;2019-12-02 13:30:00;108.2
1071729215;2019-12-02 13:30:00;2019-12-02 14:00:00;90.56666666666666
1071729215;2019-12-02 14:00:00;2019-12-02 14:30:00;95.4
1071729215;2019-12-02 14:30:00;2019-12-02 15:00:00;100.1
1071729215;2019-12-02 15:00:00;2019-12-02 15:30:00;87.16666666666667
1071729215;2019-12-02 15:30:00;2019-12-02 16:00:00;109.46666666666667
1071729215;2019-12-02 16:00:00;2019-12-02 16:30:00;90.03333333333333
1071729215;2019-12-02 16:30:00;2019-12-02 17:00:00;91.53333333333333
1071729215;2019-12-02 17:00:00;2019-12-02 17:30:00;96.13333333333334
1071729215;2019-12-02 17:30:00;2019-12-02 18:00:00;100.53333333333333
1071729215;2019-12-02 18:00:00;2019-12-02 18:30:00;110.76666666666667
1071729215;2019-12-02 18:30:00;2019-12-02 19:00:00;95.6
1071729215;2019-12-02 19:00:00;2019-12-02 19:30:00;91.56666666666666
1071729215;2019-12-02 19:30:00;2019-12-02 20:00:00;85.6
1071729215;2019-12-02 20:00:00;2019-12-02 20:30:00;92.36666666666666
1071729215;2019-12-02 20:30:00;2019-12-02 21:00:00;94.2
1071729215;2019-12-02 21:00:00;2019-12-02 21:30:00;100.23333333333333
1071729215;2019-12-02 21:30:00;2019-12-02 22:00:00;99.53333333333333
1071729215;2019-12-02 22:00:00;2019-12-02 22:30:00;92.0
1071729215;2019-12-02 22:30:00;2019-12-02 23:00:00;92.0
1071729215;2019-12-02 23:00:00;2019-12-02 23:30:00;92.0
1071729215;2019-12-02 23:30:00;2019-12-02 23:59:59;92.0
1071729215;2019-12-03 00:00:00;2019-12-03 00:30:00;92.0
1071729215;2019-12-03 00:30:00;2019-12-03 01:00:00;92.0
1071729215;2019-12-03 01:00:00;2019-12-03 01:30:00;92.0
1071729215;2019-12-03 01:30:00;2019-12-03 02:00:00;92.0
1071729215;2019-12-03 02:00:00;2019-12-03 02:30:00;92.0
1071729215;2019-12-03 02:30:00;2019-12-03 03:00:00;92.0
1071729215;2019-12-03 03:00:00;2019-12-03 03:30:00;92.0
1071729215;2019-12-03 03:30:00;2019-12-03 04:00:00;92.0
1071729215;2019-12-03 04:00:00;2019-12-03 04:30:00;85.8
1071729215;2019-12-03 04:30:00;2019-12-03 05:00:00;89.1
1071729215;2019-12-03 05:00:00;2019-12-03 05:30:00;93.63333333333334
1071729215;2019-12-03 05:30:00;2019-12-03 06:00:00;109.7
1071729215;2019-12-03 06:00:00;2019-12-03 06:30:00;101.93333333333334
1071729215;2019-12-03 06:30:00;2019-12-03 07:00:00;109.3
1071729215;2019-12-03 07:00:00;2019-12-03 07:30:00;102.1
1071729215;2019-12-03 07:30:00;2019-12-03 08:00:00;94.8
1071729215;2019-12-03 08:00:00;2019-12-03 08:30:00;91.0
1071729215;2019-12-03 08:30:00;2019-12-03 09:00:00;92.46666666666667
1071729215;2019-12-03 09:00:00;2019-12-03 09:30:00;89.62068965517241
1071729215;2019-12-03 09:30:00;2019-12-03 10:00:00;102.8
1071729215;2019-12-03 10:00:00;2019-12-03 10:30:00;90.5
1071729215;2019-12-03 10:30:00;2019-12-03 11:00:00;90.23333333333333
1071729215;2019-12-03 11:00:00;2019-12-03 11:30:00;88.56666666666666
1071729215;2019-12-03 11:30:00;2019-12-03 12:00:00;98.93333333333334
1071729215;2019-12-03 12:00:00;2019-12-03 12:30:00;85.56666666666666
1071729215;2019-12-03 12:30:00;2019-12-03 13:00:00;87.8
1071729215;2019-12-03 13:00:00;2019-12-03 13:30:00;94.5
1071729215;2019-12-03 13:30:00;2019-12-03 14:00:00;88.63333333333334
1071729215;2019-12-03 14:00:00;2019-12-03 14:30:00;86.1
1071729215;2019-12-03 14:30:00;2019-12-03 15:00:00;99.93333333333334
1071729215;2019-12-03 15:00:00;2019-12-03 15:30:00;95.7
1071729215;2019-12-03 15:30:00;2019-12-03 16:00:00;90.96666666666667
1071729215;2019-12-03 16:00:00;2019-12-03 16:30:00;93.2
1071729215;2019-12-03 16:30:00;2019-12-03 17:00:00;99.86666666666666
1071729215;2019-12-03 17:00:00;2019-12-03 17:30:00;90.16666666666667
1071729215;2019-12-03 17:30:00;2019-12-03 18:00:00;94.93333333333334
1071729215;2019-12-03 18:00:00;2019-12-03 18:30:00;95.46666666666667
1071729215;2019-12-03 18:30:00;2019-12-03 19:00:00;96.0
1071729215;2019-12-03 19:00:00;2019-12-03 19:30:00;94.33333333333333
1071729215;2019-12-03 19:30:00;2019-12-03 20:00:00;108.6
1071729215;2019-12-03 20:00:00;2019-12-03 20:30:00;88.86666666666666
1071729215;2019-12-03 20:30:00;2019-12-03 21:00:00;86.5
1071729215;2019-12-03 21:00:00;2019-12-03 21:30:00;109.96666666666667
1071729215;2019-12-03 21:30:00;2019-12-03 22:00:00;88.93333333333334
1071729215;2019-12-03 22:00:00;2019-12-03 22:30:00;92.0
1071729215;2019-12-03 22:30:00;2019-12-03 23:00:00;92.73333333333333
1071729215;2019-12-03 23:00:00;2019-12-03 23:30:00;94.9
1071729215;2019-12-03 23:30:00;2019-12-03 23:59:59;92.0
1071729215;2019-12-04 00:00:00;2019-12-04 00:30:00;92.0
1071729215;2019-12-04 00:30:00;2019-12-04 01:00:00;92.0
1071729215;2019-12-04 01:00:00;2019-12-04 01:30:00;91.86666666666666
1071729215;2019-12-04 01:30:00;2019-12-04 02:00:00;90.0
1071729215;2019-12-04 02:00:00;2019-12-04 02:30:00;97.66666666666667
1071729215;2019-12-04 02:30:00;2019-12-04 03:00:00;92.0
1071729215;2019-12-04 03:00:00;2019-12-04 03:30:00;92.0
1071729215;2019-12-04 03:30:00;2019-12-04 04:00:00;92.0
1071729215;2019-12-04 04:00:00;2019-12-04 04:30:00;84.0
1071729215;2019-12-04 04:30:00;2019-12-04 05:00:00;84.2
1071729215;2019-12-04 05:00:00;2019-12-04 05:30:00;100.46666666666667
1071729215;2019-12-04 05:30:00;2019-12-04 06:00:00;103.36666666666666
1071729215;2019-12-04 06:00:00;2019-12-04 06:30:00;93.86666666666666
1071729215;2019-12-04 06:30:00;2019-12-04 07:00:00;92.33333333333333
1071729215;2019-12-04 07:00:00;2019-12-04 07:30:00;96.2
1071729215;2019-12-04 07:30:00;2019-12-04 08:00:00;93.93333333333334
1071729215;2019-12-04 08:00:00;2019-12-04 08:30:00;104.36666666666666
1071729215;2019-12-04 08:30:00;2019-12-04 09:00:00;98.26666666666667
1071729215;2019-12-04 09:00:00;2019-12-04 09:30:00;97.13333333333334
1071729215;2019-12-04 09:30:00;2019-12-04 10:00:00;85.96666666666667
1071729215;2019-12-04 10:00:00;2019-12-04 10:30:00;86.36666666666666
1071729215;2019-12-04 10:30:00;2019-12-04 11:00:00;94.66666666666667
1071729215;2019-12-04 11:00:00;2019-12-04 11:30:00;89.56666666666666
1071729215;2019-12-04 11:30:00;2019-12-04 12:00:00;91.43333333333334
1071729215;2019-12-04 12:00:00;2019-12-04 12:30:00;88.16666666666667
1071729215;2019-12-04 12:30:00;2019-12-04 13:00:00;102.86666666666666
1071729215;2019-12-04 13:00:00;2019-12-04 13:30:00;104.56666666666666
1071729215;2019-12-04 13:30:00;2019-12-04 14:00:00;103.4
1071729215;2019-12-04 14:00:00;2019-12-04 14:30:00;94.4
1071729215;2019-12-04 14:30:00;2019-12-04 15:00:00;92.1
1071729215;2019-12-04 15:00:00;2019-12-04 15:30:00;92.93333333333334
1071729215;2019-12-04 15:30:00;2019-12-04 16:00:00;87.76666666666667
1071729215;2019-12-04 16:00:00;2019-12-04 16:30:00;89.13333333333334
1071729215;2019-12-04 16:30:00;2019-12-04 17:00:00;91.0
1071729215;2019-12-04 17:00:00;2019-12-04 17:30:00;93.76666666666667
1071729215;2019-12-04 17:30:00;2019-12-04 18:00:00;101.46666666666667
1071729215;2019-12-04 18:00:00;2019-12-04 18:30:00;91.13333333333334
1071729215;2019-12-04 18:30:00;2019-12-04 19:00:00;97.06666666666666
1071729215;2019-12-04 19:00:00;2019-12-04 19:30:00;93.53333333333333
1071729215;2019-12-04 19:30:00;2019-12-04 20:00:00;94.6
1071729215;2019-12-04 20:00:00;2019-12-04 20:30:00;90.53333333333333
1071729215;2019-12-04 20:30:00;2019-12-04 21:00:00;104.66666666666667
1071729215;2019-12-04 21:00:00;2019-12-04 21:30:00;85.3
1071729215;2019-12-04 21:30:00;2019-12-04 22:00:00;92.0
1071729215;2019-12-04 22:00:00;2019-12-04 22:30:00;96.9
1071729215;2019-12-04 22:30:00;2019-12-04 23:00:00;87.66666666666667
1071729215;2019-12-04 23:00:00;2019-12-04 23:30:00;92.0
1071729215;2019-12-04 23:30:00;2019-12-04 23:59:59;92.0
1071729215;2019-12-05 00:00:00;2019-12-05 00:30:00;92.0
1071729215;2019-12-05 00:30:00;2019-12-05 01:00:00;92.0
1071729215;2019-12-05 01:00:00;2019-12-05 01:30:00;89.23333333333333
1071729215;2019-12-05 01:30:00;2019-12-05 02:00:00;92.0
1071729215;2019-12-05 02:00:00;2019-12-05 02:30:00;92.0
1071729215;2019-12-05 02:30:00;2019-12-05 03:00:00;92.0
1071729215;2019-12-05 03:00:00;2019-12-05 03:30:00;92.0
1071729215;2019-12-05 03:30:00;2019-12-05 04:00:00;92.0
1071729215;2019-12-05 04:00:00;2019-12-05 04:30:00;91.03333333333333
1071729215;2019-12-05 04:30:00;2019-12-05 05:00:00;90.4
1071729215;2019-12-05 05:00:00;2019-12-05 05:30:00;87.83333333333333
1071729215;2019-12-05 05:30:00;2019-12-05 06:00:00;102.73333333333333
1071729215;2019-12-05 06:00:00;2019-12-05 06:30:00;98.33333333333333
1071729215;2019-12-05 06:30:00;2019-12-05 07:00:00;95.33333333333333
1071729215;2019-12-05 07:00:00;2019-12-05 07:30:00;104.06666666666666
1071729215;2019-12-05 07:30:00;2019-12-05 08:00:00;87.43333333333334
1071729215;2019-12-05 08:00:00;2019-12-05 08:30:00;101.93333333333334
1071729215;2019-12-05 08:30:00;2019-12-05 09:00:00;101.66666666666667
1071729215;2019-12-05 09:00:00;2019-12-05 09:30:00;93.7
1071729215;2019-12-05 09:30:00;2019-12-05 10:00:00;101.03333333333333
1071729215;2019-12-05 10:00:00;2019-12-05 10:30:00;98.46666666666667
1071729215;2019-12-05 10:30:00;2019-12-05 11:00:00;105.16666666666667
1071729215;2019-12-05 11:00:00;2019-12-05 11:30:00;102.06666666666666
1071729215;2019-12-05 11:30:00;2019-12-05 12:00:00;90.26666666666667
1071729215;2019-12-05 12:00:00;2019-12-05 12:30:00;93.8
1071729215;2019-12-05 12:30:00;2019-12-05 13:00:00;100.13333333333334
1071729215;2019-12-05 13:00:00;2019-12-05 13:30:00;116.36666666666666
1071729215;2019-12-05 13:30:00;2019-12-05 14:00:00;93.76666666666667
1071729215;2019-12-05 14:00:00;2019-12-05 14:30:00;91.53333333333333
1071729215;2019-12-05 14:30:00;2019-12-05 15:00:00;83.36666666666666
1071729215;2019-12-05 15:00:00;2019-12-05 15:30:00;95.7
1071729215;2019-12-05 15:30:00;2019-12-05 16:00:00;108.2
1071729215;2019-12-05 16:00:00;2019-12-05 16:30:00;97.53333333333333
1071729215;2019-12-05 16:30:00;2019-12-05 17:00:00;96.5
1071729215;2019-12-05 17:00:00;2019-12-05 17:30:00;100.0
1071729215;2019-12-05 17:30:00;2019-12-05 18:00:00;95.2
1071729215;2019-12-05 18:00:00;2019-12-05 18:30:00;94.9
1071729215;2019-12-05 18:30:00;2019-12-05 19:00:00;91.2
1071729215;2019-12-05 19:00:00;2019-12-05 19:30:00;90.66666666666667
1071729215;2019-12-05 19:30:00;2019-12-05 20:00:00;91.4
1071729215;2019-12-05 20:00:00;2019-12-05 20:30:00;106.66666666666667
1071729215;2019-12-05 20:30:00;2019-12-05 21:00:00;104.46666666666667
1071729215;2019-12-05 21:00:00;2019-12-05 21:30:00;97.0
1071729215;2019-12-05 21:30:00;2019-12-05 22:00:00;97.66666666666667
1071729215;2019-12-05 22:00:00;2019-12-05 22:30:00;104.43333333333334
1071729215;2019-12-05 22:30:00;2019-12-05 23:00:00;92.0
1071729215;2019-12-05 23:00:00;2019-12-05 23:30:00;92.0
1071729215;2019-12-05 23:30:00;2019-12-05 23:59:59;92.0
1071729215;2019-12-06 00:00:00;2019-12-06 00:30:00;92.0
1071729215;2019-12-06 00:30:00;2019-12-06 01:00:00;92.0
1071729215;2019-12-06 01:00:00;2019-12-06 01:30:00;92.0
1071729215;2019-12-06 01:30:00;2019-12-06 02:00:00;92.0
1071729215;2019-12-06 02:00:00;2019-12-06 02:30:00;92.16666666666667
1071729215;2019-12-06 02:30:00;2019-12-06 03:00:00;91.76666666666667
1071729215;2019-12-06 03:00:00;2019-12-06 03:30:00;92.0
1071729215;2019-12-06 03:30:00;2019-12-06 04:00:00;86.83333333333333
1071729215;2019-12-06 04:00:00;2019-12-06 04:30:00;89.46666666666667
1071729215;2019-12-06 04:30:00;2019-12-06 05:00:00;98.46666666666667
1071729215;2019-12-06 05:00:00;2019-12-06 05:30:00;94.93333333333334
1071729215;2019-12-06 05:30:00;2019-12-06 06:00:00;110.8
1071729215;2019-12-06 06:00:00;2019-12-06 06:30:00;89.9
1071729215;2019-12-06 06:30:00;2019-12-06 07:00:00;89.93333333333334
1071729215;2019-12-06 07:00:00;2019-12-06 07:30:00;102.16666666666667
1071729215;2019-12-06 07:30:00;2019-12-06 08:00:00;93.6
1071729215;2019-12-06 08:00:00;2019-12-06 08:30:00;91.53333333333333
1071729215;2019-12-06 08:30:00;2019-12-06 09:00:00;85.8
1071729215;2019-12-06 09:00:00;2019-12-06 09:30:00;94.33333333333333
1071729215;2019-12-06 09:30:00;2019-12-06 10:00:00;101.36666666666666
1071729215;2019-12-06 10:00:00;2019-12-06 10:30:00;93.16666666666667
1071729215;2019-12-06 10:30:00;2019-12-06 11:00:00;94.66666666666667
1071729215;2019-12-06 11:00:00;2019-12-06 11:30:00;94.8
1071729215;2019-12-06 11:30:00;2019-12-06 12:00:00;99.8
1071729215;2019-12-06 12:00:00;2019-12-06 12:30:00;105.0
1071729215;2019-12-06 12:30:00;2019-12-06 13:00:00;105.03333333333333
1071729215;2019-12-06 13:00:00;2019-12-06 13:30:00;107.16666666666667
1071729215;2019-12-06 13:30:00;2019-12-06 14:00:00;92.76666666666667
1071729215;2019-12-06 14:00:00;2019-12-06 14:30:00;109.56666666666666
1071729215;2019-12-06 14:30:00;2019-12-06 15:00:00;90.16666666666667
1071729215;2019-12-06 15:00:00;2019-12-06 15:30:00;92.96666666666667
1071729215;2019-12-06 15:30:00;2019-12-06 16:00:00;94.66666666666667
1071729215;2019-12-06 16:00:00;2019-12-06 16:30:00;102.63333333333334
1071729215;2019-12-06 16:30:00;2019-12-06 17:00:00;97.76666666666667
1071729215;2019-12-06 17:00:00;2019-12-06 17:30:00;100.1
1071729215;2019-12-06 17:30:00;2019-12-06 18:00:00;95.0
1071729215;2019-12-06 18:00:00;2019-12-06 18:30:00;87.4
1071729215;2019-12-06 18:30:00;2019-12-06 19:00:00;99.55172413793103
1071729215;2019-12-06 19:00:00;2019-12-06 19:30:00;90.56666666666666
1071729215;2019-12-06 19:30:00;2019-12-06 20:00:00;105.63333333333334
1071729215;2019-12-06 20:00:00;2019-12-06 20:30:00;104.86666666666666
1071729215;2019-12-06 20:30:00;2019-12-06 21:00:00;99.8
1071729215;2019-12-06 21:00:00;2019-12-06 21:30:00;101.56666666666666
1071729215;2019-12-06 21:30:00;2019-12-06 22:00:00;96.73333333333333
1071729215;2019-12-06 22:00:00;2019-12-06 22:30:00;91.7
1071729215;2019-12-06 22:30:00;2019-12-06 23:00:00;90.5
1071729215;2019-12-06 23:00:00;2019-12-06 23:30:00;89.6
1071729215;2019-12-06 23:30:00;2019-12-06 23:59:59;88.86666666666666
1071729215;2019-12-07 00:00:00;2019-12-07 00:30:00;92.0
1071729215;2019-12-07 00:30:00;2019-12-07 01:00:00;92.0
1071729215;2019-12-07 01:00:00;2019-12-07 01:30:00;92.0
1071729215;2019-12-07 01:30:00;2019-12-07 02:00:00;92.0
1071729215;2019-12-07 02:00:00;2019-12-07 02:30:00;92.0
1071729215;2019-12-07 02:30:00;2019-12-07 03:00:00;89.6
1071729215;2019-12-07 03:00:00;2019-12-07 03:30:00;92.0
1071729215;2019-12-07 03:30:00;2019-12-07 04:00:00;92.0
1071729215;2019-12-07 04:00:00;2019-12-07 04:30:00;86.6
1071729215;2019-12-07 04:30:00;2019-12-07 05:00:00;88.33333333333333
1071729215;2019-12-07 05:00:00;2019-12-07 05:30:00;88.2
1071729215;2019-12-07 05:30:00;2019-12-07 06:00:00;89.0
1071729215;2019-12-07 06:00:00;2019-12-07 06:30:00;95.0
1071729215;2019-12-07 06:30:00;2019-12-07 07:00:00;101.0
1071729215;2019-12-07 07:00:00;2019-12-07 07:30:00;109.33333333333333
1071729215;2019-12-07 07:30:00;2019-12-07 08:00:00;96.26666666666667
1071729215;2019-12-07 08:00:00;2019-12-07 08:30:00;101.26666666666667
1071729215;2019-12-07 08:30:00;2019-12-07 09:00:00;97.33333333333333
1071729215;2019-12-07 09:00:00;2019-12-07 09:30:00;104.5
1071729215;2019-12-07 09:30:00;2019-12-07 10:00:00;107.26666666666667
1071729215;2019-12-07 10:00:00;2019-12-07 10:30:00;98.16666666666667
1071729215;2019-12-07 10:30:00;2019-12-07 11:00:00;100.73333333333333
1071729215;2019-12-07 11:00:00;2019-12-07 11:30:00;89.76666666666667
1071729215;2019-12-07 11:30:00;2019-12-07 12:00:00;105.6
1071729215;2019-12-07 12:00:00;2019-12-07 12:30:00;103.93333333333334
1071729215;2019-12-07 12:30:00;2019-12-07 13:00:00;100.3
1071729215;2019-12-07 13:00:00;2019-12-07 13:30:00;102.9
1071729215;2019-12-07 13:30:00;2019-12-07 14:00:00;99.53333333333333
1071729215;2019-12-07 14:00:00;2019-12-07 14:30:00;103.5
1071729215;2019-12-07 14:30:00;2019-12-07 15:00:00;98.5
1071729215;2019-12-07 15:00:00;2019-12-07 15:30:00;106.3
1071729215;2019-12-07 15:30:00;2019-12-07 16:00:00;90.73333333333333
1071729215;2019-12-07 16:00:00;2019-12-07 16:30:00;88.16666666666667
1071729215;2019-12-07 16:30:00;2019-12-07 17:00:00;91.0
1071729215;2019-12-07 17:00:00;2019-12-07 17:30:00;97.93333333333334
1071729215;2019-12-07 17:30:00;2019-12-07 18:00:00;89.33333333333333
1071729215;2019-12-07 18:00:00;2019-12-07 18:30:00;83.9
1071729215;2019-12-07 18:30:00;2019-12-07 19:00:00;102.63333333333334
1071729215;2019-12-07 19:00:00;2019-12-07 19:30:00;97.63333333333334
1071729215;2019-12-07 19:30:00;2019-12-07 20:00:00;106.03333333333333
1071729215;2019-12-07 20:00:00;2019-12-07 20:30:00;107.06666666666666
1071729215;2019-12-07 20:30:00;2019-12-07 21:00:00;108.9
1071729215;2019-12-07 21:00:00;2019-12-07 21:30:00;91.43333333333334
1071729215;2019-12-07 21:30:00;2019-12-07 22:00:00;92.0
1071729215;2019-12-07 22:00:00;2019-12-07 22:30:00;92.0
1071729215;2019-12-07 22:30:00;2019-12-07 23:00:00;86.4
1071729215;2019-12-07 23:00:00;2019-12-07 23:30:00;97.06666666666666
1071729215;2019-12-07 23:30:00;2019-12-07 23:59:59;94.53333333333333
1071729215;2019-12-08 00:00:00;2019-12-08 00:30:00;92.03333333333333
1071729215;2019-12-08 00:30:00;2019-12-08 01:00:00;93.06666666666666
1071729215;2019-12-08 01:00:00;2019-12-08 01:30:00;92.73333333333333
1071729215;2019-12-08 01:30:00;2019-12-08 02:00:00;92.0
1071729215;2019-12-08 02:00:00;2019-12-08 02:30:00;95.7
1071729215;2019-12-08 02:30:00;2019-12-08 03:00:00;92.0
1071729215;2019-12-08 03:00:00;2019-12-08 03:30:00;92.0
1071729215;2019-12-08 03:30:00;2019-12-08 04:00:00;92.0
1071729215;2019-12-08 04:00:00;2019-12-08 04:30:00;89.0
1071729215;2019-12-08 04:30:00;2019-12-08 05:00:00;89.0
1071729215;2019-12-08 05:00:00;2019-12-08 05:30:00;87.0
1071729215;2019-12-08 05:30:00;2019-12-08 06:00:00;87.0
1071729215;2019-12-08 06:00:00;2019-12-08 06:30:00;89.0
1071729215;2019-12-08 06:30:00;2019-12-08 07:00:00;89.8
1071729215;2019-12-08 07:00:00;2019-12-08 07:30:00;91.33333333333333
1071729215;2019-12-08 07:30:00;2019-12-08 08:00:00;92.93333333333334
1071729215;2019-12-08 08:00:00;2019-12-08 08:30:00;98.33333333333333
1071729215;2019-12-08 08:30:00;2019-12-08 09:00:00;109.4
1071729215;2019-12-08 09:00:00;2019-12-08 09:30:00;112.06666666666666
1071729215;2019-12-08 09:30:00;2019-12-08 10:00:00;102.4
1071729215;2019-12-08 10:00:00;2019-12-08 10:30:00;99.73333333333333
1071729215;2019-12-08 10:30:00;2019-12-08 11:00:00;104.46666666666667
1071729215;2019-12-08 11:00:00;2019-12-08 11:30:00;99.56666666666666
1071729215;2019-12-08 11:30:00;2019-12-08 12:00:00;93.56666666666666
1071729215;2019-12-08 12:00:00;2019-12-08 12:30:00;91.93333333333334
1071729215;2019-12-08 12:30:00;2019-12-08 13:00:00;87.8
1071729215;2019-12-08 13:00:00;2019-12-08 13:30:00;83.36666666666666
1071729215;2019-12-08 13:30:00;2019-12-08 14:00:00;89.4
1071729215;2019-12-08 14:00:00;2019-12-08 14:30:00;76.3
1071729215;2019-12-08 14:30:00;2019-12-08 15:00:00;61.4
1071729215;2019-12-08 15:00:00;2019-12-08 15:30:00;80.26666666666667
1071729215;2019-12-08 15:30:00;2019-12-08 16:00:00;79.7
1071729215;2019-12-08 16:00:00;2019-12-08 16:30:00;83.96666666666667
1071729215;2019-12-08 16:30:00;2019-12-08 17:00:00;80.96666666666667
1071729215;2019-12-08 17:00:00;2019-12-08 17:30:00;82.2
1071729215;2019-12-08 17:30:00;2019-12-08 18:00:00;91.96666666666667
1071729215;2019-12-08 18:00:00;2019-12-08 18:30:00;93.66666666666667
1071729215;2019-12-08 18:30:00;2019-12-08 19:00:00;94.93333333333334
1071729215;2019-12-08 19:00:00;2019-12-08 19:30:00;94.43333333333334
1071729215;2019-12-08 19:30:00;2019-12-08 20:00:00;93.5
1071729215;2019-12-08 20:00:00;2019-12-08 20:30:00;112.46666666666667
1071729215;2019-12-08 20:30:00;2019-12-08 21:00:00;112.9
1071729215;2019-12-08 21:00:00;2019-12-08 21:30:00;86.96666666666667
1071729215;2019-12-08 21:30:00;2019-12-08 22:00:00;91.9
1071729215;2019-12-08 22:00:00;2019-12-08 22:30:00;105.03333333333333
1071729215;2019-12-08 22:30:00;2019-12-08 23:00:00;92.0
1071729215;2019-12-08 23:00:00;2019-12-08 23:30:00;92.0
1071729215;2019-12-08 23:30:00;2019-12-08 23:59:59;90.26666666666667
1071729215;2019-12-09 00:00:00;2019-12-09 00:30:00;91.73333333333333
1071729215;2019-12-09 00:30:00;2019-12-09 01:00:00;92.0
1071729215;2019-12-09 01:00:00;2019-12-09 01:30:00;92.0
1071729215;2019-12-09 01:30:00;2019-12-09 02:00:00;92.0
1071729215;2019-12-09 02:00:00;2019-12-09 02:30:00;95.5
1071729215;2019-12-09 02:30:00;2019-12-09 03:00:00;92.0
1071729215;2019-12-09 03:00:00;2019-12-09 03:30:00;92.0
1071729215;2019-12-09 03:30:00;2019-12-09 04:00:00;92.0
1071729215;2019-12-09 04:00:00;2019-12-09 04:30:00;107.83333333333333
1071729215;2019-12-09 04:30:00;2019-12-09 05:00:00;86.4
1071729215;2019-12-09 05:00:00;2019-12-09 05:30:00;98.96666666666667
1071729215;2019-12-09 05:30:00;2019-12-09 06:00:00;103.33333333333333
1071729215;2019-12-09 06:00:00;2019-12-09 06:30:00;101.96666666666667
1071729215;2019-12-09 06:30:00;2019-12-09 07:00:00;96.16666666666667
1071729215;2019-12-09 07:00:00;2019-12-09 07:30:00;94.33333333333333
1071729215;2019-12-09 07:30:00;2019-12-09 08:00:00;106.33333333333333
1071729215;2019-12-09 08:00:00;2019-12-09 08:30:00;104.6
1071729215;2019-12-09 08:30:00;2019-12-09 09:00:00;93.83333333333333
1071729215;2019-12-09 09:00:00;2019-12-09 09:30:00;103.0
1071729215;2019-12-09 09:30:00;2019-12-09 10:00:00;97.93333333333334
1071729215;2019-12-09 10:00:00;2019-12-09 10:30:00;113.3
1071729215;2019-12-09 10:30:00;2019-12-09 11:00:00;100.33333333333333
1071729215;2019-12-09 11:00:00;2019-12-09 11:30:00;90.0
1071729215;2019-12-09 11:30:00;2019-12-09 12:00:00;103.06666666666666
1071729215;2019-12-09 12:00:00;2019-12-09 12:30:00;95.6
1071729215;2019-12-09 12:30:00;2019-12-09 13:00:00;92.33333333333333
1071729215;2019-12-09 13:00:00;2019-12-09 13:30:00;95.16666666666667
1071729215;2019-12-09 13:30:00;2019-12-09 14:00:00;92.56666666666666
1071729215;2019-12-09 14:00:00;2019-12-09 14:30:00;90.0
1071729215;2019-12-09 14:30:00;2019-12-09 15:00:00;90.6
1071729215;2019-12-09 15:00:00;2019-12-09 15:30:00;88.83333333333333
1071729215;2019-12-09 15:30:00;2019-12-09 16:00:00;92.7
1071729215;2019-12-09 16:00:00;2019-12-09 16:30:00;99.3
1071729215;2019-12-09 16:30:00;2019-12-09 17:00:00;96.33333333333333
1071729215;2019-12-09 17:00:00;2019-12-09 17:30:00;104.66666666666667
1071729215;2019-12-09 17:30:00;2019-12-09 18:00:00;90.7
1071729215;2019-12-09 18:00:00;2019-12-09 18:30:00;110.5
1071729215;2019-12-09 18:30:00;2019-12-09 19:00:00;95.1
1071729215;2019-12-09 19:00:00;2019-12-09 19:30:00;97.73333333333333
1071729215;2019-12-09 19:30:00;2019-12-09 20:00:00;95.56666666666666
1071729215;2019-12-09 20:00:00;2019-12-09 20:30:00;97.56666666666666
1071729215;2019-12-09 20:30:00;2019-12-09 21:00:00;87.1
1071729215;2019-12-09 21:00:00;2019-12-09 21:30:00;92.1
1071729215;2019-12-09 21:30:00;2019-12-09 22:00:00;92.66666666666667
1071729215;2019-12-09 22:00:00;2019-12-09 22:30:00;92.0
1071729215;2019-12-09 22:30:00;2019-12-09 23:00:00;92.0
1071729215;2019-12-09 23:00:00;2019-12-09 23:30:00;92.0
1071729215;2019-12-09 23:30:00;2019-12-09 23:59:59;92.0
1071729215;2019-12-10 00:00:00;2019-12-10 00:30:00;106.96666666666667
1071729215;2019-12-10 00:30:00;2019-12-10 01:00:00;101.0
1071729215;2019-12-10 01:00:00;2019-12-10 01:30:00;122.0
1071729215;2019-12-10 01:30:00;2019-12-10 02:00:00;112.76666666666667
1071729215;2019-12-10 02:00:00;2019-12-10 02:30:00;94.23333333333333
1071729215;2019-12-10 02:30:00;2019-12-10 03:00:00;92.0
1071729215;2019-12-10 03:00:00;2019-12-10 03:30:00;92.0
1071729215;2019-12-10 03:30:00;2019-12-10 04:00:00;92.0
1071729215;2019-12-10 04:00:00;2019-12-10 04:30:00;84.0
1071729215;2019-12-10 04:30:00;2019-12-10 05:00:00;92.46666666666667
1071729215;2019-12-10 05:00:00;2019-12-10 05:30:00;92.46666666666667
1071729215;2019-12-10 05:30:00;2019-12-10 06:00:00;96.2
1071729215;2019-12-10 06:00:00;2019-12-10 06:30:00;102.0
1071729215;2019-12-10 06:30:00;2019-12-10 07:00:00;92.13333333333334
1071729215;2019-12-10 07:00:00;2019-12-10 07:30:00;106.53333333333333
1071729215;2019-12-10 07:30:00;2019-12-10 08:00:00;105.23333333333333
1071729215;2019-12-10 08:00:00;2019-12-10 08:30:00;90.58620689655173
1071729215;2019-12-10 08:30:00;2019-12-10 09:00:00;91.66666666666667
1071729215;2019-12-10 09:00:00;2019-12-10 09:30:00;94.7
1071729215;2019-12-10 09:30:00;2019-12-10 10:00:00;98.76666666666667
1071729215;2019-12-10 10:00:00;2019-12-10 10:30:00;100.16666666666667
1071729215;2019-12-10 10:30:00;2019-12-10 11:00:00;105.5
1071729215;2019-12-10 11:00:00;2019-12-10 11:30:00;105.56666666666666
1071729215;2019-12-10 11:30:00;2019-12-10 12:00:00;106.1
1071729215;2019-12-10 12:00:00;2019-12-10 12:30:00;101.2
1071729215;2019-12-10 12:30:00;2019-12-10 13:00:00;104.73333333333333
1071729215;2019-12-10 13:00:00;2019-12-10 13:30:00;88.93333333333334
1071729215;2019-12-10 13:30:00;2019-12-10 14:00:00;94.93333333333334
1071729215;2019-12-10 14:00:00;2019-12-10 14:30:00;92.86666666666666
1071729215;2019-12-10 14:30:00;2019-12-10 15:00:00;94.83333333333333
1071729215;2019-12-10 15:00:00;2019-12-10 15:30:00;97.63333333333334
1071729215;2019-12-10 15:30:00;2019-12-10 16:00:00;84.76666666666667
1071729215;2019-12-10 16:00:00;2019-12-10 16:30:00;90.33333333333333
1071729215;2019-12-10 16:30:00;2019-12-10 17:00:00;91.23333333333333
1071729215;2019-12-10 17:00:00;2019-12-10 17:30:00;89.4
1071729215;2019-12-10 17:30:00;2019-12-10 18:00:00;87.66666666666667
1071729215;2019-12-10 18:00:00;2019-12-10 18:30:00;94.73333333333333
1071729215;2019-12-10 18:30:00;2019-12-10 19:00:00;94.3
1071729215;2019-12-10 19:00:00;2019-12-10 19:30:00;87.03333333333333
1071729215;2019-12-10 19:30:00;2019-12-10 20:00:00;89.0
1071729215;2019-12-10 20:00:00;2019-12-10 20:30:00;89.0
1071729215;2019-12-10 20:30:00;2019-12-10 21:00:00;89.0
1071729215;2019-12-10 21:00:00;2019-12-10 21:30:00;92.0
1071729215;2019-12-10 21:30:00;2019-12-10 22:00:00;92.0
1071729215;2019-12-10 22:00:00;2019-12-10 22:30:00;91.26666666666667
1071729215;2019-12-10 22:30:00;2019-12-10 23:00:00;92.0
1071729215;2019-12-10 23:00:00;2019-12-10 23:30:00;92.0
1071729215;2019-12-10 23:30:00;2019-12-10 23:59:59;100.83333333333333
1071729215;2019-12-11 00:00:00;2019-12-11 00:30:00;96.66666666666667
1071729215;2019-12-11 00:30:00;2019-12-11 01:00:00;103.83333333333333
1071729215;2019-12-11 01:00:00;2019-12-11 01:30:00;101.06666666666666
1071729215;2019-12-11 01:30:00;2019-12-11 02:00:00;90.5
1071729215;2019-12-11 02:00:00;2019-12-11 02:30:00;92.0
1071729215;2019-12-11 02:30:00;2019-12-11 03:00:00;92.0
1071729215;2019-12-11 03:00:00;2019-12-11 03:30:00;92.0
1071729215;2019-12-11 03:30:00;2019-12-11 04:00:00;92.0
1071729215;2019-12-11 04:00:00;2019-12-11 04:30:00;83.33333333333333
1071729215;2019-12-11 04:30:00;2019-12-11 05:00:00;94.4
1071729215;2019-12-11 05:00:00;2019-12-11 05:30:00;92.5
1071729215;2019-12-11 05:30:00;2019-12-11 06:00:00;91.6
1071729215;2019-12-11 06:00:00;2019-12-11 06:30:00;97.4
1071729215;2019-12-11 06:30:00;2019-12-11 07:00:00;96.3
1071729215;2019-12-11 07:00:00;2019-12-11 07:30:00;102.06666666666666
1071729215;2019-12-11 07:30:00;2019-12-11 08:00:00;102.53333333333333
1071729215;2019-12-11 08:00:00;2019-12-11 08:30:00;93.33333333333333
1071729215;2019-12-11 08:30:00;2019-12-11 09:00:00;108.16666666666667
1071729215;2019-12-11 09:00:00;2019-12-11 09:30:00;95.26666666666667
1071729215;2019-12-11 09:30:00;2019-12-11 10:00:00;105.46666666666667
1071729215;2019-12-11 10:00:00;2019-12-11 10:30:00;107.03333333333333
1071729215;2019-12-11 10:30:00;2019-12-11 11:00:00;97.83333333333333
1071729215;2019-12-11 11:00:00;2019-12-11 11:30:00;90.3
1071729215;2019-12-11 11:30:00;2019-12-11 12:00:00;91.66666666666667
1071729215;2019-12-11 12:00:00;2019-12-11 12:30:00;92.13333333333334
1071729215;2019-12-11 12:30:00;2019-12-11 13:00:00;99.66666666666667
1071729215;2019-12-11 13:00:00;2019-12-11 13:30:00;123.5
1071729215;2019-12-11 13:30:00;2019-12-11 14:00:00;103.8
1071729215;2019-12-11 14:00:00;2019-12-11 14:30:00;99.86666666666666
1071729215;2019-12-11 14:30:00;2019-12-11 15:00:00;87.33333333333333
1071729215;2019-12-11 15:00:00;2019-12-11 15:30:00;90.5
1071729215;2019-12-11 15:30:00;2019-12-11 16:00:00;94.5
1071729215;2019-12-11 16:00:00;2019-12-11 16:30:00;91.76666666666667
1071729215;2019-12-11 16:30:00;2019-12-11 17:00:00;102.33333333333333
1071729215;2019-12-11 17:00:00;2019-12-11 17:30:00;96.33333333333333
1071729215;2019-12-11 17:30:00;2019-12-11 18:00:00;95.83333333333333
1071729215;2019-12-11 18:00:00;2019-12-11 18:30:00;90.83333333333333
1071729215;2019-12-11 18:30:00;2019-12-11 19:00:00;97.6
1071729215;2019-12-11 19:00:00;2019-12-11 19:30:00;94.93333333333334
1071729215;2019-12-11 19:30:00;2019-12-11 20:00:00;89.03333333333333
1071729215;2019-12-11 20:00:00;2019-12-11 20:30:00;90.63333333333334
1071729215;2019-12-11 20:30:00;2019-12-11 21:00:00;100.73333333333333
1071729215;2019-12-11 21:00:00;2019-12-11 21:30:00;108.13333333333334
1071729215;2019-12-11 21:30:00;2019-12-11 22:00:00;102.73333333333333
1071729215;2019-12-11 22:00:00;2019-12-11 22:30:00;103.7
1071729215;2019-12-11 22:30:00;2019-12-11 23:00:00;100.96666666666667
1071729215;2019-12-11 23:00:00;2019-12-11 23:30:00;90.13333333333334
1071729215;2019-12-11 23:30:00;2019-12-11 23:59:59;90.83333333333333
1071729215;2019-12-12 00:00:00;2019-12-12 00:30:00;92.0
1071729215;2019-12-12 00:30:00;2019-12-12 01:00:00;92.0
1071729215;2019-12-12 01:00:00;2019-12-12 01:30:00;92.0
1071729215;2019-12-12 01:30:00;2019-12-12 02:00:00;92.0
1071729215;2019-12-12 02:00:00;2019-12-12 02:30:00;92.0
1071729215;2019-12-12 02:30:00;2019-12-12 03:00:00;91.6
1071729215;2019-12-12 03:00:00;2019-12-12 03:30:00;95.36666666666666
1071729215;2019-12-12 03:30:00;2019-12-12 04:00:00;92.0
1071729215;2019-12-12 04:00:00;2019-12-12 04:30:00;84.0
1071729215;2019-12-12 04:30:00;2019-12-12 05:00:00;84.0
1071729215;2019-12-12 05:00:00;2019-12-12 05:30:00;104.76666666666667
1071729215;2019-12-12 05:30:00;2019-12-12 06:00:00;93.53333333333333
1071729215;2019-12-12 06:00:00;2019-12-12 06:30:00;99.46666666666667
1071729215;2019-12-12 06:30:00;2019-12-12 07:00:00;101.6
1071729215;2019-12-12 07:00:00;2019-12-12 07:30:00;89.03333333333333
1071729215;2019-12-12 07:30:00;2019-12-12 08:00:00;102.16666666666667
1071729215;2019-12-12 08:00:00;2019-12-12 08:30:00;102.4
1071729215;2019-12-12 08:30:00;2019-12-12 09:00:00;103.5
1071729215;2019-12-12 09:00:00;2019-12-12 09:30:00;105.83333333333333
1071729215;2019-12-12 09:30:00;2019-12-12 10:00:00;92.8
1071729215;2019-12-12 10:00:00;2019-12-12 10:30:00;95.76666666666667
1071729215;2019-12-12 10:30:00;2019-12-12 11:00:00;86.76666666666667
1071729215;2019-12-12 11:00:00;2019-12-12 11:30:00;88.43333333333334
1071729215;2019-12-12 11:30:00;2019-12-12 12:00:00;89.76666666666667
1071729215;2019-12-12 12:00:00;2019-12-12 12:30:00;97.33333333333333
1071729215;2019-12-12 12:30:00;2019-12-12 13:00:00;110.96666666666667
1071729215;2019-12-12 13:00:00;2019-12-12 13:30:00;96.2
1071729215;2019-12-12 13:30:00;2019-12-12 14:00:00;94.03333333333333
1071729215;2019-12-12 14:00:00;2019-12-12 14:30:00;96.43333333333334
1071729215;2019-12-12 14:30:00;2019-12-12 15:00:00;82.73333333333333
1071729215;2019-12-12 15:00:00;2019-12-12 15:30:00;89.83333333333333
1071729215;2019-12-12 15:30:00;2019-12-12 16:00:00;95.66666666666667
1071729215;2019-12-12 16:00:00;2019-12-12 16:30:00;95.83333333333333
1071729215;2019-12-12 16:30:00;2019-12-12 17:00:00;88.73333333333333
1071729215;2019-12-12 17:00:00;2019-12-12 17:30:00;90.83333333333333
1071729215;2019-12-12 17:30:00;2019-12-12 18:00:00;83.8
1071729215;2019-12-12 18:00:00;2019-12-12 18:30:00;92.26666666666667
1071729215;2019-12-12 18:30:00;2019-12-12 19:00:00;90.2
1071729215;2019-12-12 19:00:00;2019-12-12 19:30:00;86.5
1071729215;2019-12-12 19:30:00;2019-12-12 20:00:00;92.46666666666667
1071729215;2019-12-12 20:00:00;2019-12-12 20:30:00;98.36666666666666
1071729215;2019-12-12 20:30:00;2019-12-12 21:00:00;100.0
1071729215;2019-12-12 21:00:00;2019-12-12 21:30:00;92.0
1071729215;2019-12-12 21:30:00;2019-12-12 22:00:00;92.0
1071729215;2019-12-12 22:00:00;2019-12-12 22:30:00;91.6
1071729215;2019-12-12 22:30:00;2019-12-12 23:00:00;92.0
1071729215;2019-12-12 23:00:00;2019-12-12 23:30:00;92.0
1071729215;2019-12-12 23:30:00;2019-12-12 23:59:59;90.92857142857143
1071729215;2019-12-13 00:00:00;2019-12-13 00:30:00;89.66666666666667
1071729215;2019-12-13 00:30:00;2019-12-13 01:00:00;92.0
1071729215;2019-12-13 01:00:00;2019-12-13 01:30:00;92.0
1071729215;2019-12-13 01:30:00;2019-12-13 02:00:00;96.83333333333333
1071729215;2019-12-13 02:00:00;2019-12-13 02:30:00;91.63333333333334
1071729215;2019-12-13 02:30:00;2019-12-13 03:00:00;90.5
1071729215;2019-12-13 03:00:00;2019-12-13 03:30:00;92.0
1071729215;2019-12-13 03:30:00;2019-12-13 04:00:00;92.0
1071729215;2019-12-13 04:00:00;2019-12-13 04:30:00;87.3
1071729215;2019-12-13 04:30:00;2019-12-13 05:00:00;85.0
1071729215;2019-12-13 05:00:00;2019-12-13 05:30:00;92.13333333333334
1071729215;2019-12-13 05:30:00;2019-12-13 06:00:00;90.46666666666667
1071729215;2019-12-13 06:00:00;2019-12-13 06:30:00;90.86666666666666
1071729215;2019-12-13 06:30:00;2019-12-13 07:00:00;95.63333333333334
1071729215;2019-12-13 07:00:00;2019-12-13 07:30:00;102.56666666666666
1071729215;2019-12-13 07:30:00;2019-12-13 08:00:00;86.46666666666667
1071729215;2019-12-13 08:00:00;2019-12-13 08:30:00;109.26666666666667
1071729215;2019-12-13 08:30:00;2019-12-13 09:00:00;106.1
1071729215;2019-12-13 09:00:00;2019-12-13 09:30:00;97.26666666666667
1071729215;2019-12-13 09:30:00;2019-12-13 10:00:00;94.83333333333333
1071729215;2019-12-13 10:00:00;2019-12-13 10:30:00;100.5
1071729215;2019-12-13 10:30:00;2019-12-13 11:00:00;107.73333333333333
1071729215;2019-12-13 11:00:00;2019-12-13 11:30:00;92.26666666666667
1071729215;2019-12-13 11:30:00;2019-12-13 12:00:00;89.3
1071729215;2019-12-13 12:00:00;2019-12-13 12:30:00;91.8
1071729215;2019-12-13 12:30:00;2019-12-13 13:00:00;95.93333333333334
1071729215;2019-12-13 13:00:00;2019-12-13 13:30:00;87.96666666666667
1071729215;2019-12-13 13:30:00;2019-12-13 14:00:00;102.1
1071729215;2019-12-13 14:00:00;2019-12-13 14:30:00;90.06666666666666
1071729215;2019-12-13 14:30:00;2019-12-13 15:00:00;84.63333333333334
1071729215;2019-12-13 15:00:00;2019-12-13 15:30:00;109.93333333333334
1071729215;2019-12-13 15:30:00;2019-12-13 16:00:00;103.53333333333333
1071729215;2019-12-13 16:00:00;2019-12-13 16:30:00;89.96666666666667
1071729215;2019-12-13 16:30:00;2019-12-13 17:00:00;95.66666666666667
1071729215;2019-12-13 17:00:00;2019-12-13 17:30:00;101.0
1071729215;2019-12-13 17:30:00;2019-12-13 18:00:00;100.06666666666666
1071729215;2019-12-13 18:00:00;2019-12-13 18:30:00;90.0
1071729215;2019-12-13 18:30:00;2019-12-13 19:00:00;96.33333333333333
1071729215;2019-12-13 19:00:00;2019-12-13 19:30:00;103.76666666666667
1071729215;2019-12-13 19:30:00;2019-12-13 20:00:00;110.56666666666666
1071729215;2019-12-13 20:00:00;2019-12-13 20:30:00;105.46666666666667
1071729215;2019-12-13 20:30:00;2019-12-13 21:00:00;116.66666666666667
1071729215;2019-12-13 21:00:00;2019-12-13 21:30:00;101.8
1071729215;2019-12-13 21:30:00;2019-12-13 22:00:00;105.46666666666667
1071729215;2019-12-13 22:00:00;2019-12-13 22:30:00;92.0
1071729215;2019-12-13 22:30:00;2019-12-13 23:00:00;89.13333333333334
1071729215;2019-12-13 23:00:00;2019-12-13 23:30:00;91.6
1071729215;2019-12-13 23:30:00;2019-12-13 23:59:59;90.4
1071729215;2019-12-14 00:00:00;2019-12-14 00:30:00;97.66666666666667
1071729215;2019-12-14 00:30:00;2019-12-14 01:00:00;92.0
1071729215;2019-12-14 01:00:00;2019-12-14 01:30:00;92.0
1071729215;2019-12-14 01:30:00;2019-12-14 02:00:00;92.0
1071729215;2019-12-14 02:00:00;2019-12-14 02:30:00;92.0
1071729215;2019-12-14 02:30:00;2019-12-14 03:00:00;92.0
1071729215;2019-12-14 03:00:00;2019-12-14 03:30:00;92.0
1071729215;2019-12-14 03:30:00;2019-12-14 04:00:00;92.0
1071729215;2019-12-14 04:00:00;2019-12-14 04:30:00;87.0
1071729215;2019-12-14 04:30:00;2019-12-14 05:00:00;87.0
1071729215;2019-12-14 05:00:00;2019-12-14 05:30:00;91.86666666666666
1071729215;2019-12-14 05:30:00;2019-12-14 06:00:00;100.26666666666667
1071729215;2019-12-14 06:00:00;2019-12-14 06:30:00;96.43333333333334
1071729215;2019-12-14 06:30:00;2019-12-14 07:00:00;93.93333333333334
1071729215;2019-12-14 07:00:00;2019-12-14 07:30:00;101.7
1071729215;2019-12-14 07:30:00;2019-12-14 08:00:00;107.83333333333333
1071729215;2019-12-14 08:00:00;2019-12-14 08:30:00;89.2
1071729215;2019-12-14 08:30:00;2019-12-14 09:00:00;98.03333333333333
1071729215;2019-12-14 09:00:00;2019-12-14 09:30:00;103.13333333333334
1071729215;2019-12-14 09:30:00;2019-12-14 10:00:00;109.93333333333334
1071729215;2019-12-14 10:00:00;2019-12-14 10:30:00;98.13333333333334
1071729215;2019-12-14 10:30:00;2019-12-14 11:00:00;104.03333333333333
1071729215;2019-12-14 11:00:00;2019-12-14 11:30:00;105.13333333333334
1071729215;2019-12-14 11:30:00;2019-12-14 12:00:00;111.06666666666666
1071729215;2019-12-14 12:00:00;2019-12-14 12:30:00;108.96666666666667
1071729215;2019-12-14 12:30:00;2019-12-14 13:00:00;123.43333333333334
1071729215;2019-12-14 13:00:00;2019-12-14 13:30:00;103.2
1071729215;2019-12-14 13:30:00;2019-12-14 14:00:00;95.83333333333333
1071729215;2019-12-14 14:00:00;2019-12-14 14:30:00;96.7
1071729215;2019-12-14 14:30:00;2019-12-14 15:00:00;109.76666666666667
1071729215;2019-12-14 15:00:00;2019-12-14 15:30:00;107.9
1071729215;2019-12-14 15:30:00;2019-12-14 16:00:00;92.43333333333334
1071729215;2019-12-14 16:00:00;2019-12-14 16:30:00;104.53333333333333
1071729215;2019-12-14 16:30:00;2019-12-14 17:00:00;98.3
1071729215;2019-12-14 17:00:00;2019-12-14 17:30:00;103.33333333333333
1071729215;2019-12-14 17:30:00;2019-12-14 18:00:00;98.53333333333333
1071729215;2019-12-14 18:00:00;2019-12-14 18:30:00;102.7
1071729215;2019-12-14 18:30:00;2019-12-14 19:00:00;101.4
1071729215;2019-12-14 19:00:00;2019-12-14 19:30:00;99.9
1071729215;2019-12-14 19:30:00;2019-12-14 20:00:00;85.06666666666666
1071729215;2019-12-14 20:00:00;2019-12-14 20:30:00;94.06666666666666
1071729215;2019-12-14 20:30:00;2019-12-14 21:00:00;103.33333333333333
1071729215;2019-12-14 21:00:00;2019-12-14 21:30:00;92.43333333333334
1071729215;2019-12-14 21:30:00;2019-12-14 22:00:00;92.1
1071729215;2019-12-14 22:00:00;2019-12-14 22:30:00;103.3
1071729215;2019-12-14 22:30:00;2019-12-14 23:00:00;93.86666666666666
1071729215;2019-12-14 23:00:00;2019-12-14 23:30:00;92.0
1071729215;2019-12-14 23:30:00;2019-12-14 23:59:59;91.23333333333333
1071729215;2019-12-15 00:00:00;2019-12-15 00:30:00;91.88
1071729215;2019-12-15 00:30:00;2019-12-15 01:00:00;92.0
1071729215;2019-12-15 01:00:00;2019-12-15 01:30:00;92.0
1071729215;2019-12-15 01:30:00;2019-12-15 02:00:00;96.53333333333333
1071729215;2019-12-15 02:00:00;2019-12-15 02:30:00;91.4
1071729215;2019-12-15 02:30:00;2019-12-15 03:00:00;92.0
1071729215;2019-12-15 03:00:00;2019-12-15 03:30:00;96.43333333333334
1071729215;2019-12-15 03:30:00;2019-12-15 04:00:00;97.06666666666666
1071729215;2019-12-15 04:00:00;2019-12-15 04:30:00;101.26666666666667
1071729215;2019-12-15 04:30:00;2019-12-15 05:00:00;91.76666666666667
1071729215;2019-12-15 05:00:00;2019-12-15 05:30:00;98.26666666666667
1071729215;2019-12-15 05:30:00;2019-12-15 06:00:00;87.66666666666667
1071729215;2019-12-15 06:00:00;2019-12-15 06:30:00;88.7
1071729215;2019-12-15 06:30:00;2019-12-15 07:00:00;89.73333333333333
1071729215;2019-12-15 07:00:00;2019-12-15 07:30:00;91.53333333333333
1071729215;2019-12-15 07:30:00;2019-12-15 08:00:00;93.26666666666667
1071729215;2019-12-15 08:00:00;2019-12-15 08:30:00;97.53333333333333
1071729215;2019-12-15 08:30:00;2019-12-15 09:00:00;100.0
1071729215;2019-12-15 09:00:00;2019-12-15 09:30:00;96.23333333333333
1071729215;2019-12-15 09:30:00;2019-12-15 10:00:00;98.33333333333333
1071729215;2019-12-15 10:00:00;2019-12-15 10:30:00;107.43333333333334
1071729215;2019-12-15 10:30:00;2019-12-15 11:00:00;97.56666666666666
1071729215;2019-12-15 11:00:00;2019-12-15 11:30:00;108.53333333333333
1071729215;2019-12-15 11:30:00;2019-12-15 12:00:00;112.13333333333334
1071729215;2019-12-15 12:00:00;2019-12-15 12:30:00;100.33333333333333
1071729215;2019-12-15 12:30:00;2019-12-15 13:00:00;113.86666666666666
1071729215;2019-12-15 13:00:00;2019-12-15 13:30:00;104.63333333333334
1071729215;2019-12-15 13:30:00;2019-12-15 14:00:00;98.56666666666666
1071729215;2019-12-15 14:00:00;2019-12-15 14:30:00;102.43333333333334
1071729215;2019-12-15 14:30:00;2019-12-15 15:00:00;99.8
1071729215;2019-12-15 15:00:00;2019-12-15 15:30:00;109.16666666666667
1071729215;2019-12-15 15:30:00;2019-12-15 16:00:00;99.06666666666666
1071729215;2019-12-15 16:00:00;2019-12-15 16:30:00;112.4
1071729215;2019-12-15 16:30:00;2019-12-15 17:00:00;100.86666666666666
1071729215;2019-12-15 17:00:00;2019-12-15 17:30:00;108.66666666666667
1071729215;2019-12-15 17:30:00;2019-12-15 18:00:00;97.33333333333333
1071729215;2019-12-15 18:00:00;2019-12-15 18:30:00;93.43333333333334
1071729215;2019-12-15 18:30:00;2019-12-15 19:00:00;105.5
1071729215;2019-12-15 19:00:00;2019-12-15 19:30:00;105.76666666666667
1071729215;2019-12-15 19:30:00;2019-12-15 20:00:00;113.13333333333334
1071729215;2019-12-15 20:00:00;2019-12-15 20:30:00;101.56666666666666
1071729215;2019-12-15 20:30:00;2019-12-15 21:00:00;107.86666666666666
1071729215;2019-12-15 21:00:00;2019-12-15 21:30:00;92.53333333333333
1071729215;2019-12-15 21:30:00;2019-12-15 22:00:00;103.0
1071729215;2019-12-15 22:00:00;2019-12-15 22:30:00;92.1
1071729215;2019-12-15 22:30:00;2019-12-15 23:00:00;92.0
1071729215;2019-12-15 23:00:00;2019-12-15 23:30:00;107.16666666666667
1071729215;2019-12-15 23:30:00;2019-12-15 23:59:59;94.33333333333333
1071729215;2019-12-16 00:00:00;2019-12-16 00:30:00;90.96666666666667
1071729215;2019-12-16 00:30:00;2019-12-16 01:00:00;106.3
1071729215;2019-12-16 01:00:00;2019-12-16 01:30:00;93.5
1071729215;2019-12-16 01:30:00;2019-12-16 02:00:00;92.0
1071729215;2019-12-16 02:00:00;2019-12-16 02:30:00;92.0
1071729215;2019-12-16 02:30:00;2019-12-16 03:00:00;92.0
1071729215;2019-12-16 03:00:00;2019-12-16 03:30:00;92.0
1071729215;2019-12-16 03:30:00;2019-12-16 04:00:00;96.66666666666667
1071729215;2019-12-16 04:00:00;2019-12-16 04:30:00;100.5
1071729215;2019-12-16 04:30:00;2019-12-16 05:00:00;97.8
1071729215;2019-12-16 05:00:00;2019-12-16 05:30:00;94.2
1071729215;2019-12-16 05:30:00;2019-12-16 06:00:00;101.83333333333333
1071729215;2019-12-16 06:00:00;2019-12-16 06:30:00;100.26666666666667
1071729215;2019-12-16 06:30:00;2019-12-16 07:00:00;100.96666666666667
1071729215;2019-12-16 07:00:00;2019-12-16 07:30:00;97.46666666666667
1071729215;2019-12-16 07:30:00;2019-12-16 08:00:00;99.76666666666667
1071729215;2019-12-16 08:00:00;2019-12-16 08:30:00;101.66666666666667
1071729215;2019-12-16 08:30:00;2019-12-16 09:00:00;97.26666666666667
1071729215;2019-12-16 09:00:00;2019-12-16 09:30:00;96.65384615384616
1071729215;2019-12-16 09:30:00;2019-12-16 10:00:00;100.7
1071729215;2019-12-16 10:00:00;2019-12-16 10:30:00;101.3
1071729215;2019-12-16 10:30:00;2019-12-16 11:00:00;97.53333333333333
1071729215;2019-12-16 11:00:00;2019-12-16 11:30:00;90.4
1071729215;2019-12-16 11:30:00;2019-12-16 12:00:00;88.1
1071729215;2019-12-16 12:00:00;2019-12-16 12:30:00;89.13333333333334
1071729215;2019-12-16 12:30:00;2019-12-16 13:00:00;93.9
1071729215;2019-12-16 13:00:00;2019-12-16 13:30:00;93.03333333333333
1071729215;2019-12-16 13:30:00;2019-12-16 14:00:00;110.9
1071729215;2019-12-16 14:00:00;2019-12-16 14:30:00;93.73333333333333
1071729215;2019-12-16 14:30:00;2019-12-16 15:00:00;99.66666666666667
1071729215;2019-12-16 15:00:00;2019-12-16 15:30:00;102.3
1071729215;2019-12-16 15:30:00;2019-12-16 16:00:00;120.43333333333334
1071729215;2019-12-16 16:00:00;2019-12-16 16:30:00;102.13333333333334
1071729215;2019-12-16 16:30:00;2019-12-16 17:00:00;94.86666666666666
1071729215;2019-12-16 17:00:00;2019-12-16 17:30:00;95.06666666666666
1071729215;2019-12-16 17:30:00;2019-12-16 18:00:00;85.1
1071729215;2019-12-16 18:00:00;2019-12-16 18:30:00;97.93333333333334
1071729215;2019-12-16 18:30:00;2019-12-16 19:00:00;86.2
1071729215;2019-12-16 19:00:00;2019-12-16 19:30:00;116.5
1071729215;2019-12-16 19:30:00;2019-12-16 20:00:00;96.16666666666667
1071729215;2019-12-16 20:00:00;2019-12-16 20:30:00;92.06666666666666
1071729215;2019-12-16 20:30:00;2019-12-16 21:00:00;93.03333333333333
1071729215;2019-12-16 21:00:00;2019-12-16 21:30:00;95.56666666666666
1071729215;2019-12-16 21:30:00;2019-12-16 22:00:00;103.73333333333333
1071729215;2019-12-16 22:00:00;2019-12-16 22:30:00;102.53333333333333
1071729215;2019-12-16 22:30:00;2019-12-16 23:00:00;97.13333333333334
1071729215;2019-12-16 23:00:00;2019-12-16 23:30:00;102.26666666666667
1071729215;2019-12-16 23:30:00;2019-12-16 23:59:59;88.26666666666667
1071729215;2019-12-17 00:00:00;2019-12-17 00:30:00;89.66666666666667
1071729215;2019-12-17 00:30:00;2019-12-17 01:00:00;91.53333333333333
1071729215;2019-12-17 01:00:00;2019-12-17 01:30:00;92.0
1071729215;2019-12-17 01:30:00;2019-12-17 02:00:00;93.86666666666666
1071729215;2019-12-17 02:00:00;2019-12-17 02:30:00;94.13333333333334
1071729215;2019-12-17 02:30:00;2019-12-17 03:00:00;92.0
1071729215;2019-12-17 03:00:00;2019-12-17 03:30:00;92.0
1071729215;2019-12-17 03:30:00;2019-12-17 04:00:00;91.2
1071729215;2019-12-17 04:00:00;2019-12-17 04:30:00;87.46666666666667
1071729215;2019-12-17 04:30:00;2019-12-17 05:00:00;88.6
1071729215;2019-12-17 05:00:00;2019-12-17 05:30:00;104.36666666666666
1071729215;2019-12-17 05:30:00;2019-12-17 06:00:00;102.93333333333334
1071729215;2019-12-17 06:00:00;2019-12-17 06:30:00;110.43333333333334
1071729215;2019-12-17 06:30:00;2019-12-17 07:00:00;97.6
1071729215;2019-12-17 07:00:00;2019-12-17 07:30:00;88.26666666666667
1071729215;2019-12-17 07:30:00;2019-12-17 08:00:00;87.9
1071729215;2019-12-17 08:00:00;2019-12-17 08:30:00;99.43333333333334
1071729215;2019-12-17 08:30:00;2019-12-17 09:00:00;92.93333333333334
1071729215;2019-12-17 09:00:00;2019-12-17 09:30:00;88.7
1071729215;2019-12-17 09:30:00;2019-12-17 10:00:00;99.1
1071729215;2019-12-17 10:00:00;2019-12-17 10:30:00;84.46666666666667
1071729215;2019-12-17 10:30:00;2019-12-17 11:00:00;91.06666666666666
1071729215;2019-12-17 11:00:00;2019-12-17 11:30:00;97.8
1071729215;2019-12-17 11:30:00;2019-12-17 12:00:00;87.33333333333333
1071729215;2019-12-17 12:00:00;2019-12-17 12:30:00;100.4
1071729215;2019-12-17 12:30:00;2019-12-17 13:00:00;91.0
1071729215;2019-12-17 13:00:00;2019-12-17 13:30:00;84.3
1071729215;2019-12-17 13:30:00;2019-12-17 14:00:00;92.6
1071729215;2019-12-17 14:00:00;2019-12-17 14:30:00;101.2
1071729215;2019-12-17 14:30:00;2019-12-17 15:00:00;94.73333333333333
1071729215;2019-12-17 15:00:00;2019-12-17 15:30:00;94.7
1071729215;2019-12-17 15:30:00;2019-12-17 16:00:00;95.43333333333334
1071729215;2019-12-17 16:00:00;2019-12-17 16:30:00;84.3
1071729215;2019-12-17 16:30:00;2019-12-17 17:00:00;92.4
1071729215;2019-12-17 17:00:00;2019-12-17 17:30:00;98.1
1071729215;2019-12-17 17:30:00;2019-12-17 18:00:00;98.76666666666667
1071729215;2019-12-17 18:00:00;2019-12-17 18:30:00;90.73333333333333
1071729215;2019-12-17 18:30:00;2019-12-17 19:00:00;93.9
1071729215;2019-12-17 19:00:00;2019-12-17 19:30:00;87.56666666666666
1071729215;2019-12-17 19:30:00;2019-12-17 20:00:00;93.83333333333333
1071729215;2019-12-17 20:00:00;2019-12-17 20:30:00;86.3
1071729215;2019-12-17 20:30:00;2019-12-17 21:00:00;89.93333333333334
1071729215;2019-12-17 21:00:00;2019-12-17 21:30:00;98.6
1071729215;2019-12-17 21:30:00;2019-12-17 22:00:00;103.2
1071729215;2019-12-17 22:00:00;2019-12-17 22:30:00;104.66666666666667
1071729215;2019-12-17 22:30:00;2019-12-17 23:00:00;97.1
1071729215;2019-12-17 23:00:00;2019-12-17 23:30:00;90.5
1071729215;2019-12-17 23:30:00;2019-12-17 23:59:59;92.0
1071729215;2019-12-18 00:00:00;2019-12-18 00:30:00;100.36666666666666
1071729215;2019-12-18 00:30:00;2019-12-18 01:00:00;94.13333333333334
1071729215;2019-12-18 01:00:00;2019-12-18 01:30:00;107.46666666666667
1071729215;2019-12-18 01:30:00;2019-12-18 02:00:00;103.1
1071729215;2019-12-18 02:00:00;2019-12-18 02:30:00;93.13333333333334
1071729215;2019-12-18 02:30:00;2019-12-18 03:00:00;91.53333333333333
1071729215;2019-12-18 03:00:00;2019-12-18 03:30:00;92.0
1071729215;2019-12-18 03:30:00;2019-12-18 04:00:00;92.0
1071729215;2019-12-18 04:00:00;2019-12-18 04:30:00;84.0
1071729215;2019-12-18 04:30:00;2019-12-18 05:00:00;84.0
1071729215;2019-12-18 05:00:00;2019-12-18 05:30:00;83.53333333333333
1071729215;2019-12-18 05:30:00;2019-12-18 06:00:00;90.26666666666667
1071729215;2019-12-18 06:00:00;2019-12-18 06:30:00;88.4
1071729215;2019-12-18 06:30:00;2019-12-18 07:00:00;92.56666666666666
1071729215;2019-12-18 07:00:00;2019-12-18 07:30:00;91.0
1071729215;2019-12-18 07:30:00;2019-12-18 08:00:00;89.43333333333334
1071729215;2019-12-18 08:00:00;2019-12-18 08:30:00;87.0
1071729215;2019-12-18 08:30:00;2019-12-18 09:00:00;88.66666666666667
1071729215;2019-12-18 09:00:00;2019-12-18 09:30:00;81.4
1071729215;2019-12-18 09:30:00;2019-12-18 10:00:00;78.36666666666666
1071729215;2019-12-18 10:00:00;2019-12-18 10:30:00;92.56666666666666
1071729215;2019-12-18 10:30:00;2019-12-18 11:00:00;85.5
1071729215;2019-12-18 11:00:00;2019-12-18 11:30:00;87.7
1071729215;2019-12-18 11:30:00;2019-12-18 12:00:00;89.26666666666667
1071729215;2019-12-18 12:00:00;2019-12-18 12:30:00;89.56666666666666
1071729215;2019-12-18 12:30:00;2019-12-18 13:00:00;85.23333333333333
1071729215;2019-12-18 13:00:00;2019-12-18 13:30:00;98.7
1071729215;2019-12-18 13:30:00;2019-12-18 14:00:00;103.83333333333333
1071729215;2019-12-18 14:00:00;2019-12-18 14:30:00;104.23333333333333
1071729215;2019-12-18 14:30:00;2019-12-18 15:00:00;102.53333333333333
1071729215;2019-12-18 15:00:00;2019-12-18 15:30:00;92.3
1071729215;2019-12-18 15:30:00;2019-12-18 16:00:00;92.7
1071729215;2019-12-18 16:00:00;2019-12-18 16:30:00;93.0
1071729215;2019-12-18 16:30:00;2019-12-18 17:00:00;86.53333333333333
1071729215;2019-12-18 17:00:00;2019-12-18 17:30:00;95.66666666666667
1071729215;2019-12-18 17:30:00;2019-12-18 18:00:00;94.13333333333334
1071729215;2019-12-18 18:00:00;2019-12-18 18:30:00;88.63333333333334
1071729215;2019-12-18 18:30:00;2019-12-18 19:00:00;91.2
1071729215;2019-12-18 19:00:00;2019-12-18 19:30:00;92.3
1071729215;2019-12-18 19:30:00;2019-12-18 20:00:00;92.33333333333333
1071729215;2019-12-18 20:00:00;2019-12-18 20:30:00;91.2
1071729215;2019-12-18 20:30:00;2019-12-18 21:00:00;98.3
1071729215;2019-12-18 21:00:00;2019-12-18 21:30:00;98.6
1071729215;2019-12-18 21:30:00;2019-12-18 22:00:00;90.73333333333333
1071729215;2019-12-18 22:00:00;2019-12-18 22:30:00;105.86666666666666
1071729215;2019-12-18 22:30:00;2019-12-18 23:00:00;109.2
1071729215;2019-12-18 23:00:00;2019-12-18 23:30:00;133.7
1071729215;2019-12-18 23:30:00;2019-12-18 23:59:59;114.56666666666666
1071729215;2019-12-19 00:00:00;2019-12-19 00:30:00;88.43333333333334
1071729215;2019-12-19 00:30:00;2019-12-19 01:00:00;90.4
1071729215;2019-12-19 01:00:00;2019-12-19 01:30:00;92.0
1071729215;2019-12-19 01:30:00;2019-12-19 02:00:00;92.0
1071729215;2019-12-19 02:00:00;2019-12-19 02:30:00;92.0
1071729215;2019-12-19 02:30:00;2019-12-19 03:00:00;88.93333333333334
1071729215;2019-12-19 03:00:00;2019-12-19 03:30:00;91.76666666666667
1071729215;2019-12-19 03:30:00;2019-12-19 04:00:00;92.0
1071729215;2019-12-19 04:00:00;2019-12-19 04:30:00;84.0
1071729215;2019-12-19 04:30:00;2019-12-19 05:00:00;84.6
1071729215;2019-12-19 05:00:00;2019-12-19 05:30:00;90.3
1071729215;2019-12-19 05:30:00;2019-12-19 06:00:00;102.53333333333333
1071729215;2019-12-19 06:00:00;2019-12-19 06:30:00;96.23333333333333
1071729215;2019-12-19 06:30:00;2019-12-19 07:00:00;98.8
1071729215;2019-12-19 07:00:00;2019-12-19 07:30:00;91.13333333333334
1071729215;2019-12-19 07:30:00;2019-12-19 08:00:00;101.73333333333333
1071729215;2019-12-19 08:00:00;2019-12-19 08:30:00;101.63333333333334
1071729215;2019-12-19 08:30:00;2019-12-19 09:00:00;94.8
1071729215;2019-12-19 09:00:00;2019-12-19 09:30:00;100.3103448275862
1071729215;2019-12-19 09:30:00;2019-12-19 10:00:00;90.83333333333333
1071729215;2019-12-19 10:00:00;2019-12-19 10:30:00;100.16666666666667
1071729215;2019-12-19 10:30:00;2019-12-19 11:00:00;96.7
1071729215;2019-12-19 11:00:00;2019-12-19 11:30:00;95.86666666666666
1071729215;2019-12-19 11:30:00;2019-12-19 12:00:00;111.36666666666666
1071729215;2019-12-19 12:00:00;2019-12-19 12:30:00;91.76666666666667
1071729215;2019-12-19 12:30:00;2019-12-19 13:00:00;94.13333333333334
1071729215;2019-12-19 13:00:00;2019-12-19 13:30:00;94.1
1071729215;2019-12-19 13:30:00;2019-12-19 14:00:00;101.56666666666666
1071729215;2019-12-19 14:00:00;2019-12-19 14:30:00;104.6
1071729215;2019-12-19 14:30:00;2019-12-19 15:00:00;92.83333333333333
1071729215;2019-12-19 15:00:00;2019-12-19 15:30:00;92.66666666666667
1071729215;2019-12-19 15:30:00;2019-12-19 16:00:00;98.33333333333333
1071729215;2019-12-19 16:00:00;2019-12-19 16:30:00;91.73333333333333
1071729215;2019-12-19 16:30:00;2019-12-19 17:00:00;91.03333333333333
1071729215;2019-12-19 17:00:00;2019-12-19 17:30:00;100.4
1071729215;2019-12-19 17:30:00;2019-12-19 18:00:00;101.03333333333333
1071729215;2019-12-19 18:00:00;2019-12-19 18:30:00;97.33333333333333
1071729215;2019-12-19 18:30:00;2019-12-19 19:00:00;99.93333333333334
1071729215;2019-12-19 19:00:00;2019-12-19 19:30:00;90.2
1071729215;2019-12-19 19:30:00;2019-12-19 20:00:00;90.03333333333333
1071729215;2019-12-19 20:00:00;2019-12-19 20:30:00;101.23333333333333
1071729215;2019-12-19 20:30:00;2019-12-19 21:00:00;93.33333333333333
1071729215;2019-12-19 21:00:00;2019-12-19 21:30:00;89.5
1071729215;2019-12-19 21:30:00;2019-12-19 22:00:00;88.83333333333333
1071729215;2019-12-19 22:00:00;2019-12-19 22:30:00;88.66666666666667
1071729215;2019-12-19 22:30:00;2019-12-19 23:00:00;83.2
1071729215;2019-12-19 23:00:00;2019-12-19 23:30:00;86.26666666666667
1071729215;2019-12-19 23:30:00;2019-12-19 23:59:59;90.7
1071729215;2019-12-20 00:00:00;2019-12-20 00:30:00;92.0
1071729215;2019-12-20 00:30:00;2019-12-20 01:00:00;76.3
1071729215;2019-12-20 01:00:00;2019-12-20 01:30:00;91.23333333333333
1071729215;2019-12-20 01:30:00;2019-12-20 02:00:00;72.4
1071729215;2019-12-20 02:00:00;2019-12-20 02:30:00;94.8
1071729215;2019-12-20 02:30:00;2019-12-20 03:00:00;89.56666666666666
1071729215;2019-12-20 03:00:00;2019-12-20 03:30:00;92.0
1071729215;2019-12-20 03:30:00;2019-12-20 04:00:00;88.23333333333333
1071729215;2019-12-20 04:00:00;2019-12-20 04:30:00;85.73333333333333
1071729215;2019-12-20 04:30:00;2019-12-20 05:00:00;87.66666666666667
1071729215;2019-12-20 05:00:00;2019-12-20 05:30:00;89.76666666666667
1071729215;2019-12-20 05:30:00;2019-12-20 06:00:00;109.96666666666667
1071729215;2019-12-20 06:00:00;2019-12-20 06:30:00;98.8
1071729215;2019-12-20 06:30:00;2019-12-20 07:00:00;99.16666666666667
1071729215;2019-12-20 07:00:00;2019-12-20 07:30:00;92.53333333333333
1071729215;2019-12-20 07:30:00;2019-12-20 08:00:00;100.73333333333333
1071729215;2019-12-20 08:00:00;2019-12-20 08:30:00;101.56666666666666
1071729215;2019-12-20 08:30:00;2019-12-20 09:00:00;97.13333333333334
1071729215;2019-12-20 09:00:00;2019-12-20 09:30:00;94.93333333333334
1071729215;2019-12-20 09:30:00;2019-12-20 10:00:00;89.6
1071729215;2019-12-20 10:00:00;2019-12-20 10:30:00;85.96666666666667
1071729215;2019-12-20 10:30:00;2019-12-20 11:00:00;95.5
1071729215;2019-12-20 11:00:00;2019-12-20 11:30:00;88.83333333333333
1071729215;2019-12-20 11:30:00;2019-12-20 12:00:00;98.76666666666667
1071729215;2019-12-20 12:00:00;2019-12-20 12:30:00;111.73333333333333
1071729215;2019-12-20 12:30:00;2019-12-20 13:00:00;99.73333333333333
1071729215;2019-12-20 13:00:00;2019-12-20 13:30:00;99.23333333333333
1071729215;2019-12-20 13:30:00;2019-12-20 14:00:00;84.9
1071729215;2019-12-20 14:00:00;2019-12-20 14:30:00;88.73333333333333
1071729215;2019-12-20 14:30:00;2019-12-20 15:00:00;88.16666666666667
1071729215;2019-12-20 15:00:00;2019-12-20 15:30:00;104.7
1071729215;2019-12-20 15:30:00;2019-12-20 16:00:00;91.03333333333333
1071729215;2019-12-20 16:00:00;2019-12-20 16:30:00;96.9
1071729215;2019-12-20 16:30:00;2019-12-20 17:00:00;98.7
1071729215;2019-12-20 17:00:00;2019-12-20 17:30:00;107.53333333333333
1071729215;2019-12-20 17:30:00;2019-12-20 18:00:00;88.73333333333333
1071729215;2019-12-20 18:00:00;2019-12-20 18:30:00;88.96666666666667
1071729215;2019-12-20 18:30:00;2019-12-20 19:00:00;91.16666666666667
1071729215;2019-12-20 19:00:00;2019-12-20 19:30:00;94.36666666666666
1071729215;2019-12-20 19:30:00;2019-12-20 20:00:00;97.86666666666666
1071729215;2019-12-20 20:00:00;2019-12-20 20:30:00;94.33333333333333
1071729215;2019-12-20 20:30:00;2019-12-20 21:00:00;98.16666666666667
1071729215;2019-12-20 21:00:00;2019-12-20 21:30:00;97.66666666666667
1071729215;2019-12-20 21:30:00;2019-12-20 22:00:00;92.0
1071729215;2019-12-20 22:00:00;2019-12-20 22:30:00;92.36666666666666
1071729215;2019-12-20 22:30:00;2019-12-20 23:00:00;98.66666666666667
1071729215;2019-12-20 23:00:00;2019-12-20 23:30:00;92.0
1071729215;2019-12-20 23:30:00;2019-12-20 23:59:59;95.26666666666667
1071729215;2019-12-21 00:00:00;2019-12-21 00:30:00;101.63333333333334
1071729215;2019-12-21 00:30:00;2019-12-21 01:00:00;100.56666666666666
1071729215;2019-12-21 01:00:00;2019-12-21 01:30:00;125.3
1071729215;2019-12-21 01:30:00;2019-12-21 02:00:00;125.2
1071729215;2019-12-21 02:00:00;2019-12-21 02:30:00;106.36666666666666
1071729215;2019-12-21 02:30:00;2019-12-21 03:00:00;92.43333333333334
1071729215;2019-12-21 03:00:00;2019-12-21 03:30:00;95.83333333333333
1071729215;2019-12-21 03:30:00;2019-12-21 04:00:00;92.0
1071729215;2019-12-21 04:00:00;2019-12-21 04:30:00;88.9
1071729215;2019-12-21 04:30:00;2019-12-21 05:00:00;101.26666666666667
1071729215;2019-12-21 05:00:00;2019-12-21 05:30:00;91.46666666666667
1071729215;2019-12-21 05:30:00;2019-12-21 06:00:00;106.8
1071729215;2019-12-21 06:00:00;2019-12-21 06:30:00;99.26666666666667
1071729215;2019-12-21 06:30:00;2019-12-21 07:00:00;98.7
1071729215;2019-12-21 07:00:00;2019-12-21 07:30:00;96.13333333333334
1071729215;2019-12-21 07:30:00;2019-12-21 08:00:00;102.76666666666667
1071729215;2019-12-21 08:00:00;2019-12-21 08:30:00;103.53333333333333
1071729215;2019-12-21 08:30:00;2019-12-21 09:00:00;102.1
1071729215;2019-12-21 09:00:00;2019-12-21 09:30:00;106.03333333333333
1071729215;2019-12-21 09:30:00;2019-12-21 10:00:00;118.16666666666667
1071729215;2019-12-21 10:00:00;2019-12-21 10:30:00;108.93333333333334
1071729215;2019-12-21 10:30:00;2019-12-21 11:00:00;114.63333333333334
1071729215;2019-12-21 11:00:00;2019-12-21 11:30:00;100.56666666666666
1071729215;2019-12-21 11:30:00;2019-12-21 12:00:00;98.13333333333334
1071729215;2019-12-21 12:00:00;2019-12-21 12:30:00;105.46666666666667
1071729215;2019-12-21 12:30:00;2019-12-21 13:00:00;103.76666666666667
1071729215;2019-12-21 13:00:00;2019-12-21 13:30:00;104.43333333333334
1071729215;2019-12-21 13:30:00;2019-12-21 14:00:00;97.26666666666667
1071729215;2019-12-21 14:00:00;2019-12-21 14:30:00;91.13333333333334
1071729215;2019-12-21 14:30:00;2019-12-21 15:00:00;98.5
1071729215;2019-12-21 15:00:00;2019-12-21 15:30:00;98.4
1071729215;2019-12-21 15:30:00;2019-12-21 16:00:00;99.56666666666666
1071729215;2019-12-21 16:00:00;2019-12-21 16:30:00;104.36666666666666
1071729215;2019-12-21 16:30:00;2019-12-21 17:00:00;116.16666666666667
1071729215;2019-12-21 17:00:00;2019-12-21 17:30:00;102.26666666666667
1071729215;2019-12-21 17:30:00;2019-12-21 18:00:00;108.03333333333333
1071729215;2019-12-21 18:00:00;2019-12-21 18:30:00;100.66666666666667
1071729215;2019-12-21 18:30:00;2019-12-21 19:00:00;96.46666666666667
1071729215;2019-12-21 19:00:00;2019-12-21 19:30:00;96.93333333333334
1071729215;2019-12-21 19:30:00;2019-12-21 20:00:00;103.4
1071729215;2019-12-21 20:00:00;2019-12-21 20:30:00;105.7
1071729215;2019-12-21 20:30:00;2019-12-21 21:00:00;101.9
1071729215;2019-12-21 21:00:00;2019-12-21 21:30:00;89.36666666666666
1071729215;2019-12-21 21:30:00;2019-12-21 22:00:00;92.0
1071729215;2019-12-21 22:00:00;2019-12-21 22:30:00;86.4
1071729215;2019-12-21 22:30:00;2019-12-21 23:00:00;90.43333333333334
1071729215;2019-12-21 23:00:00;2019-12-21 23:30:00;92.0
1071729215;2019-12-21 23:30:00;2019-12-21 23:59:59;92.0
1071729215;2019-12-22 00:00:00;2019-12-22 00:30:00;89.26666666666667
1071729215;2019-12-22 00:30:00;2019-12-22 01:00:00;92.1
1071729215;2019-12-22 01:00:00;2019-12-22 01:30:00;91.5
1071729215;2019-12-22 01:30:00;2019-12-22 02:00:00;91.8
1071729215;2019-12-22 02:00:00;2019-12-22 02:30:00;92.0
1071729215;2019-12-22 02:30:00;2019-12-22 03:00:00;92.0
1071729215;2019-12-22 03:00:00;2019-12-22 03:30:00;92.0
1071729215;2019-12-22 03:30:00;2019-12-22 04:00:00;92.0
1071729215;2019-12-22 04:00:00;2019-12-22 04:30:00;89.0
1071729215;2019-12-22 04:30:00;2019-12-22 05:00:00;89.0
1071729215;2019-12-22 05:00:00;2019-12-22 05:30:00;87.0
1071729215;2019-12-22 05:30:00;2019-12-22 06:00:00;87.0
1071729215;2019-12-22 06:00:00;2019-12-22 06:30:00;89.0
1071729215;2019-12-22 06:30:00;2019-12-22 07:00:00;92.8
1071729215;2019-12-22 07:00:00;2019-12-22 07:30:00;92.2
1071729215;2019-12-22 07:30:00;2019-12-22 08:00:00;92.36666666666666
1071729215;2019-12-22 08:00:00;2019-12-22 08:30:00;108.1
1071729215;2019-12-22 08:30:00;2019-12-22 09:00:00;96.46666666666667
1071729215;2019-12-22 09:00:00;2019-12-22 09:30:00;95.63333333333334
1071729215;2019-12-22 09:30:00;2019-12-22 10:00:00;97.16666666666667
1071729215;2019-12-22 10:00:00;2019-12-22 10:30:00;96.16666666666667
1071729215;2019-12-22 10:30:00;2019-12-22 11:00:00;104.0
1071729215;2019-12-22 11:00:00;2019-12-22 11:30:00;102.53333333333333
1071729215;2019-12-22 11:30:00;2019-12-22 12:00:00;89.5
1071729215;2019-12-22 12:00:00;2019-12-22 12:30:00;110.56666666666666
1071729215;2019-12-22 12:30:00;2019-12-22 13:00:00;103.0
1071729215;2019-12-22 13:00:00;2019-12-22 13:30:00;110.26666666666667
1071729215;2019-12-22 13:30:00;2019-12-22 14:00:00;99.16666666666667
1071729215;2019-12-22 14:00:00;2019-12-22 14:30:00;95.0
1071729215;2019-12-22 14:30:00;2019-12-22 15:00:00;90.3
1071729215;2019-12-22 15:00:00;2019-12-22 15:30:00;104.13333333333334
1071729215;2019-12-22 15:30:00;2019-12-22 16:00:00;95.03333333333333
1071729215;2019-12-22 16:00:00;2019-12-22 16:30:00;106.4
1071729215;2019-12-22 16:30:00;2019-12-22 17:00:00;98.43333333333334
1071729215;2019-12-22 17:00:00;2019-12-22 17:30:00;109.23333333333333
1071729215;2019-12-22 17:30:00;2019-12-22 18:00:00;97.73333333333333
1071729215;2019-12-22 18:00:00;2019-12-22 18:30:00;96.73333333333333
1071729215;2019-12-22 18:30:00;2019-12-22 19:00:00;109.33333333333333
1071729215;2019-12-22 19:00:00;2019-12-22 19:30:00;87.1
1071729215;2019-12-22 19:30:00;2019-12-22 20:00:00;88.73333333333333
1071729215;2019-12-22 20:00:00;2019-12-22 20:30:00;102.0
1071729215;2019-12-22 20:30:00;2019-12-22 21:00:00;112.06666666666666
1071729215;2019-12-22 21:00:00;2019-12-22 21:30:00;94.43333333333334
1071729215;2019-12-22 21:30:00;2019-12-22 22:00:00;92.13333333333334
1071729215;2019-12-22 22:00:00;2019-12-22 22:30:00;94.26666666666667
1071729215;2019-12-22 22:30:00;2019-12-22 23:00:00;92.56666666666666
1071729215;2019-12-22 23:00:00;2019-12-22 23:30:00;92.0
1071729215;2019-12-22 23:30:00;2019-12-22 23:59:59;90.86666666666666
1071729215;2019-12-23 00:00:00;2019-12-23 00:30:00;91.13333333333334
1071729215;2019-12-23 00:30:00;2019-12-23 01:00:00;92.0
1071729215;2019-12-23 01:00:00;2019-12-23 01:30:00;92.0
1071729215;2019-12-23 01:30:00;2019-12-23 02:00:00;92.0
1071729215;2019-12-23 02:00:00;2019-12-23 02:30:00;92.0
1071729215;2019-12-23 02:30:00;2019-12-23 03:00:00;92.0
1071729215;2019-12-23 03:00:00;2019-12-23 03:30:00;95.43333333333334
1071729215;2019-12-23 03:30:00;2019-12-23 04:00:00;97.46666666666667
1071729215;2019-12-23 04:00:00;2019-12-23 04:30:00;113.5
1071729215;2019-12-23 04:30:00;2019-12-23 05:00:00;85.53333333333333
1071729215;2019-12-23 05:00:00;2019-12-23 05:30:00;90.83333333333333
1071729215;2019-12-23 05:30:00;2019-12-23 06:00:00;94.83333333333333
1071729215;2019-12-23 06:00:00;2019-12-23 06:30:00;98.0
1071729215;2019-12-23 06:30:00;2019-12-23 07:00:00;101.2
1071729215;2019-12-23 07:00:00;2019-12-23 07:30:00;98.1
1071729215;2019-12-23 07:30:00;2019-12-23 08:00:00;89.03333333333333
1071729215;2019-12-23 08:00:00;2019-12-23 08:30:00;85.46666666666667
1071729215;2019-12-23 08:30:00;2019-12-23 09:00:00;96.7
1071729215;2019-12-23 09:00:00;2019-12-23 09:30:00;100.4
1071729215;2019-12-23 09:30:00;2019-12-23 10:00:00;104.83333333333333
1071729215;2019-12-23 10:00:00;2019-12-23 10:30:00;98.2
1071729215;2019-12-23 10:30:00;2019-12-23 11:00:00;86.0
1071729215;2019-12-23 11:00:00;2019-12-23 11:30:00;95.16666666666667
1071729215;2019-12-23 11:30:00;2019-12-23 12:00:00;88.1
1071729215;2019-12-23 12:00:00;2019-12-23 12:30:00;103.3
1071729215;2019-12-23 12:30:00;2019-12-23 13:00:00;104.03333333333333
1071729215;2019-12-23 13:00:00;2019-12-23 13:30:00;108.3
1071729215;2019-12-23 13:30:00;2019-12-23 14:00:00;99.73333333333333
1071729215;2019-12-23 14:00:00;2019-12-23 14:30:00;101.76666666666667
1071729215;2019-12-23 14:30:00;2019-12-23 15:00:00;99.43333333333334
1071729215;2019-12-23 15:00:00;2019-12-23 15:30:00;95.63333333333334
1071729215;2019-12-23 15:30:00;2019-12-23 16:00:00;91.3
1071729215;2019-12-23 16:00:00;2019-12-23 16:30:00;91.4
1071729215;2019-12-23 16:30:00;2019-12-23 17:00:00;91.9
1071729215;2019-12-23 17:00:00;2019-12-23 17:30:00;98.7
1071729215;2019-12-23 17:30:00;2019-12-23 18:00:00;98.16666666666667
1071729215;2019-12-23 18:00:00;2019-12-23 18:30:00;102.6
1071729215;2019-12-23 18:30:00;2019-12-23 19:00:00;94.16666666666667
1071729215;2019-12-23 19:00:00;2019-12-23 19:30:00;96.0
1071729215;2019-12-23 19:30:00;2019-12-23 20:00:00;102.03333333333333
1071729215;2019-12-23 20:00:00;2019-12-23 20:30:00;95.23333333333333
1071729215;2019-12-23 20:30:00;2019-12-23 21:00:00;95.6
1071729215;2019-12-23 21:00:00;2019-12-23 21:30:00;107.63333333333334
1071729215;2019-12-23 21:30:00;2019-12-23 22:00:00;94.93333333333334
1071729215;2019-12-23 22:00:00;2019-12-23 22:30:00;90.33333333333333
1071729215;2019-12-23 22:30:00;2019-12-23 23:00:00;92.0
1071729215;2019-12-23 23:00:00;2019-12-23 23:30:00;92.0
1071729215;2019-12-23 23:30:00;2019-12-23 23:59:59;92.0
1071729215;2019-12-24 00:00:00;2019-12-24 00:30:00;92.0
1071729215;2019-12-24 00:30:00;2019-12-24 01:00:00;92.0
1071729215;2019-12-24 01:00:00;2019-12-24 01:30:00;92.0
1071729215;2019-12-24 01:30:00;2019-12-24 02:00:00;92.0
1071729215;2019-12-24 02:00:00;2019-12-24 02:30:00;92.0
1071729215;2019-12-24 02:30:00;2019-12-24 03:00:00;92.0
1071729215;2019-12-24 03:00:00;2019-12-24 03:30:00;92.0
1071729215;2019-12-24 03:30:00;2019-12-24 04:00:00;92.0
1071729215;2019-12-24 04:00:00;2019-12-24 04:30:00;98.8
1071729215;2019-12-24 04:30:00;2019-12-24 05:00:00;100.0
1071729215;2019-12-24 05:00:00;2019-12-24 05:30:00;100.0
1071729215;2019-12-24 05:30:00;2019-12-24 06:00:00;100.0
1071729215;2019-12-24 06:00:00;2019-12-24 06:30:00;100.0
1071729215;2019-12-24 06:30:00;2019-12-24 07:00:00;100.0
1071729215;2019-12-24 07:00:00;2019-12-24 07:30:00;96.0
1071729215;2019-12-24 07:30:00;2019-12-24 08:00:00;106.03333333333333
1071729215;2019-12-24 08:00:00;2019-12-24 08:30:00;103.73333333333333
1071729215;2019-12-24 08:30:00;2019-12-24 09:00:00;95.1
1071729215;2019-12-24 09:00:00;2019-12-24 09:30:00;108.5
1071729215;2019-12-24 09:30:00;2019-12-24 10:00:00;99.1
1071729215;2019-12-24 10:00:00;2019-12-24 10:30:00;96.83333333333333
1071729215;2019-12-24 10:30:00;2019-12-24 11:00:00;97.8
1071729215;2019-12-24 11:00:00;2019-12-24 11:30:00;102.8
1071729215;2019-12-24 11:30:00;2019-12-24 12:00:00;106.33333333333333
1071729215;2019-12-24 12:00:00;2019-12-24 12:30:00;113.4
1071729215;2019-12-24 12:30:00;2019-12-24 13:00:00;113.26666666666667
1071729215;2019-12-24 13:00:00;2019-12-24 13:30:00;105.6
1071729215;2019-12-24 13:30:00;2019-12-24 14:00:00;94.96666666666667
1071729215;2019-12-24 14:00:00;2019-12-24 14:30:00;98.93333333333334
1071729215;2019-12-24 14:30:00;2019-12-24 15:00:00;98.3
1071729215;2019-12-24 15:00:00;2019-12-24 15:30:00;83.5
1071729215;2019-12-24 15:30:00;2019-12-24 16:00:00;82.5
1071729215;2019-12-24 16:00:00;2019-12-24 16:30:00;87.33333333333333
1071729215;2019-12-24 16:30:00;2019-12-24 17:00:00;103.5
1071729215;2019-12-24 17:00:00;2019-12-24 17:30:00;109.8
1071729215;2019-12-24 17:30:00;2019-12-24 18:00:00;100.6
1071729215;2019-12-24 18:00:00;2019-12-24 18:30:00;101.23333333333333
1071729215;2019-12-24 18:30:00;2019-12-24 19:00:00;98.2
1071729215;2019-12-24 19:00:00;2019-12-24 19:30:00;95.2
1071729215;2019-12-24 19:30:00;2019-12-24 20:00:00;94.7
1071729215;2019-12-24 20:00:00;2019-12-24 20:30:00;100.7
1071729215;2019-12-24 20:30:00;2019-12-24 21:00:00;103.3
1071729215;2019-12-24 21:00:00;2019-12-24 21:30:00;98.03333333333333
1071729215;2019-12-24 21:30:00;2019-12-24 22:00:00;92.0
1071729215;2019-12-24 22:00:00;2019-12-24 22:30:00;90.2
1071729215;2019-12-24 22:30:00;2019-12-24 23:00:00;88.8
1071729215;2019-12-24 23:00:00;2019-12-24 23:30:00;85.6
1071729215;2019-12-24 23:30:00;2019-12-24 23:59:59;84.36666666666666
1071729215;2019-12-25 00:00:00;2019-12-25 00:30:00;92.76666666666667
1071729215;2019-12-25 00:30:00;2019-12-25 01:00:00;93.73333333333333
1071729215;2019-12-25 01:00:00;2019-12-25 01:30:00;92.13333333333334
1071729215;2019-12-25 01:30:00;2019-12-25 02:00:00;92.13333333333334
1071729215;2019-12-25 02:00:00;2019-12-25 02:30:00;92.0
1071729215;2019-12-25 02:30:00;2019-12-25 03:00:00;92.0
1071729215;2019-12-25 03:00:00;2019-12-25 03:30:00;92.0
1071729215;2019-12-25 03:30:00;2019-12-25 04:00:00;97.96666666666667
1071729215;2019-12-25 04:00:00;2019-12-25 04:30:00;96.26666666666667
1071729215;2019-12-25 04:30:00;2019-12-25 05:00:00;98.66666666666667
1071729215;2019-12-25 05:00:00;2019-12-25 05:30:00;100.0
1071729215;2019-12-25 05:30:00;2019-12-25 06:00:00;100.0
1071729215;2019-12-25 06:00:00;2019-12-25 06:30:00;100.0
1071729215;2019-12-25 06:30:00;2019-12-25 07:00:00;100.0
1071729215;2019-12-25 07:00:00;2019-12-25 07:30:00;100.0
1071729215;2019-12-25 07:30:00;2019-12-25 08:00:00;109.46666666666667
1071729215;2019-12-25 08:00:00;2019-12-25 08:30:00;100.0
1071729215;2019-12-25 08:30:00;2019-12-25 09:00:00;100.0
1071729215;2019-12-25 09:00:00;2019-12-25 09:30:00;104.66666666666667
1071729215;2019-12-25 09:30:00;2019-12-25 10:00:00;108.73333333333333
1071729215;2019-12-25 10:00:00;2019-12-25 10:30:00;106.73333333333333
1071729215;2019-12-25 10:30:00;2019-12-25 11:00:00;100.76666666666667
1071729215;2019-12-25 11:00:00;2019-12-25 11:30:00;104.5
1071729215;2019-12-25 11:30:00;2019-12-25 12:00:00;103.73333333333333
1071729215;2019-12-25 12:00:00;2019-12-25 12:30:00;105.16666666666667
1071729215;2019-12-25 12:30:00;2019-12-25 13:00:00;104.83333333333333
1071729215;2019-12-25 13:00:00;2019-12-25 13:30:00;101.5
1071729215;2019-12-25 13:30:00;2019-12-25 14:00:00;97.36666666666666
1071729215;2019-12-25 14:00:00;2019-12-25 14:30:00;101.5
1071729215;2019-12-25 14:30:00;2019-12-25 15:00:00;106.73333333333333
1071729215;2019-12-25 15:00:00;2019-12-25 15:30:00;104.86666666666666
1071729215;2019-12-25 15:30:00;2019-12-25 16:00:00;101.73333333333333
1071729215;2019-12-25 16:00:00;2019-12-25 16:30:00;107.9
1071729215;2019-12-25 16:30:00;2019-12-25 17:00:00;99.4
1071729215;2019-12-25 17:00:00;2019-12-25 17:30:00;101.1
1071729215;2019-12-25 17:30:00;2019-12-25 18:00:00;95.83333333333333
1071729215;2019-12-25 18:00:00;2019-12-25 18:30:00;108.43333333333334
1071729215;2019-12-25 18:30:00;2019-12-25 19:00:00;105.16666666666667
1071729215;2019-12-25 19:00:00;2019-12-25 19:30:00;102.96666666666667
1071729215;2019-12-25 19:30:00;2019-12-25 20:00:00;99.73333333333333
1071729215;2019-12-25 20:00:00;2019-12-25 20:30:00;98.8
1071729215;2019-12-25 20:30:00;2019-12-25 21:00:00;108.9
1071729215;2019-12-25 21:00:00;2019-12-25 21:30:00;98.36666666666666
1071729215;2019-12-25 21:30:00;2019-12-25 22:00:00;92.0
1071729215;2019-12-25 22:00:00;2019-12-25 22:30:00;102.96666666666667
1071729215;2019-12-25 22:30:00;2019-12-25 23:00:00;95.36666666666666
1071729215;2019-12-25 23:00:00;2019-12-25 23:30:00;92.0
1071729215;2019-12-25 23:30:00;2019-12-25 23:59:59;92.43333333333334
1071729215;2019-12-26 00:00:00;2019-12-26 00:30:00;92.0
1071729215;2019-12-26 00:30:00;2019-12-26 01:00:00;92.0
1071729215;2019-12-26 01:00:00;2019-12-26 01:30:00;92.0
1071729215;2019-12-26 01:30:00;2019-12-26 02:00:00;92.0
1071729215;2019-12-26 02:00:00;2019-12-26 02:30:00;92.0
1071729215;2019-12-26 02:30:00;2019-12-26 03:00:00;92.0
1071729215;2019-12-26 03:00:00;2019-12-26 03:30:00;92.0
1071729215;2019-12-26 03:30:00;2019-12-26 04:00:00;92.0
1071729215;2019-12-26 04:00:00;2019-12-26 04:30:00;100.0
1071729215;2019-12-26 04:30:00;2019-12-26 05:00:00;100.0
1071729215;2019-12-26 05:00:00;2019-12-26 05:30:00;100.0
1071729215;2019-12-26 05:30:00;2019-12-26 06:00:00;100.0
1071729215;2019-12-26 06:00:00;2019-12-26 06:30:00;100.0
1071729215;2019-12-26 06:30:00;2019-12-26 07:00:00;100.0
1071729215;2019-12-26 07:00:00;2019-12-26 07:30:00;102.66666666666667
1071729215;2019-12-26 07:30:00;2019-12-26 08:00:00;100.0
1071729215;2019-12-26 08:00:00;2019-12-26 08:30:00;99.0
1071729215;2019-12-26 08:30:00;2019-12-26 09:00:00;104.5
1071729215;2019-12-26 09:00:00;2019-12-26 09:30:00;105.4
1071729215;2019-12-26 09:30:00;2019-12-26 10:00:00;105.0
1071729215;2019-12-26 10:00:00;2019-12-26 10:30:00;97.8
1071729215;2019-12-26 10:30:00;2019-12-26 11:00:00;107.1
1071729215;2019-12-26 11:00:00;2019-12-26 11:30:00;94.56666666666666
1071729215;2019-12-26 11:30:00;2019-12-26 12:00:00;98.83333333333333
1071729215;2019-12-26 12:00:00;2019-12-26 12:30:00;93.6
1071729215;2019-12-26 12:30:00;2019-12-26 13:00:00;97.7
1071729215;2019-12-26 13:00:00;2019-12-26 13:30:00;91.53333333333333
1071729215;2019-12-26 13:30:00;2019-12-26 14:00:00;97.3
1071729215;2019-12-26 14:00:00;2019-12-26 14:30:00;98.9
1071729215;2019-12-26 14:30:00;2019-12-26 15:00:00;95.1
1071729215;2019-12-26 15:00:00;2019-12-26 15:30:00;96.13333333333334
1071729215;2019-12-26 15:30:00;2019-12-26 16:00:00;92.76666666666667
1071729215;2019-12-26 16:00:00;2019-12-26 16:30:00;105.3
1071729215;2019-12-26 16:30:00;2019-12-26 17:00:00;92.56666666666666
1071729215;2019-12-26 17:00:00;2019-12-26 17:30:00;102.63333333333334
1071729215;2019-12-26 17:30:00;2019-12-26 18:00:00;96.1
1071729215;2019-12-26 18:00:00;2019-12-26 18:30:00;101.53333333333333
1071729215;2019-12-26 18:30:00;2019-12-26 19:00:00;111.26666666666667
1071729215;2019-12-26 19:00:00;2019-12-26 19:30:00;114.2
1071729215;2019-12-26 19:30:00;2019-12-26 20:00:00;107.23333333333333
1071729215;2019-12-26 20:00:00;2019-12-26 20:30:00;106.96666666666667
1071729215;2019-12-26 20:30:00;2019-12-26 21:00:00;105.23333333333333
1071729215;2019-12-26 21:00:00;2019-12-26 21:30:00;92.26666666666667
1071729215;2019-12-26 21:30:00;2019-12-26 22:00:00;92.0
1071729215;2019-12-26 22:00:00;2019-12-26 22:30:00;98.03333333333333
1071729215;2019-12-26 22:30:00;2019-12-26 23:00:00;92.0
1071729215;2019-12-26 23:00:00;2019-12-26 23:30:00;92.0
1071729215;2019-12-26 23:30:00;2019-12-26 23:59:59;100.9
1071729215;2019-12-27 00:00:00;2019-12-27 00:30:00;92.3
1071729215;2019-12-27 00:30:00;2019-12-27 01:00:00;93.0
1071729215;2019-12-27 01:00:00;2019-12-27 01:30:00;93.0
1071729215;2019-12-27 01:30:00;2019-12-27 02:00:00;92.0
1071729215;2019-12-27 02:00:00;2019-12-27 02:30:00;92.0
1071729215;2019-12-27 02:30:00;2019-12-27 03:00:00;92.0
1071729215;2019-12-27 03:00:00;2019-12-27 03:30:00;92.0
1071729215;2019-12-27 03:30:00;2019-12-27 04:00:00;92.0
1071729215;2019-12-27 04:00:00;2019-12-27 04:30:00;85.0
1071729215;2019-12-27 04:30:00;2019-12-27 05:00:00;85.93333333333334
1071729215;2019-12-27 05:00:00;2019-12-27 05:30:00;90.73333333333333
1071729215;2019-12-27 05:30:00;2019-12-27 06:00:00;95.3
1071729215;2019-12-27 06:00:00;2019-12-27 06:30:00;93.76666666666667
1071729215;2019-12-27 06:30:00;2019-12-27 07:00:00;93.23333333333333
1071729215;2019-12-27 07:00:00;2019-12-27 07:30:00;95.63333333333334
1071729215;2019-12-27 07:30:00;2019-12-27 08:00:00;97.33333333333333
1071729215;2019-12-27 08:00:00;2019-12-27 08:30:00;98.36666666666666
1071729215;2019-12-27 08:30:00;2019-12-27 09:00:00;111.63333333333334
1071729215;2019-12-27 09:00:00;2019-12-27 09:30:00;91.53333333333333
1071729215;2019-12-27 09:30:00;2019-12-27 10:00:00;104.93333333333334
1071729215;2019-12-27 10:00:00;2019-12-27 10:30:00;106.13333333333334
1071729215;2019-12-27 10:30:00;2019-12-27 11:00:00;101.9
1071729215;2019-12-27 11:00:00;2019-12-27 11:30:00;98.56666666666666
1071729215;2019-12-27 11:30:00;2019-12-27 12:00:00;90.16666666666667
1071729215;2019-12-27 12:00:00;2019-12-27 12:30:00;103.16666666666667
1071729215;2019-12-27 12:30:00;2019-12-27 13:00:00;98.73333333333333
1071729215;2019-12-27 13:00:00;2019-12-27 13:30:00;104.03333333333333
1071729215;2019-12-27 13:30:00;2019-12-27 14:00:00;102.96666666666667
1071729215;2019-12-27 14:00:00;2019-12-27 14:30:00;85.9
1071729215;2019-12-27 14:30:00;2019-12-27 15:00:00;82.93333333333334
1071729215;2019-12-27 15:00:00;2019-12-27 15:30:00;97.26666666666667
1071729215;2019-12-27 15:30:00;2019-12-27 16:00:00;89.63333333333334
1071729215;2019-12-27 16:00:00;2019-12-27 16:30:00;96.63333333333334
1071729215;2019-12-27 16:30:00;2019-12-27 17:00:00;92.36666666666666
1071729215;2019-12-27 17:00:00;2019-12-27 17:30:00;93.33333333333333
1071729215;2019-12-27 17:30:00;2019-12-27 18:00:00;104.63333333333334
1071729215;2019-12-27 18:00:00;2019-12-27 18:30:00;113.56666666666666
1071729215;2019-12-27 18:30:00;2019-12-27 19:00:00;103.0
1071729215;2019-12-27 19:00:00;2019-12-27 19:30:00;107.5
1071729215;2019-12-27 19:30:00;2019-12-27 20:00:00;108.86666666666666
1071729215;2019-12-27 20:00:00;2019-12-27 20:30:00;114.7
1071729215;2019-12-27 20:30:00;2019-12-27 21:00:00;103.0
1071729215;2019-12-27 21:00:00;2019-12-27 21:30:00;103.2
1071729215;2019-12-27 21:30:00;2019-12-27 22:00:00;117.96666666666667
1071729215;2019-12-27 22:00:00;2019-12-27 22:30:00;93.0
1071729215;2019-12-27 22:30:00;2019-12-27 23:00:00;102.83333333333333
1071729215;2019-12-27 23:00:00;2019-12-27 23:30:00;108.33333333333333
1071729215;2019-12-27 23:30:00;2019-12-27 23:59:59;88.93333333333334
1071729215;2019-12-28 00:00:00;2019-12-28 00:30:00;100.2
1071729215;2019-12-28 00:30:00;2019-12-28 01:00:00;97.8
1071729215;2019-12-28 01:00:00;2019-12-28 01:30:00;92.0
1071729215;2019-12-28 01:30:00;2019-12-28 02:00:00;94.0
1071729215;2019-12-28 02:00:00;2019-12-28 02:30:00;91.76666666666667
1071729215;2019-12-28 02:30:00;2019-12-28 03:00:00;91.63333333333334
1071729215;2019-12-28 03:00:00;2019-12-28 03:30:00;92.0
1071729215;2019-12-28 03:30:00;2019-12-28 04:00:00;93.5
1071729215;2019-12-28 04:00:00;2019-12-28 04:30:00;99.36666666666666
1071729215;2019-12-28 04:30:00;2019-12-28 05:00:00;94.06666666666666
1071729215;2019-12-28 05:00:00;2019-12-28 05:30:00;109.5
1071729215;2019-12-28 05:30:00;2019-12-28 06:00:00;108.5
1071729215;2019-12-28 06:00:00;2019-12-28 06:30:00;95.03333333333333
1071729215;2019-12-28 06:30:00;2019-12-28 07:00:00;101.46666666666667
1071729215;2019-12-28 07:00:00;2019-12-28 07:30:00;98.16666666666667
1071729215;2019-12-28 07:30:00;2019-12-28 08:00:00;100.8
1071729215;2019-12-28 08:00:00;2019-12-28 08:30:00;104.86666666666666
1071729215;2019-12-28 08:30:00;2019-12-28 09:00:00;97.66666666666667
1071729215;2019-12-28 09:00:00;2019-12-28 09:30:00;110.66666666666667
1071729215;2019-12-28 09:30:00;2019-12-28 10:00:00;102.8
1071729215;2019-12-28 10:00:00;2019-12-28 10:30:00;109.3
1071729215;2019-12-28 10:30:00;2019-12-28 11:00:00;103.63333333333334
1071729215;2019-12-28 11:00:00;2019-12-28 11:30:00;98.53333333333333
1071729215;2019-12-28 11:30:00;2019-12-28 12:00:00;102.76666666666667
1071729215;2019-12-28 12:00:00;2019-12-28 12:30:00;102.63333333333334
1071729215;2019-12-28 12:30:00;2019-12-28 13:00:00;102.06666666666666
1071729215;2019-12-28 13:00:00;2019-12-28 13:30:00;101.7
1071729215;2019-12-28 13:30:00;2019-12-28 14:00:00;94.2
1071729215;2019-12-28 14:00:00;2019-12-28 14:30:00;94.53333333333333
1071729215;2019-12-28 14:30:00;2019-12-28 15:00:00;86.06666666666666
1071729215;2019-12-28 15:00:00;2019-12-28 15:30:00;82.13333333333334
1071729215;2019-12-28 15:30:00;2019-12-28 16:00:00;88.3
1071729215;2019-12-28 16:00:00;2019-12-28 16:30:00;99.9
1071729215;2019-12-28 16:30:00;2019-12-28 17:00:00;92.86666666666666
1071729215;2019-12-28 17:00:00;2019-12-28 17:30:00;88.56666666666666
1071729215;2019-12-28 17:30:00;2019-12-28 18:00:00;107.0
1071729215;2019-12-28 18:00:00;2019-12-28 18:30:00;104.13333333333334
1071729215;2019-12-28 18:30:00;2019-12-28 19:00:00;110.1
1071729215;2019-12-28 19:00:00;2019-12-28 19:30:00;101.03333333333333
1071729215;2019-12-28 19:30:00;2019-12-28 20:00:00;103.9
1071729215;2019-12-28 20:00:00;2019-12-28 20:30:00;102.73333333333333
1071729215;2019-12-28 20:30:00;2019-12-28 21:00:00;103.23333333333333
1071729215;2019-12-28 21:00:00;2019-12-28 21:30:00;101.76666666666667
1071729215;2019-12-28 21:30:00;2019-12-28 22:00:00;92.33333333333333
1071729215;2019-12-28 22:00:00;2019-12-28 22:30:00;92.0
1071729215;2019-12-28 22:30:00;2019-12-28 23:00:00;92.0
1071729215;2019-12-28 23:00:00;2019-12-28 23:30:00;92.0
1071729215;2019-12-28 23:30:00;2019-12-28 23:59:59;90.03333333333333
1071729215;2019-12-29 00:00:00;2019-12-29 00:30:00;92.0
1071729215;2019-12-29 00:30:00;2019-12-29 01:00:00;92.63333333333334
1071729215;2019-12-29 01:00:00;2019-12-29 01:30:00;92.0
1071729215;2019-12-29 01:30:00;2019-12-29 02:00:00;102.66666666666667
1071729215;2019-12-29 02:00:00;2019-12-29 02:30:00;110.9
1071729215;2019-12-29 02:30:00;2019-12-29 03:00:00;117.0
1071729215;2019-12-29 03:00:00;2019-12-29 03:30:00;104.3
1071729215;2019-12-29 03:30:00;2019-12-29 04:00:00;90.8
1071729215;2019-12-29 04:00:00;2019-12-29 04:30:00;89.0
1071729215;2019-12-29 04:30:00;2019-12-29 05:00:00;89.0
1071729215;2019-12-29 05:00:00;2019-12-29 05:30:00;88.0
1071729215;2019-12-29 05:30:00;2019-12-29 06:00:00;87.06666666666666
1071729215;2019-12-29 06:00:00;2019-12-29 06:30:00;89.0
1071729215;2019-12-29 06:30:00;2019-12-29 07:00:00;89.0
1071729215;2019-12-29 07:00:00;2019-12-29 07:30:00;91.63333333333334
1071729215;2019-12-29 07:30:00;2019-12-29 08:00:00;93.66666666666667
1071729215;2019-12-29 08:00:00;2019-12-29 08:30:00;95.56666666666666
1071729215;2019-12-29 08:30:00;2019-12-29 09:00:00;94.63333333333334
1071729215;2019-12-29 09:00:00;2019-12-29 09:30:00;95.76666666666667
1071729215;2019-12-29 09:30:00;2019-12-29 10:00:00;104.7
1071729215;2019-12-29 10:00:00;2019-12-29 10:30:00;112.53333333333333
1071729215;2019-12-29 10:30:00;2019-12-29 11:00:00;108.06666666666666
1071729215;2019-12-29 11:00:00;2019-12-29 11:30:00;101.36666666666666
1071729215;2019-12-29 11:30:00;2019-12-29 12:00:00;102.33333333333333
1071729215;2019-12-29 12:00:00;2019-12-29 12:30:00;100.66666666666667
1071729215;2019-12-29 12:30:00;2019-12-29 13:00:00;102.13333333333334
1071729215;2019-12-29 13:00:00;2019-12-29 13:30:00;97.1
1071729215;2019-12-29 13:30:00;2019-12-29 14:00:00;89.56666666666666
1071729215;2019-12-29 14:00:00;2019-12-29 14:30:00;91.86666666666666
1071729215;2019-12-29 14:30:00;2019-12-29 15:00:00;79.3
1071729215;2019-12-29 15:00:00;2019-12-29 15:30:00;81.7
1071729215;2019-12-29 15:30:00;2019-12-29 16:00:00;97.76666666666667
1071729215;2019-12-29 16:00:00;2019-12-29 16:30:00;81.6
1071729215;2019-12-29 16:30:00;2019-12-29 17:00:00;88.9
1071729215;2019-12-29 17:00:00;2019-12-29 17:30:00;87.66666666666667
1071729215;2019-12-29 17:30:00;2019-12-29 18:00:00;87.03333333333333
1071729215;2019-12-29 18:00:00;2019-12-29 18:30:00;96.53333333333333
1071729215;2019-12-29 18:30:00;2019-12-29 19:00:00;85.43333333333334
1071729215;2019-12-29 19:00:00;2019-12-29 19:30:00;108.6
1071729215;2019-12-29 19:30:00;2019-12-29 20:00:00;105.26666666666667
1071729215;2019-12-29 20:00:00;2019-12-29 20:30:00;105.0
1071729215;2019-12-29 20:30:00;2019-12-29 21:00:00;121.8
1071729215;2019-12-29 21:00:00;2019-12-29 21:30:00;93.96666666666667
1071729215;2019-12-29 21:30:00;2019-12-29 22:00:00;103.8
1071729215;2019-12-29 22:00:00;2019-12-29 22:30:00;101.1
1071729215;2019-12-29 22:30:00;2019-12-29 23:00:00;103.46666666666667
1071729215;2019-12-29 23:00:00;2019-12-29 23:30:00;98.03333333333333
1071729215;2019-12-29 23:30:00;2019-12-29 23:59:59;92.0
1071729215;2019-12-30 00:00:00;2019-12-30 00:30:00;89.36666666666666
1071729215;2019-12-30 00:30:00;2019-12-30 01:00:00;91.2
1071729215;2019-12-30 01:00:00;2019-12-30 01:30:00;88.86666666666666
1071729215;2019-12-30 01:30:00;2019-12-30 02:00:00;92.0
1071729215;2019-12-30 02:00:00;2019-12-30 02:30:00;92.0
1071729215;2019-12-30 02:30:00;2019-12-30 03:00:00;92.0
1071729215;2019-12-30 03:00:00;2019-12-30 03:30:00;92.0
1071729215;2019-12-30 03:30:00;2019-12-30 04:00:00;92.0
1071729215;2019-12-30 04:00:00;2019-12-30 04:30:00;86.43333333333334
1071729215;2019-12-30 04:30:00;2019-12-30 05:00:00;85.4
1071729215;2019-12-30 05:00:00;2019-12-30 05:30:00;92.9
1071729215;2019-12-30 05:30:00;2019-12-30 06:00:00;108.83333333333333
1071729215;2019-12-30 06:00:00;2019-12-30 06:30:00;107.63333333333334
1071729215;2019-12-30 06:30:00;2019-12-30 07:00:00;105.43333333333334
1071729215;2019-12-30 07:00:00;2019-12-30 07:30:00;106.7
1071729215;2019-12-30 07:30:00;2019-12-30 08:00:00;104.9
1071729215;2019-12-30 08:00:00;2019-12-30 08:30:00;113.4
1071729215;2019-12-30 08:30:00;2019-12-30 09:00:00;107.2
1071729215;2019-12-30 09:00:00;2019-12-30 09:30:00;98.23333333333333
1071729215;2019-12-30 09:30:00;2019-12-30 10:00:00;105.8
1071729215;2019-12-30 10:00:00;2019-12-30 10:30:00;114.43333333333334
1071729215;2019-12-30 10:30:00;2019-12-30 11:00:00;103.83333333333333
1071729215;2019-12-30 11:00:00;2019-12-30 11:30:00;93.56666666666666
1071729215;2019-12-30 11:30:00;2019-12-30 12:00:00;105.86666666666666
1071729215;2019-12-30 12:00:00;2019-12-30 12:30:00;100.93333333333334
1071729215;2019-12-30 12:30:00;2019-12-30 13:00:00;109.66666666666667
1071729215;2019-12-30 13:00:00;2019-12-30 13:30:00;104.2
1071729215;2019-12-30 13:30:00;2019-12-30 14:00:00;92.63333333333334
1071729215;2019-12-30 14:00:00;2019-12-30 14:30:00;100.33333333333333
1071729215;2019-12-30 14:30:00;2019-12-30 15:00:00;104.2
1071729215;2019-12-30 15:00:00;2019-12-30 15:30:00;95.26666666666667
1071729215;2019-12-30 15:30:00;2019-12-30 16:00:00;98.0
1071729215;2019-12-30 16:00:00;2019-12-30 16:30:00;109.33333333333333
1071729215;2019-12-30 16:30:00;2019-12-30 17:00:00;107.36666666666666
1071729215;2019-12-30 17:00:00;2019-12-30 17:30:00;94.5
1071729215;2019-12-30 17:30:00;2019-12-30 18:00:00;96.76666666666667
1071729215;2019-12-30 18:00:00;2019-12-30 18:30:00;100.8
1071729215;2019-12-30 18:30:00;2019-12-30 19:00:00;97.36666666666666
1071729215;2019-12-30 19:00:00;2019-12-30 19:30:00;91.36666666666666
1071729215;2019-12-30 19:30:00;2019-12-30 20:00:00;93.26666666666667
1071729215;2019-12-30 20:00:00;2019-12-30 20:30:00;109.36666666666666
1071729215;2019-12-30 20:30:00;2019-12-30 21:00:00;102.76666666666667
1071729215;2019-12-30 21:00:00;2019-12-30 21:30:00;105.13333333333334
1071729215;2019-12-30 21:30:00;2019-12-30 22:00:00;92.0
1071729215;2019-12-30 22:00:00;2019-12-30 22:30:00;115.16666666666667
1071729215;2019-12-30 22:30:00;2019-12-30 23:00:00;103.6
1071729215;2019-12-30 23:00:00;2019-12-30 23:30:00;95.4
1071729215;2019-12-30 23:30:00;2019-12-30 23:59:59;92.0
1071729215;2019-12-31 00:00:00;2019-12-31 00:30:00;92.0
1071729215;2019-12-31 00:30:00;2019-12-31 01:00:00;92.0
1071729215;2019-12-31 01:00:00;2019-12-31 01:30:00;92.0
1071729215;2019-12-31 01:30:00;2019-12-31 02:00:00;92.0
1071729215;2019-12-31 02:00:00;2019-12-31 02:30:00;92.0
1071729215;2019-12-31 02:30:00;2019-12-31 03:00:00;92.0
1071729215;2019-12-31 03:00:00;2019-12-31 03:30:00;91.46666666666667
1071729215;2019-12-31 03:30:00;2019-12-31 04:00:00;92.0
1071729215;2019-12-31 04:00:00;2019-12-31 04:30:00;100.0
1071729215;2019-12-31 04:30:00;2019-12-31 05:00:00;102.63333333333334
1071729215;2019-12-31 05:00:00;2019-12-31 05:30:00;102.9
1071729215;2019-12-31 05:30:00;2019-12-31 06:00:00;100.0
1071729215;2019-12-31 06:00:00;2019-12-31 06:30:00;100.96666666666667
1071729215;2019-12-31 06:30:00;2019-12-31 07:00:00;101.2
1071729215;2019-12-31 07:00:00;2019-12-31 07:30:00;100.3
1071729215;2019-12-31 07:30:00;2019-12-31 08:00:00;92.16666666666667
1071729215;2019-12-31 08:00:00;2019-12-31 08:30:00;104.16666666666667
1071729215;2019-12-31 08:30:00;2019-12-31 09:00:00;113.86666666666666
1071729215;2019-12-31 09:00:00;2019-12-31 09:30:00;98.63333333333334
1071729215;2019-12-31 09:30:00;2019-12-31 10:00:00;97.0
1071729215;2019-12-31 10:00:00;2019-12-31 10:30:00;110.56666666666666
1071729215;2019-12-31 10:30:00;2019-12-31 11:00:00;113.06666666666666
1071729215;2019-12-31 11:00:00;2019-12-31 11:30:00;98.76666666666667
1071729215;2019-12-31 11:30:00;2019-12-31 12:00:00;104.7
1071729215;2019-12-31 12:00:00;2019-12-31 12:30:00;111.96666666666667
1071729215;2019-12-31 12:30:00;2019-12-31 13:00:00;98.1
1071729215;2019-12-31 13:00:00;2019-12-31 13:30:00;111.06666666666666
1071729215;2019-12-31 13:30:00;2019-12-31 14:00:00;90.33333333333333
1071729215;2019-12-31 14:00:00;2019-12-31 14:30:00;102.1
1071729215;2019-12-31 14:30:00;2019-12-31 15:00:00;91.56666666666666
1071729215;2019-12-31 15:00:00;2019-12-31 15:30:00;104.93333333333334
1071729215;2019-12-31 15:30:00;2019-12-31 16:00:00;98.23333333333333
1071729215;2019-12-31 16:00:00;2019-12-31 16:30:00;103.23333333333333
1071729215;2019-12-31 16:30:00;2019-12-31 17:00:00;94.33333333333333
1071729215;2019-12-31 17:00:00;2019-12-31 17:30:00;104.73333333333333
1071729215;2019-12-31 17:30:00;2019-12-31 18:00:00;102.63333333333334
1071729215;2019-12-31 18:00:00;2019-12-31 18:30:00;94.36666666666666
1071729215;2019-12-31 18:30:00;2019-12-31 19:00:00;106.03333333333333
1071729215;2019-12-31 19:00:00;2019-12-31 19:30:00;98.03333333333333
1071729215;2019-12-31 19:30:00;2019-12-31 20:00:00;93.13333333333334
1071729215;2019-12-31 20:00:00;2019-12-31 20:30:00;86.66666666666667
1071729215;2019-12-31 20:30:00;2019-12-31 21:00:00;81.46666666666667
1071729215;2019-12-31 21:00:00;2019-12-31 21:30:00;91.6
1071729215;2019-12-31 21:30:00;2019-12-31 22:00:00;96.83333333333333
1071729215;2019-12-31 22:00:00;2019-12-31 22:30:00;92.0
1071729215;2019-12-31 22:30:00;2019-12-31 23:00:00;92.0
1071729215;2019-12-31 23:00:00;2019-12-31 23:30:00;92.0
1071729215;2019-12-31 23:30:00;2019-12-31 23:59:59;89.66666666666667
1071729215;2020-01-01 00:00:00;2020-01-01 00:30:00;102.63333333333334
1071729215;2020-01-01 00:30:00;2020-01-01 01:00:00;105.2
1071729215;2020-01-01 01:00:00;2020-01-01 01:30:00;112.46428571428571
1071729215;2020-01-01 01:30:00;2020-01-01 02:00:00;101.1
1071729215;2020-01-01 02:00:00;2020-01-01 02:30:00;91.0
1071729215;2020-01-01 02:30:00;2020-01-01 03:00:00;92.0
1071729215;2020-01-01 03:00:00;2020-01-01 03:30:00;92.0
1071729215;2020-01-01 03:30:00;2020-01-01 04:00:00;92.0
1071729215;2020-01-01 04:00:00;2020-01-01 04:30:00;84.0
1071729215;2020-01-01 04:30:00;2020-01-01 05:00:00;84.0
1071729215;2020-01-01 05:00:00;2020-01-01 05:30:00;90.0
1071729215;2020-01-01 05:30:00;2020-01-01 06:00:00;90.0
1071729215;2020-01-01 06:00:00;2020-01-01 06:30:00;97.0
1071729215;2020-01-01 06:30:00;2020-01-01 07:00:00;97.0
1071729215;2020-01-01 07:00:00;2020-01-01 07:30:00;87.23333333333333
1071729215;2020-01-01 07:30:00;2020-01-01 08:00:00;86.46666666666667
1071729215;2020-01-01 08:00:00;2020-01-01 08:30:00;89.6
1071729215;2020-01-01 08:30:00;2020-01-01 09:00:00;90.0
1071729215;2020-01-01 09:00:00;2020-01-01 09:30:00;102.3
1071729215;2020-01-01 09:30:00;2020-01-01 10:00:00;90.0
1071729215;2020-01-01 10:00:00;2020-01-01 10:30:00;98.56666666666666
1071729215;2020-01-01 10:30:00;2020-01-01 11:00:00;100.63333333333334
1071729215;2020-01-01 11:00:00;2020-01-01 11:30:00;109.03333333333333
1071729215;2020-01-01 11:30:00;2020-01-01 12:00:00;111.53333333333333
1071729215;2020-01-01 12:00:00;2020-01-01 12:30:00;105.63333333333334
1071729215;2020-01-01 12:30:00;2020-01-01 13:00:00;117.3
1071729215;2020-01-01 13:00:00;2020-01-01 13:30:00;104.9
1071729215;2020-01-01 13:30:00;2020-01-01 14:00:00;96.16666666666667
1071729215;2020-01-01 14:00:00;2020-01-01 14:30:00;100.43333333333334
1071729215;2020-01-01 14:30:00;2020-01-01 15:00:00;94.66666666666667
1071729215;2020-01-01 15:00:00;2020-01-01 15:30:00;90.56666666666666
1071729215;2020-01-01 15:30:00;2020-01-01 16:00:00;98.6
1071729215;2020-01-01 16:00:00;2020-01-01 16:30:00;98.66666666666667
1071729215;2020-01-01 16:30:00;2020-01-01 17:00:00;109.8
1071729215;2020-01-01 17:00:00;2020-01-01 17:30:00;104.86666666666666
1071729215;2020-01-01 17:30:00;2020-01-01 18:00:00;88.76666666666667
1071729215;2020-01-01 18:00:00;2020-01-01 18:30:00;104.7
1071729215;2020-01-01 18:30:00;2020-01-01 19:00:00;107.6
1071729215;2020-01-01 19:00:00;2020-01-01 19:30:00;116.73333333333333
1071729215;2020-01-01 19:30:00;2020-01-01 20:00:00;100.7
1071729215;2020-01-01 20:00:00;2020-01-01 20:30:00;107.93333333333334
1071729215;2020-01-01 20:30:00;2020-01-01 21:00:00;105.6
1071729215;2020-01-01 21:00:00;2020-01-01 21:30:00;90.9
1071729215;2020-01-01 21:30:00;2020-01-01 22:00:00;102.93333333333334
1071729215;2020-01-01 22:00:00;2020-01-01 22:30:00;94.96666666666667
1071729215;2020-01-01 22:30:00;2020-01-01 23:00:00;94.0
1071729215;2020-01-01 23:00:00;2020-01-01 23:30:00;91.2
1071729215;2020-01-01 23:30:00;2020-01-01 23:59:59;92.36666666666666
1071729215;2020-01-02 00:00:00;2020-01-02 00:30:00;92.0
1071729215;2020-01-02 00:30:00;2020-01-02 01:00:00;92.0
1071729215;2020-01-02 01:00:00;2020-01-02 01:30:00;92.0
1071729215;2020-01-02 01:30:00;2020-01-02 02:00:00;98.6
1071729215;2020-01-02 02:00:00;2020-01-02 02:30:00;95.46666666666667
1071729215;2020-01-02 02:30:00;2020-01-02 03:00:00;95.16666666666667
1071729215;2020-01-02 03:00:00;2020-01-02 03:30:00;97.0
1071729215;2020-01-02 03:30:00;2020-01-02 04:00:00;93.0
1071729215;2020-01-02 04:00:00;2020-01-02 04:30:00;86.9
1071729215;2020-01-02 04:30:00;2020-01-02 05:00:00;87.4
1071729215;2020-01-02 05:00:00;2020-01-02 05:30:00;109.2
1071729215;2020-01-02 05:30:00;2020-01-02 06:00:00;90.93333333333334
1071729215;2020-01-02 06:00:00;2020-01-02 06:30:00;109.03333333333333
1071729215;2020-01-02 06:30:00;2020-01-02 07:00:00;106.93333333333334
1071729215;2020-01-02 07:00:00;2020-01-02 07:30:00;109.6
1071729215;2020-01-02 07:30:00;2020-01-02 08:00:00;99.16666666666667
1071729215;2020-01-02 08:00:00;2020-01-02 08:30:00;93.6
1071729215;2020-01-02 08:30:00;2020-01-02 09:00:00;97.86666666666666
1071729215;2020-01-02 09:00:00;2020-01-02 09:30:00;98.8
1071729215;2020-01-02 09:30:00;2020-01-02 10:00:00;96.06666666666666
1071729215;2020-01-02 10:00:00;2020-01-02 10:30:00;110.43333333333334
1071729215;2020-01-02 10:30:00;2020-01-02 11:00:00;107.86666666666666
1071729215;2020-01-02 11:00:00;2020-01-02 11:30:00;103.73333333333333
1071729215;2020-01-02 11:30:00;2020-01-02 12:00:00;102.2
1071729215;2020-01-02 12:00:00;2020-01-02 12:30:00;91.23333333333333
1071729215;2020-01-02 12:30:00;2020-01-02 13:00:00;96.2
1071729215;2020-01-02 13:00:00;2020-01-02 13:30:00;94.33333333333333
1071729215;2020-01-02 13:30:00;2020-01-02 14:00:00;85.2
1071729215;2020-01-02 14:00:00;2020-01-02 14:30:00;90.73333333333333
1071729215;2020-01-02 14:30:00;2020-01-02 15:00:00;90.13333333333334
1071729215;2020-01-02 15:00:00;2020-01-02 15:30:00;85.13333333333334
1071729215;2020-01-02 15:30:00;2020-01-02 16:00:00;82.53333333333333
1071729215;2020-01-02 16:00:00;2020-01-02 16:30:00;85.96666666666667
1071729215;2020-01-02 16:30:00;2020-01-02 17:00:00;89.66666666666667
1071729215;2020-01-02 17:00:00;2020-01-02 17:30:00;103.63333333333334
1071729215;2020-01-02 17:30:00;2020-01-02 18:00:00;103.56666666666666
1071729215;2020-01-02 18:00:00;2020-01-02 18:30:00;110.76666666666667
1071729215;2020-01-02 18:30:00;2020-01-02 19:00:00;113.73333333333333
1071729215;2020-01-02 19:00:00;2020-01-02 19:30:00;114.2
1071729215;2020-01-02 19:30:00;2020-01-02 20:00:00;100.8
1071729215;2020-01-02 20:00:00;2020-01-02 20:30:00;93.6
1071729215;2020-01-02 20:30:00;2020-01-02 21:00:00;99.33333333333333
1071729215;2020-01-02 21:00:00;2020-01-02 21:30:00;112.3
1071729215;2020-01-02 21:30:00;2020-01-02 22:00:00;122.0
1071729215;2020-01-02 22:00:00;2020-01-02 22:30:00;109.5
1071729215;2020-01-02 22:30:00;2020-01-02 23:00:00;97.9
1071729215;2020-01-02 23:00:00;2020-01-02 23:30:00;94.93333333333334
1071729215;2020-01-02 23:30:00;2020-01-02 23:59:59;93.2
1071729215;2020-01-03 00:00:00;2020-01-03 00:30:00;88.76666666666667
1071729215;2020-01-03 00:30:00;2020-01-03 01:00:00;91.06666666666666
1071729215;2020-01-03 01:00:00;2020-01-03 01:30:00;92.0
1071729215;2020-01-03 01:30:00;2020-01-03 02:00:00;92.0
1071729215;2020-01-03 02:00:00;2020-01-03 02:30:00;92.0
1071729215;2020-01-03 02:30:00;2020-01-03 03:00:00;92.0
1071729215;2020-01-03 03:00:00;2020-01-03 03:30:00;93.33333333333333
1071729215;2020-01-03 03:30:00;2020-01-03 04:00:00;95.9
1071729215;2020-01-03 04:00:00;2020-01-03 04:30:00;88.43333333333334
1071729215;2020-01-03 04:30:00;2020-01-03 05:00:00;108.83333333333333
1071729215;2020-01-03 05:00:00;2020-01-03 05:30:00;106.36666666666666
1071729215;2020-01-03 05:30:00;2020-01-03 06:00:00;107.33333333333333
1071729215;2020-01-03 06:00:00;2020-01-03 06:30:00;113.8
1071729215;2020-01-03 06:30:00;2020-01-03 07:00:00;100.5
1071729215;2020-01-03 07:00:00;2020-01-03 07:30:00;88.0
1071729215;2020-01-03 07:30:00;2020-01-03 08:00:00;92.0
1071729215;2020-01-03 08:00:00;2020-01-03 08:30:00;99.3
1071729215;2020-01-03 08:30:00;2020-01-03 09:00:00;98.46666666666667
1071729215;2020-01-03 09:00:00;2020-01-03 09:30:00;109.36666666666666
1071729215;2020-01-03 09:30:00;2020-01-03 10:00:00;108.26666666666667
1071729215;2020-01-03 10:00:00;2020-01-03 10:30:00;94.1
1071729215;2020-01-03 10:30:00;2020-01-03 11:00:00;102.86666666666666
1071729215;2020-01-03 11:00:00;2020-01-03 11:30:00;101.66666666666667
1071729215;2020-01-03 11:30:00;2020-01-03 12:00:00;102.9
1071729215;2020-01-03 12:00:00;2020-01-03 12:30:00;100.33333333333333
1071729215;2020-01-03 12:30:00;2020-01-03 13:00:00;93.6
1071729215;2020-01-03 13:00:00;2020-01-03 13:30:00;89.5
1071729215;2020-01-03 13:30:00;2020-01-03 14:00:00;105.13333333333334
1071729215;2020-01-03 14:00:00;2020-01-03 14:30:00;90.76666666666667
1071729215;2020-01-03 14:30:00;2020-01-03 15:00:00;95.8
1071729215;2020-01-03 15:00:00;2020-01-03 15:30:00;95.46666666666667
1071729215;2020-01-03 15:30:00;2020-01-03 16:00:00;102.3
1071729215;2020-01-03 16:00:00;2020-01-03 16:30:00;108.13333333333334
1071729215;2020-01-03 16:30:00;2020-01-03 17:00:00;96.93333333333334
1071729215;2020-01-03 17:00:00;2020-01-03 17:30:00;99.9
1071729215;2020-01-03 17:30:00;2020-01-03 18:00:00;107.6
1071729215;2020-01-03 18:00:00;2020-01-03 18:30:00;110.53333333333333
1071729215;2020-01-03 18:30:00;2020-01-03 19:00:00;106.13333333333334
1071729215;2020-01-03 19:00:00;2020-01-03 19:30:00;94.7
1071729215;2020-01-03 19:30:00;2020-01-03 20:00:00;104.16666666666667
1071729215;2020-01-03 20:00:00;2020-01-03 20:30:00;112.6
1071729215;2020-01-03 20:30:00;2020-01-03 21:00:00;112.46666666666667
1071729215;2020-01-03 21:00:00;2020-01-03 21:30:00;118.3
1071729215;2020-01-03 21:30:00;2020-01-03 22:00:00;92.3
1071729215;2020-01-03 22:00:00;2020-01-03 22:30:00;84.43333333333334
1071729215;2020-01-03 22:30:00;2020-01-03 23:00:00;92.0
1071729215;2020-01-03 23:00:00;2020-01-03 23:30:00;90.1
1071729215;2020-01-03 23:30:00;2020-01-03 23:59:59;89.3
1071729215;2020-01-04 00:00:00;2020-01-04 00:30:00;97.86666666666666
1071729215;2020-01-04 00:30:00;2020-01-04 01:00:00;99.7
1071729215;2020-01-04 01:00:00;2020-01-04 01:30:00;113.0
1071729215;2020-01-04 01:30:00;2020-01-04 02:00:00;107.26666666666667
1071729215;2020-01-04 02:00:00;2020-01-04 02:30:00;98.76666666666667
1071729215;2020-01-04 02:30:00;2020-01-04 03:00:00;92.16666666666667
1071729215;2020-01-04 03:00:00;2020-01-04 03:30:00;92.0
1071729215;2020-01-04 03:30:00;2020-01-04 04:00:00;92.0
1071729215;2020-01-04 04:00:00;2020-01-04 04:30:00;87.0
1071729215;2020-01-04 04:30:00;2020-01-04 05:00:00;87.0
1071729215;2020-01-04 05:00:00;2020-01-04 05:30:00;88.06666666666666
1071729215;2020-01-04 05:30:00;2020-01-04 06:00:00;88.93333333333334
1071729215;2020-01-04 06:00:00;2020-01-04 06:30:00;95.0
1071729215;2020-01-04 06:30:00;2020-01-04 07:00:00;95.0
1071729215;2020-01-04 07:00:00;2020-01-04 07:30:00;101.0
1071729215;2020-01-04 07:30:00;2020-01-04 08:00:00;105.36666666666666
1071729215;2020-01-04 08:00:00;2020-01-04 08:30:00;109.83333333333333
1071729215;2020-01-04 08:30:00;2020-01-04 09:00:00;103.36666666666666
1071729215;2020-01-04 09:00:00;2020-01-04 09:30:00;102.26666666666667
1071729215;2020-01-04 09:30:00;2020-01-04 10:00:00;108.7
1071729215;2020-01-04 10:00:00;2020-01-04 10:30:00;108.4
1071729215;2020-01-04 10:30:00;2020-01-04 11:00:00;101.3
1071729215;2020-01-04 11:00:00;2020-01-04 11:30:00;119.8
1071729215;2020-01-04 11:30:00;2020-01-04 12:00:00;105.56666666666666
1071729215;2020-01-04 12:00:00;2020-01-04 12:30:00;104.13333333333334
1071729215;2020-01-04 12:30:00;2020-01-04 13:00:00;112.16666666666667
1071729215;2020-01-04 13:00:00;2020-01-04 13:30:00;99.4
1071729215;2020-01-04 13:30:00;2020-01-04 14:00:00;97.23333333333333
1071729215;2020-01-04 14:00:00;2020-01-04 14:30:00;89.43333333333334
1071729215;2020-01-04 14:30:00;2020-01-04 15:00:00;91.33333333333333
1071729215;2020-01-04 15:00:00;2020-01-04 15:30:00;91.96666666666667
1071729215;2020-01-04 15:30:00;2020-01-04 16:00:00;94.06666666666666
1071729215;2020-01-04 16:00:00;2020-01-04 16:30:00;104.43333333333334
1071729215;2020-01-04 16:30:00;2020-01-04 17:00:00;97.46666666666667
1071729215;2020-01-04 17:00:00;2020-01-04 17:30:00;102.53333333333333
1071729215;2020-01-04 17:30:00;2020-01-04 18:00:00;98.6
1071729215;2020-01-04 18:00:00;2020-01-04 18:30:00;104.03333333333333
1071729215;2020-01-04 18:30:00;2020-01-04 19:00:00;114.5
1071729215;2020-01-04 19:00:00;2020-01-04 19:30:00;105.36666666666666
1071729215;2020-01-04 19:30:00;2020-01-04 20:00:00;119.43333333333334
1071729215;2020-01-04 20:00:00;2020-01-04 20:30:00;109.1
1071729215;2020-01-04 20:30:00;2020-01-04 21:00:00;111.5
1071729215;2020-01-04 21:00:00;2020-01-04 21:30:00;107.86666666666666
1071729215;2020-01-04 21:30:00;2020-01-04 22:00:00;92.03333333333333
1071729215;2020-01-04 22:00:00;2020-01-04 22:30:00;92.0
1071729215;2020-01-04 22:30:00;2020-01-04 23:00:00;92.0
1071729215;2020-01-04 23:00:00;2020-01-04 23:30:00;92.53333333333333
1071729215;2020-01-04 23:30:00;2020-01-04 23:59:59;106.9
1071729215;2020-01-05 00:00:00;2020-01-05 00:30:00;92.4
1071729215;2020-01-05 00:30:00;2020-01-05 01:00:00;92.0
1071729215;2020-01-05 01:00:00;2020-01-05 01:30:00;92.0
1071729215;2020-01-05 01:30:00;2020-01-05 02:00:00;92.0
1071729215;2020-01-05 02:00:00;2020-01-05 02:30:00;92.46666666666667
1071729215;2020-01-05 02:30:00;2020-01-05 03:00:00;100.9
1071729215;2020-01-05 03:00:00;2020-01-05 03:30:00;92.0
1071729215;2020-01-05 03:30:00;2020-01-05 04:00:00;92.0
1071729215;2020-01-05 04:00:00;2020-01-05 04:30:00;91.2
1071729215;2020-01-05 04:30:00;2020-01-05 05:00:00;96.23333333333333
1071729215;2020-01-05 05:00:00;2020-01-05 05:30:00;105.16666666666667
1071729215;2020-01-05 05:30:00;2020-01-05 06:00:00;98.8
1071729215;2020-01-05 06:00:00;2020-01-05 06:30:00;92.83333333333333
1071729215;2020-01-05 06:30:00;2020-01-05 07:00:00;91.56666666666666
1071729215;2020-01-05 07:00:00;2020-01-05 07:30:00;94.53333333333333
1071729215;2020-01-05 07:30:00;2020-01-05 08:00:00;101.53333333333333
1071729215;2020-01-05 08:00:00;2020-01-05 08:30:00;99.03333333333333
1071729215;2020-01-05 08:30:00;2020-01-05 09:00:00;95.33333333333333
1071729215;2020-01-05 09:00:00;2020-01-05 09:30:00;99.83333333333333
1071729215;2020-01-05 09:30:00;2020-01-05 10:00:00;107.16666666666667
1071729215;2020-01-05 10:00:00;2020-01-05 10:30:00;106.3
1071729215;2020-01-05 10:30:00;2020-01-05 11:00:00;89.56666666666666
1071729215;2020-01-05 11:00:00;2020-01-05 11:30:00;108.33333333333333
1071729215;2020-01-05 11:30:00;2020-01-05 12:00:00;106.83333333333333
1071729215;2020-01-05 12:00:00;2020-01-05 12:30:00;108.9
1071729215;2020-01-05 12:30:00;2020-01-05 13:00:00;90.5
1071729215;2020-01-05 13:00:00;2020-01-05 13:30:00;100.8
1071729215;2020-01-05 13:30:00;2020-01-05 14:00:00;81.16666666666667
1071729215;2020-01-05 14:00:00;2020-01-05 14:30:00;98.96666666666667
1071729215;2020-01-05 14:30:00;2020-01-05 15:00:00;81.93333333333334
1071729215;2020-01-05 15:00:00;2020-01-05 15:30:00;78.26666666666667
1071729215;2020-01-05 15:30:00;2020-01-05 16:00:00;71.0
1071729215;2020-01-05 16:00:00;2020-01-05 16:30:00;65.2
1071729215;2020-01-05 16:30:00;2020-01-05 17:00:00;60.0
1071729215;2020-01-05 17:00:00;2020-01-05 17:30:00;60.93333333333333
1071729215;2020-01-05 17:30:00;2020-01-05 18:00:00;62.4
1071729215;2020-01-05 18:00:00;2020-01-05 18:30:00;77.83333333333333
1071729215;2020-01-05 18:30:00;2020-01-05 19:00:00;63.8
1071729215;2020-01-05 19:00:00;2020-01-05 19:30:00;89.6
1071729215;2020-01-05 19:30:00;2020-01-05 20:00:00;84.73333333333333
1071729215;2020-01-05 20:00:00;2020-01-05 20:30:00;95.36666666666666
1071729215;2020-01-05 20:30:00;2020-01-05 21:00:00;105.53333333333333
1071729215;2020-01-05 21:00:00;2020-01-05 21:30:00;94.13333333333334
1071729215;2020-01-05 21:30:00;2020-01-05 22:00:00;92.43333333333334
1071729215;2020-01-05 22:00:00;2020-01-05 22:30:00;96.33333333333333
1071729215;2020-01-05 22:30:00;2020-01-05 23:00:00;111.16666666666667
1071729215;2020-01-05 23:00:00;2020-01-05 23:30:00;104.63333333333334
1071729215;2020-01-05 23:30:00;2020-01-05 23:59:59;103.53333333333333
1071729215;2020-01-06 00:00:00;2020-01-06 00:30:00;115.33333333333333
1071729215;2020-01-06 00:30:00;2020-01-06 01:00:00;125.7
1071729215;2020-01-06 01:00:00;2020-01-06 01:30:00;110.03333333333333
1071729215;2020-01-06 01:30:00;2020-01-06 02:00:00;93.1
1071729215;2020-01-06 02:00:00;2020-01-06 02:30:00;92.0
1071729215;2020-01-06 02:30:00;2020-01-06 03:00:00;92.0
1071729215;2020-01-06 03:00:00;2020-01-06 03:30:00;102.66666666666667
1071729215;2020-01-06 03:30:00;2020-01-06 04:00:00;96.36666666666666
1071729215;2020-01-06 04:00:00;2020-01-06 04:30:00;122.0
1071729215;2020-01-06 04:30:00;2020-01-06 05:00:00;118.7
1071729215;2020-01-06 05:00:00;2020-01-06 05:30:00;97.3
1071729215;2020-01-06 05:30:00;2020-01-06 06:00:00;94.63333333333334
1071729215;2020-01-06 06:00:00;2020-01-06 06:30:00;95.0
1071729215;2020-01-06 06:30:00;2020-01-06 07:00:00;92.7
1071729215;2020-01-06 07:00:00;2020-01-06 07:30:00;91.63333333333334
1071729215;2020-01-06 07:30:00;2020-01-06 08:00:00;95.4
1071729215;2020-01-06 08:00:00;2020-01-06 08:30:00;91.1
1071729215;2020-01-06 08:30:00;2020-01-06 09:00:00;100.26666666666667
1071729215;2020-01-06 09:00:00;2020-01-06 09:30:00;92.36666666666666
1071729215;2020-01-06 09:30:00;2020-01-06 10:00:00;90.0
1071729215;2020-01-06 10:00:00;2020-01-06 10:30:00;104.16666666666667
1071729215;2020-01-06 10:30:00;2020-01-06 11:00:00;101.03333333333333
1071729215;2020-01-06 11:00:00;2020-01-06 11:30:00;110.83333333333333
1071729215;2020-01-06 11:30:00;2020-01-06 12:00:00;98.53333333333333
1071729215;2020-01-06 12:00:00;2020-01-06 12:30:00;104.56666666666666
1071729215;2020-01-06 12:30:00;2020-01-06 13:00:00;100.36666666666666
1071729215;2020-01-06 13:00:00;2020-01-06 13:30:00;99.53333333333333
1071729215;2020-01-06 13:30:00;2020-01-06 14:00:00;91.7
1071729215;2020-01-06 14:00:00;2020-01-06 14:30:00;79.16666666666667
1071729215;2020-01-06 14:30:00;2020-01-06 15:00:00;88.8
1071729215;2020-01-06 15:00:00;2020-01-06 15:30:00;85.93333333333334
1071729215;2020-01-06 15:30:00;2020-01-06 16:00:00;88.7
1071729215;2020-01-06 16:00:00;2020-01-06 16:30:00;86.56666666666666
1071729215;2020-01-06 16:30:00;2020-01-06 17:00:00;95.0
1071729215;2020-01-06 17:00:00;2020-01-06 17:30:00;90.73333333333333
1071729215;2020-01-06 17:30:00;2020-01-06 18:00:00;106.2
1071729215;2020-01-06 18:00:00;2020-01-06 18:30:00;109.36666666666666
1071729215;2020-01-06 18:30:00;2020-01-06 19:00:00;99.6
1071729215;2020-01-06 19:00:00;2020-01-06 19:30:00;93.7
1071729215;2020-01-06 19:30:00;2020-01-06 20:00:00;96.4
1071729215;2020-01-06 20:00:00;2020-01-06 20:30:00;89.6
1071729215;2020-01-06 20:30:00;2020-01-06 21:00:00;90.53333333333333
1071729215;2020-01-06 21:00:00;2020-01-06 21:30:00;92.7
1071729215;2020-01-06 21:30:00;2020-01-06 22:00:00;105.93333333333334
1071729215;2020-01-06 22:00:00;2020-01-06 22:30:00;93.7
1071729215;2020-01-06 22:30:00;2020-01-06 23:00:00;105.83333333333333
1071729215;2020-01-06 23:00:00;2020-01-06 23:30:00;108.23333333333333
1071729215;2020-01-06 23:30:00;2020-01-06 23:59:59;117.2
1071729215;2020-01-07 00:00:00;2020-01-07 00:30:00;131.66666666666666
1071729215;2020-01-07 00:30:00;2020-01-07 01:00:00;108.96666666666667
1071729215;2020-01-07 01:00:00;2020-01-07 01:30:00;88.76666666666667
1071729215;2020-01-07 01:30:00;2020-01-07 02:00:00;95.5
1071729215;2020-01-07 02:00:00;2020-01-07 02:30:00;92.0
1071729215;2020-01-07 02:30:00;2020-01-07 03:00:00;92.0
1071729215;2020-01-07 03:00:00;2020-01-07 03:30:00;92.83333333333333
1071729215;2020-01-07 03:30:00;2020-01-07 04:00:00;103.66666666666667
1071729215;2020-01-07 04:00:00;2020-01-07 04:30:00;103.8
1071729215;2020-01-07 04:30:00;2020-01-07 05:00:00;92.0
1071729215;2020-01-07 05:00:00;2020-01-07 05:30:00;93.36666666666666
1071729215;2020-01-07 05:30:00;2020-01-07 06:00:00;102.86666666666666
1071729215;2020-01-07 06:00:00;2020-01-07 06:30:00;102.6
1071729215;2020-01-07 06:30:00;2020-01-07 07:00:00;108.33333333333333
1071729215;2020-01-07 07:00:00;2020-01-07 07:30:00;116.43333333333334
1071729215;2020-01-07 07:30:00;2020-01-07 08:00:00;107.0
1071729215;2020-01-07 08:00:00;2020-01-07 08:30:00;97.63333333333334
1071729215;2020-01-07 08:30:00;2020-01-07 09:00:00;97.33333333333333
1071729215;2020-01-07 09:00:00;2020-01-07 09:30:00;88.66666666666667
1071729215;2020-01-07 09:30:00;2020-01-07 10:00:00;89.86666666666666
1071729215;2020-01-07 10:00:00;2020-01-07 10:30:00;86.06666666666666
1071729215;2020-01-07 10:30:00;2020-01-07 11:00:00;99.63333333333334
1071729215;2020-01-07 11:00:00;2020-01-07 11:30:00;94.6
1071729215;2020-01-07 11:30:00;2020-01-07 12:00:00;99.56666666666666
1071729215;2020-01-07 12:00:00;2020-01-07 12:30:00;96.43333333333334
1071729215;2020-01-07 12:30:00;2020-01-07 13:00:00;95.06666666666666
1071729215;2020-01-07 13:00:00;2020-01-07 13:30:00;102.33333333333333
1071729215;2020-01-07 13:30:00;2020-01-07 14:00:00;101.73333333333333
1071729215;2020-01-07 14:00:00;2020-01-07 14:30:00;108.2
1071729215;2020-01-07 14:30:00;2020-01-07 15:00:00;88.16666666666667
1071729215;2020-01-07 15:00:00;2020-01-07 15:30:00;101.46666666666667
1071729215;2020-01-07 15:30:00;2020-01-07 16:00:00;97.5
1071729215;2020-01-07 16:00:00;2020-01-07 16:30:00;95.2
1071729215;2020-01-07 16:30:00;2020-01-07 17:00:00;91.86666666666666
1071729215;2020-01-07 17:00:00;2020-01-07 17:30:00;98.9
1071729215;2020-01-07 17:30:00;2020-01-07 18:00:00;102.1
1071729215;2020-01-07 18:00:00;2020-01-07 18:30:00;94.3
1071729215;2020-01-07 18:30:00;2020-01-07 19:00:00;103.6
1071729215;2020-01-07 19:00:00;2020-01-07 19:30:00;95.73333333333333
1071729215;2020-01-07 19:30:00;2020-01-07 20:00:00;98.13333333333334
1071729215;2020-01-07 20:00:00;2020-01-07 20:30:00;101.0
1071729215;2020-01-07 20:30:00;2020-01-07 21:00:00;97.3
1071729215;2020-01-07 21:00:00;2020-01-07 21:30:00;91.9
1071729215;2020-01-07 21:30:00;2020-01-07 22:00:00;103.73333333333333
1071729215;2020-01-07 22:00:00;2020-01-07 22:30:00;99.2
1071729215;2020-01-07 22:30:00;2020-01-07 23:00:00;114.6
1071729215;2020-01-07 23:00:00;2020-01-07 23:30:00;103.93333333333334
1071729215;2020-01-07 23:30:00;2020-01-07 23:59:59;98.23333333333333
1071729215;2020-01-08 00:00:00;2020-01-08 00:30:00;89.66666666666667
1071729215;2020-01-08 00:30:00;2020-01-08 01:00:00;90.4
1071729215;2020-01-08 01:00:00;2020-01-08 01:30:00;92.0
1071729215;2020-01-08 01:30:00;2020-01-08 02:00:00;90.63333333333334
1071729215;2020-01-08 02:00:00;2020-01-08 02:30:00;92.0
1071729215;2020-01-08 02:30:00;2020-01-08 03:00:00;92.0
1071729215;2020-01-08 03:00:00;2020-01-08 03:30:00;92.0
1071729215;2020-01-08 03:30:00;2020-01-08 04:00:00;92.0
1071729215;2020-01-08 04:00:00;2020-01-08 04:30:00;84.0
1071729215;2020-01-08 04:30:00;2020-01-08 05:00:00;93.6
1071729215;2020-01-08 05:00:00;2020-01-08 05:30:00;91.96666666666667
1071729215;2020-01-08 05:30:00;2020-01-08 06:00:00;97.86666666666666
1071729215;2020-01-08 06:00:00;2020-01-08 06:30:00;96.3
1071729215;2020-01-08 06:30:00;2020-01-08 07:00:00;103.2
1071729215;2020-01-08 07:00:00;2020-01-08 07:30:00;92.53333333333333
1071729215;2020-01-08 07:30:00;2020-01-08 08:00:00;87.73333333333333
1071729215;2020-01-08 08:00:00;2020-01-08 08:30:00;90.83333333333333
1071729215;2020-01-08 08:30:00;2020-01-08 09:00:00;90.26666666666667
1071729215;2020-01-08 09:00:00;2020-01-08 09:30:00;94.0
1071729215;2020-01-08 09:30:00;2020-01-08 10:00:00;92.46666666666667
1071729215;2020-01-08 10:00:00;2020-01-08 10:30:00;91.36666666666666
1071729215;2020-01-08 10:30:00;2020-01-08 11:00:00;100.4
1071729215;2020-01-08 11:00:00;2020-01-08 11:30:00;106.8
1071729215;2020-01-08 11:30:00;2020-01-08 12:00:00;92.26666666666667
1071729215;2020-01-08 12:00:00;2020-01-08 12:30:00;87.7
1071729215;2020-01-08 12:30:00;2020-01-08 13:00:00;107.83333333333333
1071729215;2020-01-08 13:00:00;2020-01-08 13:30:00;100.53333333333333
1071729215;2020-01-08 13:30:00;2020-01-08 14:00:00;98.13333333333334
1071729215;2020-01-08 14:00:00;2020-01-08 14:30:00;90.76666666666667
1071729215;2020-01-08 14:30:00;2020-01-08 15:00:00;97.83333333333333
1071729215;2020-01-08 15:00:00;2020-01-08 15:30:00;97.26666666666667
1071729215;2020-01-08 15:30:00;2020-01-08 16:00:00;95.86666666666666
1071729215;2020-01-08 16:00:00;2020-01-08 16:30:00;98.66666666666667
1071729215;2020-01-08 16:30:00;2020-01-08 17:00:00;111.93333333333334
1071729215;2020-01-08 17:00:00;2020-01-08 17:30:00;99.76666666666667
1071729215;2020-01-08 17:30:00;2020-01-08 18:00:00;96.5
1071729215;2020-01-08 18:00:00;2020-01-08 18:30:00;87.33333333333333
1071729215;2020-01-08 18:30:00;2020-01-08 19:00:00;91.63333333333334
1071729215;2020-01-08 19:00:00;2020-01-08 19:30:00;91.76666666666667
1071729215;2020-01-08 19:30:00;2020-01-08 20:00:00;79.5
1071729215;2020-01-08 20:00:00;2020-01-08 20:30:00;93.0
1071729215;2020-01-08 20:30:00;2020-01-08 21:00:00;104.06666666666666
1071729215;2020-01-08 21:00:00;2020-01-08 21:30:00;100.4
1071729215;2020-01-08 21:30:00;2020-01-08 22:00:00;99.03333333333333
1071729215;2020-01-08 22:00:00;2020-01-08 22:30:00;104.26666666666667
1071729215;2020-01-08 22:30:00;2020-01-08 23:00:00;98.33333333333333
1071729215;2020-01-08 23:00:00;2020-01-08 23:30:00;86.66666666666667
1071729215;2020-01-08 23:30:00;2020-01-08 23:59:59;91.4
1071729215;2020-01-09 00:00:00;2020-01-09 00:30:00;91.4
1071729215;2020-01-09 00:30:00;2020-01-09 01:00:00;87.0
1071729215;2020-01-09 01:00:00;2020-01-09 01:30:00;87.1
1071729215;2020-01-09 01:30:00;2020-01-09 02:00:00;92.0
1071729215;2020-01-09 02:00:00;2020-01-09 02:30:00;92.0
1071729215;2020-01-09 02:30:00;2020-01-09 03:00:00;92.0
1071729215;2020-01-09 03:00:00;2020-01-09 03:30:00;92.0
1071729215;2020-01-09 03:30:00;2020-01-09 04:00:00;88.63333333333334
1071729215;2020-01-09 04:00:00;2020-01-09 04:30:00;94.9
1071729215;2020-01-09 04:30:00;2020-01-09 05:00:00;88.83333333333333
1071729215;2020-01-09 05:00:00;2020-01-09 05:30:00;107.03333333333333
1071729215;2020-01-09 05:30:00;2020-01-09 06:00:00;93.13333333333334
1071729215;2020-01-09 06:00:00;2020-01-09 06:30:00;83.63333333333334
1071729215;2020-01-09 06:30:00;2020-01-09 07:00:00;96.33333333333333
1071729215;2020-01-09 07:00:00;2020-01-09 07:30:00;89.33333333333333
1071729215;2020-01-09 07:30:00;2020-01-09 08:00:00;105.26666666666667
1071729215;2020-01-09 08:00:00;2020-01-09 08:30:00;101.23333333333333
1071729215;2020-01-09 08:30:00;2020-01-09 09:00:00;86.96666666666667
1071729215;2020-01-09 09:00:00;2020-01-09 09:30:00;96.26666666666667
1071729215;2020-01-09 09:30:00;2020-01-09 10:00:00;102.03333333333333
1071729215;2020-01-09 10:00:00;2020-01-09 10:30:00;90.33333333333333
1071729215;2020-01-09 10:30:00;2020-01-09 11:00:00;89.63333333333334
1071729215;2020-01-09 11:00:00;2020-01-09 11:30:00;87.86666666666666
1071729215;2020-01-09 11:30:00;2020-01-09 12:00:00;89.03333333333333
1071729215;2020-01-09 12:00:00;2020-01-09 12:30:00;103.26666666666667
1071729215;2020-01-09 12:30:00;2020-01-09 13:00:00;89.16666666666667
1071729215;2020-01-09 13:00:00;2020-01-09 13:30:00;96.5
1071729215;2020-01-09 13:30:00;2020-01-09 14:00:00;103.76666666666667
1071729215;2020-01-09 14:00:00;2020-01-09 14:30:00;110.5
1071729215;2020-01-09 14:30:00;2020-01-09 15:00:00;103.96666666666667
1071729215;2020-01-09 15:00:00;2020-01-09 15:30:00;91.86666666666666
1071729215;2020-01-09 15:30:00;2020-01-09 16:00:00;95.8
1071729215;2020-01-09 16:00:00;2020-01-09 16:30:00;88.83333333333333
1071729215;2020-01-09 16:30:00;2020-01-09 17:00:00;90.0
1071729215;2020-01-09 17:00:00;2020-01-09 17:30:00;99.23333333333333
1071729215;2020-01-09 17:30:00;2020-01-09 18:00:00;95.53333333333333
1071729215;2020-01-09 18:00:00;2020-01-09 18:30:00;93.76666666666667
1071729215;2020-01-09 18:30:00;2020-01-09 19:00:00;102.36666666666666
1071729215;2020-01-09 19:00:00;2020-01-09 19:30:00;100.66666666666667
1071729215;2020-01-09 19:30:00;2020-01-09 20:00:00;96.1
1071729215;2020-01-09 20:00:00;2020-01-09 20:30:00;111.06666666666666
1071729215;2020-01-09 20:30:00;2020-01-09 21:00:00;113.46666666666667
1071729215;2020-01-09 21:00:00;2020-01-09 21:30:00;101.66666666666667
1071729215;2020-01-09 21:30:00;2020-01-09 22:00:00;94.76666666666667
1071729215;2020-01-09 22:00:00;2020-01-09 22:30:00;89.73333333333333
1071729215;2020-01-09 22:30:00;2020-01-09 23:00:00;93.13333333333334
1071729215;2020-01-09 23:00:00;2020-01-09 23:30:00;97.13333333333334
1071729215;2020-01-09 23:30:00;2020-01-09 23:59:59;91.0
1071729215;2020-01-10 00:00:00;2020-01-10 00:30:00;92.0
1071729215;2020-01-10 00:30:00;2020-01-10 01:00:00;92.0
1071729215;2020-01-10 01:00:00;2020-01-10 01:30:00;95.9
1071729215;2020-01-10 01:30:00;2020-01-10 02:00:00;92.0
1071729215;2020-01-10 02:00:00;2020-01-10 02:30:00;92.0
1071729215;2020-01-10 02:30:00;2020-01-10 03:00:00;92.0
1071729215;2020-01-10 03:00:00;2020-01-10 03:30:00;92.0
1071729215;2020-01-10 03:30:00;2020-01-10 04:00:00;92.0
1071729215;2020-01-10 04:00:00;2020-01-10 04:30:00;85.0
1071729215;2020-01-10 04:30:00;2020-01-10 05:00:00;85.26666666666667
1071729215;2020-01-10 05:00:00;2020-01-10 05:30:00;93.8
1071729215;2020-01-10 05:30:00;2020-01-10 06:00:00;99.66666666666667
1071729215;2020-01-10 06:00:00;2020-01-10 06:30:00;94.63333333333334
1071729215;2020-01-10 06:30:00;2020-01-10 07:00:00;109.26666666666667
1071729215;2020-01-10 07:00:00;2020-01-10 07:30:00;92.46666666666667
1071729215;2020-01-10 07:30:00;2020-01-10 08:00:00;89.66666666666667
1071729215;2020-01-10 08:00:00;2020-01-10 08:30:00;93.86666666666666
1071729215;2020-01-10 08:30:00;2020-01-10 09:00:00;97.23333333333333
1071729215;2020-01-10 09:00:00;2020-01-10 09:30:00;103.7
1071729215;2020-01-10 09:30:00;2020-01-10 10:00:00;95.06666666666666
1071729215;2020-01-10 10:00:00;2020-01-10 10:30:00;111.8
1071729215;2020-01-10 10:30:00;2020-01-10 11:00:00;94.5
1071729215;2020-01-10 11:00:00;2020-01-10 11:30:00;100.1
1071729215;2020-01-10 11:30:00;2020-01-10 12:00:00;91.33333333333333
1071729215;2020-01-10 12:00:00;2020-01-10 12:30:00;91.46666666666667
1071729215;2020-01-10 12:30:00;2020-01-10 13:00:00;89.5
1071729215;2020-01-10 13:00:00;2020-01-10 13:30:00;97.4
1071729215;2020-01-10 13:30:00;2020-01-10 14:00:00;93.56666666666666
1071729215;2020-01-10 14:00:00;2020-01-10 14:30:00;103.9
1071729215;2020-01-10 14:30:00;2020-01-10 15:00:00;100.7
1071729215;2020-01-10 15:00:00;2020-01-10 15:30:00;97.6
1071729215;2020-01-10 15:30:00;2020-01-10 16:00:00;102.53333333333333
1071729215;2020-01-10 16:00:00;2020-01-10 16:30:00;99.63333333333334
1071729215;2020-01-10 16:30:00;2020-01-10 17:00:00;104.73333333333333
1071729215;2020-01-10 17:00:00;2020-01-10 17:30:00;96.76666666666667
1071729215;2020-01-10 17:30:00;2020-01-10 18:00:00;101.96666666666667
1071729215;2020-01-10 18:00:00;2020-01-10 18:30:00;99.6
1071729215;2020-01-10 18:30:00;2020-01-10 19:00:00;92.6
1071729215;2020-01-10 19:00:00;2020-01-10 19:30:00;90.66666666666667
1071729215;2020-01-10 19:30:00;2020-01-10 20:00:00;94.86666666666666
1071729215;2020-01-10 20:00:00;2020-01-10 20:30:00;95.73333333333333
1071729215;2020-01-10 20:30:00;2020-01-10 21:00:00;112.1
1071729215;2020-01-10 21:00:00;2020-01-10 21:30:00;96.76666666666667
1071729215;2020-01-10 21:30:00;2020-01-10 22:00:00;92.0
1071729215;2020-01-10 22:00:00;2020-01-10 22:30:00;92.03333333333333
1071729215;2020-01-10 22:30:00;2020-01-10 23:00:00;94.13333333333334
1071729215;2020-01-10 23:00:00;2020-01-10 23:30:00;94.26666666666667
1071729215;2020-01-10 23:30:00;2020-01-10 23:59:59;90.0
1071729215;2020-01-11 00:00:00;2020-01-11 00:30:00;91.53333333333333
1071729215;2020-01-11 00:30:00;2020-01-11 01:00:00;92.0
1071729215;2020-01-11 01:00:00;2020-01-11 01:30:00;92.0
1071729215;2020-01-11 01:30:00;2020-01-11 02:00:00;92.0
1071729215;2020-01-11 02:00:00;2020-01-11 02:30:00;92.0
1071729215;2020-01-11 02:30:00;2020-01-11 03:00:00;92.0
1071729215;2020-01-11 03:00:00;2020-01-11 03:30:00;92.0
1071729215;2020-01-11 03:30:00;2020-01-11 04:00:00;92.0
1071729215;2020-01-11 04:00:00;2020-01-11 04:30:00;87.0
1071729215;2020-01-11 04:30:00;2020-01-11 05:00:00;95.96666666666667
1071729215;2020-01-11 05:00:00;2020-01-11 05:30:00;89.0
1071729215;2020-01-11 05:30:00;2020-01-11 06:00:00;86.56666666666666
1071729215;2020-01-11 06:00:00;2020-01-11 06:30:00;91.53333333333333
1071729215;2020-01-11 06:30:00;2020-01-11 07:00:00;104.63333333333334
1071729215;2020-01-11 07:00:00;2020-01-11 07:30:00;101.46666666666667
1071729215;2020-01-11 07:30:00;2020-01-11 08:00:00;104.76666666666667
1071729215;2020-01-11 08:00:00;2020-01-11 08:30:00;95.0
1071729215;2020-01-11 08:30:00;2020-01-11 09:00:00;102.03333333333333
1071729215;2020-01-11 09:00:00;2020-01-11 09:30:00;104.76666666666667
1071729215;2020-01-11 09:30:00;2020-01-11 10:00:00;103.8
1071729215;2020-01-11 10:00:00;2020-01-11 10:30:00;96.4
1071729215;2020-01-11 10:30:00;2020-01-11 11:00:00;96.5
1071729215;2020-01-11 11:00:00;2020-01-11 11:30:00;105.4
1071729215;2020-01-11 11:30:00;2020-01-11 12:00:00;114.26666666666667
1071729215;2020-01-11 12:00:00;2020-01-11 12:30:00;100.13333333333334
1071729215;2020-01-11 12:30:00;2020-01-11 13:00:00;98.0
1071729215;2020-01-11 13:00:00;2020-01-11 13:30:00;103.1
1071729215;2020-01-11 13:30:00;2020-01-11 14:00:00;89.0
1071729215;2020-01-11 14:00:00;2020-01-11 14:30:00;99.3
1071729215;2020-01-11 14:30:00;2020-01-11 15:00:00;97.73333333333333
1071729215;2020-01-11 15:00:00;2020-01-11 15:30:00;96.73333333333333
1071729215;2020-01-11 15:30:00;2020-01-11 16:00:00;96.5
1071729215;2020-01-11 16:00:00;2020-01-11 16:30:00;98.23333333333333
1071729215;2020-01-11 16:30:00;2020-01-11 17:00:00;84.9
1071729215;2020-01-11 17:00:00;2020-01-11 17:30:00;105.0
1071729215;2020-01-11 17:30:00;2020-01-11 18:00:00;94.93333333333334
1071729215;2020-01-11 18:00:00;2020-01-11 18:30:00;109.53333333333333
1071729215;2020-01-11 18:30:00;2020-01-11 19:00:00;98.4
1071729215;2020-01-11 19:00:00;2020-01-11 19:30:00;101.63333333333334
1071729215;2020-01-11 19:30:00;2020-01-11 20:00:00;105.06666666666666
1071729215;2020-01-11 20:00:00;2020-01-11 20:30:00;107.66666666666667
1071729215;2020-01-11 20:30:00;2020-01-11 21:00:00;103.66666666666667
1071729215;2020-01-11 21:00:00;2020-01-11 21:30:00;96.5
1071729215;2020-01-11 21:30:00;2020-01-11 22:00:00;102.3
1071729215;2020-01-11 22:00:00;2020-01-11 22:30:00;95.5
1071729215;2020-01-11 22:30:00;2020-01-11 23:00:00;92.0
1071729215;2020-01-11 23:00:00;2020-01-11 23:30:00;92.93333333333334
1071729215;2020-01-11 23:30:00;2020-01-11 23:59:59;92.56666666666666
1071729215;2020-01-12 00:00:00;2020-01-12 00:30:00;103.56666666666666
1071729215;2020-01-12 00:30:00;2020-01-12 01:00:00;91.4
1071729215;2020-01-12 01:00:00;2020-01-12 01:30:00;112.73333333333333
1071729215;2020-01-12 01:30:00;2020-01-12 02:00:00;118.23333333333333
1071729215;2020-01-12 02:00:00;2020-01-12 02:30:00;97.03333333333333
1071729215;2020-01-12 02:30:00;2020-01-12 03:00:00;92.0
1071729215;2020-01-12 03:00:00;2020-01-12 03:30:00;92.0
1071729215;2020-01-12 03:30:00;2020-01-12 04:00:00;92.0
1071729215;2020-01-12 04:00:00;2020-01-12 04:30:00;89.0
1071729215;2020-01-12 04:30:00;2020-01-12 05:00:00;89.16666666666667
1071729215;2020-01-12 05:00:00;2020-01-12 05:30:00;88.56666666666666
1071729215;2020-01-12 05:30:00;2020-01-12 06:00:00;87.46666666666667
1071729215;2020-01-12 06:00:00;2020-01-12 06:30:00;87.93333333333334
1071729215;2020-01-12 06:30:00;2020-01-12 07:00:00;89.96666666666667
1071729215;2020-01-12 07:00:00;2020-01-12 07:30:00;86.56666666666666
1071729215;2020-01-12 07:30:00;2020-01-12 08:00:00;107.73333333333333
1071729215;2020-01-12 08:00:00;2020-01-12 08:30:00;94.23333333333333
1071729215;2020-01-12 08:30:00;2020-01-12 09:00:00;100.9
1071729215;2020-01-12 09:00:00;2020-01-12 09:30:00;96.93333333333334
1071729215;2020-01-12 09:30:00;2020-01-12 10:00:00;108.5
1071729215;2020-01-12 10:00:00;2020-01-12 10:30:00;105.76666666666667
1071729215;2020-01-12 10:30:00;2020-01-12 11:00:00;99.36666666666666
1071729215;2020-01-12 11:00:00;2020-01-12 11:30:00;99.3
1071729215;2020-01-12 11:30:00;2020-01-12 12:00:00;114.9
1071729215;2020-01-12 12:00:00;2020-01-12 12:30:00;107.6
1071729215;2020-01-12 12:30:00;2020-01-12 13:00:00;103.13333333333334
1071729215;2020-01-12 13:00:00;2020-01-12 13:30:00;94.43333333333334
1071729215;2020-01-12 13:30:00;2020-01-12 14:00:00;109.3
1071729215;2020-01-12 14:00:00;2020-01-12 14:30:00;108.56666666666666
1071729215;2020-01-12 14:30:00;2020-01-12 15:00:00;98.96666666666667
1071729215;2020-01-12 15:00:00;2020-01-12 15:30:00;95.36666666666666
1071729215;2020-01-12 15:30:00;2020-01-12 16:00:00;93.63333333333334
1071729215;2020-01-12 16:00:00;2020-01-12 16:30:00;101.53333333333333
1071729215;2020-01-12 16:30:00;2020-01-12 17:00:00;107.73333333333333
1071729215;2020-01-12 17:00:00;2020-01-12 17:30:00;102.43333333333334
1071729215;2020-01-12 17:30:00;2020-01-12 18:00:00;114.63333333333334
1071729215;2020-01-12 18:00:00;2020-01-12 18:30:00;99.36666666666666
1071729215;2020-01-12 18:30:00;2020-01-12 19:00:00;101.86666666666666
1071729215;2020-01-12 19:00:00;2020-01-12 19:30:00;84.63333333333334
1071729215;2020-01-12 19:30:00;2020-01-12 20:00:00;108.66666666666667
1071729215;2020-01-12 20:00:00;2020-01-12 20:30:00;106.63333333333334
1071729215;2020-01-12 20:30:00;2020-01-12 21:00:00;105.56666666666666
1071729215;2020-01-12 21:00:00;2020-01-12 21:30:00;111.83333333333333
1071729215;2020-01-12 21:30:00;2020-01-12 22:00:00;95.4
1071729215;2020-01-12 22:00:00;2020-01-12 22:30:00;92.7
1071729215;2020-01-12 22:30:00;2020-01-12 23:00:00;91.13333333333334
1071729215;2020-01-12 23:00:00;2020-01-12 23:30:00;92.3
1071729215;2020-01-12 23:30:00;2020-01-12 23:59:59;91.33333333333333
1071729215;2020-01-13 00:00:00;2020-01-13 00:30:00;90.86666666666666
1071729215;2020-01-13 00:30:00;2020-01-13 01:00:00;92.0
1071729215;2020-01-13 01:00:00;2020-01-13 01:30:00;92.0
1071729215;2020-01-13 01:30:00;2020-01-13 02:00:00;92.0
1071729215;2020-01-13 02:00:00;2020-01-13 02:30:00;92.0
1071729215;2020-01-13 02:30:00;2020-01-13 03:00:00;92.0
1071729215;2020-01-13 03:00:00;2020-01-13 03:30:00;92.0
1071729215;2020-01-13 03:30:00;2020-01-13 04:00:00;92.0
1071729215;2020-01-13 04:00:00;2020-01-13 04:30:00;99.76666666666667
1071729215;2020-01-13 04:30:00;2020-01-13 05:00:00;91.03333333333333
1071729215;2020-01-13 05:00:00;2020-01-13 05:30:00;103.86666666666666
1071729215;2020-01-13 05:30:00;2020-01-13 06:00:00;104.46666666666667
1071729215;2020-01-13 06:00:00;2020-01-13 06:30:00;101.36666666666666
1071729215;2020-01-13 06:30:00;2020-01-13 07:00:00;100.0
1071729215;2020-01-13 07:00:00;2020-01-13 07:30:00;94.46666666666667
1071729215;2020-01-13 07:30:00;2020-01-13 08:00:00;102.43333333333334
1071729215;2020-01-13 08:00:00;2020-01-13 08:30:00;107.03333333333333
1071729215;2020-01-13 08:30:00;2020-01-13 09:00:00;95.76666666666667
1071729215;2020-01-13 09:00:00;2020-01-13 09:30:00;102.1
1071729215;2020-01-13 09:30:00;2020-01-13 10:00:00;105.2
1071729215;2020-01-13 10:00:00;2020-01-13 10:30:00;110.56666666666666
1071729215;2020-01-13 10:30:00;2020-01-13 11:00:00;117.06666666666666
1071729215;2020-01-13 11:00:00;2020-01-13 11:30:00;104.6
1071729215;2020-01-13 11:30:00;2020-01-13 12:00:00;94.1
1071729215;2020-01-13 12:00:00;2020-01-13 12:30:00;98.43333333333334
1071729215;2020-01-13 12:30:00;2020-01-13 13:00:00;105.5
1071729215;2020-01-13 13:00:00;2020-01-13 13:30:00;97.33333333333333
1071729215;2020-01-13 13:30:00;2020-01-13 14:00:00;105.5
1071729215;2020-01-13 14:00:00;2020-01-13 14:30:00;96.83333333333333
1071729215;2020-01-13 14:30:00;2020-01-13 15:00:00;90.36666666666666
1071729215;2020-01-13 15:00:00;2020-01-13 15:30:00;100.26666666666667
1071729215;2020-01-13 15:30:00;2020-01-13 16:00:00;84.13333333333334
1071729215;2020-01-13 16:00:00;2020-01-13 16:30:00;99.3
1071729215;2020-01-13 16:30:00;2020-01-13 17:00:00;96.5
1071729215;2020-01-13 17:00:00;2020-01-13 17:30:00;106.03333333333333
1071729215;2020-01-13 17:30:00;2020-01-13 18:00:00;89.53333333333333
1071729215;2020-01-13 18:00:00;2020-01-13 18:30:00;92.46666666666667
1071729215;2020-01-13 18:30:00;2020-01-13 19:00:00;84.53333333333333
1071729215;2020-01-13 19:00:00;2020-01-13 19:30:00;96.5
1071729215;2020-01-13 19:30:00;2020-01-13 20:00:00;89.93333333333334
1071729215;2020-01-13 20:00:00;2020-01-13 20:30:00;97.83333333333333
1071729215;2020-01-13 20:30:00;2020-01-13 21:00:00;114.76666666666667
1071729215;2020-01-13 21:00:00;2020-01-13 21:30:00;103.0
1071729215;2020-01-13 21:30:00;2020-01-13 22:00:00;92.4
1071729215;2020-01-13 22:00:00;2020-01-13 22:30:00;92.0
1071729215;2020-01-13 22:30:00;2020-01-13 23:00:00;91.33333333333333
1071729215;2020-01-13 23:00:00;2020-01-13 23:30:00;91.83333333333333
1071729215;2020-01-13 23:30:00;2020-01-13 23:59:59;92.0
1071729215;2020-01-14 00:00:00;2020-01-14 00:30:00;92.0
1071729215;2020-01-14 00:30:00;2020-01-14 01:00:00;92.0
1071729215;2020-01-14 01:00:00;2020-01-14 01:30:00;92.0
1071729215;2020-01-14 01:30:00;2020-01-14 02:00:00;85.9
1071729215;2020-01-14 02:00:00;2020-01-14 02:30:00;92.0
1071729215;2020-01-14 02:30:00;2020-01-14 03:00:00;92.0
1071729215;2020-01-14 03:00:00;2020-01-14 03:30:00;92.0
1071729215;2020-01-14 03:30:00;2020-01-14 04:00:00;92.0
1071729215;2020-01-14 04:00:00;2020-01-14 04:30:00;85.03333333333333
1071729215;2020-01-14 04:30:00;2020-01-14 05:00:00;90.06666666666666
1071729215;2020-01-14 05:00:00;2020-01-14 05:30:00;95.53333333333333
1071729215;2020-01-14 05:30:00;2020-01-14 06:00:00;102.7
1071729215;2020-01-14 06:00:00;2020-01-14 06:30:00;87.83333333333333
1071729215;2020-01-14 06:30:00;2020-01-14 07:00:00;87.66666666666667
1071729215;2020-01-14 07:00:00;2020-01-14 07:30:00;92.06666666666666
1071729215;2020-01-14 07:30:00;2020-01-14 08:00:00;94.83333333333333
1071729215;2020-01-14 08:00:00;2020-01-14 08:30:00;100.63333333333334
1071729215;2020-01-14 08:30:00;2020-01-14 09:00:00;99.5
1071729215;2020-01-14 09:00:00;2020-01-14 09:30:00;99.53333333333333
1071729215;2020-01-14 09:30:00;2020-01-14 10:00:00;84.26666666666667
1071729215;2020-01-14 10:00:00;2020-01-14 10:30:00;94.7
1071729215;2020-01-14 10:30:00;2020-01-14 11:00:00;92.03333333333333
1071729215;2020-01-14 11:00:00;2020-01-14 11:30:00;86.73333333333333
1071729215;2020-01-14 11:30:00;2020-01-14 12:00:00;98.03333333333333
1071729215;2020-01-14 12:00:00;2020-01-14 12:30:00;88.46666666666667
1071729215;2020-01-14 12:30:00;2020-01-14 13:00:00;95.26666666666667
1071729215;2020-01-14 13:00:00;2020-01-14 13:30:00;90.46666666666667
1071729215;2020-01-14 13:30:00;2020-01-14 14:00:00;92.56666666666666
1071729215;2020-01-14 14:00:00;2020-01-14 14:30:00;94.9
1071729215;2020-01-14 14:30:00;2020-01-14 15:00:00;96.83333333333333
1071729215;2020-01-14 15:00:00;2020-01-14 15:30:00;97.1
1071729215;2020-01-14 15:30:00;2020-01-14 16:00:00;94.93333333333334
1071729215;2020-01-14 16:00:00;2020-01-14 16:30:00;100.16666666666667
1071729215;2020-01-14 16:30:00;2020-01-14 17:00:00;90.9
1071729215;2020-01-14 17:00:00;2020-01-14 17:30:00;93.16666666666667
1071729215;2020-01-14 17:30:00;2020-01-14 18:00:00;95.23333333333333
1071729215;2020-01-14 18:00:00;2020-01-14 18:30:00;96.2
1071729215;2020-01-14 18:30:00;2020-01-14 19:00:00;90.4
1071729215;2020-01-14 19:00:00;2020-01-14 19:30:00;95.33333333333333
1071729215;2020-01-14 19:30:00;2020-01-14 20:00:00;110.6
1071729215;2020-01-14 20:00:00;2020-01-14 20:30:00;93.3
1071729215;2020-01-14 20:30:00;2020-01-14 21:00:00;87.36666666666666
1071729215;2020-01-14 21:00:00;2020-01-14 21:30:00;104.93333333333334
1071729215;2020-01-14 21:30:00;2020-01-14 22:00:00;106.66666666666667
1071729215;2020-01-14 22:00:00;2020-01-14 22:30:00;100.66666666666667
1071729215;2020-01-14 22:30:00;2020-01-14 23:00:00;92.0
1071729215;2020-01-14 23:00:00;2020-01-14 23:30:00;90.9
1071729215;2020-01-14 23:30:00;2020-01-14 23:59:59;92.0
1071729215;2020-01-15 00:00:00;2020-01-15 00:30:00;92.0
1071729215;2020-01-15 00:30:00;2020-01-15 01:00:00;92.0
1071729215;2020-01-15 01:00:00;2020-01-15 01:30:00;92.0
1071729215;2020-01-15 01:30:00;2020-01-15 02:00:00;91.43333333333334
1071729215;2020-01-15 02:00:00;2020-01-15 02:30:00;88.8
1071729215;2020-01-15 02:30:00;2020-01-15 03:00:00;89.33333333333333
1071729215;2020-01-15 03:00:00;2020-01-15 03:30:00;84.43333333333334
1071729215;2020-01-15 03:30:00;2020-01-15 04:00:00;84.4
1071729215;2020-01-15 04:00:00;2020-01-15 04:30:00;84.0
1071729215;2020-01-15 04:30:00;2020-01-15 05:00:00;94.66666666666667
1071729215;2020-01-15 05:00:00;2020-01-15 05:30:00;94.33333333333333
1071729215;2020-01-15 05:30:00;2020-01-15 06:00:00;101.8
1071729215;2020-01-15 06:00:00;2020-01-15 06:30:00;95.03333333333333
1071729215;2020-01-15 06:30:00;2020-01-15 07:00:00;91.1
1071729215;2020-01-15 07:00:00;2020-01-15 07:30:00;109.2
1071729215;2020-01-15 07:30:00;2020-01-15 08:00:00;86.63333333333334
1071729215;2020-01-15 08:00:00;2020-01-15 08:30:00;97.66666666666667
1071729215;2020-01-15 08:30:00;2020-01-15 09:00:00;92.23333333333333
1071729215;2020-01-15 09:00:00;2020-01-15 09:30:00;109.26666666666667
1071729215;2020-01-15 09:30:00;2020-01-15 10:00:00;106.0
1071729215;2020-01-15 10:00:00;2020-01-15 10:30:00;97.96666666666667
1071729215;2020-01-15 10:30:00;2020-01-15 11:00:00;97.06666666666666
1071729215;2020-01-15 11:00:00;2020-01-15 11:30:00;91.86666666666666
1071729215;2020-01-15 11:30:00;2020-01-15 12:00:00;93.4
1071729215;2020-01-15 12:00:00;2020-01-15 12:30:00;97.83333333333333
1071729215;2020-01-15 12:30:00;2020-01-15 13:00:00;87.3
1071729215;2020-01-15 13:00:00;2020-01-15 13:30:00;93.96666666666667
1071729215;2020-01-15 13:30:00;2020-01-15 14:00:00;95.33333333333333
1071729215;2020-01-15 14:00:00;2020-01-15 14:30:00;106.23333333333333
1071729215;2020-01-15 14:30:00;2020-01-15 15:00:00;107.2
1071729215;2020-01-15 15:00:00;2020-01-15 15:30:00;90.8
1071729215;2020-01-15 15:30:00;2020-01-15 16:00:00;103.96666666666667
1071729215;2020-01-15 16:00:00;2020-01-15 16:30:00;95.6
1071729215;2020-01-15 16:30:00;2020-01-15 17:00:00;91.83333333333333
1071729215;2020-01-15 17:00:00;2020-01-15 17:30:00;89.26666666666667
1071729215;2020-01-15 17:30:00;2020-01-15 18:00:00;95.88888888888889
1071729215;2020-01-15 18:00:00;2020-01-15 18:30:00;94.9
1071729215;2020-01-15 18:30:00;2020-01-15 19:00:00;92.0
1071729215;2020-01-15 19:00:00;2020-01-15 19:30:00;89.16666666666667
1071729215;2020-01-15 19:30:00;2020-01-15 20:00:00;88.44444444444444
1071729215;2020-01-15 20:00:00;2020-01-15 20:30:00;104.33333333333333
1071729215;2020-01-15 20:30:00;2020-01-15 21:00:00;91.83333333333333
1071729215;2020-01-15 21:00:00;2020-01-15 21:30:00;89.46666666666667
1071729215;2020-01-15 21:30:00;2020-01-15 22:00:00;93.36666666666666
1071729215;2020-01-15 22:00:00;2020-01-15 22:30:00;90.36666666666666
1071729215;2020-01-15 22:30:00;2020-01-15 23:00:00;90.13333333333334
1071729215;2020-01-15 23:00:00;2020-01-15 23:30:00;92.0
1071729215;2020-01-15 23:30:00;2020-01-15 23:59:59;92.0
1071729215;2020-01-16 00:00:00;2020-01-16 00:30:00;92.0
1071729215;2020-01-16 00:30:00;2020-01-16 01:00:00;92.0
1071729215;2020-01-16 01:00:00;2020-01-16 01:30:00;92.0
1071729215;2020-01-16 01:30:00;2020-01-16 02:00:00;92.0
1071729215;2020-01-16 02:00:00;2020-01-16 02:30:00;100.16666666666667
1071729215;2020-01-16 02:30:00;2020-01-16 03:00:00;89.86666666666666
1071729215;2020-01-16 03:00:00;2020-01-16 03:30:00;94.0
1071729215;2020-01-16 03:30:00;2020-01-16 04:00:00;92.43333333333334
1071729215;2020-01-16 04:00:00;2020-01-16 04:30:00;85.6
1071729215;2020-01-16 04:30:00;2020-01-16 05:00:00;84.0
1071729215;2020-01-16 05:00:00;2020-01-16 05:30:00;88.8
1071729215;2020-01-16 05:30:00;2020-01-16 06:00:00;100.2
1071729215;2020-01-16 06:00:00;2020-01-16 06:30:00;110.56666666666666
1071729215;2020-01-16 06:30:00;2020-01-16 07:00:00;101.9
1071729215;2020-01-16 07:00:00;2020-01-16 07:30:00;100.0
1071729215;2020-01-16 07:30:00;2020-01-16 08:00:00;110.8
1071729215;2020-01-16 08:00:00;2020-01-16 08:30:00;108.29629629629629
1071729215;2020-01-16 08:30:00;2020-01-16 09:00:00;107.33333333333333
1071729215;2020-01-16 09:00:00;2020-01-16 09:30:00;88.4
1071729215;2020-01-16 09:30:00;2020-01-16 10:00:00;87.96428571428571
1071729215;2020-01-16 10:00:00;2020-01-16 10:30:00;107.43333333333334
1071729215;2020-01-16 10:30:00;2020-01-16 11:00:00;90.0
1071729215;2020-01-16 11:00:00;2020-01-16 11:30:00;98.23333333333333
1071729215;2020-01-16 11:30:00;2020-01-16 12:00:00;90.96666666666667
1071729215;2020-01-16 12:00:00;2020-01-16 12:30:00;87.6
1071729215;2020-01-16 12:30:00;2020-01-16 13:00:00;113.53333333333333
1071729215;2020-01-16 13:00:00;2020-01-16 13:30:00;85.93333333333334
1071729215;2020-01-16 13:30:00;2020-01-16 14:00:00;97.1
1071729215;2020-01-16 14:00:00;2020-01-16 14:30:00;92.9
1071729215;2020-01-16 14:30:00;2020-01-16 15:00:00;90.76666666666667
1071729215;2020-01-16 15:00:00;2020-01-16 15:30:00;96.36666666666666
1071729215;2020-01-16 15:30:00;2020-01-16 16:00:00;104.93333333333334
1071729215;2020-01-16 16:00:00;2020-01-16 16:30:00;97.0
1071729215;2020-01-16 16:30:00;2020-01-16 17:00:00;108.46666666666667
1071729215;2020-01-16 17:00:00;2020-01-16 17:30:00;108.73333333333333
1071729215;2020-01-16 17:30:00;2020-01-16 18:00:00;110.4
1071729215;2020-01-16 18:00:00;2020-01-16 18:30:00;94.96666666666667
1071729215;2020-01-16 18:30:00;2020-01-16 19:00:00;94.4
1071729215;2020-01-16 19:00:00;2020-01-16 19:30:00;90.9
1071729215;2020-01-16 19:30:00;2020-01-16 20:00:00;103.33333333333333
1071729215;2020-01-16 20:00:00;2020-01-16 20:30:00;101.3
1071729215;2020-01-16 20:30:00;2020-01-16 21:00:00;100.56666666666666
1071729215;2020-01-16 21:00:00;2020-01-16 21:30:00;91.7
1071729215;2020-01-16 21:30:00;2020-01-16 22:00:00;94.1
1071729215;2020-01-16 22:00:00;2020-01-16 22:30:00;88.03333333333333
1071729215;2020-01-16 22:30:00;2020-01-16 23:00:00;90.66666666666667
1071729215;2020-01-16 23:00:00;2020-01-16 23:30:00;91.4
1071729215;2020-01-16 23:30:00;2020-01-16 23:59:59;90.9
1071729215;2020-01-17 00:00:00;2020-01-17 00:30:00;91.2
1071729215;2020-01-17 00:30:00;2020-01-17 01:00:00;92.0
1071729215;2020-01-17 01:00:00;2020-01-17 01:30:00;92.0
1071729215;2020-01-17 01:30:00;2020-01-17 02:00:00;101.63333333333334
1071729215;2020-01-17 02:00:00;2020-01-17 02:30:00;96.4
1071729215;2020-01-17 02:30:00;2020-01-17 03:00:00;88.06666666666666
1071729215;2020-01-17 03:00:00;2020-01-17 03:30:00;96.43333333333334
1071729215;2020-01-17 03:30:00;2020-01-17 04:00:00;90.03333333333333
1071729215;2020-01-17 04:00:00;2020-01-17 04:30:00;85.3
1071729215;2020-01-17 04:30:00;2020-01-17 05:00:00;86.0
1071729215;2020-01-17 05:00:00;2020-01-17 05:30:00;88.53333333333333
1071729215;2020-01-17 05:30:00;2020-01-17 06:00:00;98.93333333333334
1071729215;2020-01-17 06:00:00;2020-01-17 06:30:00;93.76666666666667
1071729215;2020-01-17 06:30:00;2020-01-17 07:00:00;98.66666666666667
1071729215;2020-01-17 07:00:00;2020-01-17 07:30:00;92.46666666666667
1071729215;2020-01-17 07:30:00;2020-01-17 08:00:00;86.1
1071729215;2020-01-17 08:00:00;2020-01-17 08:30:00;98.7
1071729215;2020-01-17 08:30:00;2020-01-17 09:00:00;94.73333333333333
1071729215;2020-01-17 09:00:00;2020-01-17 09:30:00;94.06666666666666
1071729215;2020-01-17 09:30:00;2020-01-17 10:00:00;85.23333333333333
1071729215;2020-01-17 10:00:00;2020-01-17 10:30:00;98.56666666666666
1071729215;2020-01-17 10:30:00;2020-01-17 11:00:00;102.13333333333334
1071729215;2020-01-17 11:00:00;2020-01-17 11:30:00;114.73333333333333
1071729215;2020-01-17 11:30:00;2020-01-17 12:00:00;94.83333333333333
1071729215;2020-01-17 12:00:00;2020-01-17 12:30:00;102.83333333333333
1071729215;2020-01-17 12:30:00;2020-01-17 13:00:00;106.33333333333333
1071729215;2020-01-17 13:00:00;2020-01-17 13:30:00;90.53333333333333
1071729215;2020-01-17 13:30:00;2020-01-17 14:00:00;93.1
1071729215;2020-01-17 14:00:00;2020-01-17 14:30:00;91.9
1071729215;2020-01-17 14:30:00;2020-01-17 15:00:00;95.9
1071729215;2020-01-17 15:00:00;2020-01-17 15:30:00;89.66666666666667
1071729215;2020-01-17 15:30:00;2020-01-17 16:00:00;102.06666666666666
1071729215;2020-01-17 16:00:00;2020-01-17 16:30:00;100.96666666666667
1071729215;2020-01-17 16:30:00;2020-01-17 17:00:00;101.06666666666666
1071729215;2020-01-17 17:00:00;2020-01-17 17:30:00;91.4
1071729215;2020-01-17 17:30:00;2020-01-17 18:00:00;106.2
1071729215;2020-01-17 18:00:00;2020-01-17 18:30:00;89.06666666666666
1071729215;2020-01-17 18:30:00;2020-01-17 19:00:00;96.46666666666667
1071729215;2020-01-17 19:00:00;2020-01-17 19:30:00;111.53333333333333
1071729215;2020-01-17 19:30:00;2020-01-17 20:00:00;103.23333333333333
1071729215;2020-01-17 20:00:00;2020-01-17 20:30:00;99.76666666666667
1071729215;2020-01-17 20:30:00;2020-01-17 21:00:00;96.73333333333333
1071729215;2020-01-17 21:00:00;2020-01-17 21:30:00;109.36666666666666
1071729215;2020-01-17 21:30:00;2020-01-17 22:00:00;100.8
1071729215;2020-01-17 22:00:00;2020-01-17 22:30:00;93.43333333333334
1071729215;2020-01-17 22:30:00;2020-01-17 23:00:00;92.0
1071729215;2020-01-17 23:00:00;2020-01-17 23:30:00;91.43333333333334
1071729215;2020-01-17 23:30:00;2020-01-17 23:59:59;91.1
1071729215;2020-01-18 00:00:00;2020-01-18 00:30:00;92.0
1071729215;2020-01-18 00:30:00;2020-01-18 01:00:00;92.0
1071729215;2020-01-18 01:00:00;2020-01-18 01:30:00;92.0
1071729215;2020-01-18 01:30:00;2020-01-18 02:00:00;95.0
1071729215;2020-01-18 02:00:00;2020-01-18 02:30:00;96.06666666666666
1071729215;2020-01-18 02:30:00;2020-01-18 03:00:00;92.0
1071729215;2020-01-18 03:00:00;2020-01-18 03:30:00;92.0
1071729215;2020-01-18 03:30:00;2020-01-18 04:00:00;92.0
1071729215;2020-01-18 04:00:00;2020-01-18 04:30:00;87.0
1071729215;2020-01-18 04:30:00;2020-01-18 05:00:00;86.06666666666666
1071729215;2020-01-18 05:00:00;2020-01-18 05:30:00;85.8
1071729215;2020-01-18 05:30:00;2020-01-18 06:00:00;95.7
1071729215;2020-01-18 06:00:00;2020-01-18 06:30:00;89.2
1071729215;2020-01-18 06:30:00;2020-01-18 07:00:00;94.83333333333333
1071729215;2020-01-18 07:00:00;2020-01-18 07:30:00;99.43333333333334
1071729215;2020-01-18 07:30:00;2020-01-18 08:00:00;92.83333333333333
1071729215;2020-01-18 08:00:00;2020-01-18 08:30:00;104.23333333333333
1071729215;2020-01-18 08:30:00;2020-01-18 09:00:00;108.3
1071729215;2020-01-18 09:00:00;2020-01-18 09:30:00;99.93333333333334
1071729215;2020-01-18 09:30:00;2020-01-18 10:00:00;99.33333333333333
1071729215;2020-01-18 10:00:00;2020-01-18 10:30:00;98.53333333333333
1071729215;2020-01-18 10:30:00;2020-01-18 11:00:00;105.23333333333333
1071729215;2020-01-18 11:00:00;2020-01-18 11:30:00;104.23333333333333
1071729215;2020-01-18 11:30:00;2020-01-18 12:00:00;95.5
1071729215;2020-01-18 12:00:00;2020-01-18 12:30:00;104.86666666666666
1071729215;2020-01-18 12:30:00;2020-01-18 13:00:00;109.0
1071729215;2020-01-18 13:00:00;2020-01-18 13:30:00;110.73333333333333
1071729215;2020-01-18 13:30:00;2020-01-18 14:00:00;112.63333333333334
1071729215;2020-01-18 14:00:00;2020-01-18 14:30:00;105.83333333333333
1071729215;2020-01-18 14:30:00;2020-01-18 15:00:00;103.8
1071729215;2020-01-18 15:00:00;2020-01-18 15:30:00;109.46666666666667
1071729215;2020-01-18 15:30:00;2020-01-18 16:00:00;108.53333333333333
1071729215;2020-01-18 16:00:00;2020-01-18 16:30:00;104.36666666666666
1071729215;2020-01-18 16:30:00;2020-01-18 17:00:00;98.9
1071729215;2020-01-18 17:00:00;2020-01-18 17:30:00;102.6
1071729215;2020-01-18 17:30:00;2020-01-18 18:00:00;106.4
1071729215;2020-01-18 18:00:00;2020-01-18 18:30:00;107.2
1071729215;2020-01-18 18:30:00;2020-01-18 19:00:00;103.73333333333333
1071729215;2020-01-18 19:00:00;2020-01-18 19:30:00;106.0
1071729215;2020-01-18 19:30:00;2020-01-18 20:00:00;105.96666666666667
1071729215;2020-01-18 20:00:00;2020-01-18 20:30:00;101.93333333333334
1071729215;2020-01-18 20:30:00;2020-01-18 21:00:00;95.16666666666667
1071729215;2020-01-18 21:00:00;2020-01-18 21:30:00;92.0
1071729215;2020-01-18 21:30:00;2020-01-18 22:00:00;94.16666666666667
1071729215;2020-01-18 22:00:00;2020-01-18 22:30:00;92.76666666666667
1071729215;2020-01-18 22:30:00;2020-01-18 23:00:00;94.56666666666666
1071729215;2020-01-18 23:00:00;2020-01-18 23:30:00;105.13333333333334
1071729215;2020-01-18 23:30:00;2020-01-18 23:59:59;89.66666666666667
1071729215;2020-01-19 00:00:00;2020-01-19 00:30:00;91.3
1071729215;2020-01-19 00:30:00;2020-01-19 01:00:00;89.43333333333334
1071729215;2020-01-19 01:00:00;2020-01-19 01:30:00;92.0
1071729215;2020-01-19 01:30:00;2020-01-19 02:00:00;92.0
1071729215;2020-01-19 02:00:00;2020-01-19 02:30:00;92.0
1071729215;2020-01-19 02:30:00;2020-01-19 03:00:00;92.0
1071729215;2020-01-19 03:00:00;2020-01-19 03:30:00;92.4
1071729215;2020-01-19 03:30:00;2020-01-19 04:00:00;54.6
1071729215;2020-01-19 04:00:00;2020-01-19 04:30:00;26.0
1071729215;2020-01-19 04:30:00;2020-01-19 05:00:00;35.266666666666666
1071729215;2020-01-19 05:00:00;2020-01-19 05:30:00;72.3
1071729215;2020-01-19 05:30:00;2020-01-19 06:00:00;87.0
1071729215;2020-01-19 06:00:00;2020-01-19 06:30:00;89.0
1071729215;2020-01-19 06:30:00;2020-01-19 07:00:00;89.0
1071729215;2020-01-19 07:00:00;2020-01-19 07:30:00;93.0
1071729215;2020-01-19 07:30:00;2020-01-19 08:00:00;93.0
1071729215;2020-01-19 08:00:00;2020-01-19 08:30:00;112.93333333333334
1071729215;2020-01-19 08:30:00;2020-01-19 09:00:00;91.86666666666666
1071729215;2020-01-19 09:00:00;2020-01-19 09:30:00;94.43333333333334
1071729215;2020-01-19 09:30:00;2020-01-19 10:00:00;105.76666666666667
1071729215;2020-01-19 10:00:00;2020-01-19 10:30:00;115.0
1071729215;2020-01-19 10:30:00;2020-01-19 11:00:00;106.43333333333334
1071729215;2020-01-19 11:00:00;2020-01-19 11:30:00;103.1
1071729215;2020-01-19 11:30:00;2020-01-19 12:00:00;104.06666666666666
1071729215;2020-01-19 12:00:00;2020-01-19 12:30:00;113.4
1071729215;2020-01-19 12:30:00;2020-01-19 13:00:00;109.2
1071729215;2020-01-19 13:00:00;2020-01-19 13:30:00;101.2
1071729215;2020-01-19 13:30:00;2020-01-19 14:00:00;102.73333333333333
1071729215;2020-01-19 14:00:00;2020-01-19 14:30:00;102.86666666666666
1071729215;2020-01-19 14:30:00;2020-01-19 15:00:00;101.03333333333333
1071729215;2020-01-19 15:00:00;2020-01-19 15:30:00;93.1
1071729215;2020-01-19 15:30:00;2020-01-19 16:00:00;97.36666666666666
1071729215;2020-01-19 16:00:00;2020-01-19 16:30:00;98.3
1071729215;2020-01-19 16:30:00;2020-01-19 17:00:00;107.36666666666666
1071729215;2020-01-19 17:00:00;2020-01-19 17:30:00;95.4
1071729215;2020-01-19 17:30:00;2020-01-19 18:00:00;96.6
1071729215;2020-01-19 18:00:00;2020-01-19 18:30:00;98.7
1071729215;2020-01-19 18:30:00;2020-01-19 19:00:00;121.0
1071729215;2020-01-19 19:00:00;2020-01-19 19:30:00;113.6
1071729215;2020-01-19 19:30:00;2020-01-19 20:00:00;113.76666666666667
1071729215;2020-01-19 20:00:00;2020-01-19 20:30:00;111.4
1071729215;2020-01-19 20:30:00;2020-01-19 21:00:00;98.93333333333334
1071729215;2020-01-19 21:00:00;2020-01-19 21:30:00;114.76666666666667
1071729215;2020-01-19 21:30:00;2020-01-19 22:00:00;105.26666666666667
1071729215;2020-01-19 22:00:00;2020-01-19 22:30:00;95.83333333333333
1071729215;2020-01-19 22:30:00;2020-01-19 23:00:00;91.53333333333333
1071729215;2020-01-19 23:00:00;2020-01-19 23:30:00;101.2
1071729215;2020-01-19 23:30:00;2020-01-19 23:59:59;97.0
1071729215;2020-01-20 00:00:00;2020-01-20 00:30:00;116.8
1071729215;2020-01-20 00:30:00;2020-01-20 01:00:00;111.9
1071729215;2020-01-20 01:00:00;2020-01-20 01:30:00;95.4
1071729215;2020-01-20 01:30:00;2020-01-20 02:00:00;91.4
1071729215;2020-01-20 02:00:00;2020-01-20 02:30:00;89.4
1071729215;2020-01-20 02:30:00;2020-01-20 03:00:00;92.0
1071729215;2020-01-20 03:00:00;2020-01-20 03:30:00;92.0
1071729215;2020-01-20 03:30:00;2020-01-20 04:00:00;104.8
1071729215;2020-01-20 04:00:00;2020-01-20 04:30:00;85.1
1071729215;2020-01-20 04:30:00;2020-01-20 05:00:00;97.73333333333333
1071729215;2020-01-20 05:00:00;2020-01-20 05:30:00;92.63333333333334
1071729215;2020-01-20 05:30:00;2020-01-20 06:00:00;108.66666666666667
1071729215;2020-01-20 06:00:00;2020-01-20 06:30:00;101.8
1071729215;2020-01-20 06:30:00;2020-01-20 07:00:00;102.66666666666667
1071729215;2020-01-20 07:00:00;2020-01-20 07:30:00;102.66666666666667
1071729215;2020-01-20 07:30:00;2020-01-20 08:00:00;97.06666666666666
1071729215;2020-01-20 08:00:00;2020-01-20 08:30:00;109.43333333333334
1071729215;2020-01-20 08:30:00;2020-01-20 09:00:00;108.56666666666666
1071729215;2020-01-20 09:00:00;2020-01-20 09:30:00;108.53333333333333
1071729215;2020-01-20 09:30:00;2020-01-20 10:00:00;92.43333333333334
1071729215;2020-01-20 10:00:00;2020-01-20 10:30:00;91.7
1071729215;2020-01-20 10:30:00;2020-01-20 11:00:00;102.66666666666667
1071729215;2020-01-20 11:00:00;2020-01-20 11:30:00;90.03333333333333
1071729215;2020-01-20 11:30:00;2020-01-20 12:00:00;102.03333333333333
1071729215;2020-01-20 12:00:00;2020-01-20 12:30:00;102.03333333333333
1071729215;2020-01-20 12:30:00;2020-01-20 13:00:00;86.3
1071729215;2020-01-20 13:00:00;2020-01-20 13:30:00;94.3
1071729215;2020-01-20 13:30:00;2020-01-20 14:00:00;103.23333333333333
1071729215;2020-01-20 14:00:00;2020-01-20 14:30:00;90.56666666666666
1071729215;2020-01-20 14:30:00;2020-01-20 15:00:00;108.83333333333333
1071729215;2020-01-20 15:00:00;2020-01-20 15:30:00;91.4
1071729215;2020-01-20 15:30:00;2020-01-20 16:00:00;107.63333333333334
1071729215;2020-01-20 16:00:00;2020-01-20 16:30:00;101.46666666666667
1071729215;2020-01-20 16:30:00;2020-01-20 17:00:00;92.7
1071729215;2020-01-20 17:00:00;2020-01-20 17:30:00;93.26666666666667
1071729215;2020-01-20 17:30:00;2020-01-20 18:00:00;95.53333333333333
1071729215;2020-01-20 18:00:00;2020-01-20 18:30:00;93.23333333333333
1071729215;2020-01-20 18:30:00;2020-01-20 19:00:00;107.66666666666667
1071729215;2020-01-20 19:00:00;2020-01-20 19:30:00;91.53333333333333
1071729215;2020-01-20 19:30:00;2020-01-20 20:00:00;106.8
1071729215;2020-01-20 20:00:00;2020-01-20 20:30:00;95.06666666666666
1071729215;2020-01-20 20:30:00;2020-01-20 21:00:00;87.3
1071729215;2020-01-20 21:00:00;2020-01-20 21:30:00;92.16666666666667
1071729215;2020-01-20 21:30:00;2020-01-20 22:00:00;94.36666666666666
1071729215;2020-01-20 22:00:00;2020-01-20 22:30:00;92.0
1071729215;2020-01-20 22:30:00;2020-01-20 23:00:00;92.03333333333333
1071729215;2020-01-20 23:00:00;2020-01-20 23:30:00;95.46666666666667
1071729215;2020-01-20 23:30:00;2020-01-20 23:59:59;92.0
1071729215;2020-01-21 00:00:00;2020-01-21 00:30:00;92.0
1071729215;2020-01-21 00:30:00;2020-01-21 01:00:00;92.0
1071729215;2020-01-21 01:00:00;2020-01-21 01:30:00;92.0
1071729215;2020-01-21 01:30:00;2020-01-21 02:00:00;92.0
1071729215;2020-01-21 02:00:00;2020-01-21 02:30:00;92.0
1071729215;2020-01-21 02:30:00;2020-01-21 03:00:00;92.0
1071729215;2020-01-21 03:00:00;2020-01-21 03:30:00;91.93333333333334
1071729215;2020-01-21 03:30:00;2020-01-21 04:00:00;90.8
1071729215;2020-01-21 04:00:00;2020-01-21 04:30:00;105.93333333333334
1071729215;2020-01-21 04:30:00;2020-01-21 05:00:00;114.0
1071729215;2020-01-21 05:00:00;2020-01-21 05:30:00;92.0
1071729215;2020-01-21 05:30:00;2020-01-21 06:00:00;98.7
1071729215;2020-01-21 06:00:00;2020-01-21 06:30:00;100.63333333333334
1071729215;2020-01-21 06:30:00;2020-01-21 07:00:00;99.86666666666666
1071729215;2020-01-21 07:00:00;2020-01-21 07:30:00;104.53333333333333
1071729215;2020-01-21 07:30:00;2020-01-21 08:00:00;90.06666666666666
1071729215;2020-01-21 08:00:00;2020-01-21 08:30:00;104.1
1071729215;2020-01-21 08:30:00;2020-01-21 09:00:00;92.23333333333333
1071729215;2020-01-21 09:00:00;2020-01-21 09:30:00;94.06666666666666
1071729215;2020-01-21 09:30:00;2020-01-21 10:00:00;93.6
1071729215;2020-01-21 10:00:00;2020-01-21 10:30:00;105.46666666666667
1071729215;2020-01-21 10:30:00;2020-01-21 11:00:00;93.83333333333333
1071729215;2020-01-21 11:00:00;2020-01-21 11:30:00;90.43333333333334
1071729215;2020-01-21 11:30:00;2020-01-21 12:00:00;98.33333333333333
1071729215;2020-01-21 12:00:00;2020-01-21 12:30:00;97.86666666666666
1071729215;2020-01-21 12:30:00;2020-01-21 13:00:00;92.4
1071729215;2020-01-21 13:00:00;2020-01-21 13:30:00;92.0
1071729215;2020-01-21 13:30:00;2020-01-21 14:00:00;90.5
1071729215;2020-01-21 14:00:00;2020-01-21 14:30:00;94.06666666666666
1071729215;2020-01-21 14:30:00;2020-01-21 15:00:00;95.0
1071729215;2020-01-21 15:00:00;2020-01-21 15:30:00;88.06666666666666
1071729215;2020-01-21 15:30:00;2020-01-21 16:00:00;90.6
1071729215;2020-01-21 16:00:00;2020-01-21 16:30:00;94.46666666666667
1071729215;2020-01-21 16:30:00;2020-01-21 17:00:00;90.83333333333333
1071729215;2020-01-21 17:00:00;2020-01-21 17:30:00;105.8
1071729215;2020-01-21 17:30:00;2020-01-21 18:00:00;106.03333333333333
1071729215;2020-01-21 18:00:00;2020-01-21 18:30:00;87.53333333333333
1071729215;2020-01-21 18:30:00;2020-01-21 19:00:00;94.9
1071729215;2020-01-21 19:00:00;2020-01-21 19:30:00;95.46666666666667
1071729215;2020-01-21 19:30:00;2020-01-21 20:00:00;106.6
1071729215;2020-01-21 20:00:00;2020-01-21 20:30:00;90.8
1071729215;2020-01-21 20:30:00;2020-01-21 21:00:00;99.53333333333333
1071729215;2020-01-21 21:00:00;2020-01-21 21:30:00;97.23333333333333
1071729215;2020-01-21 21:30:00;2020-01-21 22:00:00;103.46666666666667
1071729215;2020-01-21 22:00:00;2020-01-21 22:30:00;101.63333333333334
1071729215;2020-01-21 22:30:00;2020-01-21 23:00:00;102.26666666666667
1071729215;2020-01-21 23:00:00;2020-01-21 23:30:00;113.5
1071729215;2020-01-21 23:30:00;2020-01-21 23:59:59;103.5
1071729215;2020-01-22 00:00:00;2020-01-22 00:30:00;86.5
1071729215;2020-01-22 00:30:00;2020-01-22 01:00:00;92.0
1071729215;2020-01-22 01:00:00;2020-01-22 01:30:00;92.0
1071729215;2020-01-22 01:30:00;2020-01-22 02:00:00;92.0
1071729215;2020-01-22 02:00:00;2020-01-22 02:30:00;92.0
1071729215;2020-01-22 02:30:00;2020-01-22 03:00:00;92.0
1071729215;2020-01-22 03:00:00;2020-01-22 03:30:00;90.86666666666666
1071729215;2020-01-22 03:30:00;2020-01-22 04:00:00;90.46666666666667
1071729215;2020-01-22 04:00:00;2020-01-22 04:30:00;86.13333333333334
1071729215;2020-01-22 04:30:00;2020-01-22 05:00:00;94.5
1071729215;2020-01-22 05:00:00;2020-01-22 05:30:00;84.26666666666667
1071729215;2020-01-22 05:30:00;2020-01-22 06:00:00;97.1
1071729215;2020-01-22 06:00:00;2020-01-22 06:30:00;95.83333333333333
1071729215;2020-01-22 06:30:00;2020-01-22 07:00:00;99.06666666666666
1071729215;2020-01-22 07:00:00;2020-01-22 07:30:00;86.93333333333334
1071729215;2020-01-22 07:30:00;2020-01-22 08:00:00;88.6
1071729215;2020-01-22 08:00:00;2020-01-22 08:30:00;104.23333333333333
1071729215;2020-01-22 08:30:00;2020-01-22 09:00:00;102.13333333333334
1071729215;2020-01-22 09:00:00;2020-01-22 09:30:00;102.7
1071729215;2020-01-22 09:30:00;2020-01-22 10:00:00;93.2
1071729215;2020-01-22 10:00:00;2020-01-22 10:30:00;96.3
1071729215;2020-01-22 10:30:00;2020-01-22 11:00:00;103.43333333333334
1071729215;2020-01-22 11:00:00;2020-01-22 11:30:00;113.5
1071729215;2020-01-22 11:30:00;2020-01-22 12:00:00;102.93333333333334
1071729215;2020-01-22 12:00:00;2020-01-22 12:30:00;97.53333333333333
1071729215;2020-01-22 12:30:00;2020-01-22 13:00:00;95.66666666666667
1071729215;2020-01-22 13:00:00;2020-01-22 13:30:00;107.36666666666666
1071729215;2020-01-22 13:30:00;2020-01-22 14:00:00;99.4
1071729215;2020-01-22 14:00:00;2020-01-22 14:30:00;97.23333333333333
1071729215;2020-01-22 14:30:00;2020-01-22 15:00:00;109.1
1071729215;2020-01-22 15:00:00;2020-01-22 15:30:00;112.83333333333333
1071729215;2020-01-22 15:30:00;2020-01-22 16:00:00;110.3
1071729215;2020-01-22 16:00:00;2020-01-22 16:30:00;100.86666666666666
1071729215;2020-01-22 16:30:00;2020-01-22 17:00:00;108.46666666666667
1071729215;2020-01-22 17:00:00;2020-01-22 17:30:00;98.4
1071729215;2020-01-22 17:30:00;2020-01-22 18:00:00;106.56666666666666
1071729215;2020-01-22 18:00:00;2020-01-22 18:30:00;111.0
1071729215;2020-01-22 18:30:00;2020-01-22 19:00:00;99.13333333333334
1071729215;2020-01-22 19:00:00;2020-01-22 19:30:00;89.16666666666667
1071729215;2020-01-22 19:30:00;2020-01-22 20:00:00;91.83333333333333
1071729215;2020-01-22 20:00:00;2020-01-22 20:30:00;90.83333333333333
1071729215;2020-01-22 20:30:00;2020-01-22 21:00:00;91.93333333333334
1071729215;2020-01-22 21:00:00;2020-01-22 21:30:00;92.0
1071729215;2020-01-22 21:30:00;2020-01-22 22:00:00;92.0
1071729215;2020-01-22 22:00:00;2020-01-22 22:30:00;92.0
1071729215;2020-01-22 22:30:00;2020-01-22 23:00:00;92.1
1071729215;2020-01-22 23:00:00;2020-01-22 23:30:00;93.66666666666667
1071729215;2020-01-22 23:30:00;2020-01-22 23:59:59;92.0
1071729215;2020-01-23 00:00:00;2020-01-23 00:30:00;92.0
1071729215;2020-01-23 00:30:00;2020-01-23 01:00:00;90.7
1071729215;2020-01-23 01:00:00;2020-01-23 01:30:00;86.6
1071729215;2020-01-23 01:30:00;2020-01-23 02:00:00;85.0
1071729215;2020-01-23 02:00:00;2020-01-23 02:30:00;87.33333333333333
1071729215;2020-01-23 02:30:00;2020-01-23 03:00:00;85.4
1071729215;2020-01-23 03:00:00;2020-01-23 03:30:00;90.46666666666667
1071729215;2020-01-23 03:30:00;2020-01-23 04:00:00;76.4
1071729215;2020-01-23 04:00:00;2020-01-23 04:30:00;75.0
1071729215;2020-01-23 04:30:00;2020-01-23 05:00:00;101.9
1071729215;2020-01-23 05:00:00;2020-01-23 05:30:00;85.83333333333333
1071729215;2020-01-23 05:30:00;2020-01-23 06:00:00;102.0
1071729215;2020-01-23 06:00:00;2020-01-23 06:30:00;96.03333333333333
1071729215;2020-01-23 06:30:00;2020-01-23 07:00:00;98.93333333333334
1071729215;2020-01-23 07:00:00;2020-01-23 07:30:00;104.8
1071729215;2020-01-23 07:30:00;2020-01-23 08:00:00;114.4
1071729215;2020-01-23 08:00:00;2020-01-23 08:30:00;98.1
1071729215;2020-01-23 08:30:00;2020-01-23 09:00:00;93.86666666666666
1071729215;2020-01-23 09:00:00;2020-01-23 09:30:00;91.43333333333334
1071729215;2020-01-23 09:30:00;2020-01-23 10:00:00;106.16666666666667
1071729215;2020-01-23 10:00:00;2020-01-23 10:30:00;96.63333333333334
1071729215;2020-01-23 10:30:00;2020-01-23 11:00:00;100.16666666666667
1071729215;2020-01-23 11:00:00;2020-01-23 11:30:00;91.06666666666666
1071729215;2020-01-23 11:30:00;2020-01-23 12:00:00;96.83333333333333
1071729215;2020-01-23 12:00:00;2020-01-23 12:30:00;99.76666666666667
1071729215;2020-01-23 12:30:00;2020-01-23 13:00:00;96.0
1071729215;2020-01-23 13:00:00;2020-01-23 13:30:00;97.5
1071729215;2020-01-23 13:30:00;2020-01-23 14:00:00;92.83333333333333
1071729215;2020-01-23 14:00:00;2020-01-23 14:30:00;109.06666666666666
1071729215;2020-01-23 14:30:00;2020-01-23 15:00:00;104.53333333333333
1071729215;2020-01-23 15:00:00;2020-01-23 15:30:00;105.4
1071729215;2020-01-23 15:30:00;2020-01-23 16:00:00;88.53333333333333
1071729215;2020-01-23 16:00:00;2020-01-23 16:30:00;96.16666666666667
1071729215;2020-01-23 16:30:00;2020-01-23 17:00:00;97.03333333333333
1071729215;2020-01-23 17:00:00;2020-01-23 17:30:00;106.66666666666667
1071729215;2020-01-23 17:30:00;2020-01-23 18:00:00;89.63333333333334
1071729215;2020-01-23 18:00:00;2020-01-23 18:30:00;113.3
1071729215;2020-01-23 18:30:00;2020-01-23 19:00:00;93.9
1071729215;2020-01-23 19:00:00;2020-01-23 19:30:00;110.76666666666667
1071729215;2020-01-23 19:30:00;2020-01-23 20:00:00;90.1
1071729215;2020-01-23 20:00:00;2020-01-23 20:30:00;98.56666666666666
1071729215;2020-01-23 20:30:00;2020-01-23 21:00:00;108.1
1071729215;2020-01-23 21:00:00;2020-01-23 21:30:00;100.73333333333333
1071729215;2020-01-23 21:30:00;2020-01-23 22:00:00;110.23333333333333
1071729215;2020-01-23 22:00:00;2020-01-23 22:30:00;97.06666666666666
1071729215;2020-01-23 22:30:00;2020-01-23 23:00:00;89.66666666666667
1071729215;2020-01-23 23:00:00;2020-01-23 23:30:00;113.73333333333333
1071729215;2020-01-23 23:30:00;2020-01-23 23:59:59;94.16666666666667
1071729215;2020-01-24 00:00:00;2020-01-24 00:30:00;91.16666666666667
1071729215;2020-01-24 00:30:00;2020-01-24 01:00:00;92.0
1071729215;2020-01-24 01:00:00;2020-01-24 01:30:00;92.0
1071729215;2020-01-24 01:30:00;2020-01-24 02:00:00;92.0
1071729215;2020-01-24 02:00:00;2020-01-24 02:30:00;92.0
1071729215;2020-01-24 02:30:00;2020-01-24 03:00:00;92.0
1071729215;2020-01-24 03:00:00;2020-01-24 03:30:00;92.0
1071729215;2020-01-24 03:30:00;2020-01-24 04:00:00;92.0
1071729215;2020-01-24 04:00:00;2020-01-24 04:30:00;100.26666666666667
1071729215;2020-01-24 04:30:00;2020-01-24 05:00:00;94.33333333333333
1071729215;2020-01-24 05:00:00;2020-01-24 05:30:00;92.66666666666667
1071729215;2020-01-24 05:30:00;2020-01-24 06:00:00;111.73333333333333
1071729215;2020-01-24 06:00:00;2020-01-24 06:30:00;105.2
1071729215;2020-01-24 06:30:00;2020-01-24 07:00:00;98.16666666666667
1071729215;2020-01-24 07:00:00;2020-01-24 07:30:00;95.3
1071729215;2020-01-24 07:30:00;2020-01-24 08:00:00;112.16666666666667
1071729215;2020-01-24 08:00:00;2020-01-24 08:30:00;96.23333333333333
1071729215;2020-01-24 08:30:00;2020-01-24 09:00:00;95.0
1071729215;2020-01-24 09:00:00;2020-01-24 09:30:00;86.93333333333334
1071729215;2020-01-24 09:30:00;2020-01-24 10:00:00;108.43333333333334
1071729215;2020-01-24 10:00:00;2020-01-24 10:30:00;92.53333333333333
1071729215;2020-01-24 10:30:00;2020-01-24 11:00:00;104.56666666666666
1071729215;2020-01-24 11:00:00;2020-01-24 11:30:00;107.26666666666667
1071729215;2020-01-24 11:30:00;2020-01-24 12:00:00;109.73333333333333
1071729215;2020-01-24 12:00:00;2020-01-24 12:30:00;98.66666666666667
1071729215;2020-01-24 12:30:00;2020-01-24 13:00:00;112.5
1071729215;2020-01-24 13:00:00;2020-01-24 13:30:00;104.16666666666667
1071729215;2020-01-24 13:30:00;2020-01-24 14:00:00;107.93333333333334
1071729215;2020-01-24 14:00:00;2020-01-24 14:30:00;98.3
1071729215;2020-01-24 14:30:00;2020-01-24 15:00:00;99.7
1071729215;2020-01-24 15:00:00;2020-01-24 15:30:00;103.6
1071729215;2020-01-24 15:30:00;2020-01-24 16:00:00;103.6
1071729215;2020-01-24 16:00:00;2020-01-24 16:30:00;99.6
1071729215;2020-01-24 16:30:00;2020-01-24 17:00:00;95.26666666666667
1071729215;2020-01-24 17:00:00;2020-01-24 17:30:00;87.96666666666667
1071729215;2020-01-24 17:30:00;2020-01-24 18:00:00;89.2
1071729215;2020-01-24 18:00:00;2020-01-24 18:30:00;102.43333333333334
1071729215;2020-01-24 18:30:00;2020-01-24 19:00:00;97.43333333333334
1071729215;2020-01-24 19:00:00;2020-01-24 19:30:00;95.3
1071729215;2020-01-24 19:30:00;2020-01-24 20:00:00;109.16666666666667
1071729215;2020-01-24 20:00:00;2020-01-24 20:30:00;98.96666666666667
1071729215;2020-01-24 20:30:00;2020-01-24 21:00:00;107.73333333333333
1071729215;2020-01-24 21:00:00;2020-01-24 21:30:00;107.5
1071729215;2020-01-24 21:30:00;2020-01-24 22:00:00;102.63333333333334
1071729215;2020-01-24 22:00:00;2020-01-24 22:30:00;92.0
1071729215;2020-01-24 22:30:00;2020-01-24 23:00:00;92.66666666666667
1071729215;2020-01-24 23:00:00;2020-01-24 23:30:00;92.0
1071729215;2020-01-24 23:30:00;2020-01-24 23:59:59;91.4
1071729215;2020-01-25 00:00:00;2020-01-25 00:30:00;92.0
1071729215;2020-01-25 00:30:00;2020-01-25 01:00:00;92.0
1071729215;2020-01-25 01:00:00;2020-01-25 01:30:00;92.0
1071729215;2020-01-25 01:30:00;2020-01-25 02:00:00;90.93333333333334
1071729215;2020-01-25 02:00:00;2020-01-25 02:30:00;92.03333333333333
1071729215;2020-01-25 02:30:00;2020-01-25 03:00:00;92.0
1071729215;2020-01-25 03:00:00;2020-01-25 03:30:00;92.0
1071729215;2020-01-25 03:30:00;2020-01-25 04:00:00;92.0
1071729215;2020-01-25 04:00:00;2020-01-25 04:30:00;95.7
1071729215;2020-01-25 04:30:00;2020-01-25 05:00:00;94.8
1071729215;2020-01-25 05:00:00;2020-01-25 05:30:00;120.3
1071729215;2020-01-25 05:30:00;2020-01-25 06:00:00;119.73333333333333
1071729215;2020-01-25 06:00:00;2020-01-25 06:30:00;102.63333333333334
1071729215;2020-01-25 06:30:00;2020-01-25 07:00:00;96.4
1071729215;2020-01-25 07:00:00;2020-01-25 07:30:00;101.0
1071729215;2020-01-25 07:30:00;2020-01-25 08:00:00;95.56666666666666
1071729215;2020-01-25 08:00:00;2020-01-25 08:30:00;99.96666666666667
1071729215;2020-01-25 08:30:00;2020-01-25 09:00:00;104.33333333333333
1071729215;2020-01-25 09:00:00;2020-01-25 09:30:00;105.53333333333333
1071729215;2020-01-25 09:30:00;2020-01-25 10:00:00;122.46666666666667
1071729215;2020-01-25 10:00:00;2020-01-25 10:30:00;105.8
1071729215;2020-01-25 10:30:00;2020-01-25 11:00:00;116.7
1071729215;2020-01-25 11:00:00;2020-01-25 11:30:00;104.26666666666667
1071729215;2020-01-25 11:30:00;2020-01-25 12:00:00;104.16666666666667
1071729215;2020-01-25 12:00:00;2020-01-25 12:30:00;103.26666666666667
1071729215;2020-01-25 12:30:00;2020-01-25 13:00:00;101.66666666666667
1071729215;2020-01-25 13:00:00;2020-01-25 13:30:00;91.6
1071729215;2020-01-25 13:30:00;2020-01-25 14:00:00;113.43333333333334
1071729215;2020-01-25 14:00:00;2020-01-25 14:30:00;108.3
1071729215;2020-01-25 14:30:00;2020-01-25 15:00:00;103.76666666666667
1071729215;2020-01-25 15:00:00;2020-01-25 15:30:00;114.6
1071729215;2020-01-25 15:30:00;2020-01-25 16:00:00;103.16666666666667
1071729215;2020-01-25 16:00:00;2020-01-25 16:30:00;113.46666666666667
1071729215;2020-01-25 16:30:00;2020-01-25 17:00:00;106.36666666666666
1071729215;2020-01-25 17:00:00;2020-01-25 17:30:00;120.46666666666667
1071729215;2020-01-25 17:30:00;2020-01-25 18:00:00;107.33333333333333
1071729215;2020-01-25 18:00:00;2020-01-25 18:30:00;99.7
1071729215;2020-01-25 18:30:00;2020-01-25 19:00:00;109.86666666666666
1071729215;2020-01-25 19:00:00;2020-01-25 19:30:00;96.3
1071729215;2020-01-25 19:30:00;2020-01-25 20:00:00;97.66666666666667
1071729215;2020-01-25 20:00:00;2020-01-25 20:30:00;111.43333333333334
1071729215;2020-01-25 20:30:00;2020-01-25 21:00:00;108.36666666666666
1071729215;2020-01-25 21:00:00;2020-01-25 21:30:00;93.86666666666666
1071729215;2020-01-25 21:30:00;2020-01-25 22:00:00;96.36666666666666
1071729215;2020-01-25 22:00:00;2020-01-25 22:30:00;94.4
1071729215;2020-01-25 22:30:00;2020-01-25 23:00:00;92.0
1071729215;2020-01-25 23:00:00;2020-01-25 23:30:00;92.0
1071729215;2020-01-25 23:30:00;2020-01-25 23:59:59;92.3
1071729215;2020-01-26 00:00:00;2020-01-26 00:30:00;95.5
1071729215;2020-01-26 00:30:00;2020-01-26 01:00:00;96.6
1071729215;2020-01-26 01:00:00;2020-01-26 01:30:00;92.6
1071729215;2020-01-26 01:30:00;2020-01-26 02:00:00;92.0
1071729215;2020-01-26 02:00:00;2020-01-26 02:30:00;87.73333333333333
1071729215;2020-01-26 02:30:00;2020-01-26 03:00:00;92.53333333333333
1071729215;2020-01-26 03:00:00;2020-01-26 03:30:00;94.43333333333334
1071729215;2020-01-26 03:30:00;2020-01-26 04:00:00;92.0
1071729215;2020-01-26 04:00:00;2020-01-26 04:30:00;89.0
1071729215;2020-01-26 04:30:00;2020-01-26 05:00:00;89.0
1071729215;2020-01-26 05:00:00;2020-01-26 05:30:00;87.0
1071729215;2020-01-26 05:30:00;2020-01-26 06:00:00;87.0
1071729215;2020-01-26 06:00:00;2020-01-26 06:30:00;89.0
1071729215;2020-01-26 06:30:00;2020-01-26 07:00:00;89.83333333333333
1071729215;2020-01-26 07:00:00;2020-01-26 07:30:00;90.73333333333333
1071729215;2020-01-26 07:30:00;2020-01-26 08:00:00;90.13333333333334
1071729215;2020-01-26 08:00:00;2020-01-26 08:30:00;112.86666666666666
1071729215;2020-01-26 08:30:00;2020-01-26 09:00:00;110.2
1071729215;2020-01-26 09:00:00;2020-01-26 09:30:00;110.2
1071729215;2020-01-26 09:30:00;2020-01-26 10:00:00;106.23333333333333
1071729215;2020-01-26 10:00:00;2020-01-26 10:30:00;106.26666666666667
1071729215;2020-01-26 10:30:00;2020-01-26 11:00:00;107.53333333333333
1071729215;2020-01-26 11:00:00;2020-01-26 11:30:00;103.83333333333333
1071729215;2020-01-26 11:30:00;2020-01-26 12:00:00;117.73333333333333
1071729215;2020-01-26 12:00:00;2020-01-26 12:30:00;106.46666666666667
1071729215;2020-01-26 12:30:00;2020-01-26 13:00:00;109.86666666666666
1071729215;2020-01-26 13:00:00;2020-01-26 13:30:00;95.7
1071729215;2020-01-26 13:30:00;2020-01-26 14:00:00;100.46666666666667
1071729215;2020-01-26 14:00:00;2020-01-26 14:30:00;101.26666666666667
1071729215;2020-01-26 14:30:00;2020-01-26 15:00:00;92.9
1071729215;2020-01-26 15:00:00;2020-01-26 15:30:00;88.9
1071729215;2020-01-26 15:30:00;2020-01-26 16:00:00;82.7
1071729215;2020-01-26 16:00:00;2020-01-26 16:30:00;94.33333333333333
1071729215;2020-01-26 16:30:00;2020-01-26 17:00:00;92.93333333333334
1071729215;2020-01-26 17:00:00;2020-01-26 17:30:00;108.2
1071729215;2020-01-26 17:30:00;2020-01-26 18:00:00;108.43333333333334
1071729215;2020-01-26 18:00:00;2020-01-26 18:30:00;107.0
1071729215;2020-01-26 18:30:00;2020-01-26 19:00:00;102.16666666666667
1071729215;2020-01-26 19:00:00;2020-01-26 19:30:00;109.9
1071729215;2020-01-26 19:30:00;2020-01-26 20:00:00;93.66666666666667
1071729215;2020-01-26 20:00:00;2020-01-26 20:30:00;104.03333333333333
1071729215;2020-01-26 20:30:00;2020-01-26 21:00:00;118.43333333333334
1071729215;2020-01-26 21:00:00;2020-01-26 21:30:00;90.56666666666666
1071729215;2020-01-26 21:30:00;2020-01-26 22:00:00;104.6
1071729215;2020-01-26 22:00:00;2020-01-26 22:30:00;90.96666666666667
1071729215;2020-01-26 22:30:00;2020-01-26 23:00:00;92.0
1071729215;2020-01-26 23:00:00;2020-01-26 23:30:00;92.0
1071729215;2020-01-26 23:30:00;2020-01-26 23:59:59;91.53333333333333
1071729215;2020-01-27 00:00:00;2020-01-27 00:30:00;91.7
1071729215;2020-01-27 00:30:00;2020-01-27 01:00:00;92.76666666666667
1071729215;2020-01-27 01:00:00;2020-01-27 01:30:00;92.0
1071729215;2020-01-27 01:30:00;2020-01-27 02:00:00;92.0
1071729215;2020-01-27 02:00:00;2020-01-27 02:30:00;92.0
1071729215;2020-01-27 02:30:00;2020-01-27 03:00:00;92.0
1071729215;2020-01-27 03:00:00;2020-01-27 03:30:00;92.0
1071729215;2020-01-27 03:30:00;2020-01-27 04:00:00;92.0
1071729215;2020-01-27 04:00:00;2020-01-27 04:30:00;104.1
1071729215;2020-01-27 04:30:00;2020-01-27 05:00:00;93.3
1071729215;2020-01-27 05:00:00;2020-01-27 05:30:00;99.63333333333334
1071729215;2020-01-27 05:30:00;2020-01-27 06:00:00;96.66666666666667
1071729215;2020-01-27 06:00:00;2020-01-27 06:30:00;98.66666666666667
1071729215;2020-01-27 06:30:00;2020-01-27 07:00:00;100.9
1071729215;2020-01-27 07:00:00;2020-01-27 07:30:00;110.1
1071729215;2020-01-27 07:30:00;2020-01-27 08:00:00;102.66666666666667
1071729215;2020-01-27 08:00:00;2020-01-27 08:30:00;103.0
1071729215;2020-01-27 08:30:00;2020-01-27 09:00:00;107.16666666666667
1071729215;2020-01-27 09:00:00;2020-01-27 09:30:00;95.26666666666667
1071729215;2020-01-27 09:30:00;2020-01-27 10:00:00;96.62068965517241
1071729215;2020-01-27 10:00:00;2020-01-27 10:30:00;92.8
1071729215;2020-01-27 10:30:00;2020-01-27 11:00:00;104.56666666666666
1071729215;2020-01-27 11:00:00;2020-01-27 11:30:00;99.53333333333333
1071729215;2020-01-27 11:30:00;2020-01-27 12:00:00;107.06666666666666
1071729215;2020-01-27 12:00:00;2020-01-27 12:30:00;102.63333333333334
1071729215;2020-01-27 12:30:00;2020-01-27 13:00:00;96.06666666666666
1071729215;2020-01-27 13:00:00;2020-01-27 13:30:00;98.13333333333334
1071729215;2020-01-27 13:30:00;2020-01-27 14:00:00;108.23333333333333
1071729215;2020-01-27 14:00:00;2020-01-27 14:30:00;91.5
1071729215;2020-01-27 14:30:00;2020-01-27 15:00:00;93.96666666666667
1071729215;2020-01-27 15:00:00;2020-01-27 15:30:00;98.33333333333333
1071729215;2020-01-27 15:30:00;2020-01-27 16:00:00;102.63333333333334
1071729215;2020-01-27 16:00:00;2020-01-27 16:30:00;96.23333333333333
1071729215;2020-01-27 16:30:00;2020-01-27 17:00:00;102.1
1071729215;2020-01-27 17:00:00;2020-01-27 17:30:00;91.43333333333334
1071729215;2020-01-27 17:30:00;2020-01-27 18:00:00;89.56666666666666
1071729215;2020-01-27 18:00:00;2020-01-27 18:30:00;87.23333333333333
1071729215;2020-01-27 18:30:00;2020-01-27 19:00:00;88.6
1071729215;2020-01-27 19:00:00;2020-01-27 19:30:00;96.66666666666667
1071729215;2020-01-27 19:30:00;2020-01-27 20:00:00;101.56666666666666
1071729215;2020-01-27 20:00:00;2020-01-27 20:30:00;87.93333333333334
1071729215;2020-01-27 20:30:00;2020-01-27 21:00:00;90.9
1071729215;2020-01-27 21:00:00;2020-01-27 21:30:00;91.4
1071729215;2020-01-27 21:30:00;2020-01-27 22:00:00;101.63333333333334
1071729215;2020-01-27 22:00:00;2020-01-27 22:30:00;105.6
1071729215;2020-01-27 22:30:00;2020-01-27 23:00:00;100.06666666666666
1071729215;2020-01-27 23:00:00;2020-01-27 23:30:00;92.9
1071729215;2020-01-27 23:30:00;2020-01-27 23:59:59;99.6
1071729215;2020-01-28 00:00:00;2020-01-28 00:30:00;88.03333333333333
1071729215;2020-01-28 00:30:00;2020-01-28 01:00:00;92.0
1071729215;2020-01-28 01:00:00;2020-01-28 01:30:00;92.0
1071729215;2020-01-28 01:30:00;2020-01-28 02:00:00;92.0
1071729215;2020-01-28 02:00:00;2020-01-28 02:30:00;92.93333333333334
1071729215;2020-01-28 02:30:00;2020-01-28 03:00:00;97.13333333333334
1071729215;2020-01-28 03:00:00;2020-01-28 03:30:00;108.8
1071729215;2020-01-28 03:30:00;2020-01-28 04:00:00;108.9
1071729215;2020-01-28 04:00:00;2020-01-28 04:30:00;94.6
1071729215;2020-01-28 04:30:00;2020-01-28 05:00:00;89.93333333333334
1071729215;2020-01-28 05:00:00;2020-01-28 05:30:00;111.2
1071729215;2020-01-28 05:30:00;2020-01-28 06:00:00;87.86666666666666
1071729215;2020-01-28 06:00:00;2020-01-28 06:30:00;103.93333333333334
1071729215;2020-01-28 06:30:00;2020-01-28 07:00:00;104.06666666666666
1071729215;2020-01-28 07:00:00;2020-01-28 07:30:00;88.73333333333333
1071729215;2020-01-28 07:30:00;2020-01-28 08:00:00;92.83333333333333
1071729215;2020-01-28 08:00:00;2020-01-28 08:30:00;92.86666666666666
1071729215;2020-01-28 08:30:00;2020-01-28 09:00:00;89.8
1071729215;2020-01-28 09:00:00;2020-01-28 09:30:00;96.46666666666667
1071729215;2020-01-28 09:30:00;2020-01-28 10:00:00;100.46666666666667
1071729215;2020-01-28 10:00:00;2020-01-28 10:30:00;88.0
1071729215;2020-01-28 10:30:00;2020-01-28 11:00:00;103.13333333333334
1071729215;2020-01-28 11:00:00;2020-01-28 11:30:00;89.13333333333334
1071729215;2020-01-28 11:30:00;2020-01-28 12:00:00;87.46666666666667
1071729215;2020-01-28 12:00:00;2020-01-28 12:30:00;93.3
1071729215;2020-01-28 12:30:00;2020-01-28 13:00:00;113.36666666666666
1071729215;2020-01-28 13:00:00;2020-01-28 13:30:00;93.3
1071729215;2020-01-28 13:30:00;2020-01-28 14:00:00;100.0
1071729215;2020-01-28 14:00:00;2020-01-28 14:30:00;90.73333333333333
1071729215;2020-01-28 14:30:00;2020-01-28 15:00:00;105.13333333333334
1071729215;2020-01-28 15:00:00;2020-01-28 15:30:00;92.26666666666667
1071729215;2020-01-28 15:30:00;2020-01-28 16:00:00;85.1
1071729215;2020-01-28 16:00:00;2020-01-28 16:30:00;90.13333333333334
1071729215;2020-01-28 16:30:00;2020-01-28 17:00:00;90.03333333333333
1071729215;2020-01-28 17:00:00;2020-01-28 17:30:00;97.66666666666667
1071729215;2020-01-28 17:30:00;2020-01-28 18:00:00;97.8
1071729215;2020-01-28 18:00:00;2020-01-28 18:30:00;101.03333333333333
1071729215;2020-01-28 18:30:00;2020-01-28 19:00:00;98.33333333333333
1071729215;2020-01-28 19:00:00;2020-01-28 19:30:00;86.73333333333333
1071729215;2020-01-28 19:30:00;2020-01-28 20:00:00;84.73333333333333
1071729215;2020-01-28 20:00:00;2020-01-28 20:30:00;89.3
1071729215;2020-01-28 20:30:00;2020-01-28 21:00:00;88.9
1071729215;2020-01-28 21:00:00;2020-01-28 21:30:00;92.0
1071729215;2020-01-28 21:30:00;2020-01-28 22:00:00;95.03333333333333
1071729215;2020-01-28 22:00:00;2020-01-28 22:30:00;100.93333333333334
1071729215;2020-01-28 22:30:00;2020-01-28 23:00:00;99.93333333333334
1071729215;2020-01-28 23:00:00;2020-01-28 23:30:00;105.83333333333333
1071729215;2020-01-28 23:30:00;2020-01-28 23:59:59;96.6
1071729215;2020-01-29 00:00:00;2020-01-29 00:30:00;87.1
1071729215;2020-01-29 00:30:00;2020-01-29 01:00:00;92.0
1071729215;2020-01-29 01:00:00;2020-01-29 01:30:00;89.03333333333333
1071729215;2020-01-29 01:30:00;2020-01-29 02:00:00;92.0
1071729215;2020-01-29 02:00:00;2020-01-29 02:30:00;92.0
1071729215;2020-01-29 02:30:00;2020-01-29 03:00:00;92.0
1071729215;2020-01-29 03:00:00;2020-01-29 03:30:00;92.0
1071729215;2020-01-29 03:30:00;2020-01-29 04:00:00;88.8
1071729215;2020-01-29 04:00:00;2020-01-29 04:30:00;84.53333333333333
1071729215;2020-01-29 04:30:00;2020-01-29 05:00:00;84.36666666666666
1071729215;2020-01-29 05:00:00;2020-01-29 05:30:00;86.86666666666666
1071729215;2020-01-29 05:30:00;2020-01-29 06:00:00;108.76666666666667
1071729215;2020-01-29 06:00:00;2020-01-29 06:30:00;93.73333333333333
1071729215;2020-01-29 06:30:00;2020-01-29 07:00:00;100.55172413793103
1071729215;2020-01-29 07:00:00;2020-01-29 07:30:00;89.58620689655173
1071729215;2020-01-29 07:30:00;2020-01-29 08:00:00;83.5
1071729215;2020-01-29 08:00:00;2020-01-29 08:30:00;95.56666666666666
1071729215;2020-01-29 08:30:00;2020-01-29 09:00:00;92.53333333333333
1071729215;2020-01-29 09:00:00;2020-01-29 09:30:00;93.96666666666667
1071729215;2020-01-29 09:30:00;2020-01-29 10:00:00;101.53333333333333
1071729215;2020-01-29 10:00:00;2020-01-29 10:30:00;87.93333333333334
1071729215;2020-01-29 10:30:00;2020-01-29 11:00:00;102.43333333333334
1071729215;2020-01-29 11:00:00;2020-01-29 11:30:00;93.26666666666667
1071729215;2020-01-29 11:30:00;2020-01-29 12:00:00;93.76666666666667
1071729215;2020-01-29 12:00:00;2020-01-29 12:30:00;107.5
1071729215;2020-01-29 12:30:00;2020-01-29 13:00:00;106.33333333333333
1071729215;2020-01-29 13:00:00;2020-01-29 13:30:00;89.33333333333333
1071729215;2020-01-29 13:30:00;2020-01-29 14:00:00;89.46666666666667
1071729215;2020-01-29 14:00:00;2020-01-29 14:30:00;97.16666666666667
1071729215;2020-01-29 14:30:00;2020-01-29 15:00:00;89.33333333333333
1071729215;2020-01-29 15:00:00;2020-01-29 15:30:00;90.0
1071729215;2020-01-29 15:30:00;2020-01-29 16:00:00;91.9
1071729215;2020-01-29 16:00:00;2020-01-29 16:30:00;91.33333333333333
1071729215;2020-01-29 16:30:00;2020-01-29 17:00:00;103.56666666666666
1071729215;2020-01-29 17:00:00;2020-01-29 17:30:00;99.6
1071729215;2020-01-29 17:30:00;2020-01-29 18:00:00;89.96666666666667
1071729215;2020-01-29 18:00:00;2020-01-29 18:30:00;94.66666666666667
1071729215;2020-01-29 18:30:00;2020-01-29 19:00:00;96.83333333333333
1071729215;2020-01-29 19:00:00;2020-01-29 19:30:00;91.33333333333333
1071729215;2020-01-29 19:30:00;2020-01-29 20:00:00;89.63333333333334
1071729215;2020-01-29 20:00:00;2020-01-29 20:30:00;89.66666666666667
1071729215;2020-01-29 20:30:00;2020-01-29 21:00:00;91.86666666666666
1071729215;2020-01-29 21:00:00;2020-01-29 21:30:00;99.3
1071729215;2020-01-29 21:30:00;2020-01-29 22:00:00;90.86666666666666
1071729215;2020-01-29 22:00:00;2020-01-29 22:30:00;92.0
1071729215;2020-01-29 22:30:00;2020-01-29 23:00:00;90.06666666666666
1071729215;2020-01-29 23:00:00;2020-01-29 23:30:00;89.4
1071729215;2020-01-29 23:30:00;2020-01-29 23:59:59;92.0
1071729215;2020-01-30 00:00:00;2020-01-30 00:30:00;92.0
1071729215;2020-01-30 00:30:00;2020-01-30 01:00:00;92.0
1071729215;2020-01-30 01:00:00;2020-01-30 01:30:00;92.0
1071729215;2020-01-30 01:30:00;2020-01-30 02:00:00;95.56666666666666
1071729215;2020-01-30 02:00:00;2020-01-30 02:30:00;92.0
1071729215;2020-01-30 02:30:00;2020-01-30 03:00:00;92.0
1071729215;2020-01-30 03:00:00;2020-01-30 03:30:00;92.0
1071729215;2020-01-30 03:30:00;2020-01-30 04:00:00;90.7
1071729215;2020-01-30 04:00:00;2020-01-30 04:30:00;84.96666666666667
1071729215;2020-01-30 04:30:00;2020-01-30 05:00:00;84.33333333333333
1071729215;2020-01-30 05:00:00;2020-01-30 05:30:00;87.16666666666667
1071729215;2020-01-30 05:30:00;2020-01-30 06:00:00;87.9
1071729215;2020-01-30 06:00:00;2020-01-30 06:30:00;88.4
1071729215;2020-01-30 06:30:00;2020-01-30 07:00:00;88.63333333333334
1071729215;2020-01-30 07:00:00;2020-01-30 07:30:00;102.16666666666667
1071729215;2020-01-30 07:30:00;2020-01-30 08:00:00;98.06666666666666
1071729215;2020-01-30 08:00:00;2020-01-30 08:30:00;93.73333333333333
1071729215;2020-01-30 08:30:00;2020-01-30 09:00:00;108.03333333333333
1071729215;2020-01-30 09:00:00;2020-01-30 09:30:00;90.53333333333333
1071729215;2020-01-30 09:30:00;2020-01-30 10:00:00;97.36666666666666
1071729215;2020-01-30 10:00:00;2020-01-30 10:30:00;95.83333333333333
1071729215;2020-01-30 10:30:00;2020-01-30 11:00:00;103.93333333333334
1071729215;2020-01-30 11:00:00;2020-01-30 11:30:00;93.93333333333334
1071729215;2020-01-30 11:30:00;2020-01-30 12:00:00;89.0
1071729215;2020-01-30 12:00:00;2020-01-30 12:30:00;
1071729215;2020-01-30 12:30:00;2020-01-30 13:00:00;
1071729215;2020-01-30 13:00:00;2020-01-30 13:30:00;94.83333333333333
1071729215;2020-01-30 13:30:00;2020-01-30 14:00:00;84.46666666666667
1071729215;2020-01-30 14:00:00;2020-01-30 14:30:00;92.53333333333333
1071729215;2020-01-30 14:30:00;2020-01-30 15:00:00;106.53333333333333
1071729215;2020-01-30 15:00:00;2020-01-30 15:30:00;102.16666666666667
1071729215;2020-01-30 15:30:00;2020-01-30 16:00:00;97.36666666666666
1071729215;2020-01-30 16:00:00;2020-01-30 16:30:00;96.3
1071729215;2020-01-30 16:30:00;2020-01-30 17:00:00;98.33333333333333
1071729215;2020-01-30 17:00:00;2020-01-30 17:30:00;93.43333333333334
1071729215;2020-01-30 17:30:00;2020-01-30 18:00:00;92.93333333333334
1071729215;2020-01-30 18:00:00;2020-01-30 18:30:00;91.8
1071729215;2020-01-30 18:30:00;2020-01-30 19:00:00;91.13333333333334
1071729215;2020-01-30 19:00:00;2020-01-30 19:30:00;90.86666666666666
1071729215;2020-01-30 19:30:00;2020-01-30 20:00:00;96.4
1071729215;2020-01-30 20:00:00;2020-01-30 20:30:00;97.46666666666667
1071729215;2020-01-30 20:30:00;2020-01-30 21:00:00;100.0
1071729215;2020-01-30 21:00:00;2020-01-30 21:30:00;92.0
1071729215;2020-01-30 21:30:00;2020-01-30 22:00:00;92.0
1071729215;2020-01-30 22:00:00;2020-01-30 22:30:00;92.0
1071729215;2020-01-30 22:30:00;2020-01-30 23:00:00;92.0
1071729215;2020-01-30 23:00:00;2020-01-30 23:30:00;92.0
1071729215;2020-01-30 23:30:00;2020-01-30 23:59:59;91.33333333333333
1071729215;2020-01-31 00:00:00;2020-01-31 00:30:00;94.44444444444444
1071729215;2020-01-31 00:30:00;2020-01-31 01:00:00;92.0
1071729215;2020-01-31 01:00:00;2020-01-31 01:30:00;92.0
1071729215;2020-01-31 01:30:00;2020-01-31 02:00:00;92.0
1071729215;2020-01-31 02:00:00;2020-01-31 02:30:00;92.0
1071729215;2020-01-31 02:30:00;2020-01-31 03:00:00;92.0
1071729215;2020-01-31 03:00:00;2020-01-31 03:30:00;92.0
1071729215;2020-01-31 03:30:00;2020-01-31 04:00:00;92.0
1071729215;2020-01-31 04:00:00;2020-01-31 04:30:00;85.23333333333333
1071729215;2020-01-31 04:30:00;2020-01-31 05:00:00;85.4
1071729215;2020-01-31 05:00:00;2020-01-31 05:30:00;90.93103448275862
1071729215;2020-01-31 05:30:00;2020-01-31 06:00:00;104.93333333333334
1071729215;2020-01-31 06:00:00;2020-01-31 06:30:00;94.53333333333333
1071729215;2020-01-31 06:30:00;2020-01-31 07:00:00;95.53333333333333
1071729215;2020-01-31 07:00:00;2020-01-31 07:30:00;92.26666666666667
1071729215;2020-01-31 07:30:00;2020-01-31 08:00:00;111.4
1071729215;2020-01-31 08:00:00;2020-01-31 08:30:00;91.0
1071729215;2020-01-31 08:30:00;2020-01-31 09:00:00;85.46666666666667
1071729215;2020-01-31 09:00:00;2020-01-31 09:30:00;92.3
1071729215;2020-01-31 09:30:00;2020-01-31 10:00:00;100.73333333333333
1071729215;2020-01-31 10:00:00;2020-01-31 10:30:00;106.66666666666667
1071729215;2020-01-31 10:30:00;2020-01-31 11:00:00;110.13333333333334
1071729215;2020-01-31 11:00:00;2020-01-31 11:30:00;99.23333333333333
1071729215;2020-01-31 11:30:00;2020-01-31 12:00:00;93.8
1071729215;2020-01-31 12:00:00;2020-01-31 12:30:00;104.53333333333333
1071729215;2020-01-31 12:30:00;2020-01-31 13:00:00;110.1
1071729215;2020-01-31 13:00:00;2020-01-31 13:30:00;97.03333333333333
1071729215;2020-01-31 13:30:00;2020-01-31 14:00:00;105.96666666666667
1071729215;2020-01-31 14:00:00;2020-01-31 14:30:00;95.9
1071729215;2020-01-31 14:30:00;2020-01-31 15:00:00;90.73333333333333
1071729215;2020-01-31 15:00:00;2020-01-31 15:30:00;83.8
1071729215;2020-01-31 15:30:00;2020-01-31 16:00:00;91.63333333333334
1071729215;2020-01-31 16:00:00;2020-01-31 16:30:00;105.7
1071729215;2020-01-31 16:30:00;2020-01-31 17:00:00;88.76666666666667
1071729215;2020-01-31 17:00:00;2020-01-31 17:30:00;97.63333333333334
1071729215;2020-01-31 17:30:00;2020-01-31 18:00:00;94.16666666666667
1071729215;2020-01-31 18:00:00;2020-01-31 18:30:00;87.13333333333334
1071729215;2020-01-31 18:30:00;2020-01-31 19:00:00;91.43333333333334
1071729215;2020-01-31 19:00:00;2020-01-31 19:30:00;93.76666666666667
1071729215;2020-01-31 19:30:00;2020-01-31 20:00:00;95.0
1071729215;2020-01-31 20:00:00;2020-01-31 20:30:00;95.06666666666666
1071729215;2020-01-31 20:30:00;2020-01-31 21:00:00;110.36666666666666
1071729215;2020-01-31 21:00:00;2020-01-31 21:30:00;98.96666666666667
1071729215;2020-01-31 21:30:00;2020-01-31 22:00:00;90.63333333333334
1071729215;2020-01-31 22:00:00;2020-01-31 22:30:00;92.0
1071729215;2020-01-31 22:30:00;2020-01-31 23:00:00;97.1
1071729215;2020-01-31 23:00:00;2020-01-31 23:30:00;92.0
1071729215;2020-01-31 23:30:00;2020-01-31 23:59:59;91.0
1071729215;2020-02-01 00:00:00;2020-02-01 00:30:00;92.9
1071729215;2020-02-01 00:30:00;2020-02-01 01:00:00;93.1
1071729215;2020-02-01 01:00:00;2020-02-01 01:30:00;92.0
1071729215;2020-02-01 01:30:00;2020-02-01 02:00:00;95.7
1071729215;2020-02-01 02:00:00;2020-02-01 02:30:00;92.0
1071729215;2020-02-01 02:30:00;2020-02-01 03:00:00;92.0
1071729215;2020-02-01 03:00:00;2020-02-01 03:30:00;92.0
1071729215;2020-02-01 03:30:00;2020-02-01 04:00:00;92.0
1071729215;2020-02-01 04:00:00;2020-02-01 04:30:00;87.0
1071729215;2020-02-01 04:30:00;2020-02-01 05:00:00;87.03333333333333
1071729215;2020-02-01 05:00:00;2020-02-01 05:30:00;86.63333333333334
1071729215;2020-02-01 05:30:00;2020-02-01 06:00:00;88.2
1071729215;2020-02-01 06:00:00;2020-02-01 06:30:00;92.26666666666667
1071729215;2020-02-01 06:30:00;2020-02-01 07:00:00;98.86666666666666
1071729215;2020-02-01 07:00:00;2020-02-01 07:30:00;89.4
1071729215;2020-02-01 07:30:00;2020-02-01 08:00:00;91.73333333333333
1071729215;2020-02-01 08:00:00;2020-02-01 08:30:00;104.0
1071729215;2020-02-01 08:30:00;2020-02-01 09:00:00;104.4
1071729215;2020-02-01 09:00:00;2020-02-01 09:30:00;101.63333333333334
1071729215;2020-02-01 09:30:00;2020-02-01 10:00:00;117.86666666666666
1071729215;2020-02-01 10:00:00;2020-02-01 10:30:00;105.6
1071729215;2020-02-01 10:30:00;2020-02-01 11:00:00;103.1
1071729215;2020-02-01 11:00:00;2020-02-01 11:30:00;106.7
1071729215;2020-02-01 11:30:00;2020-02-01 12:00:00;106.03333333333333
1071729215;2020-02-01 12:00:00;2020-02-01 12:30:00;107.96666666666667
1071729215;2020-02-01 12:30:00;2020-02-01 13:00:00;99.56666666666666
1071729215;2020-02-01 13:00:00;2020-02-01 13:30:00;104.4
1071729215;2020-02-01 13:30:00;2020-02-01 14:00:00;104.3
1071729215;2020-02-01 14:00:00;2020-02-01 14:30:00;102.56666666666666
1071729215;2020-02-01 14:30:00;2020-02-01 15:00:00;107.93333333333334
1071729215;2020-02-01 15:00:00;2020-02-01 15:30:00;106.66666666666667
1071729215;2020-02-01 15:30:00;2020-02-01 16:00:00;100.03333333333333
1071729215;2020-02-01 16:00:00;2020-02-01 16:30:00;115.13333333333334
1071729215;2020-02-01 16:30:00;2020-02-01 17:00:00;100.5
1071729215;2020-02-01 17:00:00;2020-02-01 17:30:00;89.33333333333333
1071729215;2020-02-01 17:30:00;2020-02-01 18:00:00;103.6
1071729215;2020-02-01 18:00:00;2020-02-01 18:30:00;100.1
1071729215;2020-02-01 18:30:00;2020-02-01 19:00:00;111.8
1071729215;2020-02-01 19:00:00;2020-02-01 19:30:00;103.33333333333333
1071729215;2020-02-01 19:30:00;2020-02-01 20:00:00;105.63333333333334
1071729215;2020-02-01 20:00:00;2020-02-01 20:30:00;96.2
1071729215;2020-02-01 20:30:00;2020-02-01 21:00:00;112.7
1071729215;2020-02-01 21:00:00;2020-02-01 21:30:00;91.2
1071729215;2020-02-01 21:30:00;2020-02-01 22:00:00;93.8
1071729215;2020-02-01 22:00:00;2020-02-01 22:30:00;101.36666666666666
1071729215;2020-02-01 22:30:00;2020-02-01 23:00:00;92.0
1071729215;2020-02-01 23:00:00;2020-02-01 23:30:00;92.0
1071729215;2020-02-01 23:30:00;2020-02-01 23:59:59;92.0
1071729215;2020-02-02 00:00:00;2020-02-02 00:30:00;98.06666666666666
1071729215;2020-02-02 00:30:00;2020-02-02 01:00:00;96.71428571428571
1071729215;2020-02-02 01:00:00;2020-02-02 01:30:00;92.0
1071729215;2020-02-02 01:30:00;2020-02-02 02:00:00;92.0
1071729215;2020-02-02 02:00:00;2020-02-02 02:30:00;92.0
1071729215;2020-02-02 02:30:00;2020-02-02 03:00:00;92.0
1071729215;2020-02-02 03:00:00;2020-02-02 03:30:00;92.0
1071729215;2020-02-02 03:30:00;2020-02-02 04:00:00;94.33333333333333
1071729215;2020-02-02 04:00:00;2020-02-02 04:30:00;91.6
1071729215;2020-02-02 04:30:00;2020-02-02 05:00:00;86.8
1071729215;2020-02-02 05:00:00;2020-02-02 05:30:00;89.03333333333333
1071729215;2020-02-02 05:30:00;2020-02-02 06:00:00;88.06666666666666
1071729215;2020-02-02 06:00:00;2020-02-02 06:30:00;88.03333333333333
1071729215;2020-02-02 06:30:00;2020-02-02 07:00:00;89.0
1071729215;2020-02-02 07:00:00;2020-02-02 07:30:00;93.0
1071729215;2020-02-02 07:30:00;2020-02-02 08:00:00;94.8
1071729215;2020-02-02 08:00:00;2020-02-02 08:30:00;98.93333333333334
1071729215;2020-02-02 08:30:00;2020-02-02 09:00:00;102.33333333333333
1071729215;2020-02-02 09:00:00;2020-02-02 09:30:00;101.83333333333333
1071729215;2020-02-02 09:30:00;2020-02-02 10:00:00;97.73333333333333
1071729215;2020-02-02 10:00:00;2020-02-02 10:30:00;103.8
1071729215;2020-02-02 10:30:00;2020-02-02 11:00:00;107.6
1071729215;2020-02-02 11:00:00;2020-02-02 11:30:00;99.8
1071729215;2020-02-02 11:30:00;2020-02-02 12:00:00;110.5
1071729215;2020-02-02 12:00:00;2020-02-02 12:30:00;107.83333333333333
1071729215;2020-02-02 12:30:00;2020-02-02 13:00:00;111.1
1071729215;2020-02-02 13:00:00;2020-02-02 13:30:00;97.43333333333334
1071729215;2020-02-02 13:30:00;2020-02-02 14:00:00;104.03333333333333
1071729215;2020-02-02 14:00:00;2020-02-02 14:30:00;99.56666666666666
1071729215;2020-02-02 14:30:00;2020-02-02 15:00:00;92.26666666666667
1071729215;2020-02-02 15:00:00;2020-02-02 15:30:00;92.1
1071729215;2020-02-02 15:30:00;2020-02-02 16:00:00;93.73333333333333
1071729215;2020-02-02 16:00:00;2020-02-02 16:30:00;92.1
1071729215;2020-02-02 16:30:00;2020-02-02 17:00:00;98.48275862068965
1071729215;2020-02-02 17:00:00;2020-02-02 17:30:00;103.16666666666667
1071729215;2020-02-02 17:30:00;2020-02-02 18:00:00;99.23333333333333
1071729215;2020-02-02 18:00:00;2020-02-02 18:30:00;105.53333333333333
1071729215;2020-02-02 18:30:00;2020-02-02 19:00:00;98.0
1071729215;2020-02-02 19:00:00;2020-02-02 19:30:00;111.03333333333333
1071729215;2020-02-02 19:30:00;2020-02-02 20:00:00;118.5
1071729215;2020-02-02 20:00:00;2020-02-02 20:30:00;104.3
1071729215;2020-02-02 20:30:00;2020-02-02 21:00:00;115.6
1071729215;2020-02-02 21:00:00;2020-02-02 21:30:00;100.63333333333334
1071729215;2020-02-02 21:30:00;2020-02-02 22:00:00;92.43333333333334
1071729215;2020-02-02 22:00:00;2020-02-02 22:30:00;92.2
1071729215;2020-02-02 22:30:00;2020-02-02 23:00:00;92.4
1071729215;2020-02-02 23:00:00;2020-02-02 23:30:00;93.6
1071729215;2020-02-02 23:30:00;2020-02-02 23:59:59;90.2
1071729215;2020-02-03 00:00:00;2020-02-03 00:30:00;91.8
1071729215;2020-02-03 00:30:00;2020-02-03 01:00:00;92.0
1071729215;2020-02-03 01:00:00;2020-02-03 01:30:00;92.0
1071729215;2020-02-03 01:30:00;2020-02-03 02:00:00;92.0
1071729215;2020-02-03 02:00:00;2020-02-03 02:30:00;92.0
1071729215;2020-02-03 02:30:00;2020-02-03 03:00:00;92.0
1071729215;2020-02-03 03:00:00;2020-02-03 03:30:00;93.1
1071729215;2020-02-03 03:30:00;2020-02-03 04:00:00;94.0
1071729215;2020-02-03 04:00:00;2020-02-03 04:30:00;116.43333333333334
1071729215;2020-02-03 04:30:00;2020-02-03 05:00:00;118.9
1071729215;2020-02-03 05:00:00;2020-02-03 05:30:00;102.63333333333334
1071729215;2020-02-03 05:30:00;2020-02-03 06:00:00;103.73333333333333
1071729215;2020-02-03 06:00:00;2020-02-03 06:30:00;92.5
1071729215;2020-02-03 06:30:00;2020-02-03 07:00:00;104.4
1071729215;2020-02-03 07:00:00;2020-02-03 07:30:00;93.5
1071729215;2020-02-03 07:30:00;2020-02-03 08:00:00;101.23333333333333
1071729215;2020-02-03 08:00:00;2020-02-03 08:30:00;91.83333333333333
1071729215;2020-02-03 08:30:00;2020-02-03 09:00:00;103.46666666666667
1071729215;2020-02-03 09:00:00;2020-02-03 09:30:00;94.47619047619048
1071729215;2020-02-03 09:30:00;2020-02-03 10:00:00;81.22222222222223
1071729215;2020-02-03 10:00:00;2020-02-03 10:30:00;88.56666666666666
1071729215;2020-02-03 10:30:00;2020-02-03 11:00:00;111.4
1071729215;2020-02-03 11:00:00;2020-02-03 11:30:00;102.83333333333333
1071729215;2020-02-03 11:30:00;2020-02-03 12:00:00;100.96666666666667
1071729215;2020-02-03 12:00:00;2020-02-03 12:30:00;85.46666666666667
1071729215;2020-02-03 12:30:00;2020-02-03 13:00:00;107.96666666666667
1071729215;2020-02-03 13:00:00;2020-02-03 13:30:00;115.36666666666666
1071729215;2020-02-03 13:30:00;2020-02-03 14:00:00;107.03333333333333
1071729215;2020-02-03 14:00:00;2020-02-03 14:30:00;100.76666666666667
1071729215;2020-02-03 14:30:00;2020-02-03 15:00:00;106.93333333333334
1071729215;2020-02-03 15:00:00;2020-02-03 15:30:00;88.36666666666666
1071729215;2020-02-03 15:30:00;2020-02-03 16:00:00;94.83333333333333
1071729215;2020-02-03 16:00:00;2020-02-03 16:30:00;85.16666666666667
1071729215;2020-02-03 16:30:00;2020-02-03 17:00:00;107.43333333333334
1071729215;2020-02-03 17:00:00;2020-02-03 17:30:00;112.1
1071729215;2020-02-03 17:30:00;2020-02-03 18:00:00;98.16666666666667
1071729215;2020-02-03 18:00:00;2020-02-03 18:30:00;89.96666666666667
1071729215;2020-02-03 18:30:00;2020-02-03 19:00:00;88.33333333333333
1071729215;2020-02-03 19:00:00;2020-02-03 19:30:00;92.23333333333333
1071729215;2020-02-03 19:30:00;2020-02-03 20:00:00;91.43333333333334
1071729215;2020-02-03 20:00:00;2020-02-03 20:30:00;94.1
1071729215;2020-02-03 20:30:00;2020-02-03 21:00:00;109.26666666666667
1071729215;2020-02-03 21:00:00;2020-02-03 21:30:00;97.83333333333333
1071729215;2020-02-03 21:30:00;2020-02-03 22:00:00;92.5
1071729215;2020-02-03 22:00:00;2020-02-03 22:30:00;105.8
1071729215;2020-02-03 22:30:00;2020-02-03 23:00:00;99.46666666666667
1071729215;2020-02-03 23:00:00;2020-02-03 23:30:00;100.8
1071729215;2020-02-03 23:30:00;2020-02-03 23:59:59;112.6
1071729215;2020-02-04 00:00:00;2020-02-04 00:30:00;100.53333333333333
1071729215;2020-02-04 00:30:00;2020-02-04 01:00:00;87.33333333333333
1071729215;2020-02-04 01:00:00;2020-02-04 01:30:00;91.76666666666667
1071729215;2020-02-04 01:30:00;2020-02-04 02:00:00;92.0
1071729215;2020-02-04 02:00:00;2020-02-04 02:30:00;95.5
1071729215;2020-02-04 02:30:00;2020-02-04 03:00:00;92.0
1071729215;2020-02-04 03:00:00;2020-02-04 03:30:00;92.0
1071729215;2020-02-04 03:30:00;2020-02-04 04:00:00;92.0
1071729215;2020-02-04 04:00:00;2020-02-04 04:30:00;84.0
1071729215;2020-02-04 04:30:00;2020-02-04 05:00:00;87.1
1071729215;2020-02-04 05:00:00;2020-02-04 05:30:00;93.9
1071729215;2020-02-04 05:30:00;2020-02-04 06:00:00;106.06666666666666
1071729215;2020-02-04 06:00:00;2020-02-04 06:30:00;111.43333333333334
1071729215;2020-02-04 06:30:00;2020-02-04 07:00:00;107.13333333333334
1071729215;2020-02-04 07:00:00;2020-02-04 07:30:00;104.03333333333333
1071729215;2020-02-04 07:30:00;2020-02-04 08:00:00;101.33333333333333
1071729215;2020-02-04 08:00:00;2020-02-04 08:30:00;98.9
1071729215;2020-02-04 08:30:00;2020-02-04 09:00:00;95.36666666666666
1071729215;2020-02-04 09:00:00;2020-02-04 09:30:00;87.9
1071729215;2020-02-04 09:30:00;2020-02-04 10:00:00;95.66666666666667
1071729215;2020-02-04 10:00:00;2020-02-04 10:30:00;90.2
1071729215;2020-02-04 10:30:00;2020-02-04 11:00:00;89.3
1071729215;2020-02-04 11:00:00;2020-02-04 11:30:00;108.3
1071729215;2020-02-04 11:30:00;2020-02-04 12:00:00;91.26666666666667
1071729215;2020-02-04 12:00:00;2020-02-04 12:30:00;105.86666666666666
1071729215;2020-02-04 12:30:00;2020-02-04 13:00:00;100.86666666666666
1071729215;2020-02-04 13:00:00;2020-02-04 13:30:00;92.23333333333333
1071729215;2020-02-04 13:30:00;2020-02-04 14:00:00;87.73333333333333
1071729215;2020-02-04 14:00:00;2020-02-04 14:30:00;88.6
1071729215;2020-02-04 14:30:00;2020-02-04 15:00:00;100.23333333333333
1071729215;2020-02-04 15:00:00;2020-02-04 15:30:00;95.0
1071729215;2020-02-04 15:30:00;2020-02-04 16:00:00;88.33333333333333
1071729215;2020-02-04 16:00:00;2020-02-04 16:30:00;89.63333333333334
1071729215;2020-02-04 16:30:00;2020-02-04 17:00:00;81.16666666666667
1071729215;2020-02-04 17:00:00;2020-02-04 17:30:00;82.1
1071729215;2020-02-04 17:30:00;2020-02-04 18:00:00;101.53333333333333
1071729215;2020-02-04 18:00:00;2020-02-04 18:30:00;92.8
1071729215;2020-02-04 18:30:00;2020-02-04 19:00:00;95.2
1071729215;2020-02-04 19:00:00;2020-02-04 19:30:00;88.46666666666667
1071729215;2020-02-04 19:30:00;2020-02-04 20:00:00;89.4
1071729215;2020-02-04 20:00:00;2020-02-04 20:30:00;98.5
1071729215;2020-02-04 20:30:00;2020-02-04 21:00:00;96.2
1071729215;2020-02-04 21:00:00;2020-02-04 21:30:00;107.3
1071729215;2020-02-04 21:30:00;2020-02-04 22:00:00;105.9
1071729215;2020-02-04 22:00:00;2020-02-04 22:30:00;94.06666666666666
1071729215;2020-02-04 22:30:00;2020-02-04 23:00:00;89.06666666666666
1071729215;2020-02-04 23:00:00;2020-02-04 23:30:00;92.0
1071729215;2020-02-04 23:30:00;2020-02-04 23:59:59;92.6
1071729215;2020-02-05 00:00:00;2020-02-05 00:30:00;87.5
1071729215;2020-02-05 00:30:00;2020-02-05 01:00:00;91.33333333333333
1071729215;2020-02-05 01:00:00;2020-02-05 01:30:00;91.93333333333334
1071729215;2020-02-05 01:30:00;2020-02-05 02:00:00;95.76666666666667
1071729215;2020-02-05 02:00:00;2020-02-05 02:30:00;92.0
1071729215;2020-02-05 02:30:00;2020-02-05 03:00:00;92.0
1071729215;2020-02-05 03:00:00;2020-02-05 03:30:00;94.63333333333334
1071729215;2020-02-05 03:30:00;2020-02-05 04:00:00;91.8
1071729215;2020-02-05 04:00:00;2020-02-05 04:30:00;84.1
1071729215;2020-02-05 04:30:00;2020-02-05 05:00:00;90.56666666666666
1071729215;2020-02-05 05:00:00;2020-02-05 05:30:00;87.8
1071729215;2020-02-05 05:30:00;2020-02-05 06:00:00;105.26666666666667
1071729215;2020-02-05 06:00:00;2020-02-05 06:30:00;95.66666666666667
1071729215;2020-02-05 06:30:00;2020-02-05 07:00:00;91.36666666666666
1071729215;2020-02-05 07:00:00;2020-02-05 07:30:00;86.0
1071729215;2020-02-05 07:30:00;2020-02-05 08:00:00;86.13333333333334
1071729215;2020-02-05 08:00:00;2020-02-05 08:30:00;88.5
1071729215;2020-02-05 08:30:00;2020-02-05 09:00:00;100.26666666666667
1071729215;2020-02-05 09:00:00;2020-02-05 09:30:00;90.1
1071729215;2020-02-05 09:30:00;2020-02-05 10:00:00;93.83333333333333
1071729215;2020-02-05 10:00:00;2020-02-05 10:30:00;96.36666666666666
1071729215;2020-02-05 10:30:00;2020-02-05 11:00:00;98.33333333333333
1071729215;2020-02-05 11:00:00;2020-02-05 11:30:00;92.26666666666667
1071729215;2020-02-05 11:30:00;2020-02-05 12:00:00;94.73333333333333
1071729215;2020-02-05 12:00:00;2020-02-05 12:30:00;87.2
1071729215;2020-02-05 12:30:00;2020-02-05 13:00:00;89.1
1071729215;2020-02-05 13:00:00;2020-02-05 13:30:00;101.03333333333333
1071729215;2020-02-05 13:30:00;2020-02-05 14:00:00;92.03333333333333
1071729215;2020-02-05 14:00:00;2020-02-05 14:30:00;88.5
1071729215;2020-02-05 14:30:00;2020-02-05 15:00:00;91.13333333333334
1071729215;2020-02-05 15:00:00;2020-02-05 15:30:00;102.26666666666667
1071729215;2020-02-05 15:30:00;2020-02-05 16:00:00;98.6
1071729215;2020-02-05 16:00:00;2020-02-05 16:30:00;100.53333333333333
1071729215;2020-02-05 16:30:00;2020-02-05 17:00:00;89.33333333333333
1071729215;2020-02-05 17:00:00;2020-02-05 17:30:00;98.13333333333334
1071729215;2020-02-05 17:30:00;2020-02-05 18:00:00;105.83333333333333
1071729215;2020-02-05 18:00:00;2020-02-05 18:30:00;101.83333333333333
1071729215;2020-02-05 18:30:00;2020-02-05 19:00:00;107.2
1071729215;2020-02-05 19:00:00;2020-02-05 19:30:00;100.73333333333333
1071729215;2020-02-05 19:30:00;2020-02-05 20:00:00;97.63333333333334
1071729215;2020-02-05 20:00:00;2020-02-05 20:30:00;104.36666666666666
1071729215;2020-02-05 20:30:00;2020-02-05 21:00:00;98.56666666666666
1071729215;2020-02-05 21:00:00;2020-02-05 21:30:00;101.16666666666667
1071729215;2020-02-05 21:30:00;2020-02-05 22:00:00;91.3
1071729215;2020-02-05 22:00:00;2020-02-05 22:30:00;93.9
1071729215;2020-02-05 22:30:00;2020-02-05 23:00:00;87.9
1071729215;2020-02-05 23:00:00;2020-02-05 23:30:00;92.0
1071729215;2020-02-05 23:30:00;2020-02-05 23:59:59;92.0
1071729215;2020-02-06 00:00:00;2020-02-06 00:30:00;89.0
1071729215;2020-02-06 00:30:00;2020-02-06 01:00:00;92.0
1071729215;2020-02-06 01:00:00;2020-02-06 01:30:00;92.0
1071729215;2020-02-06 01:30:00;2020-02-06 02:00:00;92.0
1071729215;2020-02-06 02:00:00;2020-02-06 02:30:00;92.0
1071729215;2020-02-06 02:30:00;2020-02-06 03:00:00;92.0
1071729215;2020-02-06 03:00:00;2020-02-06 03:30:00;101.2
1071729215;2020-02-06 03:30:00;2020-02-06 04:00:00;101.2
1071729215;2020-02-06 04:00:00;2020-02-06 04:30:00;85.0
1071729215;2020-02-06 04:30:00;2020-02-06 05:00:00;116.93333333333334
1071729215;2020-02-06 05:00:00;2020-02-06 05:30:00;99.63333333333334
1071729215;2020-02-06 05:30:00;2020-02-06 06:00:00;85.6
1071729215;2020-02-06 06:00:00;2020-02-06 06:30:00;106.03333333333333
1071729215;2020-02-06 06:30:00;2020-02-06 07:00:00;101.46666666666667
1071729215;2020-02-06 07:00:00;2020-02-06 07:30:00;92.66666666666667
1071729215;2020-02-06 07:30:00;2020-02-06 08:00:00;104.66666666666667
1071729215;2020-02-06 08:00:00;2020-02-06 08:30:00;99.06666666666666
1071729215;2020-02-06 08:30:00;2020-02-06 09:00:00;102.9
1071729215;2020-02-06 09:00:00;2020-02-06 09:30:00;100.6
1071729215;2020-02-06 09:30:00;2020-02-06 10:00:00;91.46666666666667
1071729215;2020-02-06 10:00:00;2020-02-06 10:30:00;95.06666666666666
1071729215;2020-02-06 10:30:00;2020-02-06 11:00:00;81.93333333333334
1071729215;2020-02-06 11:00:00;2020-02-06 11:30:00;95.4
1071729215;2020-02-06 11:30:00;2020-02-06 12:00:00;89.8
1071729215;2020-02-06 12:00:00;2020-02-06 12:30:00;109.16666666666667
1071729215;2020-02-06 12:30:00;2020-02-06 13:00:00;100.56666666666666
1071729215;2020-02-06 13:00:00;2020-02-06 13:30:00;89.83333333333333
1071729215;2020-02-06 13:30:00;2020-02-06 14:00:00;103.9
1071729215;2020-02-06 14:00:00;2020-02-06 14:30:00;97.66666666666667
1071729215;2020-02-06 14:30:00;2020-02-06 15:00:00;96.4
1071729215;2020-02-06 15:00:00;2020-02-06 15:30:00;97.9
1071729215;2020-02-06 15:30:00;2020-02-06 16:00:00;91.23333333333333
1071729215;2020-02-06 16:00:00;2020-02-06 16:30:00;105.63333333333334
1071729215;2020-02-06 16:30:00;2020-02-06 17:00:00;92.1
1071729215;2020-02-06 17:00:00;2020-02-06 17:30:00;105.96666666666667
1071729215;2020-02-06 17:30:00;2020-02-06 18:00:00;87.23333333333333
1071729215;2020-02-06 18:00:00;2020-02-06 18:30:00;98.06666666666666
1071729215;2020-02-06 18:30:00;2020-02-06 19:00:00;106.3
1071729215;2020-02-06 19:00:00;2020-02-06 19:30:00;88.6
1071729215;2020-02-06 19:30:00;2020-02-06 20:00:00;102.43333333333334
1071729215;2020-02-06 20:00:00;2020-02-06 20:30:00;108.73333333333333
1071729215;2020-02-06 20:30:00;2020-02-06 21:00:00;103.73333333333333
1071729215;2020-02-06 21:00:00;2020-02-06 21:30:00;102.7
1071729215;2020-02-06 21:30:00;2020-02-06 22:00:00;104.6
1071729215;2020-02-06 22:00:00;2020-02-06 22:30:00;92.86666666666666
1071729215;2020-02-06 22:30:00;2020-02-06 23:00:00;92.0
1071729215;2020-02-06 23:00:00;2020-02-06 23:30:00;91.7
1071729215;2020-02-06 23:30:00;2020-02-06 23:59:59;108.46666666666667
1071729215;2020-02-07 00:00:00;2020-02-07 00:30:00;89.26666666666667
1071729215;2020-02-07 00:30:00;2020-02-07 01:00:00;87.76666666666667
1071729215;2020-02-07 01:00:00;2020-02-07 01:30:00;94.3
1071729215;2020-02-07 01:30:00;2020-02-07 02:00:00;92.36666666666666
1071729215;2020-02-07 02:00:00;2020-02-07 02:30:00;92.0
1071729215;2020-02-07 02:30:00;2020-02-07 03:00:00;92.0
1071729215;2020-02-07 03:00:00;2020-02-07 03:30:00;92.0
1071729215;2020-02-07 03:30:00;2020-02-07 04:00:00;92.0
1071729215;2020-02-07 04:00:00;2020-02-07 04:30:00;85.0
1071729215;2020-02-07 04:30:00;2020-02-07 05:00:00;81.9
1071729215;2020-02-07 05:00:00;2020-02-07 05:30:00;96.03333333333333
1071729215;2020-02-07 05:30:00;2020-02-07 06:00:00;103.33333333333333
1071729215;2020-02-07 06:00:00;2020-02-07 06:30:00;91.1
1071729215;2020-02-07 06:30:00;2020-02-07 07:00:00;99.66666666666667
1071729215;2020-02-07 07:00:00;2020-02-07 07:30:00;91.56666666666666
1071729215;2020-02-07 07:30:00;2020-02-07 08:00:00;90.36666666666666
1071729215;2020-02-07 08:00:00;2020-02-07 08:30:00;92.63333333333334
1071729215;2020-02-07 08:30:00;2020-02-07 09:00:00;96.6
1071729215;2020-02-07 09:00:00;2020-02-07 09:30:00;102.9
1071729215;2020-02-07 09:30:00;2020-02-07 10:00:00;95.63333333333334
1071729215;2020-02-07 10:00:00;2020-02-07 10:30:00;88.3
1071729215;2020-02-07 10:30:00;2020-02-07 11:00:00;100.36666666666666
1071729215;2020-02-07 11:00:00;2020-02-07 11:30:00;105.06666666666666
1071729215;2020-02-07 11:30:00;2020-02-07 12:00:00;95.83333333333333
1071729215;2020-02-07 12:00:00;2020-02-07 12:30:00;110.56666666666666
1071729215;2020-02-07 12:30:00;2020-02-07 13:00:00;108.76666666666667
1071729215;2020-02-07 13:00:00;2020-02-07 13:30:00;101.5
1071729215;2020-02-07 13:30:00;2020-02-07 14:00:00;98.63333333333334
1071729215;2020-02-07 14:00:00;2020-02-07 14:30:00;117.66666666666667
1071729215;2020-02-07 14:30:00;2020-02-07 15:00:00;104.56666666666666
1071729215;2020-02-07 15:00:00;2020-02-07 15:30:00;100.13333333333334
1071729215;2020-02-07 15:30:00;2020-02-07 16:00:00;104.56666666666666
1071729215;2020-02-07 16:00:00;2020-02-07 16:30:00;99.06666666666666
1071729215;2020-02-07 16:30:00;2020-02-07 17:00:00;96.66666666666667
1071729215;2020-02-07 17:00:00;2020-02-07 17:30:00;97.63333333333334
1071729215;2020-02-07 17:30:00;2020-02-07 18:00:00;98.8
1071729215;2020-02-07 18:00:00;2020-02-07 18:30:00;93.4
1071729215;2020-02-07 18:30:00;2020-02-07 19:00:00;91.93333333333334
1071729215;2020-02-07 19:00:00;2020-02-07 19:30:00;95.0
1071729215;2020-02-07 19:30:00;2020-02-07 20:00:00;95.0
1071729215;2020-02-07 20:00:00;2020-02-07 20:30:00;96.1
1071729215;2020-02-07 20:30:00;2020-02-07 21:00:00;98.0
1071729215;2020-02-07 21:00:00;2020-02-07 21:30:00;91.0
1071729215;2020-02-07 21:30:00;2020-02-07 22:00:00;91.13333333333334
1071729215;2020-02-07 22:00:00;2020-02-07 22:30:00;92.0
1071729215;2020-02-07 22:30:00;2020-02-07 23:00:00;95.3
1071729215;2020-02-07 23:00:00;2020-02-07 23:30:00;91.4
1071729215;2020-02-07 23:30:00;2020-02-07 23:59:59;90.6
1071729215;2020-02-08 00:00:00;2020-02-08 00:30:00;93.4
1071729215;2020-02-08 00:30:00;2020-02-08 01:00:00;92.6
1071729215;2020-02-08 01:00:00;2020-02-08 01:30:00;92.0
1071729215;2020-02-08 01:30:00;2020-02-08 02:00:00;92.0
1071729215;2020-02-08 02:00:00;2020-02-08 02:30:00;91.23333333333333
1071729215;2020-02-08 02:30:00;2020-02-08 03:00:00;92.0
1071729215;2020-02-08 03:00:00;2020-02-08 03:30:00;92.0
1071729215;2020-02-08 03:30:00;2020-02-08 04:00:00;91.06666666666666
1071729215;2020-02-08 04:00:00;2020-02-08 04:30:00;89.13333333333334
1071729215;2020-02-08 04:30:00;2020-02-08 05:00:00;87.0
1071729215;2020-02-08 05:00:00;2020-02-08 05:30:00;89.0
1071729215;2020-02-08 05:30:00;2020-02-08 06:00:00;89.0
1071729215;2020-02-08 06:00:00;2020-02-08 06:30:00;95.0
1071729215;2020-02-08 06:30:00;2020-02-08 07:00:00;96.73333333333333
1071729215;2020-02-08 07:00:00;2020-02-08 07:30:00;88.96666666666667
1071729215;2020-02-08 07:30:00;2020-02-08 08:00:00;102.7
1071729215;2020-02-08 08:00:00;2020-02-08 08:30:00;103.8
1071729215;2020-02-08 08:30:00;2020-02-08 09:00:00;113.26666666666667
1071729215;2020-02-08 09:00:00;2020-02-08 09:30:00;102.53333333333333
1071729215;2020-02-08 09:30:00;2020-02-08 10:00:00;89.1
1071729215;2020-02-08 10:00:00;2020-02-08 10:30:00;104.23333333333333
1071729215;2020-02-08 10:30:00;2020-02-08 11:00:00;88.93333333333334
1071729215;2020-02-08 11:00:00;2020-02-08 11:30:00;106.13333333333334
1071729215;2020-02-08 11:30:00;2020-02-08 12:00:00;104.4
1071729215;2020-02-08 12:00:00;2020-02-08 12:30:00;113.33333333333333
1071729215;2020-02-08 12:30:00;2020-02-08 13:00:00;107.6
1071729215;2020-02-08 13:00:00;2020-02-08 13:30:00;109.5
1071729215;2020-02-08 13:30:00;2020-02-08 14:00:00;107.33333333333333
1071729215;2020-02-08 14:00:00;2020-02-08 14:30:00;106.76666666666667
1071729215;2020-02-08 14:30:00;2020-02-08 15:00:00;104.2
1071729215;2020-02-08 15:00:00;2020-02-08 15:30:00;105.7
1071729215;2020-02-08 15:30:00;2020-02-08 16:00:00;109.3
1071729215;2020-02-08 16:00:00;2020-02-08 16:30:00;111.83333333333333
1071729215;2020-02-08 16:30:00;2020-02-08 17:00:00;99.8
1071729215;2020-02-08 17:00:00;2020-02-08 17:30:00;95.76666666666667
1071729215;2020-02-08 17:30:00;2020-02-08 18:00:00;97.33333333333333
1071729215;2020-02-08 18:00:00;2020-02-08 18:30:00;103.2
1071729215;2020-02-08 18:30:00;2020-02-08 19:00:00;96.06666666666666
1071729215;2020-02-08 19:00:00;2020-02-08 19:30:00;81.4
1071729215;2020-02-08 19:30:00;2020-02-08 20:00:00;108.36666666666666
1071729215;2020-02-08 20:00:00;2020-02-08 20:30:00;98.03333333333333
1071729215;2020-02-08 20:30:00;2020-02-08 21:00:00;98.13333333333334
1071729215;2020-02-08 21:00:00;2020-02-08 21:30:00;92.73333333333333
1071729215;2020-02-08 21:30:00;2020-02-08 22:00:00;90.20689655172414
1071729215;2020-02-08 22:00:00;2020-02-08 22:30:00;100.63333333333334
1071729215;2020-02-08 22:30:00;2020-02-08 23:00:00;95.3
1071729215;2020-02-08 23:00:00;2020-02-08 23:30:00;92.0
1071729215;2020-02-08 23:30:00;2020-02-08 23:59:59;92.0
1071729215;2020-02-09 00:00:00;2020-02-09 00:30:00;92.0
1071729215;2020-02-09 00:30:00;2020-02-09 01:00:00;92.0
1071729215;2020-02-09 01:00:00;2020-02-09 01:30:00;92.0
1071729215;2020-02-09 01:30:00;2020-02-09 02:00:00;92.0
1071729215;2020-02-09 02:00:00;2020-02-09 02:30:00;92.0
1071729215;2020-02-09 02:30:00;2020-02-09 03:00:00;92.0
1071729215;2020-02-09 03:00:00;2020-02-09 03:30:00;92.0
1071729215;2020-02-09 03:30:00;2020-02-09 04:00:00;92.0
1071729215;2020-02-09 04:00:00;2020-02-09 04:30:00;89.0
1071729215;2020-02-09 04:30:00;2020-02-09 05:00:00;90.86666666666666
1071729215;2020-02-09 05:00:00;2020-02-09 05:30:00;87.9
1071729215;2020-02-09 05:30:00;2020-02-09 06:00:00;97.56666666666666
1071729215;2020-02-09 06:00:00;2020-02-09 06:30:00;96.6
1071729215;2020-02-09 06:30:00;2020-02-09 07:00:00;111.0
1071729215;2020-02-09 07:00:00;2020-02-09 07:30:00;104.2
1071729215;2020-02-09 07:30:00;2020-02-09 08:00:00;94.5
1071729215;2020-02-09 08:00:00;2020-02-09 08:30:00;99.93333333333334
1071729215;2020-02-09 08:30:00;2020-02-09 09:00:00;113.1
1071729215;2020-02-09 09:00:00;2020-02-09 09:30:00;95.8
1071729215;2020-02-09 09:30:00;2020-02-09 10:00:00;99.43333333333334
1071729215;2020-02-09 10:00:00;2020-02-09 10:30:00;106.16666666666667
1071729215;2020-02-09 10:30:00;2020-02-09 11:00:00;108.26666666666667
1071729215;2020-02-09 11:00:00;2020-02-09 11:30:00;112.16666666666667
1071729215;2020-02-09 11:30:00;2020-02-09 12:00:00;108.43333333333334
1071729215;2020-02-09 12:00:00;2020-02-09 12:30:00;104.53333333333333
1071729215;2020-02-09 12:30:00;2020-02-09 13:00:00;113.1
1071729215;2020-02-09 13:00:00;2020-02-09 13:30:00;98.33333333333333
1071729215;2020-02-09 13:30:00;2020-02-09 14:00:00;104.06666666666666
1071729215;2020-02-09 14:00:00;2020-02-09 14:30:00;90.1
1071729215;2020-02-09 14:30:00;2020-02-09 15:00:00;91.5
1071729215;2020-02-09 15:00:00;2020-02-09 15:30:00;88.53333333333333
1071729215;2020-02-09 15:30:00;2020-02-09 16:00:00;88.13333333333334
1071729215;2020-02-09 16:00:00;2020-02-09 16:30:00;85.86666666666666
1071729215;2020-02-09 16:30:00;2020-02-09 17:00:00;92.96666666666667
1071729215;2020-02-09 17:00:00;2020-02-09 17:30:00;99.96666666666667
1071729215;2020-02-09 17:30:00;2020-02-09 18:00:00;96.13333333333334
1071729215;2020-02-09 18:00:00;2020-02-09 18:30:00;95.0
1071729215;2020-02-09 18:30:00;2020-02-09 19:00:00;88.63333333333334
1071729215;2020-02-09 19:00:00;2020-02-09 19:30:00;98.06666666666666
1071729215;2020-02-09 19:30:00;2020-02-09 20:00:00;90.33333333333333
1071729215;2020-02-09 20:00:00;2020-02-09 20:30:00;101.1
1071729215;2020-02-09 20:30:00;2020-02-09 21:00:00;98.73333333333333
1071729215;2020-02-09 21:00:00;2020-02-09 21:30:00;109.13333333333334
1071729215;2020-02-09 21:30:00;2020-02-09 22:00:00;94.06666666666666
1071729215;2020-02-09 22:00:00;2020-02-09 22:30:00;99.2
1071729215;2020-02-09 22:30:00;2020-02-09 23:00:00;88.13333333333334
1071729215;2020-02-09 23:00:00;2020-02-09 23:30:00;88.6
1071729215;2020-02-09 23:30:00;2020-02-09 23:59:59;87.56666666666666
1071729215;2020-02-10 00:00:00;2020-02-10 00:30:00;86.2
1071729215;2020-02-10 00:30:00;2020-02-10 01:00:00;89.8
1071729215;2020-02-10 01:00:00;2020-02-10 01:30:00;90.6
1071729215;2020-02-10 01:30:00;2020-02-10 02:00:00;92.0
1071729215;2020-02-10 02:00:00;2020-02-10 02:30:00;92.0
1071729215;2020-02-10 02:30:00;2020-02-10 03:00:00;92.0
1071729215;2020-02-10 03:00:00;2020-02-10 03:30:00;92.0
1071729215;2020-02-10 03:30:00;2020-02-10 04:00:00;92.0
1071729215;2020-02-10 04:00:00;2020-02-10 04:30:00;87.0
1071729215;2020-02-10 04:30:00;2020-02-10 05:00:00;113.2
1071729215;2020-02-10 05:00:00;2020-02-10 05:30:00;103.6
1071729215;2020-02-10 05:30:00;2020-02-10 06:00:00;97.46666666666667
1071729215;2020-02-10 06:00:00;2020-02-10 06:30:00;104.86666666666666
1071729215;2020-02-10 06:30:00;2020-02-10 07:00:00;103.53333333333333
1071729215;2020-02-10 07:00:00;2020-02-10 07:30:00;99.56666666666666
1071729215;2020-02-10 07:30:00;2020-02-10 08:00:00;83.96666666666667
1071729215;2020-02-10 08:00:00;2020-02-10 08:30:00;89.1
1071729215;2020-02-10 08:30:00;2020-02-10 09:00:00;104.93333333333334
1071729215;2020-02-10 09:00:00;2020-02-10 09:30:00;93.93333333333334
1071729215;2020-02-10 09:30:00;2020-02-10 10:00:00;102.56666666666666
1071729215;2020-02-10 10:00:00;2020-02-10 10:30:00;100.1
1071729215;2020-02-10 10:30:00;2020-02-10 11:00:00;95.7
1071729215;2020-02-10 11:00:00;2020-02-10 11:30:00;99.33333333333333
1071729215;2020-02-10 11:30:00;2020-02-10 12:00:00;95.56666666666666
1071729215;2020-02-10 12:00:00;2020-02-10 12:30:00;100.73333333333333
1071729215;2020-02-10 12:30:00;2020-02-10 13:00:00;88.96666666666667
1071729215;2020-02-10 13:00:00;2020-02-10 13:30:00;97.5
1071729215;2020-02-10 13:30:00;2020-02-10 14:00:00;100.83333333333333
1071729215;2020-02-10 14:00:00;2020-02-10 14:30:00;99.03333333333333
1071729215;2020-02-10 14:30:00;2020-02-10 15:00:00;91.5
1071729215;2020-02-10 15:00:00;2020-02-10 15:30:00;97.53333333333333
1071729215;2020-02-10 15:30:00;2020-02-10 16:00:00;105.13333333333334
1071729215;2020-02-10 16:00:00;2020-02-10 16:30:00;105.03333333333333
1071729215;2020-02-10 16:30:00;2020-02-10 17:00:00;102.56666666666666
1071729215;2020-02-10 17:00:00;2020-02-10 17:30:00;109.53333333333333
1071729215;2020-02-10 17:30:00;2020-02-10 18:00:00;91.73333333333333
1071729215;2020-02-10 18:00:00;2020-02-10 18:30:00;81.66666666666667
1071729215;2020-02-10 18:30:00;2020-02-10 19:00:00;97.63333333333334
1071729215;2020-02-10 19:00:00;2020-02-10 19:30:00;97.3
1071729215;2020-02-10 19:30:00;2020-02-10 20:00:00;96.53333333333333
1071729215;2020-02-10 20:00:00;2020-02-10 20:30:00;91.5
1071729215;2020-02-10 20:30:00;2020-02-10 21:00:00;92.76666666666667
1071729215;2020-02-10 21:00:00;2020-02-10 21:30:00;92.0
1071729215;2020-02-10 21:30:00;2020-02-10 22:00:00;102.63333333333334
1071729215;2020-02-10 22:00:00;2020-02-10 22:30:00;94.16666666666667
1071729215;2020-02-10 22:30:00;2020-02-10 23:00:00;103.6
1071729215;2020-02-10 23:00:00;2020-02-10 23:30:00;103.3
1071729215;2020-02-10 23:30:00;2020-02-10 23:59:59;87.4
1071729215;2020-02-11 00:00:00;2020-02-11 00:30:00;92.0
1071729215;2020-02-11 00:30:00;2020-02-11 01:00:00;92.0
1071729215;2020-02-11 01:00:00;2020-02-11 01:30:00;92.0
1071729215;2020-02-11 01:30:00;2020-02-11 02:00:00;95.56666666666666
1071729215;2020-02-11 02:00:00;2020-02-11 02:30:00;92.0
1071729215;2020-02-11 02:30:00;2020-02-11 03:00:00;92.0
1071729215;2020-02-11 03:00:00;2020-02-11 03:30:00;93.33333333333333
1071729215;2020-02-11 03:30:00;2020-02-11 04:00:00;92.83333333333333
1071729215;2020-02-11 04:00:00;2020-02-11 04:30:00;84.53333333333333
1071729215;2020-02-11 04:30:00;2020-02-11 05:00:00;97.8
1071729215;2020-02-11 05:00:00;2020-02-11 05:30:00;95.0
1071729215;2020-02-11 05:30:00;2020-02-11 06:00:00;96.1
1071729215;2020-02-11 06:00:00;2020-02-11 06:30:00;93.4
1071729215;2020-02-11 06:30:00;2020-02-11 07:00:00;114.83333333333333
1071729215;2020-02-11 07:00:00;2020-02-11 07:30:00;93.43333333333334
1071729215;2020-02-11 07:30:00;2020-02-11 08:00:00;99.33333333333333
1071729215;2020-02-11 08:00:00;2020-02-11 08:30:00;91.03333333333333
1071729215;2020-02-11 08:30:00;2020-02-11 09:00:00;99.66666666666667
1071729215;2020-02-11 09:00:00;2020-02-11 09:30:00;93.46666666666667
1071729215;2020-02-11 09:30:00;2020-02-11 10:00:00;96.86666666666666
1071729215;2020-02-11 10:00:00;2020-02-11 10:30:00;105.0
1071729215;2020-02-11 10:30:00;2020-02-11 11:00:00;110.86666666666666
1071729215;2020-02-11 11:00:00;2020-02-11 11:30:00;95.06666666666666
1071729215;2020-02-11 11:30:00;2020-02-11 12:00:00;88.9
1071729215;2020-02-11 12:00:00;2020-02-11 12:30:00;95.8
1071729215;2020-02-11 12:30:00;2020-02-11 13:00:00;99.4
1071729215;2020-02-11 13:00:00;2020-02-11 13:30:00;106.7
1071729215;2020-02-11 13:30:00;2020-02-11 14:00:00;88.93333333333334
1071729215;2020-02-11 14:00:00;2020-02-11 14:30:00;92.93333333333334
1071729215;2020-02-11 14:30:00;2020-02-11 15:00:00;97.36666666666666
1071729215;2020-02-11 15:00:00;2020-02-11 15:30:00;103.13333333333334
1071729215;2020-02-11 15:30:00;2020-02-11 16:00:00;99.96666666666667
1071729215;2020-02-11 16:00:00;2020-02-11 16:30:00;90.0
1071729215;2020-02-11 16:30:00;2020-02-11 17:00:00;95.2
1071729215;2020-02-11 17:00:00;2020-02-11 17:30:00;98.03333333333333
1071729215;2020-02-11 17:30:00;2020-02-11 18:00:00;99.56666666666666
1071729215;2020-02-11 18:00:00;2020-02-11 18:30:00;101.9
1071729215;2020-02-11 18:30:00;2020-02-11 19:00:00;88.46666666666667
1071729215;2020-02-11 19:00:00;2020-02-11 19:30:00;96.53333333333333
1071729215;2020-02-11 19:30:00;2020-02-11 20:00:00;94.6
1071729215;2020-02-11 20:00:00;2020-02-11 20:30:00;115.13333333333334
1071729215;2020-02-11 20:30:00;2020-02-11 21:00:00;99.9
1071729215;2020-02-11 21:00:00;2020-02-11 21:30:00;95.3
1071729215;2020-02-11 21:30:00;2020-02-11 22:00:00;93.66666666666667
1071729215;2020-02-11 22:00:00;2020-02-11 22:30:00;116.46666666666667
1071729215;2020-02-11 22:30:00;2020-02-11 23:00:00;104.33333333333333
1071729215;2020-02-11 23:00:00;2020-02-11 23:30:00;88.8
1071729215;2020-02-11 23:30:00;2020-02-11 23:59:59;92.0
1071729215;2020-02-12 00:00:00;2020-02-12 00:30:00;92.0
1071729215;2020-02-12 00:30:00;2020-02-12 01:00:00;92.0
1071729215;2020-02-12 01:00:00;2020-02-12 01:30:00;89.33333333333333
1071729215;2020-02-12 01:30:00;2020-02-12 02:00:00;92.0
1071729215;2020-02-12 02:00:00;2020-02-12 02:30:00;90.7
1071729215;2020-02-12 02:30:00;2020-02-12 03:00:00;92.0
1071729215;2020-02-12 03:00:00;2020-02-12 03:30:00;92.0
1071729215;2020-02-12 03:30:00;2020-02-12 04:00:00;92.0
1071729215;2020-02-12 04:00:00;2020-02-12 04:30:00;84.73333333333333
1071729215;2020-02-12 04:30:00;2020-02-12 05:00:00;81.0
1071729215;2020-02-12 05:00:00;2020-02-12 05:30:00;86.7
1071729215;2020-02-12 05:30:00;2020-02-12 06:00:00;90.26666666666667
1071729215;2020-02-12 06:00:00;2020-02-12 06:30:00;97.26666666666667
1071729215;2020-02-12 06:30:00;2020-02-12 07:00:00;93.3
1071729215;2020-02-12 07:00:00;2020-02-12 07:30:00;95.06666666666666
1071729215;2020-02-12 07:30:00;2020-02-12 08:00:00;92.5
1071729215;2020-02-12 08:00:00;2020-02-12 08:30:00;99.03333333333333
1071729215;2020-02-12 08:30:00;2020-02-12 09:00:00;102.23333333333333
1071729215;2020-02-12 09:00:00;2020-02-12 09:30:00;93.13333333333334
1071729215;2020-02-12 09:30:00;2020-02-12 10:00:00;93.63333333333334
1071729215;2020-02-12 10:00:00;2020-02-12 10:30:00;89.56666666666666
1071729215;2020-02-12 10:30:00;2020-02-12 11:00:00;92.1
1071729215;2020-02-12 11:00:00;2020-02-12 11:30:00;100.93333333333334
1071729215;2020-02-12 11:30:00;2020-02-12 12:00:00;99.3
1071729215;2020-02-12 12:00:00;2020-02-12 12:30:00;88.7
1071729215;2020-02-12 12:30:00;2020-02-12 13:00:00;94.6
1071729215;2020-02-12 13:00:00;2020-02-12 13:30:00;94.26666666666667
1071729215;2020-02-12 13:30:00;2020-02-12 14:00:00;98.6
1071729215;2020-02-12 14:00:00;2020-02-12 14:30:00;96.36666666666666
1071729215;2020-02-12 14:30:00;2020-02-12 15:00:00;101.16666666666667
1071729215;2020-02-12 15:00:00;2020-02-12 15:30:00;99.93333333333334
1071729215;2020-02-12 15:30:00;2020-02-12 16:00:00;102.33333333333333
1071729215;2020-02-12 16:00:00;2020-02-12 16:30:00;87.26666666666667
1071729215;2020-02-12 16:30:00;2020-02-12 17:00:00;91.1
1071729215;2020-02-12 17:00:00;2020-02-12 17:30:00;101.5
1071729215;2020-02-12 17:30:00;2020-02-12 18:00:00;93.56666666666666
1071729215;2020-02-12 18:00:00;2020-02-12 18:30:00;92.63333333333334
1071729215;2020-02-12 18:30:00;2020-02-12 19:00:00;107.8
1071729215;2020-02-12 19:00:00;2020-02-12 19:30:00;93.66666666666667
1071729215;2020-02-12 19:30:00;2020-02-12 20:00:00;90.2
1071729215;2020-02-12 20:00:00;2020-02-12 20:30:00;99.06666666666666
1071729215;2020-02-12 20:30:00;2020-02-12 21:00:00;100.83333333333333
1071729215;2020-02-12 21:00:00;2020-02-12 21:30:00;91.26666666666667
1071729215;2020-02-12 21:30:00;2020-02-12 22:00:00;93.03333333333333
1071729215;2020-02-12 22:00:00;2020-02-12 22:30:00;92.66666666666667
1071729215;2020-02-12 22:30:00;2020-02-12 23:00:00;92.0
1071729215;2020-02-12 23:00:00;2020-02-12 23:30:00;92.0
1071729215;2020-02-12 23:30:00;2020-02-12 23:59:59;98.1
1071729215;2020-02-13 00:00:00;2020-02-13 00:30:00;92.0
1071729215;2020-02-13 00:30:00;2020-02-13 01:00:00;92.03333333333333
1071729215;2020-02-13 01:00:00;2020-02-13 01:30:00;91.2
1071729215;2020-02-13 01:30:00;2020-02-13 02:00:00;87.76666666666667
1071729215;2020-02-13 02:00:00;2020-02-13 02:30:00;91.83333333333333
1071729215;2020-02-13 02:30:00;2020-02-13 03:00:00;92.0
1071729215;2020-02-13 03:00:00;2020-02-13 03:30:00;92.0
1071729215;2020-02-13 03:30:00;2020-02-13 04:00:00;97.76666666666667
1071729215;2020-02-13 04:00:00;2020-02-13 04:30:00;86.4
1071729215;2020-02-13 04:30:00;2020-02-13 05:00:00;98.73333333333333
1071729215;2020-02-13 05:00:00;2020-02-13 05:30:00;85.93333333333334
1071729215;2020-02-13 05:30:00;2020-02-13 06:00:00;102.46666666666667
1071729215;2020-02-13 06:00:00;2020-02-13 06:30:00;97.7
1071729215;2020-02-13 06:30:00;2020-02-13 07:00:00;91.7
1071729215;2020-02-13 07:00:00;2020-02-13 07:30:00;97.76666666666667
1071729215;2020-02-13 07:30:00;2020-02-13 08:00:00;86.3
1071729215;2020-02-13 08:00:00;2020-02-13 08:30:00;85.4
1071729215;2020-02-13 08:30:00;2020-02-13 09:00:00;100.4
1071729215;2020-02-13 09:00:00;2020-02-13 09:30:00;96.2
1071729215;2020-02-13 09:30:00;2020-02-13 10:00:00;92.86666666666666
1071729215;2020-02-13 10:00:00;2020-02-13 10:30:00;104.3
1071729215;2020-02-13 10:30:00;2020-02-13 11:00:00;99.1
1071729215;2020-02-13 11:00:00;2020-02-13 11:30:00;93.43333333333334
1071729215;2020-02-13 11:30:00;2020-02-13 12:00:00;110.56666666666666
1071729215;2020-02-13 12:00:00;2020-02-13 12:30:00;94.56666666666666
1071729215;2020-02-13 12:30:00;2020-02-13 13:00:00;95.66666666666667
1071729215;2020-02-13 13:00:00;2020-02-13 13:30:00;108.9
1071729215;2020-02-13 13:30:00;2020-02-13 14:00:00;95.7
1071729215;2020-02-13 14:00:00;2020-02-13 14:30:00;103.36666666666666
1071729215;2020-02-13 14:30:00;2020-02-13 15:00:00;111.3
1071729215;2020-02-13 15:00:00;2020-02-13 15:30:00;115.8
1071729215;2020-02-13 15:30:00;2020-02-13 16:00:00;96.56666666666666
1071729215;2020-02-13 16:00:00;2020-02-13 16:30:00;88.03333333333333
1071729215;2020-02-13 16:30:00;2020-02-13 17:00:00;103.93333333333334
1071729215;2020-02-13 17:00:00;2020-02-13 17:30:00;105.0
1071729215;2020-02-13 17:30:00;2020-02-13 18:00:00;101.3
1071729215;2020-02-13 18:00:00;2020-02-13 18:30:00;93.8
1071729215;2020-02-13 18:30:00;2020-02-13 19:00:00;88.33333333333333
1071729215;2020-02-13 19:00:00;2020-02-13 19:30:00;91.06666666666666
1071729215;2020-02-13 19:30:00;2020-02-13 20:00:00;97.03333333333333
1071729215;2020-02-13 20:00:00;2020-02-13 20:30:00;109.23333333333333
1071729215;2020-02-13 20:30:00;2020-02-13 21:00:00;100.96666666666667
1071729215;2020-02-13 21:00:00;2020-02-13 21:30:00;93.0
1071729215;2020-02-13 21:30:00;2020-02-13 22:00:00;92.03333333333333
1071729215;2020-02-13 22:00:00;2020-02-13 22:30:00;92.0
1071729215;2020-02-13 22:30:00;2020-02-13 23:00:00;91.26666666666667
1071729215;2020-02-13 23:00:00;2020-02-13 23:30:00;95.73333333333333
1071729215;2020-02-13 23:30:00;2020-02-13 23:59:59;94.53333333333333
1071729215;2020-02-14 00:00:00;2020-02-14 00:30:00;92.0
1071729215;2020-02-14 00:30:00;2020-02-14 01:00:00;92.0
1071729215;2020-02-14 01:00:00;2020-02-14 01:30:00;92.0
1071729215;2020-02-14 01:30:00;2020-02-14 02:00:00;95.3
1071729215;2020-02-14 02:00:00;2020-02-14 02:30:00;92.0
1071729215;2020-02-14 02:30:00;2020-02-14 03:00:00;92.0
1071729215;2020-02-14 03:00:00;2020-02-14 03:30:00;92.0
1071729215;2020-02-14 03:30:00;2020-02-14 04:00:00;92.0
1071729215;2020-02-14 04:00:00;2020-02-14 04:30:00;85.16666666666667
1071729215;2020-02-14 04:30:00;2020-02-14 05:00:00;85.66666666666667
1071729215;2020-02-14 05:00:00;2020-02-14 05:30:00;94.06666666666666
1071729215;2020-02-14 05:30:00;2020-02-14 06:00:00;96.06666666666666
1071729215;2020-02-14 06:00:00;2020-02-14 06:30:00;97.56666666666666
1071729215;2020-02-14 06:30:00;2020-02-14 07:00:00;98.4
1071729215;2020-02-14 07:00:00;2020-02-14 07:30:00;94.13333333333334
1071729215;2020-02-14 07:30:00;2020-02-14 08:00:00;96.16666666666667
1071729215;2020-02-14 08:00:00;2020-02-14 08:30:00;99.93333333333334
1071729215;2020-02-14 08:30:00;2020-02-14 09:00:00;107.3
1071729215;2020-02-14 09:00:00;2020-02-14 09:30:00;104.73333333333333
1071729215;2020-02-14 09:30:00;2020-02-14 10:00:00;105.76666666666667
1071729215;2020-02-14 10:00:00;2020-02-14 10:30:00;105.76666666666667
1071729215;2020-02-14 10:30:00;2020-02-14 11:00:00;105.2
1071729215;2020-02-14 11:00:00;2020-02-14 11:30:00;114.3
1071729215;2020-02-14 11:30:00;2020-02-14 12:00:00;101.16666666666667
1071729215;2020-02-14 12:00:00;2020-02-14 12:30:00;94.73333333333333
1071729215;2020-02-14 12:30:00;2020-02-14 13:00:00;97.46666666666667
1071729215;2020-02-14 13:00:00;2020-02-14 13:30:00;111.76666666666667
1071729215;2020-02-14 13:30:00;2020-02-14 14:00:00;115.23333333333333
1071729215;2020-02-14 14:00:00;2020-02-14 14:30:00;99.76666666666667
1071729215;2020-02-14 14:30:00;2020-02-14 15:00:00;101.9
1071729215;2020-02-14 15:00:00;2020-02-14 15:30:00;100.43333333333334
1071729215;2020-02-14 15:30:00;2020-02-14 16:00:00;97.03333333333333
1071729215;2020-02-14 16:00:00;2020-02-14 16:30:00;104.73333333333333
1071729215;2020-02-14 16:30:00;2020-02-14 17:00:00;103.33333333333333
1071729215;2020-02-14 17:00:00;2020-02-14 17:30:00;100.46666666666667
1071729215;2020-02-14 17:30:00;2020-02-14 18:00:00;99.8
1071729215;2020-02-14 18:00:00;2020-02-14 18:30:00;93.0
1071729215;2020-02-14 18:30:00;2020-02-14 19:00:00;87.3
1071729215;2020-02-14 19:00:00;2020-02-14 19:30:00;94.6
1071729215;2020-02-14 19:30:00;2020-02-14 20:00:00;106.5
1071729215;2020-02-14 20:00:00;2020-02-14 20:30:00;109.9
1071729215;2020-02-14 20:30:00;2020-02-14 21:00:00;103.0
1071729215;2020-02-14 21:00:00;2020-02-14 21:30:00;110.3
1071729215;2020-02-14 21:30:00;2020-02-14 22:00:00;93.56666666666666
1071729215;2020-02-14 22:00:00;2020-02-14 22:30:00;94.3
1071729215;2020-02-14 22:30:00;2020-02-14 23:00:00;106.93333333333334
1071729215;2020-02-14 23:00:00;2020-02-14 23:30:00;123.73333333333333
1071729215;2020-02-14 23:30:00;2020-02-14 23:59:59;123.83333333333333
1071729215;2020-02-15 00:00:00;2020-02-15 00:30:00;110.0
1071729215;2020-02-15 00:30:00;2020-02-15 01:00:00;97.0
1071729215;2020-02-15 01:00:00;2020-02-15 01:30:00;91.13333333333334
1071729215;2020-02-15 01:30:00;2020-02-15 02:00:00;92.0
1071729215;2020-02-15 02:00:00;2020-02-15 02:30:00;86.86666666666666
1071729215;2020-02-15 02:30:00;2020-02-15 03:00:00;91.56666666666666
1071729215;2020-02-15 03:00:00;2020-02-15 03:30:00;79.0
1071729215;2020-02-15 03:30:00;2020-02-15 04:00:00;80.5
1071729215;2020-02-15 04:00:00;2020-02-15 04:30:00;86.0
1071729215;2020-02-15 04:30:00;2020-02-15 05:00:00;86.33333333333333
1071729215;2020-02-15 05:00:00;2020-02-15 05:30:00;88.46666666666667
1071729215;2020-02-15 05:30:00;2020-02-15 06:00:00;85.23333333333333
1071729215;2020-02-15 06:00:00;2020-02-15 06:30:00;99.63333333333334
1071729215;2020-02-15 06:30:00;2020-02-15 07:00:00;97.53333333333333
1071729215;2020-02-15 07:00:00;2020-02-15 07:30:00;100.5
1071729215;2020-02-15 07:30:00;2020-02-15 08:00:00;92.66666666666667
1071729215;2020-02-15 08:00:00;2020-02-15 08:30:00;111.7
1071729215;2020-02-15 08:30:00;2020-02-15 09:00:00;94.46666666666667
1071729215;2020-02-15 09:00:00;2020-02-15 09:30:00;92.93333333333334
1071729215;2020-02-15 09:30:00;2020-02-15 10:00:00;104.6
1071729215;2020-02-15 10:00:00;2020-02-15 10:30:00;98.36666666666666
1071729215;2020-02-15 10:30:00;2020-02-15 11:00:00;107.8
1071729215;2020-02-15 11:00:00;2020-02-15 11:30:00;102.8
1071729215;2020-02-15 11:30:00;2020-02-15 12:00:00;106.53333333333333
1071729215;2020-02-15 12:00:00;2020-02-15 12:30:00;108.23333333333333
1071729215;2020-02-15 12:30:00;2020-02-15 13:00:00;116.36666666666666
1071729215;2020-02-15 13:00:00;2020-02-15 13:30:00;98.66666666666667
1071729215;2020-02-15 13:30:00;2020-02-15 14:00:00;92.73333333333333
1071729215;2020-02-15 14:00:00;2020-02-15 14:30:00;103.76666666666667
1071729215;2020-02-15 14:30:00;2020-02-15 15:00:00;109.9
1071729215;2020-02-15 15:00:00;2020-02-15 15:30:00;100.03333333333333
1071729215;2020-02-15 15:30:00;2020-02-15 16:00:00;111.16666666666667
1071729215;2020-02-15 16:00:00;2020-02-15 16:30:00;104.46666666666667
1071729215;2020-02-15 16:30:00;2020-02-15 17:00:00;103.13333333333334
1071729215;2020-02-15 17:00:00;2020-02-15 17:30:00;102.63333333333334
1071729215;2020-02-15 17:30:00;2020-02-15 18:00:00;101.06666666666666
1071729215;2020-02-15 18:00:00;2020-02-15 18:30:00;105.3
1071729215;2020-02-15 18:30:00;2020-02-15 19:00:00;109.43333333333334
1071729215;2020-02-15 19:00:00;2020-02-15 19:30:00;115.9
1071729215;2020-02-15 19:30:00;2020-02-15 20:00:00;115.33333333333333
1071729215;2020-02-15 20:00:00;2020-02-15 20:30:00;112.83333333333333
1071729215;2020-02-15 20:30:00;2020-02-15 21:00:00;103.93333333333334
1071729215;2020-02-15 21:00:00;2020-02-15 21:30:00;82.16666666666667
1071729215;2020-02-15 21:30:00;2020-02-15 22:00:00;87.86666666666666
1071729215;2020-02-15 22:00:00;2020-02-15 22:30:00;92.0
1071729215;2020-02-15 22:30:00;2020-02-15 23:00:00;92.0
1071729215;2020-02-15 23:00:00;2020-02-15 23:30:00;94.1
1071729215;2020-02-15 23:30:00;2020-02-15 23:59:59;100.3
1071729215;2020-02-16 00:00:00;2020-02-16 00:30:00;97.63333333333334
1071729215;2020-02-16 00:30:00;2020-02-16 01:00:00;92.23333333333333
1071729215;2020-02-16 01:00:00;2020-02-16 01:30:00;92.0
1071729215;2020-02-16 01:30:00;2020-02-16 02:00:00;95.03333333333333
1071729215;2020-02-16 02:00:00;2020-02-16 02:30:00;92.0
1071729215;2020-02-16 02:30:00;2020-02-16 03:00:00;92.0
1071729215;2020-02-16 03:00:00;2020-02-16 03:30:00;92.0
1071729215;2020-02-16 03:30:00;2020-02-16 04:00:00;92.0
1071729215;2020-02-16 04:00:00;2020-02-16 04:30:00;89.0
1071729215;2020-02-16 04:30:00;2020-02-16 05:00:00;89.0
1071729215;2020-02-16 05:00:00;2020-02-16 05:30:00;87.0
1071729215;2020-02-16 05:30:00;2020-02-16 06:00:00;87.0
1071729215;2020-02-16 06:00:00;2020-02-16 06:30:00;89.0
1071729215;2020-02-16 06:30:00;2020-02-16 07:00:00;89.33333333333333
1071729215;2020-02-16 07:00:00;2020-02-16 07:30:00;90.73333333333333
1071729215;2020-02-16 07:30:00;2020-02-16 08:00:00;102.1
1071729215;2020-02-16 08:00:00;2020-02-16 08:30:00;104.5
1071729215;2020-02-16 08:30:00;2020-02-16 09:00:00;115.46666666666667
1071729215;2020-02-16 09:00:00;2020-02-16 09:30:00;104.83333333333333
1071729215;2020-02-16 09:30:00;2020-02-16 10:00:00;112.16666666666667
1071729215;2020-02-16 10:00:00;2020-02-16 10:30:00;98.83333333333333
1071729215;2020-02-16 10:30:00;2020-02-16 11:00:00;93.86666666666666
1071729215;2020-02-16 11:00:00;2020-02-16 11:30:00;111.2
1071729215;2020-02-16 11:30:00;2020-02-16 12:00:00;97.23333333333333
1071729215;2020-02-16 12:00:00;2020-02-16 12:30:00;100.9
1071729215;2020-02-16 12:30:00;2020-02-16 13:00:00;95.9
1071729215;2020-02-16 13:00:00;2020-02-16 13:30:00;98.76666666666667
1071729215;2020-02-16 13:30:00;2020-02-16 14:00:00;112.8
1071729215;2020-02-16 14:00:00;2020-02-16 14:30:00;88.46666666666667
1071729215;2020-02-16 14:30:00;2020-02-16 15:00:00;99.63333333333334
1071729215;2020-02-16 15:00:00;2020-02-16 15:30:00;91.2
1071729215;2020-02-16 15:30:00;2020-02-16 16:00:00;95.1
1071729215;2020-02-16 16:00:00;2020-02-16 16:30:00;102.1
1071729215;2020-02-16 16:30:00;2020-02-16 17:00:00;95.2
1071729215;2020-02-16 17:00:00;2020-02-16 17:30:00;94.83333333333333
1071729215;2020-02-16 17:30:00;2020-02-16 18:00:00;98.66666666666667
1071729215;2020-02-16 18:00:00;2020-02-16 18:30:00;108.36666666666666
1071729215;2020-02-16 18:30:00;2020-02-16 19:00:00;102.3
1071729215;2020-02-16 19:00:00;2020-02-16 19:30:00;99.26666666666667
1071729215;2020-02-16 19:30:00;2020-02-16 20:00:00;106.86666666666666
1071729215;2020-02-16 20:00:00;2020-02-16 20:30:00;102.53333333333333
1071729215;2020-02-16 20:30:00;2020-02-16 21:00:00;113.56666666666666
1071729215;2020-02-16 21:00:00;2020-02-16 21:30:00;113.3
1071729215;2020-02-16 21:30:00;2020-02-16 22:00:00;105.86666666666666
1071729215;2020-02-16 22:00:00;2020-02-16 22:30:00;94.3
1071729215;2020-02-16 22:30:00;2020-02-16 23:00:00;92.0
1071729215;2020-02-16 23:00:00;2020-02-16 23:30:00;92.0
1071729215;2020-02-16 23:30:00;2020-02-16 23:59:59;88.86666666666666
1071729215;2020-02-17 00:00:00;2020-02-17 00:30:00;92.0
1071729215;2020-02-17 00:30:00;2020-02-17 01:00:00;92.83333333333333
1071729215;2020-02-17 01:00:00;2020-02-17 01:30:00;92.16666666666667
1071729215;2020-02-17 01:30:00;2020-02-17 02:00:00;92.0
1071729215;2020-02-17 02:00:00;2020-02-17 02:30:00;92.0
1071729215;2020-02-17 02:30:00;2020-02-17 03:00:00;92.0
1071729215;2020-02-17 03:00:00;2020-02-17 03:30:00;92.0
1071729215;2020-02-17 03:30:00;2020-02-17 04:00:00;104.73333333333333
1071729215;2020-02-17 04:00:00;2020-02-17 04:30:00;108.33333333333333
1071729215;2020-02-17 04:30:00;2020-02-17 05:00:00;101.66666666666667
1071729215;2020-02-17 05:00:00;2020-02-17 05:30:00;105.16666666666667
1071729215;2020-02-17 05:30:00;2020-02-17 06:00:00;108.56666666666666
1071729215;2020-02-17 06:00:00;2020-02-17 06:30:00;99.63333333333334
1071729215;2020-02-17 06:30:00;2020-02-17 07:00:00;95.4
1071729215;2020-02-17 07:00:00;2020-02-17 07:30:00;94.66666666666667
1071729215;2020-02-17 07:30:00;2020-02-17 08:00:00;101.83333333333333
1071729215;2020-02-17 08:00:00;2020-02-17 08:30:00;104.06666666666666
1071729215;2020-02-17 08:30:00;2020-02-17 09:00:00;113.23333333333333
1071729215;2020-02-17 09:00:00;2020-02-17 09:30:00;108.66666666666667
1071729215;2020-02-17 09:30:00;2020-02-17 10:00:00;94.96666666666667
1071729215;2020-02-17 10:00:00;2020-02-17 10:30:00;98.76666666666667
1071729215;2020-02-17 10:30:00;2020-02-17 11:00:00;94.96666666666667
1071729215;2020-02-17 11:00:00;2020-02-17 11:30:00;108.33333333333333
1071729215;2020-02-17 11:30:00;2020-02-17 12:00:00;98.5
1071729215;2020-02-17 12:00:00;2020-02-17 12:30:00;99.7
1071729215;2020-02-17 12:30:00;2020-02-17 13:00:00;84.53333333333333
1071729215;2020-02-17 13:00:00;2020-02-17 13:30:00;87.0
1071729215;2020-02-17 13:30:00;2020-02-17 14:00:00;88.8
1071729215;2020-02-17 14:00:00;2020-02-17 14:30:00;93.16666666666667
1071729215;2020-02-17 14:30:00;2020-02-17 15:00:00;114.2
1071729215;2020-02-17 15:00:00;2020-02-17 15:30:00;106.96666666666667
1071729215;2020-02-17 15:30:00;2020-02-17 16:00:00;99.56666666666666
1071729215;2020-02-17 16:00:00;2020-02-17 16:30:00;91.1
1071729215;2020-02-17 16:30:00;2020-02-17 17:00:00;102.23333333333333
1071729215;2020-02-17 17:00:00;2020-02-17 17:30:00;92.53333333333333
1071729215;2020-02-17 17:30:00;2020-02-17 18:00:00;108.06666666666666
1071729215;2020-02-17 18:00:00;2020-02-17 18:30:00;92.73333333333333
1071729215;2020-02-17 18:30:00;2020-02-17 19:00:00;99.4
1071729215;2020-02-17 19:00:00;2020-02-17 19:30:00;98.63333333333334
1071729215;2020-02-17 19:30:00;2020-02-17 20:00:00;100.03333333333333
1071729215;2020-02-17 20:00:00;2020-02-17 20:30:00;92.06666666666666
1071729215;2020-02-17 20:30:00;2020-02-17 21:00:00;91.8
1071729215;2020-02-17 21:00:00;2020-02-17 21:30:00;95.0
1071729215;2020-02-17 21:30:00;2020-02-17 22:00:00;92.2
1071729215;2020-02-17 22:00:00;2020-02-17 22:30:00;90.13333333333334
1071729215;2020-02-17 22:30:00;2020-02-17 23:00:00;93.53333333333333
1071729215;2020-02-17 23:00:00;2020-02-17 23:30:00;91.93333333333334
1071729215;2020-02-17 23:30:00;2020-02-17 23:59:59;92.0
1071729215;2020-02-18 00:00:00;2020-02-18 00:30:00;92.0
1071729215;2020-02-18 00:30:00;2020-02-18 01:00:00;92.0
1071729215;2020-02-18 01:00:00;2020-02-18 01:30:00;92.0
1071729215;2020-02-18 01:30:00;2020-02-18 02:00:00;95.5
1071729215;2020-02-18 02:00:00;2020-02-18 02:30:00;92.0
1071729215;2020-02-18 02:30:00;2020-02-18 03:00:00;92.0
1071729215;2020-02-18 03:00:00;2020-02-18 03:30:00;92.0
1071729215;2020-02-18 03:30:00;2020-02-18 04:00:00;92.0
1071729215;2020-02-18 04:00:00;2020-02-18 04:30:00;84.0
1071729215;2020-02-18 04:30:00;2020-02-18 05:00:00;84.0
1071729215;2020-02-18 05:00:00;2020-02-18 05:30:00;94.56666666666666
1071729215;2020-02-18 05:30:00;2020-02-18 06:00:00;96.76666666666667
1071729215;2020-02-18 06:00:00;2020-02-18 06:30:00;104.26666666666667
1071729215;2020-02-18 06:30:00;2020-02-18 07:00:00;98.16666666666667
1071729215;2020-02-18 07:00:00;2020-02-18 07:30:00;87.33333333333333
1071729215;2020-02-18 07:30:00;2020-02-18 08:00:00;94.5
1071729215;2020-02-18 08:00:00;2020-02-18 08:30:00;92.13333333333334
1071729215;2020-02-18 08:30:00;2020-02-18 09:00:00;93.43333333333334
1071729215;2020-02-18 09:00:00;2020-02-18 09:30:00;103.2
1071729215;2020-02-18 09:30:00;2020-02-18 10:00:00;98.46666666666667
1071729215;2020-02-18 10:00:00;2020-02-18 10:30:00;86.7
1071729215;2020-02-18 10:30:00;2020-02-18 11:00:00;99.66666666666667
1071729215;2020-02-18 11:00:00;2020-02-18 11:30:00;101.23333333333333
1071729215;2020-02-18 11:30:00;2020-02-18 12:00:00;103.23333333333333
1071729215;2020-02-18 12:00:00;2020-02-18 12:30:00;113.6
1071729215;2020-02-18 12:30:00;2020-02-18 13:00:00;98.2
1071729215;2020-02-18 13:00:00;2020-02-18 13:30:00;100.96666666666667
1071729215;2020-02-18 13:30:00;2020-02-18 14:00:00;89.36666666666666
1071729215;2020-02-18 14:00:00;2020-02-18 14:30:00;106.56666666666666
1071729215;2020-02-18 14:30:00;2020-02-18 15:00:00;94.03333333333333
1071729215;2020-02-18 15:00:00;2020-02-18 15:30:00;91.56666666666666
1071729215;2020-02-18 15:30:00;2020-02-18 16:00:00;88.1
1071729215;2020-02-18 16:00:00;2020-02-18 16:30:00;82.43333333333334
1071729215;2020-02-18 16:30:00;2020-02-18 17:00:00;104.33333333333333
1071729215;2020-02-18 17:00:00;2020-02-18 17:30:00;94.63333333333334
1071729215;2020-02-18 17:30:00;2020-02-18 18:00:00;95.16666666666667
1071729215;2020-02-18 18:00:00;2020-02-18 18:30:00;85.43333333333334
1071729215;2020-02-18 18:30:00;2020-02-18 19:00:00;86.53333333333333
1071729215;2020-02-18 19:00:00;2020-02-18 19:30:00;105.66666666666667
1071729215;2020-02-18 19:30:00;2020-02-18 20:00:00;100.33333333333333
1071729215;2020-02-18 20:00:00;2020-02-18 20:30:00;109.0
1071729215;2020-02-18 20:30:00;2020-02-18 21:00:00;95.73333333333333
1071729215;2020-02-18 21:00:00;2020-02-18 21:30:00;94.16666666666667
1071729215;2020-02-18 21:30:00;2020-02-18 22:00:00;92.0
1071729215;2020-02-18 22:00:00;2020-02-18 22:30:00;91.96666666666667
1071729215;2020-02-18 22:30:00;2020-02-18 23:00:00;92.0
1071729215;2020-02-18 23:00:00;2020-02-18 23:30:00;89.5
1071729215;2020-02-18 23:30:00;2020-02-18 23:59:59;91.1
1071729215;2020-02-19 00:00:00;2020-02-19 00:30:00;91.06666666666666
1071729215;2020-02-19 00:30:00;2020-02-19 01:00:00;92.0
1071729215;2020-02-19 01:00:00;2020-02-19 01:30:00;92.0
1071729215;2020-02-19 01:30:00;2020-02-19 02:00:00;91.83333333333333
1071729215;2020-02-19 02:00:00;2020-02-19 02:30:00;90.7
1071729215;2020-02-19 02:30:00;2020-02-19 03:00:00;91.9
1071729215;2020-02-19 03:00:00;2020-02-19 03:30:00;92.0
1071729215;2020-02-19 03:30:00;2020-02-19 04:00:00;92.0
1071729215;2020-02-19 04:00:00;2020-02-19 04:30:00;84.0
1071729215;2020-02-19 04:30:00;2020-02-19 05:00:00;93.16666666666667
1071729215;2020-02-19 05:00:00;2020-02-19 05:30:00;102.6
1071729215;2020-02-19 05:30:00;2020-02-19 06:00:00;100.9
1071729215;2020-02-19 06:00:00;2020-02-19 06:30:00;103.0
1071729215;2020-02-19 06:30:00;2020-02-19 07:00:00;103.73333333333333
1071729215;2020-02-19 07:00:00;2020-02-19 07:30:00;101.0
1071729215;2020-02-19 07:30:00;2020-02-19 08:00:00;101.93333333333334
1071729215;2020-02-19 08:00:00;2020-02-19 08:30:00;87.13333333333334
1071729215;2020-02-19 08:30:00;2020-02-19 09:00:00;95.93333333333334
1071729215;2020-02-19 09:00:00;2020-02-19 09:30:00;93.63333333333334
1071729215;2020-02-19 09:30:00;2020-02-19 10:00:00;88.7
1071729215;2020-02-19 10:00:00;2020-02-19 10:30:00;93.03333333333333
1071729215;2020-02-19 10:30:00;2020-02-19 11:00:00;101.16666666666667
1071729215;2020-02-19 11:00:00;2020-02-19 11:30:00;88.23333333333333
1071729215;2020-02-19 11:30:00;2020-02-19 12:00:00;85.4
1071729215;2020-02-19 12:00:00;2020-02-19 12:30:00;90.06666666666666
1071729215;2020-02-19 12:30:00;2020-02-19 13:00:00;109.7
1071729215;2020-02-19 13:00:00;2020-02-19 13:30:00;99.7
1071729215;2020-02-19 13:30:00;2020-02-19 14:00:00;107.63333333333334
1071729215;2020-02-19 14:00:00;2020-02-19 14:30:00;91.56666666666666
1071729215;2020-02-19 14:30:00;2020-02-19 15:00:00;108.6
1071729215;2020-02-19 15:00:00;2020-02-19 15:30:00;95.26666666666667
1071729215;2020-02-19 15:30:00;2020-02-19 16:00:00;96.66666666666667
1071729215;2020-02-19 16:00:00;2020-02-19 16:30:00;94.26666666666667
1071729215;2020-02-19 16:30:00;2020-02-19 17:00:00;87.86666666666666
1071729215;2020-02-19 17:00:00;2020-02-19 17:30:00;95.26666666666667
1071729215;2020-02-19 17:30:00;2020-02-19 18:00:00;89.96666666666667
1071729215;2020-02-19 18:00:00;2020-02-19 18:30:00;105.4
1071729215;2020-02-19 18:30:00;2020-02-19 19:00:00;98.83333333333333
1071729215;2020-02-19 19:00:00;2020-02-19 19:30:00;104.46666666666667
1071729215;2020-02-19 19:30:00;2020-02-19 20:00:00;108.2
1071729215;2020-02-19 20:00:00;2020-02-19 20:30:00;93.16666666666667
1071729215;2020-02-19 20:30:00;2020-02-19 21:00:00;95.26666666666667
1071729215;2020-02-19 21:00:00;2020-02-19 21:30:00;94.96666666666667
1071729215;2020-02-19 21:30:00;2020-02-19 22:00:00;103.53333333333333
1071729215;2020-02-19 22:00:00;2020-02-19 22:30:00;92.16666666666667
1071729215;2020-02-19 22:30:00;2020-02-19 23:00:00;110.06666666666666
1071729215;2020-02-19 23:00:00;2020-02-19 23:30:00;106.9
1071729215;2020-02-19 23:30:00;2020-02-19 23:59:59;86.58620689655173
1071729215;2020-02-20 00:00:00;2020-02-20 00:30:00;89.66666666666667
1071729215;2020-02-20 00:30:00;2020-02-20 01:00:00;91.0
1071729215;2020-02-20 01:00:00;2020-02-20 01:30:00;91.7
1071729215;2020-02-20 01:30:00;2020-02-20 02:00:00;92.0
1071729215;2020-02-20 02:00:00;2020-02-20 02:30:00;92.0
1071729215;2020-02-20 02:30:00;2020-02-20 03:00:00;92.0
1071729215;2020-02-20 03:00:00;2020-02-20 03:30:00;90.73333333333333
1071729215;2020-02-20 03:30:00;2020-02-20 04:00:00;87.76666666666667
1071729215;2020-02-20 04:00:00;2020-02-20 04:30:00;88.23333333333333
1071729215;2020-02-20 04:30:00;2020-02-20 05:00:00;95.1
1071729215;2020-02-20 05:00:00;2020-02-20 05:30:00;106.0
1071729215;2020-02-20 05:30:00;2020-02-20 06:00:00;103.83333333333333
1071729215;2020-02-20 06:00:00;2020-02-20 06:30:00;90.56666666666666
1071729215;2020-02-20 06:30:00;2020-02-20 07:00:00;97.66666666666667
1071729215;2020-02-20 07:00:00;2020-02-20 07:30:00;101.93333333333334
1071729215;2020-02-20 07:30:00;2020-02-20 08:00:00;102.93333333333334
1071729215;2020-02-20 08:00:00;2020-02-20 08:30:00;87.73333333333333
1071729215;2020-02-20 08:30:00;2020-02-20 09:00:00;103.66666666666667
1071729215;2020-02-20 09:00:00;2020-02-20 09:30:00;106.96666666666667
1071729215;2020-02-20 09:30:00;2020-02-20 10:00:00;95.06666666666666
1071729215;2020-02-20 10:00:00;2020-02-20 10:30:00;99.3
1071729215;2020-02-20 10:30:00;2020-02-20 11:00:00;97.4
1071729215;2020-02-20 11:00:00;2020-02-20 11:30:00;104.23333333333333
1071729215;2020-02-20 11:30:00;2020-02-20 12:00:00;103.73333333333333
1071729215;2020-02-20 12:00:00;2020-02-20 12:30:00;120.13333333333334
1071729215;2020-02-20 12:30:00;2020-02-20 13:00:00;100.7
1071729215;2020-02-20 13:00:00;2020-02-20 13:30:00;107.16666666666667
1071729215;2020-02-20 13:30:00;2020-02-20 14:00:00;106.6
1071729215;2020-02-20 14:00:00;2020-02-20 14:30:00;99.86666666666666
1071729215;2020-02-20 14:30:00;2020-02-20 15:00:00;93.86666666666666
1071729215;2020-02-20 15:00:00;2020-02-20 15:30:00;106.56666666666666
1071729215;2020-02-20 15:30:00;2020-02-20 16:00:00;96.03333333333333
1071729215;2020-02-20 16:00:00;2020-02-20 16:30:00;104.23333333333333
1071729215;2020-02-20 16:30:00;2020-02-20 17:00:00;100.23333333333333
1071729215;2020-02-20 17:00:00;2020-02-20 17:30:00;101.3
1071729215;2020-02-20 17:30:00;2020-02-20 18:00:00;104.63333333333334
1071729215;2020-02-20 18:00:00;2020-02-20 18:30:00;102.2
1071729215;2020-02-20 18:30:00;2020-02-20 19:00:00;90.66666666666667
1071729215;2020-02-20 19:00:00;2020-02-20 19:30:00;91.13333333333334
1071729215;2020-02-20 19:30:00;2020-02-20 20:00:00;88.66666666666667
1071729215;2020-02-20 20:00:00;2020-02-20 20:30:00;97.03333333333333
1071729215;2020-02-20 20:30:00;2020-02-20 21:00:00;102.53333333333333
1071729215;2020-02-20 21:00:00;2020-02-20 21:30:00;92.3
1071729215;2020-02-20 21:30:00;2020-02-20 22:00:00;92.66666666666667
1071729215;2020-02-20 22:00:00;2020-02-20 22:30:00;92.43333333333334
1071729215;2020-02-20 22:30:00;2020-02-20 23:00:00;92.0
1071729215;2020-02-20 23:00:00;2020-02-20 23:30:00;92.0
1071729215;2020-02-20 23:30:00;2020-02-20 23:59:59;97.36666666666666
1071729215;2020-02-21 00:00:00;2020-02-21 00:30:00;88.0
1071729215;2020-02-21 00:30:00;2020-02-21 01:00:00;96.93333333333334
1071729215;2020-02-21 01:00:00;2020-02-21 01:30:00;99.26666666666667
1071729215;2020-02-21 01:30:00;2020-02-21 02:00:00;91.13333333333334
1071729215;2020-02-21 02:00:00;2020-02-21 02:30:00;90.73333333333333
1071729215;2020-02-21 02:30:00;2020-02-21 03:00:00;95.1
1071729215;2020-02-21 03:00:00;2020-02-21 03:30:00;90.0
1071729215;2020-02-21 03:30:00;2020-02-21 04:00:00;92.0
1071729215;2020-02-21 04:00:00;2020-02-21 04:30:00;85.0
1071729215;2020-02-21 04:30:00;2020-02-21 05:00:00;86.73333333333333
1071729215;2020-02-21 05:00:00;2020-02-21 05:30:00;99.76666666666667
1071729215;2020-02-21 05:30:00;2020-02-21 06:00:00;100.96666666666667
1071729215;2020-02-21 06:00:00;2020-02-21 06:30:00;109.26666666666667
1071729215;2020-02-21 06:30:00;2020-02-21 07:00:00;95.5
1071729215;2020-02-21 07:00:00;2020-02-21 07:30:00;97.43333333333334
1071729215;2020-02-21 07:30:00;2020-02-21 08:00:00;98.16666666666667
1071729215;2020-02-21 08:00:00;2020-02-21 08:30:00;97.36666666666666
1071729215;2020-02-21 08:30:00;2020-02-21 09:00:00;96.86666666666666
1071729215;2020-02-21 09:00:00;2020-02-21 09:30:00;102.43333333333334
1071729215;2020-02-21 09:30:00;2020-02-21 10:00:00;96.9
1071729215;2020-02-21 10:00:00;2020-02-21 10:30:00;115.46666666666667
1071729215;2020-02-21 10:30:00;2020-02-21 11:00:00;104.43333333333334
1071729215;2020-02-21 11:00:00;2020-02-21 11:30:00;94.96666666666667
1071729215;2020-02-21 11:30:00;2020-02-21 12:00:00;104.4
1071729215;2020-02-21 12:00:00;2020-02-21 12:30:00;107.23333333333333
1071729215;2020-02-21 12:30:00;2020-02-21 13:00:00;89.3
1071729215;2020-02-21 13:00:00;2020-02-21 13:30:00;95.9
1071729215;2020-02-21 13:30:00;2020-02-21 14:00:00;111.26666666666667
1071729215;2020-02-21 14:00:00;2020-02-21 14:30:00;109.36666666666666
1071729215;2020-02-21 14:30:00;2020-02-21 15:00:00;103.83333333333333
1071729215;2020-02-21 15:00:00;2020-02-21 15:30:00;116.76666666666667
1071729215;2020-02-21 15:30:00;2020-02-21 16:00:00;106.13333333333334
1071729215;2020-02-21 16:00:00;2020-02-21 16:30:00;113.0
1071729215;2020-02-21 16:30:00;2020-02-21 17:00:00;112.1
1071729215;2020-02-21 17:00:00;2020-02-21 17:30:00;97.03333333333333
1071729215;2020-02-21 17:30:00;2020-02-21 18:00:00;92.46666666666667
1071729215;2020-02-21 18:00:00;2020-02-21 18:30:00;105.43333333333334
1071729215;2020-02-21 18:30:00;2020-02-21 19:00:00;95.5
1071729215;2020-02-21 19:00:00;2020-02-21 19:30:00;93.73333333333333
1071729215;2020-02-21 19:30:00;2020-02-21 20:00:00;89.9
1071729215;2020-02-21 20:00:00;2020-02-21 20:30:00;95.63333333333334
1071729215;2020-02-21 20:30:00;2020-02-21 21:00:00;109.4
1071729215;2020-02-21 21:00:00;2020-02-21 21:30:00;111.36666666666666
1071729215;2020-02-21 21:30:00;2020-02-21 22:00:00;98.1
1071729215;2020-02-21 22:00:00;2020-02-21 22:30:00;92.1
1071729215;2020-02-21 22:30:00;2020-02-21 23:00:00;92.93333333333334
1071729215;2020-02-21 23:00:00;2020-02-21 23:30:00;92.0
1071729215;2020-02-21 23:30:00;2020-02-21 23:59:59;91.0
1071729215;2020-02-22 00:00:00;2020-02-22 00:30:00;97.46666666666667
1071729215;2020-02-22 00:30:00;2020-02-22 01:00:00;100.9
1071729215;2020-02-22 01:00:00;2020-02-22 01:30:00;124.06666666666666
1071729215;2020-02-22 01:30:00;2020-02-22 02:00:00;125.2
1071729215;2020-02-22 02:00:00;2020-02-22 02:30:00;105.16666666666667
1071729215;2020-02-22 02:30:00;2020-02-22 03:00:00;88.46666666666667
1071729215;2020-02-22 03:00:00;2020-02-22 03:30:00;92.0
1071729215;2020-02-22 03:30:00;2020-02-22 04:00:00;92.0
1071729215;2020-02-22 04:00:00;2020-02-22 04:30:00;87.0
1071729215;2020-02-22 04:30:00;2020-02-22 05:00:00;87.0
1071729215;2020-02-22 05:00:00;2020-02-22 05:30:00;89.0
1071729215;2020-02-22 05:30:00;2020-02-22 06:00:00;101.86666666666666
1071729215;2020-02-22 06:00:00;2020-02-22 06:30:00;94.2
1071729215;2020-02-22 06:30:00;2020-02-22 07:00:00;96.66666666666667
1071729215;2020-02-22 07:00:00;2020-02-22 07:30:00;96.2
1071729215;2020-02-22 07:30:00;2020-02-22 08:00:00;97.2
1071729215;2020-02-22 08:00:00;2020-02-22 08:30:00;99.73333333333333
1071729215;2020-02-22 08:30:00;2020-02-22 09:00:00;99.4
1071729215;2020-02-22 09:00:00;2020-02-22 09:30:00;99.83333333333333
1071729215;2020-02-22 09:30:00;2020-02-22 10:00:00;109.63333333333334
1071729215;2020-02-22 10:00:00;2020-02-22 10:30:00;107.63333333333334
1071729215;2020-02-22 10:30:00;2020-02-22 11:00:00;99.96666666666667
1071729215;2020-02-22 11:00:00;2020-02-22 11:30:00;88.13333333333334
1071729215;2020-02-22 11:30:00;2020-02-22 12:00:00;104.86666666666666
1071729215;2020-02-22 12:00:00;2020-02-22 12:30:00;97.7
1071729215;2020-02-22 12:30:00;2020-02-22 13:00:00;105.03333333333333
1071729215;2020-02-22 13:00:00;2020-02-22 13:30:00;100.66666666666667
1071729215;2020-02-22 13:30:00;2020-02-22 14:00:00;93.76666666666667
1071729215;2020-02-22 14:00:00;2020-02-22 14:30:00;106.06666666666666
1071729215;2020-02-22 14:30:00;2020-02-22 15:00:00;93.4
1071729215;2020-02-22 15:00:00;2020-02-22 15:30:00;99.23333333333333
1071729215;2020-02-22 15:30:00;2020-02-22 16:00:00;100.3
1071729215;2020-02-22 16:00:00;2020-02-22 16:30:00;110.33333333333333
1071729215;2020-02-22 16:30:00;2020-02-22 17:00:00;100.23333333333333
1071729215;2020-02-22 17:00:00;2020-02-22 17:30:00;106.63333333333334
1071729215;2020-02-22 17:30:00;2020-02-22 18:00:00;99.33333333333333
1071729215;2020-02-22 18:00:00;2020-02-22 18:30:00;108.76666666666667
1071729215;2020-02-22 18:30:00;2020-02-22 19:00:00;99.2
1071729215;2020-02-22 19:00:00;2020-02-22 19:30:00;84.83333333333333
1071729215;2020-02-22 19:30:00;2020-02-22 20:00:00;106.66666666666667
1071729215;2020-02-22 20:00:00;2020-02-22 20:30:00;99.76666666666667
1071729215;2020-02-22 20:30:00;2020-02-22 21:00:00;116.0
1071729215;2020-02-22 21:00:00;2020-02-22 21:30:00;108.13333333333334
1071729215;2020-02-22 21:30:00;2020-02-22 22:00:00;101.56666666666666
1071729215;2020-02-22 22:00:00;2020-02-22 22:30:00;105.86666666666666
1071729215;2020-02-22 22:30:00;2020-02-22 23:00:00;92.56666666666666
1071729215;2020-02-22 23:00:00;2020-02-22 23:30:00;92.9
1071729215;2020-02-22 23:30:00;2020-02-22 23:59:59;92.6
1071729215;2020-02-23 00:00:00;2020-02-23 00:30:00;92.0
1071729215;2020-02-23 00:30:00;2020-02-23 01:00:00;92.0
1071729215;2020-02-23 01:00:00;2020-02-23 01:30:00;92.0
1071729215;2020-02-23 01:30:00;2020-02-23 02:00:00;92.2
1071729215;2020-02-23 02:00:00;2020-02-23 02:30:00;86.6
1071729215;2020-02-23 02:30:00;2020-02-23 03:00:00;92.26666666666667
1071729215;2020-02-23 03:00:00;2020-02-23 03:30:00;92.06666666666666
1071729215;2020-02-23 03:30:00;2020-02-23 04:00:00;92.0
1071729215;2020-02-23 04:00:00;2020-02-23 04:30:00;86.46666666666667
1071729215;2020-02-23 04:30:00;2020-02-23 05:00:00;88.76666666666667
1071729215;2020-02-23 05:00:00;2020-02-23 05:30:00;87.26666666666667
1071729215;2020-02-23 05:30:00;2020-02-23 06:00:00;87.06666666666666
1071729215;2020-02-23 06:00:00;2020-02-23 06:30:00;89.2
1071729215;2020-02-23 06:30:00;2020-02-23 07:00:00;90.13333333333334
1071729215;2020-02-23 07:00:00;2020-02-23 07:30:00;93.5
1071729215;2020-02-23 07:30:00;2020-02-23 08:00:00;98.53333333333333
1071729215;2020-02-23 08:00:00;2020-02-23 08:30:00;104.96666666666667
1071729215;2020-02-23 08:30:00;2020-02-23 09:00:00;99.76666666666667
1071729215;2020-02-23 09:00:00;2020-02-23 09:30:00;102.53333333333333
1071729215;2020-02-23 09:30:00;2020-02-23 10:00:00;100.33333333333333
1071729215;2020-02-23 10:00:00;2020-02-23 10:30:00;102.96666666666667
1071729215;2020-02-23 10:30:00;2020-02-23 11:00:00;106.43333333333334
1071729215;2020-02-23 11:00:00;2020-02-23 11:30:00;105.53333333333333
1071729215;2020-02-23 11:30:00;2020-02-23 12:00:00;105.66666666666667
1071729215;2020-02-23 12:00:00;2020-02-23 12:30:00;98.83333333333333
1071729215;2020-02-23 12:30:00;2020-02-23 13:00:00;103.8
1071729215;2020-02-23 13:00:00;2020-02-23 13:30:00;92.73333333333333
1071729215;2020-02-23 13:30:00;2020-02-23 14:00:00;88.96666666666667
1071729215;2020-02-23 14:00:00;2020-02-23 14:30:00;99.6
1071729215;2020-02-23 14:30:00;2020-02-23 15:00:00;99.83333333333333
1071729215;2020-02-23 15:00:00;2020-02-23 15:30:00;86.33333333333333
1071729215;2020-02-23 15:30:00;2020-02-23 16:00:00;99.63333333333334
1071729215;2020-02-23 16:00:00;2020-02-23 16:30:00;96.26666666666667
1071729215;2020-02-23 16:30:00;2020-02-23 17:00:00;103.36666666666666
1071729215;2020-02-23 17:00:00;2020-02-23 17:30:00;95.7
1071729215;2020-02-23 17:30:00;2020-02-23 18:00:00;98.73333333333333
1071729215;2020-02-23 18:00:00;2020-02-23 18:30:00;112.13333333333334
1071729215;2020-02-23 18:30:00;2020-02-23 19:00:00;111.66666666666667
1071729215;2020-02-23 19:00:00;2020-02-23 19:30:00;108.2
1071729215;2020-02-23 19:30:00;2020-02-23 20:00:00;107.36666666666666
1071729215;2020-02-23 20:00:00;2020-02-23 20:30:00;101.36666666666666
1071729215;2020-02-23 20:30:00;2020-02-23 21:00:00;106.76666666666667
1071729215;2020-02-23 21:00:00;2020-02-23 21:30:00;104.23333333333333
1071729215;2020-02-23 21:30:00;2020-02-23 22:00:00;89.8
1071729215;2020-02-23 22:00:00;2020-02-23 22:30:00;92.0
1071729215;2020-02-23 22:30:00;2020-02-23 23:00:00;108.53333333333333
1071729215;2020-02-23 23:00:00;2020-02-23 23:30:00;92.0
1071729215;2020-02-23 23:30:00;2020-02-23 23:59:59;92.0
1071729215;2020-02-24 00:00:00;2020-02-24 00:30:00;92.0
1071729215;2020-02-24 00:30:00;2020-02-24 01:00:00;92.5
1071729215;2020-02-24 01:00:00;2020-02-24 01:30:00;92.0
1071729215;2020-02-24 01:30:00;2020-02-24 02:00:00;92.0
1071729215;2020-02-24 02:00:00;2020-02-24 02:30:00;92.0
1071729215;2020-02-24 02:30:00;2020-02-24 03:00:00;92.0
1071729215;2020-02-24 03:00:00;2020-02-24 03:30:00;91.73333333333333
1071729215;2020-02-24 03:30:00;2020-02-24 04:00:00;91.36666666666666
1071729215;2020-02-24 04:00:00;2020-02-24 04:30:00;91.83333333333333
1071729215;2020-02-24 04:30:00;2020-02-24 05:00:00;95.36666666666666
1071729215;2020-02-24 05:00:00;2020-02-24 05:30:00;90.53333333333333
1071729215;2020-02-24 05:30:00;2020-02-24 06:00:00;104.3
1071729215;2020-02-24 06:00:00;2020-02-24 06:30:00;107.6
1071729215;2020-02-24 06:30:00;2020-02-24 07:00:00;106.13333333333334
1071729215;2020-02-24 07:00:00;2020-02-24 07:30:00;96.46666666666667
1071729215;2020-02-24 07:30:00;2020-02-24 08:00:00;96.4
1071729215;2020-02-24 08:00:00;2020-02-24 08:30:00;91.46666666666667
1071729215;2020-02-24 08:30:00;2020-02-24 09:00:00;99.96666666666667
1071729215;2020-02-24 09:00:00;2020-02-24 09:30:00;105.83333333333333
1071729215;2020-02-24 09:30:00;2020-02-24 10:00:00;99.75
1071729215;2020-02-24 10:00:00;2020-02-24 10:30:00;100.5909090909091
1071729215;2020-02-24 10:30:00;2020-02-24 11:00:00;101.9
1071729215;2020-02-24 11:00:00;2020-02-24 11:30:00;108.76666666666667
1071729215;2020-02-24 11:30:00;2020-02-24 12:00:00;95.2
1071729215;2020-02-24 12:00:00;2020-02-24 12:30:00;89.03333333333333
1071729215;2020-02-24 12:30:00;2020-02-24 13:00:00;90.0
1071729215;2020-02-24 13:00:00;2020-02-24 13:30:00;101.96666666666667
1071729215;2020-02-24 13:30:00;2020-02-24 14:00:00;93.86666666666666
1071729215;2020-02-24 14:00:00;2020-02-24 14:30:00;100.73333333333333
1071729215;2020-02-24 14:30:00;2020-02-24 15:00:00;97.33333333333333
1071729215;2020-02-24 15:00:00;2020-02-24 15:30:00;100.0
1071729215;2020-02-24 15:30:00;2020-02-24 16:00:00;90.2
1071729215;2020-02-24 16:00:00;2020-02-24 16:30:00;98.0
1071729215;2020-02-24 16:30:00;2020-02-24 17:00:00;102.36666666666666
1071729215;2020-02-24 17:00:00;2020-02-24 17:30:00;94.56666666666666
1071729215;2020-02-24 17:30:00;2020-02-24 18:00:00;101.23333333333333
1071729215;2020-02-24 18:00:00;2020-02-24 18:30:00;97.36666666666666
1071729215;2020-02-24 18:30:00;2020-02-24 19:00:00;99.03333333333333
1071729215;2020-02-24 19:00:00;2020-02-24 19:30:00;105.6
1071729215;2020-02-24 19:30:00;2020-02-24 20:00:00;94.8
1071729215;2020-02-24 20:00:00;2020-02-24 20:30:00;89.1
1071729215;2020-02-24 20:30:00;2020-02-24 21:00:00;92.16666666666667
1071729215;2020-02-24 21:00:00;2020-02-24 21:30:00;109.73333333333333
1071729215;2020-02-24 21:30:00;2020-02-24 22:00:00;94.9
1071729215;2020-02-24 22:00:00;2020-02-24 22:30:00;107.76666666666667
1071729215;2020-02-24 22:30:00;2020-02-24 23:00:00;112.6
1071729215;2020-02-24 23:00:00;2020-02-24 23:30:00;93.83333333333333
1071729215;2020-02-24 23:30:00;2020-02-24 23:59:59;94.93333333333334
1071729215;2020-02-25 00:00:00;2020-02-25 00:30:00;92.0
1071729215;2020-02-25 00:30:00;2020-02-25 01:00:00;92.0
1071729215;2020-02-25 01:00:00;2020-02-25 01:30:00;92.0
1071729215;2020-02-25 01:30:00;2020-02-25 02:00:00;92.0
1071729215;2020-02-25 02:00:00;2020-02-25 02:30:00;92.0
1071729215;2020-02-25 02:30:00;2020-02-25 03:00:00;92.0
1071729215;2020-02-25 03:00:00;2020-02-25 03:30:00;90.9
1071729215;2020-02-25 03:30:00;2020-02-25 04:00:00;89.36666666666666
1071729215;2020-02-25 04:00:00;2020-02-25 04:30:00;91.9
1071729215;2020-02-25 04:30:00;2020-02-25 05:00:00;102.66666666666667
1071729215;2020-02-25 05:00:00;2020-02-25 05:30:00;103.33333333333333
1071729215;2020-02-25 05:30:00;2020-02-25 06:00:00;113.0
1071729215;2020-02-25 06:00:00;2020-02-25 06:30:00;99.03333333333333
1071729215;2020-02-25 06:30:00;2020-02-25 07:00:00;98.83333333333333
1071729215;2020-02-25 07:00:00;2020-02-25 07:30:00;98.1
1071729215;2020-02-25 07:30:00;2020-02-25 08:00:00;109.26666666666667
1071729215;2020-02-25 08:00:00;2020-02-25 08:30:00;97.2
1071729215;2020-02-25 08:30:00;2020-02-25 09:00:00;97.3
1071729215;2020-02-25 09:00:00;2020-02-25 09:30:00;100.56666666666666
1071729215;2020-02-25 09:30:00;2020-02-25 10:00:00;90.86666666666666
1071729215;2020-02-25 10:00:00;2020-02-25 10:30:00;93.5
1071729215;2020-02-25 10:30:00;2020-02-25 11:00:00;108.93333333333334
1071729215;2020-02-25 11:00:00;2020-02-25 11:30:00;99.6
1071729215;2020-02-25 11:30:00;2020-02-25 12:00:00;88.63333333333334
1071729215;2020-02-25 12:00:00;2020-02-25 12:30:00;101.26666666666667
1071729215;2020-02-25 12:30:00;2020-02-25 13:00:00;102.13333333333334
1071729215;2020-02-25 13:00:00;2020-02-25 13:30:00;100.53333333333333
1071729215;2020-02-25 13:30:00;2020-02-25 14:00:00;91.33333333333333
1071729215;2020-02-25 14:00:00;2020-02-25 14:30:00;106.33333333333333
1071729215;2020-02-25 14:30:00;2020-02-25 15:00:00;94.6
1071729215;2020-02-25 15:00:00;2020-02-25 15:30:00;94.73333333333333
1071729215;2020-02-25 15:30:00;2020-02-25 16:00:00;96.3
1071729215;2020-02-25 16:00:00;2020-02-25 16:30:00;102.13333333333334
1071729215;2020-02-25 16:30:00;2020-02-25 17:00:00;103.0
1071729215;2020-02-25 17:00:00;2020-02-25 17:30:00;101.66666666666667
1071729215;2020-02-25 17:30:00;2020-02-25 18:00:00;97.76666666666667
1071729215;2020-02-25 18:00:00;2020-02-25 18:30:00;89.9
1071729215;2020-02-25 18:30:00;2020-02-25 19:00:00;105.5
1071729215;2020-02-25 19:00:00;2020-02-25 19:30:00;100.33333333333333
1071729215;2020-02-25 19:30:00;2020-02-25 20:00:00;92.53333333333333
1071729215;2020-02-25 20:00:00;2020-02-25 20:30:00;95.46666666666667
1071729215;2020-02-25 20:30:00;2020-02-25 21:00:00;97.03333333333333
1071729215;2020-02-25 21:00:00;2020-02-25 21:30:00;115.7
1071729215;2020-02-25 21:30:00;2020-02-25 22:00:00;101.2
1071729215;2020-02-25 22:00:00;2020-02-25 22:30:00;105.66666666666667
1071729215;2020-02-25 22:30:00;2020-02-25 23:00:00;102.83333333333333
1071729215;2020-02-25 23:00:00;2020-02-25 23:30:00;116.8
1071729215;2020-02-25 23:30:00;2020-02-25 23:59:59;107.56666666666666
1071729215;2020-02-26 00:00:00;2020-02-26 00:30:00;88.7
1071729215;2020-02-26 00:30:00;2020-02-26 01:00:00;92.33333333333333
1071729215;2020-02-26 01:00:00;2020-02-26 01:30:00;92.0
1071729215;2020-02-26 01:30:00;2020-02-26 02:00:00;87.8
1071729215;2020-02-26 02:00:00;2020-02-26 02:30:00;92.0
1071729215;2020-02-26 02:30:00;2020-02-26 03:00:00;92.0
1071729215;2020-02-26 03:00:00;2020-02-26 03:30:00;92.0
1071729215;2020-02-26 03:30:00;2020-02-26 04:00:00;92.06666666666666
1071729215;2020-02-26 04:00:00;2020-02-26 04:30:00;86.13333333333334
1071729215;2020-02-26 04:30:00;2020-02-26 05:00:00;84.53333333333333
1071729215;2020-02-26 05:00:00;2020-02-26 05:30:00;87.8
1071729215;2020-02-26 05:30:00;2020-02-26 06:00:00;101.5
1071729215;2020-02-26 06:00:00;2020-02-26 06:30:00;98.8
1071729215;2020-02-26 06:30:00;2020-02-26 07:00:00;96.33333333333333
1071729215;2020-02-26 07:00:00;2020-02-26 07:30:00;101.36666666666666
1071729215;2020-02-26 07:30:00;2020-02-26 08:00:00;103.66666666666667
1071729215;2020-02-26 08:00:00;2020-02-26 08:30:00;101.56666666666666
1071729215;2020-02-26 08:30:00;2020-02-26 09:00:00;105.46666666666667
1071729215;2020-02-26 09:00:00;2020-02-26 09:30:00;110.33333333333333
1071729215;2020-02-26 09:30:00;2020-02-26 10:00:00;96.66666666666667
1071729215;2020-02-26 10:00:00;2020-02-26 10:30:00;94.23333333333333
1071729215;2020-02-26 10:30:00;2020-02-26 11:00:00;101.96666666666667
1071729215;2020-02-26 11:00:00;2020-02-26 11:30:00;88.6
1071729215;2020-02-26 11:30:00;2020-02-26 12:00:00;97.63333333333334
1071729215;2020-02-26 12:00:00;2020-02-26 12:30:00;103.3
1071729215;2020-02-26 12:30:00;2020-02-26 13:00:00;102.43333333333334
1071729215;2020-02-26 13:00:00;2020-02-26 13:30:00;96.93333333333334
1071729215;2020-02-26 13:30:00;2020-02-26 14:00:00;92.26666666666667
1071729215;2020-02-26 14:00:00;2020-02-26 14:30:00;99.73333333333333
1071729215;2020-02-26 14:30:00;2020-02-26 15:00:00;90.8
1071729215;2020-02-26 15:00:00;2020-02-26 15:30:00;112.06666666666666
1071729215;2020-02-26 15:30:00;2020-02-26 16:00:00;107.46666666666667
1071729215;2020-02-26 16:00:00;2020-02-26 16:30:00;102.36666666666666
1071729215;2020-02-26 16:30:00;2020-02-26 17:00:00;108.16666666666667
1071729215;2020-02-26 17:00:00;2020-02-26 17:30:00;95.13333333333334
1071729215;2020-02-26 17:30:00;2020-02-26 18:00:00;108.56666666666666
1071729215;2020-02-26 18:00:00;2020-02-26 18:30:00;106.46666666666667
1071729215;2020-02-26 18:30:00;2020-02-26 19:00:00;115.26666666666667
1071729215;2020-02-26 19:00:00;2020-02-26 19:30:00;97.23333333333333
1071729215;2020-02-26 19:30:00;2020-02-26 20:00:00;109.63333333333334
1071729215;2020-02-26 20:00:00;2020-02-26 20:30:00;112.7
1071729215;2020-02-26 20:30:00;2020-02-26 21:00:00;98.56666666666666
1071729215;2020-02-26 21:00:00;2020-02-26 21:30:00;92.13333333333334
1071729215;2020-02-26 21:30:00;2020-02-26 22:00:00;90.53333333333333
1071729215;2020-02-26 22:00:00;2020-02-26 22:30:00;91.5
1071729215;2020-02-26 22:30:00;2020-02-26 23:00:00;87.83333333333333
1071729215;2020-02-26 23:00:00;2020-02-26 23:30:00;91.76666666666667
1071729215;2020-02-26 23:30:00;2020-02-26 23:59:59;91.86666666666666
1071729215;2020-02-27 00:00:00;2020-02-27 00:30:00;95.73333333333333
1071729215;2020-02-27 00:30:00;2020-02-27 01:00:00;92.0
1071729215;2020-02-27 01:00:00;2020-02-27 01:30:00;92.0
1071729215;2020-02-27 01:30:00;2020-02-27 02:00:00;92.0
1071729215;2020-02-27 02:00:00;2020-02-27 02:30:00;92.0
1071729215;2020-02-27 02:30:00;2020-02-27 03:00:00;89.06666666666666
1071729215;2020-02-27 03:00:00;2020-02-27 03:30:00;92.0
1071729215;2020-02-27 03:30:00;2020-02-27 04:00:00;92.0
1071729215;2020-02-27 04:00:00;2020-02-27 04:30:00;86.0
1071729215;2020-02-27 04:30:00;2020-02-27 05:00:00;84.43333333333334
1071729215;2020-02-27 05:00:00;2020-02-27 05:30:00;84.7
1071729215;2020-02-27 05:30:00;2020-02-27 06:00:00;105.33333333333333
1071729215;2020-02-27 06:00:00;2020-02-27 06:30:00;102.8
1071729215;2020-02-27 06:30:00;2020-02-27 07:00:00;104.03333333333333
1071729215;2020-02-27 07:00:00;2020-02-27 07:30:00;95.93333333333334
1071729215;2020-02-27 07:30:00;2020-02-27 08:00:00;94.66666666666667
1071729215;2020-02-27 08:00:00;2020-02-27 08:30:00;89.43333333333334
1071729215;2020-02-27 08:30:00;2020-02-27 09:00:00;89.66666666666667
1071729215;2020-02-27 09:00:00;2020-02-27 09:30:00;96.46666666666667
1071729215;2020-02-27 09:30:00;2020-02-27 10:00:00;106.16666666666667
1071729215;2020-02-27 10:00:00;2020-02-27 10:30:00;99.7
1071729215;2020-02-27 10:30:00;2020-02-27 11:00:00;101.7
1071729215;2020-02-27 11:00:00;2020-02-27 11:30:00;111.53333333333333
1071729215;2020-02-27 11:30:00;2020-02-27 12:00:00;111.4
1071729215;2020-02-27 12:00:00;2020-02-27 12:30:00;96.33333333333333
1071729215;2020-02-27 12:30:00;2020-02-27 13:00:00;93.4
1071729215;2020-02-27 13:00:00;2020-02-27 13:30:00;93.23333333333333
1071729215;2020-02-27 13:30:00;2020-02-27 14:00:00;92.56666666666666
1071729215;2020-02-27 14:00:00;2020-02-27 14:30:00;105.96666666666667
1071729215;2020-02-27 14:30:00;2020-02-27 15:00:00;95.46666666666667
1071729215;2020-02-27 15:00:00;2020-02-27 15:30:00;96.33333333333333
1071729215;2020-02-27 15:30:00;2020-02-27 16:00:00;95.0
1071729215;2020-02-27 16:00:00;2020-02-27 16:30:00;107.1
1071729215;2020-02-27 16:30:00;2020-02-27 17:00:00;105.4
1071729215;2020-02-27 17:00:00;2020-02-27 17:30:00;91.93333333333334
1071729215;2020-02-27 17:30:00;2020-02-27 18:00:00;97.56666666666666
1071729215;2020-02-27 18:00:00;2020-02-27 18:30:00;98.7
1071729215;2020-02-27 18:30:00;2020-02-27 19:00:00;91.2
1071729215;2020-02-27 19:00:00;2020-02-27 19:30:00;105.4
1071729215;2020-02-27 19:30:00;2020-02-27 20:00:00;101.5
1071729215;2020-02-27 20:00:00;2020-02-27 20:30:00;104.43333333333334
1071729215;2020-02-27 20:30:00;2020-02-27 21:00:00;103.46666666666667
1071729215;2020-02-27 21:00:00;2020-02-27 21:30:00;100.16666666666667
1071729215;2020-02-27 21:30:00;2020-02-27 22:00:00;97.23333333333333
1071729215;2020-02-27 22:00:00;2020-02-27 22:30:00;92.0
1071729215;2020-02-27 22:30:00;2020-02-27 23:00:00;91.23333333333333
1071729215;2020-02-27 23:00:00;2020-02-27 23:30:00;92.0
1071729215;2020-02-27 23:30:00;2020-02-27 23:59:59;92.0
1071729215;2020-02-28 00:00:00;2020-02-28 00:30:00;92.0
1071729215;2020-02-28 00:30:00;2020-02-28 01:00:00;92.0
1071729215;2020-02-28 01:00:00;2020-02-28 01:30:00;92.0
1071729215;2020-02-28 01:30:00;2020-02-28 02:00:00;92.0
1071729215;2020-02-28 02:00:00;2020-02-28 02:30:00;92.0
1071729215;2020-02-28 02:30:00;2020-02-28 03:00:00;91.33333333333333
1071729215;2020-02-28 03:00:00;2020-02-28 03:30:00;91.4
1071729215;2020-02-28 03:30:00;2020-02-28 04:00:00;92.0
1071729215;2020-02-28 04:00:00;2020-02-28 04:30:00;85.0
1071729215;2020-02-28 04:30:00;2020-02-28 05:00:00;85.0
1071729215;2020-02-28 05:00:00;2020-02-28 05:30:00;95.0
1071729215;2020-02-28 05:30:00;2020-02-28 06:00:00;108.83333333333333
1071729215;2020-02-28 06:00:00;2020-02-28 06:30:00;97.4
1071729215;2020-02-28 06:30:00;2020-02-28 07:00:00;97.86666666666666
1071729215;2020-02-28 07:00:00;2020-02-28 07:30:00;89.46666666666667
1071729215;2020-02-28 07:30:00;2020-02-28 08:00:00;100.13333333333334
1071729215;2020-02-28 08:00:00;2020-02-28 08:30:00;89.33333333333333
1071729215;2020-02-28 08:30:00;2020-02-28 09:00:00;108.3
1071729215;2020-02-28 09:00:00;2020-02-28 09:30:00;101.63333333333334
1071729215;2020-02-28 09:30:00;2020-02-28 10:00:00;105.56666666666666
1071729215;2020-02-28 10:00:00;2020-02-28 10:30:00;105.73333333333333
1071729215;2020-02-28 10:30:00;2020-02-28 11:00:00;97.26666666666667
1071729215;2020-02-28 11:00:00;2020-02-28 11:30:00;86.66666666666667
1071729215;2020-02-28 11:30:00;2020-02-28 12:00:00;92.96666666666667
1071729215;2020-02-28 12:00:00;2020-02-28 12:30:00;92.36666666666666
1071729215;2020-02-28 12:30:00;2020-02-28 13:00:00;103.2
1071729215;2020-02-28 13:00:00;2020-02-28 13:30:00;96.2
1071729215;2020-02-28 13:30:00;2020-02-28 14:00:00;97.13333333333334
1071729215;2020-02-28 14:00:00;2020-02-28 14:30:00;105.43333333333334
1071729215;2020-02-28 14:30:00;2020-02-28 15:00:00;98.46666666666667
1071729215;2020-02-28 15:00:00;2020-02-28 15:30:00;91.33333333333333
1071729215;2020-02-28 15:30:00;2020-02-28 16:00:00;101.33333333333333
1071729215;2020-02-28 16:00:00;2020-02-28 16:30:00;125.16666666666667
1071729215;2020-02-28 16:30:00;2020-02-28 17:00:00;104.43333333333334
1071729215;2020-02-28 17:00:00;2020-02-28 17:30:00;96.66666666666667
1071729215;2020-02-28 17:30:00;2020-02-28 18:00:00;93.4
1071729215;2020-02-28 18:00:00;2020-02-28 18:30:00;116.33333333333333
1071729215;2020-02-28 18:30:00;2020-02-28 19:00:00;97.56666666666666
1071729215;2020-02-28 19:00:00;2020-02-28 19:30:00;111.86666666666666
1071729215;2020-02-28 19:30:00;2020-02-28 20:00:00;89.26666666666667
1071729215;2020-02-28 20:00:00;2020-02-28 20:30:00;98.43333333333334
1071729215;2020-02-28 20:30:00;2020-02-28 21:00:00;106.36666666666666
1071729215;2020-02-28 21:00:00;2020-02-28 21:30:00;89.0
1071729215;2020-02-28 21:30:00;2020-02-28 22:00:00;111.4
1071729215;2020-02-28 22:00:00;2020-02-28 22:30:00;112.16666666666667
1071729215;2020-02-28 22:30:00;2020-02-28 23:00:00;106.36666666666666
1071729215;2020-02-28 23:00:00;2020-02-28 23:30:00;91.6
1071729215;2020-02-28 23:30:00;2020-02-28 23:59:59;91.4
1071729215;2020-02-29 00:00:00;2020-02-29 00:30:00;92.0
1071729215;2020-02-29 00:30:00;2020-02-29 01:00:00;92.0
1071729215;2020-02-29 01:00:00;2020-02-29 01:30:00;92.0
1071729215;2020-02-29 01:30:00;2020-02-29 02:00:00;96.43333333333334
1071729215;2020-02-29 02:00:00;2020-02-29 02:30:00;94.66666666666667
1071729215;2020-02-29 02:30:00;2020-02-29 03:00:00;93.1
1071729215;2020-02-29 03:00:00;2020-02-29 03:30:00;92.0
1071729215;2020-02-29 03:30:00;2020-02-29 04:00:00;92.0
1071729215;2020-02-29 04:00:00;2020-02-29 04:30:00;87.0
1071729215;2020-02-29 04:30:00;2020-02-29 05:00:00;87.96666666666667
1071729215;2020-02-29 05:00:00;2020-02-29 05:30:00;99.0
1071729215;2020-02-29 05:30:00;2020-02-29 06:00:00;95.36666666666666
1071729215;2020-02-29 06:00:00;2020-02-29 06:30:00;107.66666666666667
1071729215;2020-02-29 06:30:00;2020-02-29 07:00:00;95.4
1071729215;2020-02-29 07:00:00;2020-02-29 07:30:00;110.43333333333334
1071729215;2020-02-29 07:30:00;2020-02-29 08:00:00;93.03333333333333
1071729215;2020-02-29 08:00:00;2020-02-29 08:30:00;106.53333333333333
1071729215;2020-02-29 08:30:00;2020-02-29 09:00:00;104.26666666666667
1071729215;2020-02-29 09:00:00;2020-02-29 09:30:00;110.3
1071729215;2020-02-29 09:30:00;2020-02-29 10:00:00;101.5
1071729215;2020-02-29 10:00:00;2020-02-29 10:30:00;114.8
1071729215;2020-02-29 10:30:00;2020-02-29 11:00:00;113.66666666666667
1071729215;2020-02-29 11:00:00;2020-02-29 11:30:00;110.86666666666666
1071729215;2020-02-29 11:30:00;2020-02-29 12:00:00;104.36666666666666
1071729215;2020-02-29 12:00:00;2020-02-29 12:30:00;106.6
1071729215;2020-02-29 12:30:00;2020-02-29 13:00:00;106.4
1071729215;2020-02-29 13:00:00;2020-02-29 13:30:00;108.63333333333334
1071729215;2020-02-29 13:30:00;2020-02-29 14:00:00;97.66666666666667
1071729215;2020-02-29 14:00:00;2020-02-29 14:30:00;109.9
1071729215;2020-02-29 14:30:00;2020-02-29 15:00:00;102.56666666666666
1071729215;2020-02-29 15:00:00;2020-02-29 15:30:00;91.83333333333333
1071729215;2020-02-29 15:30:00;2020-02-29 16:00:00;95.46666666666667
1071729215;2020-02-29 16:00:00;2020-02-29 16:30:00;102.23333333333333
1071729215;2020-02-29 16:30:00;2020-02-29 17:00:00;89.16666666666667
1071729215;2020-02-29 17:00:00;2020-02-29 17:30:00;83.7
1071729215;2020-02-29 17:30:00;2020-02-29 18:00:00;80.76666666666667
1071729215;2020-02-29 18:00:00;2020-02-29 18:30:00;80.86666666666666
1071729215;2020-02-29 18:30:00;2020-02-29 19:00:00;85.43333333333334
1071729215;2020-02-29 19:00:00;2020-02-29 19:30:00;108.33333333333333
1071729215;2020-02-29 19:30:00;2020-02-29 20:00:00;105.03333333333333
1071729215;2020-02-29 20:00:00;2020-02-29 20:30:00;106.93333333333334
1071729215;2020-02-29 20:30:00;2020-02-29 21:00:00;110.2
1071729215;2020-02-29 21:00:00;2020-02-29 21:30:00;102.56666666666666
1071729215;2020-02-29 21:30:00;2020-02-29 22:00:00;98.36666666666666
1071729215;2020-02-29 22:00:00;2020-02-29 22:30:00;112.06666666666666
1071729215;2020-02-29 22:30:00;2020-02-29 23:00:00;103.4
1071729215;2020-02-29 23:00:00;2020-02-29 23:30:00;101.8
1071729215;2020-02-29 23:30:00;2020-02-29 23:59:59;92.4
1071729215;2020-03-01 00:00:00;2020-03-01 00:30:00;100.6
1071729215;2020-03-01 00:30:00;2020-03-01 01:00:00;99.7
1071729215;2020-03-01 01:00:00;2020-03-01 01:30:00;90.76666666666667
1071729215;2020-03-01 01:30:00;2020-03-01 02:00:00;88.4
1071729215;2020-03-01 02:00:00;2020-03-01 02:30:00;92.0
1071729215;2020-03-01 02:30:00;2020-03-01 03:00:00;92.0
1071729215;2020-03-01 03:00:00;2020-03-01 03:30:00;92.0
1071729215;2020-03-01 03:30:00;2020-03-01 04:00:00;92.0
1071729215;2020-03-01 04:00:00;2020-03-01 04:30:00;89.0
1071729215;2020-03-01 04:30:00;2020-03-01 05:00:00;89.0
1071729215;2020-03-01 05:00:00;2020-03-01 05:30:00;87.0
1071729215;2020-03-01 05:30:00;2020-03-01 06:00:00;87.0
1071729215;2020-03-01 06:00:00;2020-03-01 06:30:00;88.93333333333334
1071729215;2020-03-01 06:30:00;2020-03-01 07:00:00;86.8
1071729215;2020-03-01 07:00:00;2020-03-01 07:30:00;100.2
1071729215;2020-03-01 07:30:00;2020-03-01 08:00:00;93.56666666666666
1071729215;2020-03-01 08:00:00;2020-03-01 08:30:00;88.66666666666667
1071729215;2020-03-01 08:30:00;2020-03-01 09:00:00;89.03333333333333
1071729215;2020-03-01 09:00:00;2020-03-01 09:30:00;79.4
1071729215;2020-03-01 09:30:00;2020-03-01 10:00:00;82.86666666666666
1071729215;2020-03-01 10:00:00;2020-03-01 10:30:00;83.16666666666667
1071729215;2020-03-01 10:30:00;2020-03-01 11:00:00;85.63333333333334
1071729215;2020-03-01 11:00:00;2020-03-01 11:30:00;86.66666666666667
1071729215;2020-03-01 11:30:00;2020-03-01 12:00:00;85.16666666666667
1071729215;2020-03-01 12:00:00;2020-03-01 12:30:00;77.76666666666667
1071729215;2020-03-01 12:30:00;2020-03-01 13:00:00;68.33333333333333
1071729215;2020-03-01 13:00:00;2020-03-01 13:30:00;91.23333333333333
1071729215;2020-03-01 13:30:00;2020-03-01 14:00:00;94.4
1071729215;2020-03-01 14:00:00;2020-03-01 14:30:00;91.16666666666667
1071729215;2020-03-01 14:30:00;2020-03-01 15:00:00;92.23333333333333
1071729215;2020-03-01 15:00:00;2020-03-01 15:30:00;85.56666666666666
1071729215;2020-03-01 15:30:00;2020-03-01 16:00:00;85.5
1071729215;2020-03-01 16:00:00;2020-03-01 16:30:00;85.1
1071729215;2020-03-01 16:30:00;2020-03-01 17:00:00;87.0
1071729215;2020-03-01 17:00:00;2020-03-01 17:30:00;71.33333333333333
1071729215;2020-03-01 17:30:00;2020-03-01 18:00:00;64.96666666666667
1071729215;2020-03-01 18:00:00;2020-03-01 18:30:00;63.9
1071729215;2020-03-01 18:30:00;2020-03-01 19:00:00;68.03333333333333
1071729215;2020-03-01 19:00:00;2020-03-01 19:30:00;74.46666666666667
1071729215;2020-03-01 19:30:00;2020-03-01 20:00:00;84.03333333333333
1071729215;2020-03-01 20:00:00;2020-03-01 20:30:00;79.66666666666667
1071729215;2020-03-01 20:30:00;2020-03-01 21:00:00;100.63333333333334
1071729215;2020-03-01 21:00:00;2020-03-01 21:30:00;89.93333333333334
1071729215;2020-03-01 21:30:00;2020-03-01 22:00:00;88.13333333333334
1071729215;2020-03-01 22:00:00;2020-03-01 22:30:00;97.13333333333334
1071729215;2020-03-01 22:30:00;2020-03-01 23:00:00;95.6
1071729215;2020-03-01 23:00:00;2020-03-01 23:30:00;99.3
1071729215;2020-03-01 23:30:00;2020-03-01 23:59:59;115.3
1071729215;2020-03-02 00:00:00;2020-03-02 00:30:00;114.13333333333334
1071729215;2020-03-02 00:30:00;2020-03-02 01:00:00;100.56666666666666
1071729215;2020-03-02 01:00:00;2020-03-02 01:30:00;92.0
1071729215;2020-03-02 01:30:00;2020-03-02 02:00:00;92.0
1071729215;2020-03-02 02:00:00;2020-03-02 02:30:00;92.0
1071729215;2020-03-02 02:30:00;2020-03-02 03:00:00;92.0
1071729215;2020-03-02 03:00:00;2020-03-02 03:30:00;94.0
1071729215;2020-03-02 03:30:00;2020-03-02 04:00:00;92.53333333333333
1071729215;2020-03-02 04:00:00;2020-03-02 04:30:00;89.56666666666666
1071729215;2020-03-02 04:30:00;2020-03-02 05:00:00;87.0
1071729215;2020-03-02 05:00:00;2020-03-02 05:30:00;88.96666666666667
1071729215;2020-03-02 05:30:00;2020-03-02 06:00:00;99.33333333333333
1071729215;2020-03-02 06:00:00;2020-03-02 06:30:00;103.4
1071729215;2020-03-02 06:30:00;2020-03-02 07:00:00;101.0
1071729215;2020-03-02 07:00:00;2020-03-02 07:30:00;100.7
1071729215;2020-03-02 07:30:00;2020-03-02 08:00:00;95.0
1071729215;2020-03-02 08:00:00;2020-03-02 08:30:00;98.0
1071729215;2020-03-02 08:30:00;2020-03-02 09:00:00;95.33333333333333
1071729215;2020-03-02 09:00:00;2020-03-02 09:30:00;98.28571428571429
1071729215;2020-03-02 09:30:00;2020-03-02 10:00:00;111.8
1071729215;2020-03-02 10:00:00;2020-03-02 10:30:00;112.16666666666667
1071729215;2020-03-02 10:30:00;2020-03-02 11:00:00;106.63333333333334
1071729215;2020-03-02 11:00:00;2020-03-02 11:30:00;100.43333333333334
1071729215;2020-03-02 11:30:00;2020-03-02 12:00:00;98.86666666666666
1071729215;2020-03-02 12:00:00;2020-03-02 12:30:00;97.63333333333334
1071729215;2020-03-02 12:30:00;2020-03-02 13:00:00;97.56666666666666
1071729215;2020-03-02 13:00:00;2020-03-02 13:30:00;98.96666666666667
1071729215;2020-03-02 13:30:00;2020-03-02 14:00:00;111.6
1071729215;2020-03-02 14:00:00;2020-03-02 14:30:00;106.1
1071729215;2020-03-02 14:30:00;2020-03-02 15:00:00;90.96666666666667
1071729215;2020-03-02 15:00:00;2020-03-02 15:30:00;109.06666666666666
1071729215;2020-03-02 15:30:00;2020-03-02 16:00:00;97.63333333333334
1071729215;2020-03-02 16:00:00;2020-03-02 16:30:00;104.13333333333334
1071729215;2020-03-02 16:30:00;2020-03-02 17:00:00;103.73333333333333
1071729215;2020-03-02 17:00:00;2020-03-02 17:30:00;88.16666666666667
1071729215;2020-03-02 17:30:00;2020-03-02 18:00:00;100.16666666666667
1071729215;2020-03-02 18:00:00;2020-03-02 18:30:00;93.5
1071729215;2020-03-02 18:30:00;2020-03-02 19:00:00;97.3
1071729215;2020-03-02 19:00:00;2020-03-02 19:30:00;95.4
1071729215;2020-03-02 19:30:00;2020-03-02 20:00:00;102.56666666666666
1071729215;2020-03-02 20:00:00;2020-03-02 20:30:00;102.76666666666667
1071729215;2020-03-02 20:30:00;2020-03-02 21:00:00;93.93333333333334
1071729215;2020-03-02 21:00:00;2020-03-02 21:30:00;113.0
1071729215;2020-03-02 21:30:00;2020-03-02 22:00:00;110.13333333333334
1071729215;2020-03-02 22:00:00;2020-03-02 22:30:00;94.0
1071729215;2020-03-02 22:30:00;2020-03-02 23:00:00;88.96666666666667
1071729215;2020-03-02 23:00:00;2020-03-02 23:30:00;92.0
1071729215;2020-03-02 23:30:00;2020-03-02 23:59:59;92.0
1071729215;2020-03-03 00:00:00;2020-03-03 00:30:00;92.0
1071729215;2020-03-03 00:30:00;2020-03-03 01:00:00;92.0
1071729215;2020-03-03 01:00:00;2020-03-03 01:30:00;92.0
1071729215;2020-03-03 01:30:00;2020-03-03 02:00:00;92.0
1071729215;2020-03-03 02:00:00;2020-03-03 02:30:00;92.0
1071729215;2020-03-03 02:30:00;2020-03-03 03:00:00;92.0
1071729215;2020-03-03 03:00:00;2020-03-03 03:30:00;92.0
1071729215;2020-03-03 03:30:00;2020-03-03 04:00:00;85.33333333333333
1071729215;2020-03-03 04:00:00;2020-03-03 04:30:00;88.53333333333333
1071729215;2020-03-03 04:30:00;2020-03-03 05:00:00;84.0
1071729215;2020-03-03 05:00:00;2020-03-03 05:30:00;90.1
1071729215;2020-03-03 05:30:00;2020-03-03 06:00:00;95.43333333333334
1071729215;2020-03-03 06:00:00;2020-03-03 06:30:00;94.4
1071729215;2020-03-03 06:30:00;2020-03-03 07:00:00;87.96666666666667
1071729215;2020-03-03 07:00:00;2020-03-03 07:30:00;101.83333333333333
1071729215;2020-03-03 07:30:00;2020-03-03 08:00:00;91.0
1071729215;2020-03-03 08:00:00;2020-03-03 08:30:00;76.73333333333333
1071729215;2020-03-03 08:30:00;2020-03-03 09:00:00;86.7
1071729215;2020-03-03 09:00:00;2020-03-03 09:30:00;89.96666666666667
1071729215;2020-03-03 09:30:00;2020-03-03 10:00:00;80.16666666666667
1071729215;2020-03-03 10:00:00;2020-03-03 10:30:00;85.66666666666667
1071729215;2020-03-03 10:30:00;2020-03-03 11:00:00;83.86666666666666
1071729215;2020-03-03 11:00:00;2020-03-03 11:30:00;83.56666666666666
1071729215;2020-03-03 11:30:00;2020-03-03 12:00:00;83.26666666666667
1071729215;2020-03-03 12:00:00;2020-03-03 12:30:00;94.5
1071729215;2020-03-03 12:30:00;2020-03-03 13:00:00;91.4
1071729215;2020-03-03 13:00:00;2020-03-03 13:30:00;93.6
1071729215;2020-03-03 13:30:00;2020-03-03 14:00:00;83.33333333333333
1071729215;2020-03-03 14:00:00;2020-03-03 14:30:00;84.36666666666666
1071729215;2020-03-03 14:30:00;2020-03-03 15:00:00;89.03333333333333
1071729215;2020-03-03 15:00:00;2020-03-03 15:30:00;92.13333333333334
1071729215;2020-03-03 15:30:00;2020-03-03 16:00:00;97.46666666666667
1071729215;2020-03-03 16:00:00;2020-03-03 16:30:00;86.06666666666666
1071729215;2020-03-03 16:30:00;2020-03-03 17:00:00;91.13333333333334
1071729215;2020-03-03 17:00:00;2020-03-03 17:30:00;85.43333333333334
1071729215;2020-03-03 17:30:00;2020-03-03 18:00:00;92.2
1071729215;2020-03-03 18:00:00;2020-03-03 18:30:00;88.06666666666666
1071729215;2020-03-03 18:30:00;2020-03-03 19:00:00;91.96666666666667
1071729215;2020-03-03 19:00:00;2020-03-03 19:30:00;87.93333333333334
1071729215;2020-03-03 19:30:00;2020-03-03 20:00:00;95.3
1071729215;2020-03-03 20:00:00;2020-03-03 20:30:00;93.73333333333333
1071729215;2020-03-03 20:30:00;2020-03-03 21:00:00;97.76666666666667
1071729215;2020-03-03 21:00:00;2020-03-03 21:30:00;97.96666666666667
1071729215;2020-03-03 21:30:00;2020-03-03 22:00:00;99.06666666666666
1071729215;2020-03-03 22:00:00;2020-03-03 22:30:00;90.16666666666667
1071729215;2020-03-03 22:30:00;2020-03-03 23:00:00;96.4
1071729215;2020-03-03 23:00:00;2020-03-03 23:30:00;101.2
1071729215;2020-03-03 23:30:00;2020-03-03 23:59:59;89.96666666666667
1071729215;2020-03-04 00:00:00;2020-03-04 00:30:00;91.5
1071729215;2020-03-04 00:30:00;2020-03-04 01:00:00;91.3
1071729215;2020-03-04 01:00:00;2020-03-04 01:30:00;91.7
1071729215;2020-03-04 01:30:00;2020-03-04 02:00:00;92.0
1071729215;2020-03-04 02:00:00;2020-03-04 02:30:00;92.0
1071729215;2020-03-04 02:30:00;2020-03-04 03:00:00;92.0
1071729215;2020-03-04 03:00:00;2020-03-04 03:30:00;92.0
1071729215;2020-03-04 03:30:00;2020-03-04 04:00:00;92.0
1071729215;2020-03-04 04:00:00;2020-03-04 04:30:00;83.36666666666666
1071729215;2020-03-04 04:30:00;2020-03-04 05:00:00;87.16666666666667
1071729215;2020-03-04 05:00:00;2020-03-04 05:30:00;88.83333333333333
1071729215;2020-03-04 05:30:00;2020-03-04 06:00:00;99.83333333333333
1071729215;2020-03-04 06:00:00;2020-03-04 06:30:00;97.86666666666666
1071729215;2020-03-04 06:30:00;2020-03-04 07:00:00;94.36666666666666
1071729215;2020-03-04 07:00:00;2020-03-04 07:30:00;87.43333333333334
1071729215;2020-03-04 07:30:00;2020-03-04 08:00:00;85.13333333333334
1071729215;2020-03-04 08:00:00;2020-03-04 08:30:00;84.33333333333333
1071729215;2020-03-04 08:30:00;2020-03-04 09:00:00;84.73333333333333
1071729215;2020-03-04 09:00:00;2020-03-04 09:30:00;98.9
1071729215;2020-03-04 09:30:00;2020-03-04 10:00:00;87.23333333333333
1071729215;2020-03-04 10:00:00;2020-03-04 10:30:00;82.06666666666666
1071729215;2020-03-04 10:30:00;2020-03-04 11:00:00;79.66666666666667
1071729215;2020-03-04 11:00:00;2020-03-04 11:30:00;86.63333333333334
1071729215;2020-03-04 11:30:00;2020-03-04 12:00:00;85.5
1071729215;2020-03-04 12:00:00;2020-03-04 12:30:00;88.0
1071729215;2020-03-04 12:30:00;2020-03-04 13:00:00;76.46666666666667
1071729215;2020-03-04 13:00:00;2020-03-04 13:30:00;79.8
1071729215;2020-03-04 13:30:00;2020-03-04 14:00:00;82.03333333333333
1071729215;2020-03-04 14:00:00;2020-03-04 14:30:00;84.96666666666667
1071729215;2020-03-04 14:30:00;2020-03-04 15:00:00;83.06666666666666
1071729215;2020-03-04 15:00:00;2020-03-04 15:30:00;87.33333333333333
1071729215;2020-03-04 15:30:00;2020-03-04 16:00:00;91.2
1071729215;2020-03-04 16:00:00;2020-03-04 16:30:00;92.06666666666666
1071729215;2020-03-04 16:30:00;2020-03-04 17:00:00;90.73333333333333
1071729215;2020-03-04 17:00:00;2020-03-04 17:30:00;88.66666666666667
1071729215;2020-03-04 17:30:00;2020-03-04 18:00:00;83.36666666666666
1071729215;2020-03-04 18:00:00;2020-03-04 18:30:00;85.26666666666667
1071729215;2020-03-04 18:30:00;2020-03-04 19:00:00;89.93333333333334
1071729215;2020-03-04 19:00:00;2020-03-04 19:30:00;82.3
1071729215;2020-03-04 19:30:00;2020-03-04 20:00:00;96.46666666666667
1071729215;2020-03-04 20:00:00;2020-03-04 20:30:00;92.7
1071729215;2020-03-04 20:30:00;2020-03-04 21:00:00;92.53333333333333
1071729215;2020-03-04 21:00:00;2020-03-04 21:30:00;86.53333333333333
1071729215;2020-03-04 21:30:00;2020-03-04 22:00:00;97.26666666666667
1071729215;2020-03-04 22:00:00;2020-03-04 22:30:00;92.23333333333333
1071729215;2020-03-04 22:30:00;2020-03-04 23:00:00;98.7
1071729215;2020-03-04 23:00:00;2020-03-04 23:30:00;92.0
1071729215;2020-03-04 23:30:00;2020-03-04 23:59:59;92.0
1071729215;2020-03-05 00:00:00;2020-03-05 00:30:00;91.13333333333334
1071729215;2020-03-05 00:30:00;2020-03-05 01:00:00;86.33333333333333
1071729215;2020-03-05 01:00:00;2020-03-05 01:30:00;84.06666666666666
1071729215;2020-03-05 01:30:00;2020-03-05 02:00:00;85.33333333333333
1071729215;2020-03-05 02:00:00;2020-03-05 02:30:00;92.0
1071729215;2020-03-05 02:30:00;2020-03-05 03:00:00;92.0
1071729215;2020-03-05 03:00:00;2020-03-05 03:30:00;92.0
1071729215;2020-03-05 03:30:00;2020-03-05 04:00:00;92.0
1071729215;2020-03-05 04:00:00;2020-03-05 04:30:00;84.0
1071729215;2020-03-05 04:30:00;2020-03-05 05:00:00;84.0
1071729215;2020-03-05 05:00:00;2020-03-05 05:30:00;102.06666666666666
1071729215;2020-03-05 05:30:00;2020-03-05 06:00:00;112.5
1071729215;2020-03-05 06:00:00;2020-03-05 06:30:00;105.5
1071729215;2020-03-05 06:30:00;2020-03-05 07:00:00;99.4
1071729215;2020-03-05 07:00:00;2020-03-05 07:30:00;94.8
1071729215;2020-03-05 07:30:00;2020-03-05 08:00:00;96.63333333333334
1071729215;2020-03-05 08:00:00;2020-03-05 08:30:00;93.56666666666666
1071729215;2020-03-05 08:30:00;2020-03-05 09:00:00;90.0
1071729215;2020-03-05 09:00:00;2020-03-05 09:30:00;99.93333333333334
1071729215;2020-03-05 09:30:00;2020-03-05 10:00:00;97.16666666666667
1071729215;2020-03-05 10:00:00;2020-03-05 10:30:00;97.06666666666666
1071729215;2020-03-05 10:30:00;2020-03-05 11:00:00;98.5
1071729215;2020-03-05 11:00:00;2020-03-05 11:30:00;95.83333333333333
1071729215;2020-03-05 11:30:00;2020-03-05 12:00:00;92.33333333333333
1071729215;2020-03-05 12:00:00;2020-03-05 12:30:00;104.9
1071729215;2020-03-05 12:30:00;2020-03-05 13:00:00;102.43333333333334
1071729215;2020-03-05 13:00:00;2020-03-05 13:30:00;115.06666666666666
1071729215;2020-03-05 13:30:00;2020-03-05 14:00:00;95.76666666666667
1071729215;2020-03-05 14:00:00;2020-03-05 14:30:00;100.43333333333334
1071729215;2020-03-05 14:30:00;2020-03-05 15:00:00;90.5
1071729215;2020-03-05 15:00:00;2020-03-05 15:30:00;100.76666666666667
1071729215;2020-03-05 15:30:00;2020-03-05 16:00:00;100.96666666666667
1071729215;2020-03-05 16:00:00;2020-03-05 16:30:00;90.4
1071729215;2020-03-05 16:30:00;2020-03-05 17:00:00;83.73333333333333
1071729215;2020-03-05 17:00:00;2020-03-05 17:30:00;90.53333333333333
1071729215;2020-03-05 17:30:00;2020-03-05 18:00:00;103.53333333333333
1071729215;2020-03-05 18:00:00;2020-03-05 18:30:00;82.0
1071729215;2020-03-05 18:30:00;2020-03-05 19:00:00;85.03333333333333
1071729215;2020-03-05 19:00:00;2020-03-05 19:30:00;82.56666666666666
1071729215;2020-03-05 19:30:00;2020-03-05 20:00:00;97.96666666666667
1071729215;2020-03-05 20:00:00;2020-03-05 20:30:00;100.66666666666667
1071729215;2020-03-05 20:30:00;2020-03-05 21:00:00;99.13333333333334
1071729215;2020-03-05 21:00:00;2020-03-05 21:30:00;98.06666666666666
1071729215;2020-03-05 21:30:00;2020-03-05 22:00:00;93.06666666666666
1071729215;2020-03-05 22:00:00;2020-03-05 22:30:00;101.36666666666666
1071729215;2020-03-05 22:30:00;2020-03-05 23:00:00;111.4
1071729215;2020-03-05 23:00:00;2020-03-05 23:30:00;96.8
1071729215;2020-03-05 23:30:00;2020-03-05 23:59:59;90.9
1071729215;2020-03-06 00:00:00;2020-03-06 00:30:00;99.03333333333333
1071729215;2020-03-06 00:30:00;2020-03-06 01:00:00;89.73333333333333
1071729215;2020-03-06 01:00:00;2020-03-06 01:30:00;92.0
1071729215;2020-03-06 01:30:00;2020-03-06 02:00:00;92.0
1071729215;2020-03-06 02:00:00;2020-03-06 02:30:00;92.93333333333334
1071729215;2020-03-06 02:30:00;2020-03-06 03:00:00;95.0
1071729215;2020-03-06 03:00:00;2020-03-06 03:30:00;92.0
1071729215;2020-03-06 03:30:00;2020-03-06 04:00:00;95.63333333333334
1071729215;2020-03-06 04:00:00;2020-03-06 04:30:00;87.8
1071729215;2020-03-06 04:30:00;2020-03-06 05:00:00;83.03333333333333
1071729215;2020-03-06 05:00:00;2020-03-06 05:30:00;90.7
1071729215;2020-03-06 05:30:00;2020-03-06 06:00:00;97.5
1071729215;2020-03-06 06:00:00;2020-03-06 06:30:00;96.8
1071729215;2020-03-06 06:30:00;2020-03-06 07:00:00;94.26666666666667
1071729215;2020-03-06 07:00:00;2020-03-06 07:30:00;95.83333333333333
1071729215;2020-03-06 07:30:00;2020-03-06 08:00:00;85.33333333333333
1071729215;2020-03-06 08:00:00;2020-03-06 08:30:00;104.93333333333334
1071729215;2020-03-06 08:30:00;2020-03-06 09:00:00;100.5
1071729215;2020-03-06 09:00:00;2020-03-06 09:30:00;92.6
1071729215;2020-03-06 09:30:00;2020-03-06 10:00:00;98.0
1071729215;2020-03-06 10:00:00;2020-03-06 10:30:00;106.5
1071729215;2020-03-06 10:30:00;2020-03-06 11:00:00;91.0
1071729215;2020-03-06 11:00:00;2020-03-06 11:30:00;109.33333333333333
1071729215;2020-03-06 11:30:00;2020-03-06 12:00:00;96.33333333333333
1071729215;2020-03-06 12:00:00;2020-03-06 12:30:00;102.93333333333334
1071729215;2020-03-06 12:30:00;2020-03-06 13:00:00;101.76666666666667
1071729215;2020-03-06 13:00:00;2020-03-06 13:30:00;105.8
1071729215;2020-03-06 13:30:00;2020-03-06 14:00:00;100.6
1071729215;2020-03-06 14:00:00;2020-03-06 14:30:00;104.86666666666666
1071729215;2020-03-06 14:30:00;2020-03-06 15:00:00;97.06666666666666
1071729215;2020-03-06 15:00:00;2020-03-06 15:30:00;101.7
1071729215;2020-03-06 15:30:00;2020-03-06 16:00:00;106.4
1071729215;2020-03-06 16:00:00;2020-03-06 16:30:00;93.0
1071729215;2020-03-06 16:30:00;2020-03-06 17:00:00;90.83333333333333
1071729215;2020-03-06 17:00:00;2020-03-06 17:30:00;88.73333333333333
1071729215;2020-03-06 17:30:00;2020-03-06 18:00:00;96.0
1071729215;2020-03-06 18:00:00;2020-03-06 18:30:00;95.0
1071729215;2020-03-06 18:30:00;2020-03-06 19:00:00;103.8
1071729215;2020-03-06 19:00:00;2020-03-06 19:30:00;101.2
1071729215;2020-03-06 19:30:00;2020-03-06 20:00:00;99.16666666666667
1071729215;2020-03-06 20:00:00;2020-03-06 20:30:00;93.53333333333333
1071729215;2020-03-06 20:30:00;2020-03-06 21:00:00;99.1
1071729215;2020-03-06 21:00:00;2020-03-06 21:30:00;92.0
1071729215;2020-03-06 21:30:00;2020-03-06 22:00:00;92.0
1071729215;2020-03-06 22:00:00;2020-03-06 22:30:00;92.0
1071729215;2020-03-06 22:30:00;2020-03-06 23:00:00;92.0
1071729215;2020-03-06 23:00:00;2020-03-06 23:30:00;92.0
1071729215;2020-03-06 23:30:00;2020-03-06 23:59:59;99.0
1071729215;2020-03-07 00:00:00;2020-03-07 00:30:00;89.53333333333333
1071729215;2020-03-07 00:30:00;2020-03-07 01:00:00;90.46666666666667
1071729215;2020-03-07 01:00:00;2020-03-07 01:30:00;92.0
1071729215;2020-03-07 01:30:00;2020-03-07 02:00:00;92.0
1071729215;2020-03-07 02:00:00;2020-03-07 02:30:00;92.0
1071729215;2020-03-07 02:30:00;2020-03-07 03:00:00;92.0
1071729215;2020-03-07 03:00:00;2020-03-07 03:30:00;92.0
1071729215;2020-03-07 03:30:00;2020-03-07 04:00:00;92.0
1071729215;2020-03-07 04:00:00;2020-03-07 04:30:00;87.0
1071729215;2020-03-07 04:30:00;2020-03-07 05:00:00;87.0
1071729215;2020-03-07 05:00:00;2020-03-07 05:30:00;89.0
1071729215;2020-03-07 05:30:00;2020-03-07 06:00:00;89.0
1071729215;2020-03-07 06:00:00;2020-03-07 06:30:00;94.06666666666666
1071729215;2020-03-07 06:30:00;2020-03-07 07:00:00;105.1
1071729215;2020-03-07 07:00:00;2020-03-07 07:30:00;98.6
1071729215;2020-03-07 07:30:00;2020-03-07 08:00:00;112.96666666666667
1071729215;2020-03-07 08:00:00;2020-03-07 08:30:00;99.8
1071729215;2020-03-07 08:30:00;2020-03-07 09:00:00;107.6
1071729215;2020-03-07 09:00:00;2020-03-07 09:30:00;110.8
1071729215;2020-03-07 09:30:00;2020-03-07 10:00:00;98.16666666666667
1071729215;2020-03-07 10:00:00;2020-03-07 10:30:00;103.46666666666667
1071729215;2020-03-07 10:30:00;2020-03-07 11:00:00;107.9
1071729215;2020-03-07 11:00:00;2020-03-07 11:30:00;93.8
1071729215;2020-03-07 11:30:00;2020-03-07 12:00:00;107.03333333333333
1071729215;2020-03-07 12:00:00;2020-03-07 12:30:00;98.33333333333333
1071729215;2020-03-07 12:30:00;2020-03-07 13:00:00;101.33333333333333
1071729215;2020-03-07 13:00:00;2020-03-07 13:30:00;104.03333333333333
1071729215;2020-03-07 13:30:00;2020-03-07 14:00:00;103.6
1071729215;2020-03-07 14:00:00;2020-03-07 14:30:00;101.76666666666667
1071729215;2020-03-07 14:30:00;2020-03-07 15:00:00;112.56666666666666
1071729215;2020-03-07 15:00:00;2020-03-07 15:30:00;102.83333333333333
1071729215;2020-03-07 15:30:00;2020-03-07 16:00:00;107.63333333333334
1071729215;2020-03-07 16:00:00;2020-03-07 16:30:00;101.2
1071729215;2020-03-07 16:30:00;2020-03-07 17:00:00;106.86666666666666
1071729215;2020-03-07 17:00:00;2020-03-07 17:30:00;92.4
1071729215;2020-03-07 17:30:00;2020-03-07 18:00:00;100.53333333333333
1071729215;2020-03-07 18:00:00;2020-03-07 18:30:00;95.83333333333333
1071729215;2020-03-07 18:30:00;2020-03-07 19:00:00;94.7
1071729215;2020-03-07 19:00:00;2020-03-07 19:30:00;100.23333333333333
1071729215;2020-03-07 19:30:00;2020-03-07 20:00:00;108.13333333333334
1071729215;2020-03-07 20:00:00;2020-03-07 20:30:00;104.13333333333334
1071729215;2020-03-07 20:30:00;2020-03-07 21:00:00;113.36666666666666
1071729215;2020-03-07 21:00:00;2020-03-07 21:30:00;93.06666666666666
1071729215;2020-03-07 21:30:00;2020-03-07 22:00:00;92.96666666666667
1071729215;2020-03-07 22:00:00;2020-03-07 22:30:00;88.16666666666667
1071729215;2020-03-07 22:30:00;2020-03-07 23:00:00;90.1
1071729215;2020-03-07 23:00:00;2020-03-07 23:30:00;102.2
1071729215;2020-03-07 23:30:00;2020-03-07 23:59:59;86.96666666666667
1071729215;2020-03-08 00:00:00;2020-03-08 00:30:00;91.7
1071729215;2020-03-08 00:30:00;2020-03-08 01:00:00;97.33333333333333
1071729215;2020-03-08 01:00:00;2020-03-08 01:30:00;94.73333333333333
1071729215;2020-03-08 01:30:00;2020-03-08 02:00:00;91.66666666666667
1071729215;2020-03-08 02:00:00;2020-03-08 02:30:00;91.33333333333333
1071729215;2020-03-08 02:30:00;2020-03-08 03:00:00;92.0
1071729215;2020-03-08 03:00:00;2020-03-08 03:30:00;92.0
1071729215;2020-03-08 03:30:00;2020-03-08 04:00:00;82.63333333333334
1071729215;2020-03-08 04:00:00;2020-03-08 04:30:00;84.63333333333334
1071729215;2020-03-08 04:30:00;2020-03-08 05:00:00;76.06666666666666
1071729215;2020-03-08 05:00:00;2020-03-08 05:30:00;89.43333333333334
1071729215;2020-03-08 05:30:00;2020-03-08 06:00:00;81.56666666666666
1071729215;2020-03-08 06:00:00;2020-03-08 06:30:00;88.26666666666667
1071729215;2020-03-08 06:30:00;2020-03-08 07:00:00;88.3
1071729215;2020-03-08 07:00:00;2020-03-08 07:30:00;97.56666666666666
1071729215;2020-03-08 07:30:00;2020-03-08 08:00:00;101.66666666666667
1071729215;2020-03-08 08:00:00;2020-03-08 08:30:00;98.0
1071729215;2020-03-08 08:30:00;2020-03-08 09:00:00;95.56666666666666
1071729215;2020-03-08 09:00:00;2020-03-08 09:30:00;107.53333333333333
1071729215;2020-03-08 09:30:00;2020-03-08 10:00:00;106.8
1071729215;2020-03-08 10:00:00;2020-03-08 10:30:00;100.6
1071729215;2020-03-08 10:30:00;2020-03-08 11:00:00;109.46666666666667
1071729215;2020-03-08 11:00:00;2020-03-08 11:30:00;108.33333333333333
1071729215;2020-03-08 11:30:00;2020-03-08 12:00:00;102.96666666666667
1071729215;2020-03-08 12:00:00;2020-03-08 12:30:00;109.13333333333334
1071729215;2020-03-08 12:30:00;2020-03-08 13:00:00;94.9
1071729215;2020-03-08 13:00:00;2020-03-08 13:30:00;89.16666666666667
1071729215;2020-03-08 13:30:00;2020-03-08 14:00:00;103.7
1071729215;2020-03-08 14:00:00;2020-03-08 14:30:00;98.56666666666666
1071729215;2020-03-08 14:30:00;2020-03-08 15:00:00;92.16666666666667
1071729215;2020-03-08 15:00:00;2020-03-08 15:30:00;96.66666666666667
1071729215;2020-03-08 15:30:00;2020-03-08 16:00:00;91.76666666666667
1071729215;2020-03-08 16:00:00;2020-03-08 16:30:00;100.36666666666666
1071729215;2020-03-08 16:30:00;2020-03-08 17:00:00;98.26666666666667
1071729215;2020-03-08 17:00:00;2020-03-08 17:30:00;86.03333333333333
1071729215;2020-03-08 17:30:00;2020-03-08 18:00:00;89.9
1071729215;2020-03-08 18:00:00;2020-03-08 18:30:00;95.8
1071729215;2020-03-08 18:30:00;2020-03-08 19:00:00;108.73333333333333
1071729215;2020-03-08 19:00:00;2020-03-08 19:30:00;100.9
1071729215;2020-03-08 19:30:00;2020-03-08 20:00:00;103.46666666666667
1071729215;2020-03-08 20:00:00;2020-03-08 20:30:00;103.53333333333333
1071729215;2020-03-08 20:30:00;2020-03-08 21:00:00;116.33333333333333
1071729215;2020-03-08 21:00:00;2020-03-08 21:30:00;97.66666666666667
1071729215;2020-03-08 21:30:00;2020-03-08 22:00:00;97.36666666666666
1071729215;2020-03-08 22:00:00;2020-03-08 22:30:00;95.4
1071729215;2020-03-08 22:30:00;2020-03-08 23:00:00;92.0
1071729215;2020-03-08 23:00:00;2020-03-08 23:30:00;92.0
1071729215;2020-03-08 23:30:00;2020-03-08 23:59:59;91.46666666666667
1071729215;2020-03-09 00:00:00;2020-03-09 00:30:00;91.8
1071729215;2020-03-09 00:30:00;2020-03-09 01:00:00;92.73333333333333
1071729215;2020-03-09 01:00:00;2020-03-09 01:30:00;92.0
1071729215;2020-03-09 01:30:00;2020-03-09 02:00:00;95.4
1071729215;2020-03-09 02:00:00;2020-03-09 02:30:00;92.0
1071729215;2020-03-09 02:30:00;2020-03-09 03:00:00;92.0
1071729215;2020-03-09 03:00:00;2020-03-09 03:30:00;90.23333333333333
1071729215;2020-03-09 03:30:00;2020-03-09 04:00:00;91.46666666666667
1071729215;2020-03-09 04:00:00;2020-03-09 04:30:00;104.36666666666666
1071729215;2020-03-09 04:30:00;2020-03-09 05:00:00;106.1
1071729215;2020-03-09 05:00:00;2020-03-09 05:30:00;95.26666666666667
1071729215;2020-03-09 05:30:00;2020-03-09 06:00:00;116.2
1071729215;2020-03-09 06:00:00;2020-03-09 06:30:00;98.63333333333334
1071729215;2020-03-09 06:30:00;2020-03-09 07:00:00;107.46666666666667
1071729215;2020-03-09 07:00:00;2020-03-09 07:30:00;105.23333333333333
1071729215;2020-03-09 07:30:00;2020-03-09 08:00:00;99.8
1071729215;2020-03-09 08:00:00;2020-03-09 08:30:00;108.53333333333333
1071729215;2020-03-09 08:30:00;2020-03-09 09:00:00;101.5
1071729215;2020-03-09 09:00:00;2020-03-09 09:30:00;114.03333333333333
1071729215;2020-03-09 09:30:00;2020-03-09 10:00:00;99.83333333333333
1071729215;2020-03-09 10:00:00;2020-03-09 10:30:00;103.93333333333334
1071729215;2020-03-09 10:30:00;2020-03-09 11:00:00;89.26666666666667
1071729215;2020-03-09 11:00:00;2020-03-09 11:30:00;109.3
1071729215;2020-03-09 11:30:00;2020-03-09 12:00:00;95.56666666666666
1071729215;2020-03-09 12:00:00;2020-03-09 12:30:00;94.6
1071729215;2020-03-09 12:30:00;2020-03-09 13:00:00;87.66666666666667
1071729215;2020-03-09 13:00:00;2020-03-09 13:30:00;97.06666666666666
1071729215;2020-03-09 13:30:00;2020-03-09 14:00:00;101.3
1071729215;2020-03-09 14:00:00;2020-03-09 14:30:00;97.8
1071729215;2020-03-09 14:30:00;2020-03-09 15:00:00;99.83333333333333
1071729215;2020-03-09 15:00:00;2020-03-09 15:30:00;107.73333333333333
1071729215;2020-03-09 15:30:00;2020-03-09 16:00:00;109.93333333333334
1071729215;2020-03-09 16:00:00;2020-03-09 16:30:00;97.7
1071729215;2020-03-09 16:30:00;2020-03-09 17:00:00;92.3
1071729215;2020-03-09 17:00:00;2020-03-09 17:30:00;87.96666666666667
1071729215;2020-03-09 17:30:00;2020-03-09 18:00:00;90.36666666666666
1071729215;2020-03-09 18:00:00;2020-03-09 18:30:00;97.36666666666666
1071729215;2020-03-09 18:30:00;2020-03-09 19:00:00;108.23333333333333
1071729215;2020-03-09 19:00:00;2020-03-09 19:30:00;94.83333333333333
1071729215;2020-03-09 19:30:00;2020-03-09 20:00:00;107.3
1071729215;2020-03-09 20:00:00;2020-03-09 20:30:00;116.93333333333334
1071729215;2020-03-09 20:30:00;2020-03-09 21:00:00;95.53333333333333
1071729215;2020-03-09 21:00:00;2020-03-09 21:30:00;120.86666666666666
1071729215;2020-03-09 21:30:00;2020-03-09 22:00:00;115.8
1071729215;2020-03-09 22:00:00;2020-03-09 22:30:00;93.1
1071729215;2020-03-09 22:30:00;2020-03-09 23:00:00;91.0
1071729215;2020-03-09 23:00:00;2020-03-09 23:30:00;92.0
1071729215;2020-03-09 23:30:00;2020-03-09 23:59:59;92.0
1071729215;2020-03-10 00:00:00;2020-03-10 00:30:00;92.0
1071729215;2020-03-10 00:30:00;2020-03-10 01:00:00;92.0
1071729215;2020-03-10 01:00:00;2020-03-10 01:30:00;92.0
1071729215;2020-03-10 01:30:00;2020-03-10 02:00:00;92.0
1071729215;2020-03-10 02:00:00;2020-03-10 02:30:00;92.0
1071729215;2020-03-10 02:30:00;2020-03-10 03:00:00;104.6
1071729215;2020-03-10 03:00:00;2020-03-10 03:30:00;96.2
1071729215;2020-03-10 03:30:00;2020-03-10 04:00:00;93.16666666666667
1071729215;2020-03-10 04:00:00;2020-03-10 04:30:00;97.16666666666667
1071729215;2020-03-10 04:30:00;2020-03-10 05:00:00;91.26666666666667
1071729215;2020-03-10 05:00:00;2020-03-10 05:30:00;88.06666666666666
1071729215;2020-03-10 05:30:00;2020-03-10 06:00:00;112.06666666666666
1071729215;2020-03-10 06:00:00;2020-03-10 06:30:00;111.76666666666667
1071729215;2020-03-10 06:30:00;2020-03-10 07:00:00;116.66666666666667
1071729215;2020-03-10 07:00:00;2020-03-10 07:30:00;94.56666666666666
1071729215;2020-03-10 07:30:00;2020-03-10 08:00:00;94.5
1071729215;2020-03-10 08:00:00;2020-03-10 08:30:00;87.76666666666667
1071729215;2020-03-10 08:30:00;2020-03-10 09:00:00;93.9
1071729215;2020-03-10 09:00:00;2020-03-10 09:30:00;96.56666666666666
1071729215;2020-03-10 09:30:00;2020-03-10 10:00:00;89.2
1071729215;2020-03-10 10:00:00;2020-03-10 10:30:00;98.46666666666667
1071729215;2020-03-10 10:30:00;2020-03-10 11:00:00;95.43333333333334
1071729215;2020-03-10 11:00:00;2020-03-10 11:30:00;94.63333333333334
1071729215;2020-03-10 11:30:00;2020-03-10 12:00:00;97.13333333333334
1071729215;2020-03-10 12:00:00;2020-03-10 12:30:00;94.1
1071729215;2020-03-10 12:30:00;2020-03-10 13:00:00;88.73333333333333
1071729215;2020-03-10 13:00:00;2020-03-10 13:30:00;93.0
1071729215;2020-03-10 13:30:00;2020-03-10 14:00:00;105.33333333333333
1071729215;2020-03-10 14:00:00;2020-03-10 14:30:00;89.7
1071729215;2020-03-10 14:30:00;2020-03-10 15:00:00;88.1
1071729215;2020-03-10 15:00:00;2020-03-10 15:30:00;89.66666666666667
1071729215;2020-03-10 15:30:00;2020-03-10 16:00:00;106.06666666666666
1071729215;2020-03-10 16:00:00;2020-03-10 16:30:00;95.5
1071729215;2020-03-10 16:30:00;2020-03-10 17:00:00;93.06666666666666
1071729215;2020-03-10 17:00:00;2020-03-10 17:30:00;102.2
1071729215;2020-03-10 17:30:00;2020-03-10 18:00:00;94.9
1071729215;2020-03-10 18:00:00;2020-03-10 18:30:00;89.03333333333333
1071729215;2020-03-10 18:30:00;2020-03-10 19:00:00;95.56666666666666
1071729215;2020-03-10 19:00:00;2020-03-10 19:30:00;94.8
1071729215;2020-03-10 19:30:00;2020-03-10 20:00:00;89.0
1071729215;2020-03-10 20:00:00;2020-03-10 20:30:00;89.4
1071729215;2020-03-10 20:30:00;2020-03-10 21:00:00;102.73333333333333
1071729215;2020-03-10 21:00:00;2020-03-10 21:30:00;112.8
1071729215;2020-03-10 21:30:00;2020-03-10 22:00:00;99.93333333333334
1071729215;2020-03-10 22:00:00;2020-03-10 22:30:00;96.26666666666667
1071729215;2020-03-10 22:30:00;2020-03-10 23:00:00;88.86666666666666
1071729215;2020-03-10 23:00:00;2020-03-10 23:30:00;98.53333333333333
1071729215;2020-03-10 23:30:00;2020-03-10 23:59:59;99.33333333333333
1071729215;2020-03-11 00:00:00;2020-03-11 00:30:00;113.66666666666667
1071729215;2020-03-11 00:30:00;2020-03-11 01:00:00;106.0
1071729215;2020-03-11 01:00:00;2020-03-11 01:30:00;92.0
1071729215;2020-03-11 01:30:00;2020-03-11 02:00:00;95.43333333333334
1071729215;2020-03-11 02:00:00;2020-03-11 02:30:00;105.33333333333333
1071729215;2020-03-11 02:30:00;2020-03-11 03:00:00;97.03333333333333
1071729215;2020-03-11 03:00:00;2020-03-11 03:30:00;126.0
1071729215;2020-03-11 03:30:00;2020-03-11 04:00:00;108.2
1071729215;2020-03-11 04:00:00;2020-03-11 04:30:00;84.06666666666666
1071729215;2020-03-11 04:30:00;2020-03-11 05:00:00;86.53333333333333
1071729215;2020-03-11 05:00:00;2020-03-11 05:30:00;87.9
1071729215;2020-03-11 05:30:00;2020-03-11 06:00:00;103.0
1071729215;2020-03-11 06:00:00;2020-03-11 06:30:00;97.0
1071729215;2020-03-11 06:30:00;2020-03-11 07:00:00;105.1
1071729215;2020-03-11 07:00:00;2020-03-11 07:30:00;93.4
1071729215;2020-03-11 07:30:00;2020-03-11 08:00:00;92.23333333333333
1071729215;2020-03-11 08:00:00;2020-03-11 08:30:00;89.23333333333333
1071729215;2020-03-11 08:30:00;2020-03-11 09:00:00;99.16666666666667
1071729215;2020-03-11 09:00:00;2020-03-11 09:30:00;102.66666666666667
1071729215;2020-03-11 09:30:00;2020-03-11 10:00:00;85.06666666666666
1071729215;2020-03-11 10:00:00;2020-03-11 10:30:00;100.0
1071729215;2020-03-11 10:30:00;2020-03-11 11:00:00;92.3
1071729215;2020-03-11 11:00:00;2020-03-11 11:30:00;99.66666666666667
1071729215;2020-03-11 11:30:00;2020-03-11 12:00:00;92.5
1071729215;2020-03-11 12:00:00;2020-03-11 12:30:00;89.3
1071729215;2020-03-11 12:30:00;2020-03-11 13:00:00;96.46666666666667
1071729215;2020-03-11 13:00:00;2020-03-11 13:30:00;104.2
1071729215;2020-03-11 13:30:00;2020-03-11 14:00:00;99.2
1071729215;2020-03-11 14:00:00;2020-03-11 14:30:00;98.06666666666666
1071729215;2020-03-11 14:30:00;2020-03-11 15:00:00;101.06666666666666
1071729215;2020-03-11 15:00:00;2020-03-11 15:30:00;101.8
1071729215;2020-03-11 15:30:00;2020-03-11 16:00:00;108.33333333333333
1071729215;2020-03-11 16:00:00;2020-03-11 16:30:00;97.83333333333333
1071729215;2020-03-11 16:30:00;2020-03-11 17:00:00;102.1
1071729215;2020-03-11 17:00:00;2020-03-11 17:30:00;89.06666666666666
1071729215;2020-03-11 17:30:00;2020-03-11 18:00:00;97.36666666666666
1071729215;2020-03-11 18:00:00;2020-03-11 18:30:00;107.66666666666667
1071729215;2020-03-11 18:30:00;2020-03-11 19:00:00;90.93333333333334
1071729215;2020-03-11 19:00:00;2020-03-11 19:30:00;110.96666666666667
1071729215;2020-03-11 19:30:00;2020-03-11 20:00:00;99.13333333333334
1071729215;2020-03-11 20:00:00;2020-03-11 20:30:00;90.8
1071729215;2020-03-11 20:30:00;2020-03-11 21:00:00;95.5
1071729215;2020-03-11 21:00:00;2020-03-11 21:30:00;92.0
1071729215;2020-03-11 21:30:00;2020-03-11 22:00:00;96.9
1071729215;2020-03-11 22:00:00;2020-03-11 22:30:00;96.46666666666667
1071729215;2020-03-11 22:30:00;2020-03-11 23:00:00;92.9
1071729215;2020-03-11 23:00:00;2020-03-11 23:30:00;102.66666666666667
1071729215;2020-03-11 23:30:00;2020-03-11 23:59:59;99.0
1071729215;2020-03-12 00:00:00;2020-03-12 00:30:00;87.16666666666667
1071729215;2020-03-12 00:30:00;2020-03-12 01:00:00;89.33333333333333
1071729215;2020-03-12 01:00:00;2020-03-12 01:30:00;92.0
1071729215;2020-03-12 01:30:00;2020-03-12 02:00:00;92.0
1071729215;2020-03-12 02:00:00;2020-03-12 02:30:00;92.0
1071729215;2020-03-12 02:30:00;2020-03-12 03:00:00;92.0
1071729215;2020-03-12 03:00:00;2020-03-12 03:30:00;92.0
1071729215;2020-03-12 03:30:00;2020-03-12 04:00:00;92.0
1071729215;2020-03-12 04:00:00;2020-03-12 04:30:00;83.2
1071729215;2020-03-12 04:30:00;2020-03-12 05:00:00;84.0
1071729215;2020-03-12 05:00:00;2020-03-12 05:30:00;85.33333333333333
1071729215;2020-03-12 05:30:00;2020-03-12 06:00:00;90.56666666666666
1071729215;2020-03-12 06:00:00;2020-03-12 06:30:00;105.86666666666666
1071729215;2020-03-12 06:30:00;2020-03-12 07:00:00;110.63333333333334
1071729215;2020-03-12 07:00:00;2020-03-12 07:30:00;92.23333333333333
1071729215;2020-03-12 07:30:00;2020-03-12 08:00:00;100.1
1071729215;2020-03-12 08:00:00;2020-03-12 08:30:00;96.7
1071729215;2020-03-12 08:30:00;2020-03-12 09:00:00;93.7
1071729215;2020-03-12 09:00:00;2020-03-12 09:30:00;92.06666666666666
1071729215;2020-03-12 09:30:00;2020-03-12 10:00:00;99.73333333333333
1071729215;2020-03-12 10:00:00;2020-03-12 10:30:00;90.86666666666666
1071729215;2020-03-12 10:30:00;2020-03-12 11:00:00;88.46666666666667
1071729215;2020-03-12 11:00:00;2020-03-12 11:30:00;94.73333333333333
1071729215;2020-03-12 11:30:00;2020-03-12 12:00:00;106.26666666666667
1071729215;2020-03-12 12:00:00;2020-03-12 12:30:00;97.56666666666666
1071729215;2020-03-12 12:30:00;2020-03-12 13:00:00;102.86666666666666
1071729215;2020-03-12 13:00:00;2020-03-12 13:30:00;95.3
1071729215;2020-03-12 13:30:00;2020-03-12 14:00:00;105.93333333333334
1071729215;2020-03-12 14:00:00;2020-03-12 14:30:00;96.73333333333333
1071729215;2020-03-12 14:30:00;2020-03-12 15:00:00;94.66666666666667
1071729215;2020-03-12 15:00:00;2020-03-12 15:30:00;94.93333333333334
1071729215;2020-03-12 15:30:00;2020-03-12 16:00:00;98.13333333333334
1071729215;2020-03-12 16:00:00;2020-03-12 16:30:00;105.04545454545455
1071729215;2020-03-12 16:30:00;2020-03-12 17:00:00;100.9
1071729215;2020-03-12 17:00:00;2020-03-12 17:30:00;106.66666666666667
1071729215;2020-03-12 17:30:00;2020-03-12 18:00:00;106.43333333333334
1071729215;2020-03-12 18:00:00;2020-03-12 18:30:00;107.96666666666667
1071729215;2020-03-12 18:30:00;2020-03-12 19:00:00;111.93333333333334
1071729215;2020-03-12 19:00:00;2020-03-12 19:30:00;90.9
1071729215;2020-03-12 19:30:00;2020-03-12 20:00:00;91.56666666666666
1071729215;2020-03-12 20:00:00;2020-03-12 20:30:00;101.16666666666667
1071729215;2020-03-12 20:30:00;2020-03-12 21:00:00;98.66666666666667
1071729215;2020-03-12 21:00:00;2020-03-12 21:30:00;92.26666666666667
1071729215;2020-03-12 21:30:00;2020-03-12 22:00:00;109.13333333333334
1071729215;2020-03-12 22:00:00;2020-03-12 22:30:00;103.73333333333333
1071729215;2020-03-12 22:30:00;2020-03-12 23:00:00;107.5
1071729215;2020-03-12 23:00:00;2020-03-12 23:30:00;113.53333333333333
1071729215;2020-03-12 23:30:00;2020-03-12 23:59:59;122.5
1071729215;2020-03-13 00:00:00;2020-03-13 00:30:00;104.5
1071729215;2020-03-13 00:30:00;2020-03-13 01:00:00;89.83333333333333
1071729215;2020-03-13 01:00:00;2020-03-13 01:30:00;92.0
1071729215;2020-03-13 01:30:00;2020-03-13 02:00:00;92.0
1071729215;2020-03-13 02:00:00;2020-03-13 02:30:00;92.0
1071729215;2020-03-13 02:30:00;2020-03-13 03:00:00;92.0
1071729215;2020-03-13 03:00:00;2020-03-13 03:30:00;92.0
1071729215;2020-03-13 03:30:00;2020-03-13 04:00:00;92.0
1071729215;2020-03-13 04:00:00;2020-03-13 04:30:00;85.0
1071729215;2020-03-13 04:30:00;2020-03-13 05:00:00;85.2
1071729215;2020-03-13 05:00:00;2020-03-13 05:30:00;88.03333333333333
1071729215;2020-03-13 05:30:00;2020-03-13 06:00:00;106.9
1071729215;2020-03-13 06:00:00;2020-03-13 06:30:00;97.96666666666667
1071729215;2020-03-13 06:30:00;2020-03-13 07:00:00;111.0
1071729215;2020-03-13 07:00:00;2020-03-13 07:30:00;98.06666666666666
1071729215;2020-03-13 07:30:00;2020-03-13 08:00:00;91.4
1071729215;2020-03-13 08:00:00;2020-03-13 08:30:00;89.6
1071729215;2020-03-13 08:30:00;2020-03-13 09:00:00;103.73333333333333
1071729215;2020-03-13 09:00:00;2020-03-13 09:30:00;97.33333333333333
1071729215;2020-03-13 09:30:00;2020-03-13 10:00:00;100.23333333333333
1071729215;2020-03-13 10:00:00;2020-03-13 10:30:00;96.86666666666666
1071729215;2020-03-13 10:30:00;2020-03-13 11:00:00;97.23333333333333
1071729215;2020-03-13 11:00:00;2020-03-13 11:30:00;98.5
1071729215;2020-03-13 11:30:00;2020-03-13 12:00:00;101.06666666666666
1071729215;2020-03-13 12:00:00;2020-03-13 12:30:00;87.26666666666667
1071729215;2020-03-13 12:30:00;2020-03-13 13:00:00;96.06666666666666
1071729215;2020-03-13 13:00:00;2020-03-13 13:30:00;100.76666666666667
1071729215;2020-03-13 13:30:00;2020-03-13 14:00:00;94.36666666666666
1071729215;2020-03-13 14:00:00;2020-03-13 14:30:00;103.93333333333334
1071729215;2020-03-13 14:30:00;2020-03-13 15:00:00;105.0
1071729215;2020-03-13 15:00:00;2020-03-13 15:30:00;99.96666666666667
1071729215;2020-03-13 15:30:00;2020-03-13 16:00:00;112.06666666666666
1071729215;2020-03-13 16:00:00;2020-03-13 16:30:00;101.13333333333334
1071729215;2020-03-13 16:30:00;2020-03-13 17:00:00;92.89655172413794
1071729215;2020-03-13 17:00:00;2020-03-13 17:30:00;89.86666666666666
1071729215;2020-03-13 17:30:00;2020-03-13 18:00:00;109.83333333333333
1071729215;2020-03-13 18:00:00;2020-03-13 18:30:00;104.93333333333334
1071729215;2020-03-13 18:30:00;2020-03-13 19:00:00;103.63333333333334
1071729215;2020-03-13 19:00:00;2020-03-13 19:30:00;105.0
1071729215;2020-03-13 19:30:00;2020-03-13 20:00:00;110.43333333333334
1071729215;2020-03-13 20:00:00;2020-03-13 20:30:00;91.13333333333334
1071729215;2020-03-13 20:30:00;2020-03-13 21:00:00;102.8
1071729215;2020-03-13 21:00:00;2020-03-13 21:30:00;98.16666666666667
1071729215;2020-03-13 21:30:00;2020-03-13 22:00:00;93.66666666666667
1071729215;2020-03-13 22:00:00;2020-03-13 22:30:00;92.33333333333333
1071729215;2020-03-13 22:30:00;2020-03-13 23:00:00;92.0
1071729215;2020-03-13 23:00:00;2020-03-13 23:30:00;91.3
1071729215;2020-03-13 23:30:00;2020-03-13 23:59:59;95.53333333333333
1071729215;2020-03-14 00:00:00;2020-03-14 00:30:00;104.86666666666666
1071729215;2020-03-14 00:30:00;2020-03-14 01:00:00;103.6
1071729215;2020-03-14 01:00:00;2020-03-14 01:30:00;107.7
1071729215;2020-03-14 01:30:00;2020-03-14 02:00:00;95.7
1071729215;2020-03-14 02:00:00;2020-03-14 02:30:00;94.0
1071729215;2020-03-14 02:30:00;2020-03-14 03:00:00;92.0
1071729215;2020-03-14 03:00:00;2020-03-14 03:30:00;92.46666666666667
1071729215;2020-03-14 03:30:00;2020-03-14 04:00:00;95.23333333333333
1071729215;2020-03-14 04:00:00;2020-03-14 04:30:00;88.66666666666667
1071729215;2020-03-14 04:30:00;2020-03-14 05:00:00;87.0
1071729215;2020-03-14 05:00:00;2020-03-14 05:30:00;101.93333333333334
1071729215;2020-03-14 05:30:00;2020-03-14 06:00:00;101.83333333333333
1071729215;2020-03-14 06:00:00;2020-03-14 06:30:00;93.43333333333334
1071729215;2020-03-14 06:30:00;2020-03-14 07:00:00;92.1
1071729215;2020-03-14 07:00:00;2020-03-14 07:30:00;94.13333333333334
1071729215;2020-03-14 07:30:00;2020-03-14 08:00:00;87.73333333333333
1071729215;2020-03-14 08:00:00;2020-03-14 08:30:00;100.2
1071729215;2020-03-14 08:30:00;2020-03-14 09:00:00;109.0
1071729215;2020-03-14 09:00:00;2020-03-14 09:30:00;109.16666666666667
1071729215;2020-03-14 09:30:00;2020-03-14 10:00:00;102.13333333333334
1071729215;2020-03-14 10:00:00;2020-03-14 10:30:00;101.56666666666666
1071729215;2020-03-14 10:30:00;2020-03-14 11:00:00;115.6
1071729215;2020-03-14 11:00:00;2020-03-14 11:30:00;105.96666666666667
1071729215;2020-03-14 11:30:00;2020-03-14 12:00:00;117.03333333333333
1071729215;2020-03-14 12:00:00;2020-03-14 12:30:00;97.46666666666667
1071729215;2020-03-14 12:30:00;2020-03-14 13:00:00;101.96666666666667
1071729215;2020-03-14 13:00:00;2020-03-14 13:30:00;101.8
1071729215;2020-03-14 13:30:00;2020-03-14 14:00:00;96.56666666666666
1071729215;2020-03-14 14:00:00;2020-03-14 14:30:00;113.86666666666666
1071729215;2020-03-14 14:30:00;2020-03-14 15:00:00;109.76666666666667
1071729215;2020-03-14 15:00:00;2020-03-14 15:30:00;102.8
1071729215;2020-03-14 15:30:00;2020-03-14 16:00:00;106.53333333333333
1071729215;2020-03-14 16:00:00;2020-03-14 16:30:00;103.4
1071729215;2020-03-14 16:30:00;2020-03-14 17:00:00;124.36666666666666
1071729215;2020-03-14 17:00:00;2020-03-14 17:30:00;101.96666666666667
1071729215;2020-03-14 17:30:00;2020-03-14 18:00:00;106.53333333333333
1071729215;2020-03-14 18:00:00;2020-03-14 18:30:00;115.30434782608695
1071729215;2020-03-14 18:30:00;2020-03-14 19:00:00;103.0909090909091
1071729215;2020-03-14 19:00:00;2020-03-14 19:30:00;103.66666666666667
1071729215;2020-03-14 19:30:00;2020-03-14 20:00:00;107.4
1071729215;2020-03-14 20:00:00;2020-03-14 20:30:00;115.11111111111111
1071729215;2020-03-14 20:30:00;2020-03-14 21:00:00;113.53846153846153
1071729215;2020-03-14 21:00:00;2020-03-14 21:30:00;98.93333333333334
1071729215;2020-03-14 21:30:00;2020-03-14 22:00:00;92.0
1071729215;2020-03-14 22:00:00;2020-03-14 22:30:00;92.0
1071729215;2020-03-14 22:30:00;2020-03-14 23:00:00;92.0
1071729215;2020-03-14 23:00:00;2020-03-14 23:30:00;92.0
1071729215;2020-03-14 23:30:00;2020-03-14 23:59:59;92.0
1071729215;2020-03-15 00:00:00;2020-03-15 00:30:00;92.0
1071729215;2020-03-15 00:30:00;2020-03-15 01:00:00;101.9
1071729215;2020-03-15 01:00:00;2020-03-15 01:30:00;92.0
1071729215;2020-03-15 01:30:00;2020-03-15 02:00:00;92.0
1071729215;2020-03-15 02:00:00;2020-03-15 02:30:00;94.56666666666666
1071729215;2020-03-15 02:30:00;2020-03-15 03:00:00;92.0
1071729215;2020-03-15 03:00:00;2020-03-15 03:30:00;92.0
1071729215;2020-03-15 03:30:00;2020-03-15 04:00:00;92.0
1071729215;2020-03-15 04:00:00;2020-03-15 04:30:00;89.0
1071729215;2020-03-15 04:30:00;2020-03-15 05:00:00;89.0
1071729215;2020-03-15 05:00:00;2020-03-15 05:30:00;87.0
1071729215;2020-03-15 05:30:00;2020-03-15 06:00:00;95.4
1071729215;2020-03-15 06:00:00;2020-03-15 06:30:00;96.63333333333334
1071729215;2020-03-15 06:30:00;2020-03-15 07:00:00;85.46666666666667
1071729215;2020-03-15 07:00:00;2020-03-15 07:30:00;102.96666666666667
1071729215;2020-03-15 07:30:00;2020-03-15 08:00:00;90.56666666666666
1071729215;2020-03-15 08:00:00;2020-03-15 08:30:00;100.43333333333334
1071729215;2020-03-15 08:30:00;2020-03-15 09:00:00;93.1
1071729215;2020-03-15 09:00:00;2020-03-15 09:30:00;91.93333333333334
1071729215;2020-03-15 09:30:00;2020-03-15 10:00:00;105.83333333333333
1071729215;2020-03-15 10:00:00;2020-03-15 10:30:00;120.03333333333333
1071729215;2020-03-15 10:30:00;2020-03-15 11:00:00;96.63333333333334
1071729215;2020-03-15 11:00:00;2020-03-15 11:30:00;110.0
1071729215;2020-03-15 11:30:00;2020-03-15 12:00:00;112.06666666666666
1071729215;2020-03-15 12:00:00;2020-03-15 12:30:00;112.56666666666666
1071729215;2020-03-15 12:30:00;2020-03-15 13:00:00;99.06666666666666
1071729215;2020-03-15 13:00:00;2020-03-15 13:30:00;110.13333333333334
1071729215;2020-03-15 13:30:00;2020-03-15 14:00:00;88.66666666666667
1071729215;2020-03-15 14:00:00;2020-03-15 14:30:00;94.06666666666666
1071729215;2020-03-15 14:30:00;2020-03-15 15:00:00;97.96666666666667
1071729215;2020-03-15 15:00:00;2020-03-15 15:30:00;86.23333333333333
1071729215;2020-03-15 15:30:00;2020-03-15 16:00:00;91.96666666666667
1071729215;2020-03-15 16:00:00;2020-03-15 16:30:00;101.36666666666666
1071729215;2020-03-15 16:30:00;2020-03-15 17:00:00;84.06666666666666
1071729215;2020-03-15 17:00:00;2020-03-15 17:30:00;101.96666666666667
1071729215;2020-03-15 17:30:00;2020-03-15 18:00:00;99.9
1071729215;2020-03-15 18:00:00;2020-03-15 18:30:00;108.46666666666667
1071729215;2020-03-15 18:30:00;2020-03-15 19:00:00;108.36666666666666
1071729215;2020-03-15 19:00:00;2020-03-15 19:30:00;102.5
1071729215;2020-03-15 19:30:00;2020-03-15 20:00:00;108.93333333333334
1071729215;2020-03-15 20:00:00;2020-03-15 20:30:00;98.63333333333334
1071729215;2020-03-15 20:30:00;2020-03-15 21:00:00;109.56666666666666
1071729215;2020-03-15 21:00:00;2020-03-15 21:30:00;100.63333333333334
1071729215;2020-03-15 21:30:00;2020-03-15 22:00:00;92.4
1071729215;2020-03-15 22:00:00;2020-03-15 22:30:00;102.46666666666667
1071729215;2020-03-15 22:30:00;2020-03-15 23:00:00;92.0
1071729215;2020-03-15 23:00:00;2020-03-15 23:30:00;92.5
1071729215;2020-03-15 23:30:00;2020-03-15 23:59:59;90.66666666666667
1071729215;2020-03-16 00:00:00;2020-03-16 00:30:00;91.33333333333333
1071729215;2020-03-16 00:30:00;2020-03-16 01:00:00;92.0
1071729215;2020-03-16 01:00:00;2020-03-16 01:30:00;92.0
1071729215;2020-03-16 01:30:00;2020-03-16 02:00:00;93.86666666666666
1071729215;2020-03-16 02:00:00;2020-03-16 02:30:00;105.8
1071729215;2020-03-16 02:30:00;2020-03-16 03:00:00;131.0
1071729215;2020-03-16 03:00:00;2020-03-16 03:30:00;132.66666666666666
1071729215;2020-03-16 03:30:00;2020-03-16 04:00:00;111.16666666666667
1071729215;2020-03-16 04:00:00;2020-03-16 04:30:00;97.53333333333333
1071729215;2020-03-16 04:30:00;2020-03-16 05:00:00;99.8
1071729215;2020-03-16 05:00:00;2020-03-16 05:30:00;90.16666666666667
1071729215;2020-03-16 05:30:00;2020-03-16 06:00:00;109.1
1071729215;2020-03-16 06:00:00;2020-03-16 06:30:00;95.33333333333333
1071729215;2020-03-16 06:30:00;2020-03-16 07:00:00;104.5
1071729215;2020-03-16 07:00:00;2020-03-16 07:30:00;106.03333333333333
1071729215;2020-03-16 07:30:00;2020-03-16 08:00:00;112.9
1071729215;2020-03-16 08:00:00;2020-03-16 08:30:00;102.56666666666666
1071729215;2020-03-16 08:30:00;2020-03-16 09:00:00;105.13333333333334
1071729215;2020-03-16 09:00:00;2020-03-16 09:30:00;99.93333333333334
1071729215;2020-03-16 09:30:00;2020-03-16 10:00:00;105.33333333333333
1071729215;2020-03-16 10:00:00;2020-03-16 10:30:00;92.5
1071729215;2020-03-16 10:30:00;2020-03-16 11:00:00;103.33333333333333
1071729215;2020-03-16 11:00:00;2020-03-16 11:30:00;99.33333333333333
1071729215;2020-03-16 11:30:00;2020-03-16 12:00:00;100.4
1071729215;2020-03-16 12:00:00;2020-03-16 12:30:00;95.16666666666667
1071729215;2020-03-16 12:30:00;2020-03-16 13:00:00;96.7
1071729215;2020-03-16 13:00:00;2020-03-16 13:30:00;95.33333333333333
1071729215;2020-03-16 13:30:00;2020-03-16 14:00:00;95.6
1071729215;2020-03-16 14:00:00;2020-03-16 14:30:00;108.43333333333334
1071729215;2020-03-16 14:30:00;2020-03-16 15:00:00;104.0
1071729215;2020-03-16 15:00:00;2020-03-16 15:30:00;116.16666666666667
1071729215;2020-03-16 15:30:00;2020-03-16 16:00:00;93.63333333333334
1071729215;2020-03-16 16:00:00;2020-03-16 16:30:00;90.73333333333333
1071729215;2020-03-16 16:30:00;2020-03-16 17:00:00;100.33333333333333
1071729215;2020-03-16 17:00:00;2020-03-16 17:30:00;111.6
1071729215;2020-03-16 17:30:00;2020-03-16 18:00:00;105.1
1071729215;2020-03-16 18:00:00;2020-03-16 18:30:00;100.86666666666666
1071729215;2020-03-16 18:30:00;2020-03-16 19:00:00;116.96666666666667
1071729215;2020-03-16 19:00:00;2020-03-16 19:30:00;112.3
1071729215;2020-03-16 19:30:00;2020-03-16 20:00:00;112.43333333333334
1071729215;2020-03-16 20:00:00;2020-03-16 20:30:00;93.03333333333333
1071729215;2020-03-16 20:30:00;2020-03-16 21:00:00;106.63333333333334
1071729215;2020-03-16 21:00:00;2020-03-16 21:30:00;103.73333333333333
1071729215;2020-03-16 21:30:00;2020-03-16 22:00:00;95.93333333333334
1071729215;2020-03-16 22:00:00;2020-03-16 22:30:00;92.96666666666667
1071729215;2020-03-16 22:30:00;2020-03-16 23:00:00;87.93333333333334
1071729215;2020-03-16 23:00:00;2020-03-16 23:30:00;91.7
1071729215;2020-03-16 23:30:00;2020-03-16 23:59:59;88.1
1071729215;2020-03-17 00:00:00;2020-03-17 00:30:00;92.0
1071729215;2020-03-17 00:30:00;2020-03-17 01:00:00;92.0
1071729215;2020-03-17 01:00:00;2020-03-17 01:30:00;92.0
1071729215;2020-03-17 01:30:00;2020-03-17 02:00:00;88.46666666666667
1071729215;2020-03-17 02:00:00;2020-03-17 02:30:00;97.83333333333333
1071729215;2020-03-17 02:30:00;2020-03-17 03:00:00;92.0
1071729215;2020-03-17 03:00:00;2020-03-17 03:30:00;92.0
1071729215;2020-03-17 03:30:00;2020-03-17 04:00:00;92.0
1071729215;2020-03-17 04:00:00;2020-03-17 04:30:00;91.3
1071729215;2020-03-17 04:30:00;2020-03-17 05:00:00;91.2
1071729215;2020-03-17 05:00:00;2020-03-17 05:30:00;103.73333333333333
1071729215;2020-03-17 05:30:00;2020-03-17 06:00:00;103.56666666666666
1071729215;2020-03-17 06:00:00;2020-03-17 06:30:00;88.66666666666667
1071729215;2020-03-17 06:30:00;2020-03-17 07:00:00;110.1
1071729215;2020-03-17 07:00:00;2020-03-17 07:30:00;108.26666666666667
1071729215;2020-03-17 07:30:00;2020-03-17 08:00:00;89.83333333333333
1071729215;2020-03-17 08:00:00;2020-03-17 08:30:00;96.06666666666666
1071729215;2020-03-17 08:30:00;2020-03-17 09:00:00;89.66666666666667
1071729215;2020-03-17 09:00:00;2020-03-17 09:30:00;87.96666666666667
1071729215;2020-03-17 09:30:00;2020-03-17 10:00:00;106.96666666666667
1071729215;2020-03-17 10:00:00;2020-03-17 10:30:00;89.16666666666667
1071729215;2020-03-17 10:30:00;2020-03-17 11:00:00;89.53333333333333
1071729215;2020-03-17 11:00:00;2020-03-17 11:30:00;87.53333333333333
1071729215;2020-03-17 11:30:00;2020-03-17 12:00:00;83.53333333333333
1071729215;2020-03-17 12:00:00;2020-03-17 12:30:00;87.4
1071729215;2020-03-17 12:30:00;2020-03-17 13:00:00;86.7
1071729215;2020-03-17 13:00:00;2020-03-17 13:30:00;89.16666666666667
1071729215;2020-03-17 13:30:00;2020-03-17 14:00:00;92.56666666666666
1071729215;2020-03-17 14:00:00;2020-03-17 14:30:00;102.5
1071729215;2020-03-17 14:30:00;2020-03-17 15:00:00;101.4
1071729215;2020-03-17 15:00:00;2020-03-17 15:30:00;116.86666666666666
1071729215;2020-03-17 15:30:00;2020-03-17 16:00:00;117.4
1071729215;2020-03-17 16:00:00;2020-03-17 16:30:00;93.23333333333333
1071729215;2020-03-17 16:30:00;2020-03-17 17:00:00;96.6
1071729215;2020-03-17 17:00:00;2020-03-17 17:30:00;93.43333333333334
1071729215;2020-03-17 17:30:00;2020-03-17 18:00:00;96.0
1071729215;2020-03-17 18:00:00;2020-03-17 18:30:00;79.33333333333333
1071729215;2020-03-17 18:30:00;2020-03-17 19:00:00;84.3
1071729215;2020-03-17 19:00:00;2020-03-17 19:30:00;86.86666666666666
1071729215;2020-03-17 19:30:00;2020-03-17 20:00:00;87.5
1071729215;2020-03-17 20:00:00;2020-03-17 20:30:00;96.16666666666667
1071729215;2020-03-17 20:30:00;2020-03-17 21:00:00;93.2
1071729215;2020-03-17 21:00:00;2020-03-17 21:30:00;91.6
1071729215;2020-03-17 21:30:00;2020-03-17 22:00:00;91.26666666666667
1071729215;2020-03-17 22:00:00;2020-03-17 22:30:00;92.0
1071729215;2020-03-17 22:30:00;2020-03-17 23:00:00;92.0
1071729215;2020-03-17 23:00:00;2020-03-17 23:30:00;92.0
1071729215;2020-03-17 23:30:00;2020-03-17 23:59:59;92.0
1071729215;2020-03-18 00:00:00;2020-03-18 00:30:00;90.8
1071729215;2020-03-18 00:30:00;2020-03-18 01:00:00;92.0
1071729215;2020-03-18 01:00:00;2020-03-18 01:30:00;92.0
1071729215;2020-03-18 01:30:00;2020-03-18 02:00:00;92.0
1071729215;2020-03-18 02:00:00;2020-03-18 02:30:00;92.0
1071729215;2020-03-18 02:30:00;2020-03-18 03:00:00;95.26666666666667
1071729215;2020-03-18 03:00:00;2020-03-18 03:30:00;89.73333333333333
1071729215;2020-03-18 03:30:00;2020-03-18 04:00:00;93.93333333333334
1071729215;2020-03-18 04:00:00;2020-03-18 04:30:00;88.8
1071729215;2020-03-18 04:30:00;2020-03-18 05:00:00;87.46666666666667
1071729215;2020-03-18 05:00:00;2020-03-18 05:30:00;87.6
1071729215;2020-03-18 05:30:00;2020-03-18 06:00:00;102.43333333333334
1071729215;2020-03-18 06:00:00;2020-03-18 06:30:00;98.36666666666666
1071729215;2020-03-18 06:30:00;2020-03-18 07:00:00;95.36666666666666
1071729215;2020-03-18 07:00:00;2020-03-18 07:30:00;87.1
1071729215;2020-03-18 07:30:00;2020-03-18 08:00:00;87.03333333333333
1071729215;2020-03-18 08:00:00;2020-03-18 08:30:00;89.16666666666667
1071729215;2020-03-18 08:30:00;2020-03-18 09:00:00;89.73333333333333
1071729215;2020-03-18 09:00:00;2020-03-18 09:30:00;98.46666666666667
1071729215;2020-03-18 09:30:00;2020-03-18 10:00:00;90.2
1071729215;2020-03-18 10:00:00;2020-03-18 10:30:00;95.9
1071729215;2020-03-18 10:30:00;2020-03-18 11:00:00;97.03333333333333
1071729215;2020-03-18 11:00:00;2020-03-18 11:30:00;84.63333333333334
1071729215;2020-03-18 11:30:00;2020-03-18 12:00:00;102.03333333333333
1071729215;2020-03-18 12:00:00;2020-03-18 12:30:00;97.76666666666667
1071729215;2020-03-18 12:30:00;2020-03-18 13:00:00;115.73333333333333
1071729215;2020-03-18 13:00:00;2020-03-18 13:30:00;90.06666666666666
1071729215;2020-03-18 13:30:00;2020-03-18 14:00:00;101.63333333333334
1071729215;2020-03-18 14:00:00;2020-03-18 14:30:00;101.16666666666667
1071729215;2020-03-18 14:30:00;2020-03-18 15:00:00;97.56666666666666
1071729215;2020-03-18 15:00:00;2020-03-18 15:30:00;92.46666666666667
1071729215;2020-03-18 15:30:00;2020-03-18 16:00:00;96.9
1071729215;2020-03-18 16:00:00;2020-03-18 16:30:00;106.0
1071729215;2020-03-18 16:30:00;2020-03-18 17:00:00;111.33333333333333
1071729215;2020-03-18 17:00:00;2020-03-18 17:30:00;100.3
1071729215;2020-03-18 17:30:00;2020-03-18 18:00:00;98.06666666666666
1071729215;2020-03-18 18:00:00;2020-03-18 18:30:00;87.16666666666667
1071729215;2020-03-18 18:30:00;2020-03-18 19:00:00;89.7
1071729215;2020-03-18 19:00:00;2020-03-18 19:30:00;97.06666666666666
1071729215;2020-03-18 19:30:00;2020-03-18 20:00:00;107.83333333333333
1071729215;2020-03-18 20:00:00;2020-03-18 20:30:00;85.83333333333333
1071729215;2020-03-18 20:30:00;2020-03-18 21:00:00;101.13333333333334
1071729215;2020-03-18 21:00:00;2020-03-18 21:30:00;94.6
1071729215;2020-03-18 21:30:00;2020-03-18 22:00:00;86.0
1071729215;2020-03-18 22:00:00;2020-03-18 22:30:00;89.0
1071729215;2020-03-18 22:30:00;2020-03-18 23:00:00;92.0
1071729215;2020-03-18 23:00:00;2020-03-18 23:30:00;92.0
1071729215;2020-03-18 23:30:00;2020-03-18 23:59:59;92.0
1071729215;2020-03-19 00:00:00;2020-03-19 00:30:00;92.0
1071729215;2020-03-19 00:30:00;2020-03-19 01:00:00;92.0
1071729215;2020-03-19 01:00:00;2020-03-19 01:30:00;92.0
1071729215;2020-03-19 01:30:00;2020-03-19 02:00:00;92.0
1071729215;2020-03-19 02:00:00;2020-03-19 02:30:00;93.73333333333333
1071729215;2020-03-19 02:30:00;2020-03-19 03:00:00;95.8
1071729215;2020-03-19 03:00:00;2020-03-19 03:30:00;87.23333333333333
1071729215;2020-03-19 03:30:00;2020-03-19 04:00:00;92.0
1071729215;2020-03-19 04:00:00;2020-03-19 04:30:00;84.2
1071729215;2020-03-19 04:30:00;2020-03-19 05:00:00;84.0
1071729215;2020-03-19 05:00:00;2020-03-19 05:30:00;91.66666666666667
1071729215;2020-03-19 05:30:00;2020-03-19 06:00:00;107.26666666666667
1071729215;2020-03-19 06:00:00;2020-03-19 06:30:00;94.66666666666667
1071729215;2020-03-19 06:30:00;2020-03-19 07:00:00;92.13333333333334
1071729215;2020-03-19 07:00:00;2020-03-19 07:30:00;102.13333333333334
1071729215;2020-03-19 07:30:00;2020-03-19 08:00:00;94.0
1071729215;2020-03-19 08:00:00;2020-03-19 08:30:00;91.63333333333334
1071729215;2020-03-19 08:30:00;2020-03-19 09:00:00;93.5
1071729215;2020-03-19 09:00:00;2020-03-19 09:30:00;96.7
1071729215;2020-03-19 09:30:00;2020-03-19 10:00:00;92.03333333333333
1071729215;2020-03-19 10:00:00;2020-03-19 10:30:00;91.76666666666667
1071729215;2020-03-19 10:30:00;2020-03-19 11:00:00;95.03333333333333
1071729215;2020-03-19 11:00:00;2020-03-19 11:30:00;97.1
1071729215;2020-03-19 11:30:00;2020-03-19 12:00:00;88.8
1071729215;2020-03-19 12:00:00;2020-03-19 12:30:00;97.76666666666667
1071729215;2020-03-19 12:30:00;2020-03-19 13:00:00;113.43333333333334
1071729215;2020-03-19 13:00:00;2020-03-19 13:30:00;104.93333333333334
1071729215;2020-03-19 13:30:00;2020-03-19 14:00:00;110.86666666666666
1071729215;2020-03-19 14:00:00;2020-03-19 14:30:00;102.83333333333333
1071729215;2020-03-19 14:30:00;2020-03-19 15:00:00;97.4
1071729215;2020-03-19 15:00:00;2020-03-19 15:30:00;104.76666666666667
1071729215;2020-03-19 15:30:00;2020-03-19 16:00:00;97.06666666666666
1071729215;2020-03-19 16:00:00;2020-03-19 16:30:00;114.83333333333333
1071729215;2020-03-19 16:30:00;2020-03-19 17:00:00;98.46666666666667
1071729215;2020-03-19 17:00:00;2020-03-19 17:30:00;106.0
1071729215;2020-03-19 17:30:00;2020-03-19 18:00:00;100.23333333333333
1071729215;2020-03-19 18:00:00;2020-03-19 18:30:00;100.76666666666667
1071729215;2020-03-19 18:30:00;2020-03-19 19:00:00;91.73333333333333
1071729215;2020-03-19 19:00:00;2020-03-19 19:30:00;92.1
1071729215;2020-03-19 19:30:00;2020-03-19 20:00:00;100.8
1071729215;2020-03-19 20:00:00;2020-03-19 20:30:00;97.26666666666667
1071729215;2020-03-19 20:30:00;2020-03-19 21:00:00;100.0
1071729215;2020-03-19 21:00:00;2020-03-19 21:30:00;92.0
1071729215;2020-03-19 21:30:00;2020-03-19 22:00:00;92.0
1071729215;2020-03-19 22:00:00;2020-03-19 22:30:00;92.0
1071729215;2020-03-19 22:30:00;2020-03-19 23:00:00;92.0
1071729215;2020-03-19 23:00:00;2020-03-19 23:30:00;90.63333333333334
1071729215;2020-03-19 23:30:00;2020-03-19 23:59:59;97.66666666666667
1071729215;2020-03-20 00:00:00;2020-03-20 00:30:00;92.43333333333334
1071729215;2020-03-20 00:30:00;2020-03-20 01:00:00;92.0
1071729215;2020-03-20 01:00:00;2020-03-20 01:30:00;89.36666666666666
1071729215;2020-03-20 01:30:00;2020-03-20 02:00:00;92.0
1071729215;2020-03-20 02:00:00;2020-03-20 02:30:00;92.0
1071729215;2020-03-20 02:30:00;2020-03-20 03:00:00;92.0
1071729215;2020-03-20 03:00:00;2020-03-20 03:30:00;92.0
1071729215;2020-03-20 03:30:00;2020-03-20 04:00:00;92.0
1071729215;2020-03-20 04:00:00;2020-03-20 04:30:00;85.0
1071729215;2020-03-20 04:30:00;2020-03-20 05:00:00;85.0
1071729215;2020-03-20 05:00:00;2020-03-20 05:30:00;97.9
1071729215;2020-03-20 05:30:00;2020-03-20 06:00:00;90.33333333333333
1071729215;2020-03-20 06:00:00;2020-03-20 06:30:00;96.36666666666666
1071729215;2020-03-20 06:30:00;2020-03-20 07:00:00;96.73333333333333
1071729215;2020-03-20 07:00:00;2020-03-20 07:30:00;108.13333333333334
1071729215;2020-03-20 07:30:00;2020-03-20 08:00:00;97.73333333333333
1071729215;2020-03-20 08:00:00;2020-03-20 08:30:00;99.3
1071729215;2020-03-20 08:30:00;2020-03-20 09:00:00;102.33333333333333
1071729215;2020-03-20 09:00:00;2020-03-20 09:30:00;98.73333333333333
1071729215;2020-03-20 09:30:00;2020-03-20 10:00:00;89.66666666666667
1071729215;2020-03-20 10:00:00;2020-03-20 10:30:00;87.83333333333333
1071729215;2020-03-20 10:30:00;2020-03-20 11:00:00;90.4
1071729215;2020-03-20 11:00:00;2020-03-20 11:30:00;88.43333333333334
1071729215;2020-03-20 11:30:00;2020-03-20 12:00:00;87.23333333333333
1071729215;2020-03-20 12:00:00;2020-03-20 12:30:00;84.13333333333334
1071729215;2020-03-20 12:30:00;2020-03-20 13:00:00;89.9
1071729215;2020-03-20 13:00:00;2020-03-20 13:30:00;91.16666666666667
1071729215;2020-03-20 13:30:00;2020-03-20 14:00:00;94.0
1071729215;2020-03-20 14:00:00;2020-03-20 14:30:00;94.06666666666666
1071729215;2020-03-20 14:30:00;2020-03-20 15:00:00;92.76666666666667
1071729215;2020-03-20 15:00:00;2020-03-20 15:30:00;108.4
1071729215;2020-03-20 15:30:00;2020-03-20 16:00:00;110.66666666666667
1071729215;2020-03-20 16:00:00;2020-03-20 16:30:00;99.96666666666667
1071729215;2020-03-20 16:30:00;2020-03-20 17:00:00;105.7
1071729215;2020-03-20 17:00:00;2020-03-20 17:30:00;109.1
1071729215;2020-03-20 17:30:00;2020-03-20 18:00:00;97.9
1071729215;2020-03-20 18:00:00;2020-03-20 18:30:00;84.03333333333333
1071729215;2020-03-20 18:30:00;2020-03-20 19:00:00;96.36666666666666
1071729215;2020-03-20 19:00:00;2020-03-20 19:30:00;97.73333333333333
1071729215;2020-03-20 19:30:00;2020-03-20 20:00:00;91.43333333333334
1071729215;2020-03-20 20:00:00;2020-03-20 20:30:00;101.96666666666667
1071729215;2020-03-20 20:30:00;2020-03-20 21:00:00;96.13333333333334
1071729215;2020-03-20 21:00:00;2020-03-20 21:30:00;92.46666666666667
1071729215;2020-03-20 21:30:00;2020-03-20 22:00:00;92.0
1071729215;2020-03-20 22:00:00;2020-03-20 22:30:00;92.0
1071729215;2020-03-20 22:30:00;2020-03-20 23:00:00;92.0
1071729215;2020-03-20 23:00:00;2020-03-20 23:30:00;91.6
1071729215;2020-03-20 23:30:00;2020-03-20 23:59:59;98.26666666666667
1071729215;2020-03-21 00:00:00;2020-03-21 00:30:00;92.0
1071729215;2020-03-21 00:30:00;2020-03-21 01:00:00;92.0
1071729215;2020-03-21 01:00:00;2020-03-21 01:30:00;92.0
1071729215;2020-03-21 01:30:00;2020-03-21 02:00:00;92.0
1071729215;2020-03-21 02:00:00;2020-03-21 02:30:00;92.13333333333334
1071729215;2020-03-21 02:30:00;2020-03-21 03:00:00;91.46666666666667
1071729215;2020-03-21 03:00:00;2020-03-21 03:30:00;92.0
1071729215;2020-03-21 03:30:00;2020-03-21 04:00:00;92.0
1071729215;2020-03-21 04:00:00;2020-03-21 04:30:00;85.03333333333333
1071729215;2020-03-21 04:30:00;2020-03-21 05:00:00;85.0
1071729215;2020-03-21 05:00:00;2020-03-21 05:30:00;88.86666666666666
1071729215;2020-03-21 05:30:00;2020-03-21 06:00:00;88.63333333333334
1071729215;2020-03-21 06:00:00;2020-03-21 06:30:00;92.5
1071729215;2020-03-21 06:30:00;2020-03-21 07:00:00;95.0
1071729215;2020-03-21 07:00:00;2020-03-21 07:30:00;101.0
1071729215;2020-03-21 07:30:00;2020-03-21 08:00:00;98.6
1071729215;2020-03-21 08:00:00;2020-03-21 08:30:00;100.2
1071729215;2020-03-21 08:30:00;2020-03-21 09:00:00;106.46666666666667
1071729215;2020-03-21 09:00:00;2020-03-21 09:30:00;106.96666666666667
1071729215;2020-03-21 09:30:00;2020-03-21 10:00:00;117.46666666666667
1071729215;2020-03-21 10:00:00;2020-03-21 10:30:00;90.7
1071729215;2020-03-21 10:30:00;2020-03-21 11:00:00;99.86666666666666
1071729215;2020-03-21 11:00:00;2020-03-21 11:30:00;103.93333333333334
1071729215;2020-03-21 11:30:00;2020-03-21 12:00:00;102.2
1071729215;2020-03-21 12:00:00;2020-03-21 12:30:00;106.26666666666667
1071729215;2020-03-21 12:30:00;2020-03-21 13:00:00;107.3
1071729215;2020-03-21 13:00:00;2020-03-21 13:30:00;112.06666666666666
1071729215;2020-03-21 13:30:00;2020-03-21 14:00:00;108.43333333333334
1071729215;2020-03-21 14:00:00;2020-03-21 14:30:00;112.2
1071729215;2020-03-21 14:30:00;2020-03-21 15:00:00;111.23333333333333
1071729215;2020-03-21 15:00:00;2020-03-21 15:30:00;115.0
1071729215;2020-03-21 15:30:00;2020-03-21 16:00:00;120.13333333333334
1071729215;2020-03-21 16:00:00;2020-03-21 16:30:00;113.6
1071729215;2020-03-21 16:30:00;2020-03-21 17:00:00;113.8
1071729215;2020-03-21 17:00:00;2020-03-21 17:30:00;111.5
1071729215;2020-03-21 17:30:00;2020-03-21 18:00:00;93.73333333333333
1071729215;2020-03-21 18:00:00;2020-03-21 18:30:00;97.93333333333334
1071729215;2020-03-21 18:30:00;2020-03-21 19:00:00;101.1
1071729215;2020-03-21 19:00:00;2020-03-21 19:30:00;103.93333333333334
1071729215;2020-03-21 19:30:00;2020-03-21 20:00:00;102.06666666666666
1071729215;2020-03-21 20:00:00;2020-03-21 20:30:00;107.73333333333333
1071729215;2020-03-21 20:30:00;2020-03-21 21:00:00;108.2
1071729215;2020-03-21 21:00:00;2020-03-21 21:30:00;92.0
1071729215;2020-03-21 21:30:00;2020-03-21 22:00:00;103.96666666666667
1071729215;2020-03-21 22:00:00;2020-03-21 22:30:00;109.66666666666667
1071729215;2020-03-21 22:30:00;2020-03-21 23:00:00;97.1
1071729215;2020-03-21 23:00:00;2020-03-21 23:30:00;99.9
1071729215;2020-03-21 23:30:00;2020-03-21 23:59:59;92.03333333333333
1071729215;2020-03-22 00:00:00;2020-03-22 00:30:00;92.0
1071729215;2020-03-22 00:30:00;2020-03-22 01:00:00;90.0
1071729215;2020-03-22 01:00:00;2020-03-22 01:30:00;88.4
1071729215;2020-03-22 01:30:00;2020-03-22 02:00:00;91.8
1071729215;2020-03-22 02:00:00;2020-03-22 02:30:00;92.0
1071729215;2020-03-22 02:30:00;2020-03-22 03:00:00;92.0
1071729215;2020-03-22 03:00:00;2020-03-22 03:30:00;92.0
1071729215;2020-03-22 03:30:00;2020-03-22 04:00:00;92.0
1071729215;2020-03-22 04:00:00;2020-03-22 04:30:00;89.0
1071729215;2020-03-22 04:30:00;2020-03-22 05:00:00;93.7
1071729215;2020-03-22 05:00:00;2020-03-22 05:30:00;94.93333333333334
1071729215;2020-03-22 05:30:00;2020-03-22 06:00:00;107.06666666666666
1071729215;2020-03-22 06:00:00;2020-03-22 06:30:00;86.76666666666667
1071729215;2020-03-22 06:30:00;2020-03-22 07:00:00;89.96666666666667
1071729215;2020-03-22 07:00:00;2020-03-22 07:30:00;101.96666666666667
1071729215;2020-03-22 07:30:00;2020-03-22 08:00:00;101.93333333333334
1071729215;2020-03-22 08:00:00;2020-03-22 08:30:00;94.73333333333333
1071729215;2020-03-22 08:30:00;2020-03-22 09:00:00;103.6
1071729215;2020-03-22 09:00:00;2020-03-22 09:30:00;112.06666666666666
1071729215;2020-03-22 09:30:00;2020-03-22 10:00:00;104.06666666666666
1071729215;2020-03-22 10:00:00;2020-03-22 10:30:00;117.06666666666666
1071729215;2020-03-22 10:30:00;2020-03-22 11:00:00;99.83333333333333
1071729215;2020-03-22 11:00:00;2020-03-22 11:30:00;104.8
1071729215;2020-03-22 11:30:00;2020-03-22 12:00:00;110.0
1071729215;2020-03-22 12:00:00;2020-03-22 12:30:00;110.2
1071729215;2020-03-22 12:30:00;2020-03-22 13:00:00;114.43333333333334
1071729215;2020-03-22 13:00:00;2020-03-22 13:30:00;104.96666666666667
1071729215;2020-03-22 13:30:00;2020-03-22 14:00:00;100.4
1071729215;2020-03-22 14:00:00;2020-03-22 14:30:00;98.43333333333334
1071729215;2020-03-22 14:30:00;2020-03-22 15:00:00;103.6
1071729215;2020-03-22 15:00:00;2020-03-22 15:30:00;99.43333333333334
1071729215;2020-03-22 15:30:00;2020-03-22 16:00:00;97.13333333333334
1071729215;2020-03-22 16:00:00;2020-03-22 16:30:00;98.13333333333334
1071729215;2020-03-22 16:30:00;2020-03-22 17:00:00;100.1
1071729215;2020-03-22 17:00:00;2020-03-22 17:30:00;106.66666666666667
1071729215;2020-03-22 17:30:00;2020-03-22 18:00:00;97.36666666666666
1071729215;2020-03-22 18:00:00;2020-03-22 18:30:00;91.7
1071729215;2020-03-22 18:30:00;2020-03-22 19:00:00;115.0
1071729215;2020-03-22 19:00:00;2020-03-22 19:30:00;119.46666666666667
1071729215;2020-03-22 19:30:00;2020-03-22 20:00:00;118.63333333333334
1071729215;2020-03-22 20:00:00;2020-03-22 20:30:00;119.33333333333333
1071729215;2020-03-22 20:30:00;2020-03-22 21:00:00;103.46666666666667
1071729215;2020-03-22 21:00:00;2020-03-22 21:30:00;90.33333333333333
1071729215;2020-03-22 21:30:00;2020-03-22 22:00:00;97.56666666666666
1071729215;2020-03-22 22:00:00;2020-03-22 22:30:00;92.0
1071729215;2020-03-22 22:30:00;2020-03-22 23:00:00;92.0
1071729215;2020-03-22 23:00:00;2020-03-22 23:30:00;92.0
1071729215;2020-03-22 23:30:00;2020-03-22 23:59:59;90.73333333333333
1071729215;2020-03-23 00:00:00;2020-03-23 00:30:00;91.4
1071729215;2020-03-23 00:30:00;2020-03-23 01:00:00;93.0
1071729215;2020-03-23 01:00:00;2020-03-23 01:30:00;89.13333333333334
1071729215;2020-03-23 01:30:00;2020-03-23 02:00:00;92.0
1071729215;2020-03-23 02:00:00;2020-03-23 02:30:00;92.0
1071729215;2020-03-23 02:30:00;2020-03-23 03:00:00;92.0
1071729215;2020-03-23 03:00:00;2020-03-23 03:30:00;92.0
1071729215;2020-03-23 03:30:00;2020-03-23 04:00:00;92.0
1071729215;2020-03-23 04:00:00;2020-03-23 04:30:00;86.53333333333333
1071729215;2020-03-23 04:30:00;2020-03-23 05:00:00;109.9
1071729215;2020-03-23 05:00:00;2020-03-23 05:30:00;99.06666666666666
1071729215;2020-03-23 05:30:00;2020-03-23 06:00:00;100.26666666666667
1071729215;2020-03-23 06:00:00;2020-03-23 06:30:00;97.96666666666667
1071729215;2020-03-23 06:30:00;2020-03-23 07:00:00;94.03333333333333
1071729215;2020-03-23 07:00:00;2020-03-23 07:30:00;108.63333333333334
1071729215;2020-03-23 07:30:00;2020-03-23 08:00:00;111.8
1071729215;2020-03-23 08:00:00;2020-03-23 08:30:00;107.36666666666666
1071729215;2020-03-23 08:30:00;2020-03-23 09:00:00;105.96666666666667
1071729215;2020-03-23 09:00:00;2020-03-23 09:30:00;95.03333333333333
1071729215;2020-03-23 09:30:00;2020-03-23 10:00:00;101.41666666666667
1071729215;2020-03-23 10:00:00;2020-03-23 10:30:00;104.93333333333334
1071729215;2020-03-23 10:30:00;2020-03-23 11:00:00;98.2
1071729215;2020-03-23 11:00:00;2020-03-23 11:30:00;108.9
1071729215;2020-03-23 11:30:00;2020-03-23 12:00:00;103.5
1071729215;2020-03-23 12:00:00;2020-03-23 12:30:00;82.86666666666666
1071729215;2020-03-23 12:30:00;2020-03-23 13:00:00;103.1
1071729215;2020-03-23 13:00:00;2020-03-23 13:30:00;101.73333333333333
1071729215;2020-03-23 13:30:00;2020-03-23 14:00:00;85.0
1071729215;2020-03-23 14:00:00;2020-03-23 14:30:00;93.53333333333333
1071729215;2020-03-23 14:30:00;2020-03-23 15:00:00;96.33333333333333
1071729215;2020-03-23 15:00:00;2020-03-23 15:30:00;92.36666666666666
1071729215;2020-03-23 15:30:00;2020-03-23 16:00:00;89.33333333333333
1071729215;2020-03-23 16:00:00;2020-03-23 16:30:00;90.7
1071729215;2020-03-23 16:30:00;2020-03-23 17:00:00;97.16666666666667
1071729215;2020-03-23 17:00:00;2020-03-23 17:30:00;98.0
1071729215;2020-03-23 17:30:00;2020-03-23 18:00:00;94.06666666666666
1071729215;2020-03-23 18:00:00;2020-03-23 18:30:00;96.66666666666667
1071729215;2020-03-23 18:30:00;2020-03-23 19:00:00;95.96666666666667
1071729215;2020-03-23 19:00:00;2020-03-23 19:30:00;88.2
1071729215;2020-03-23 19:30:00;2020-03-23 20:00:00;91.26666666666667
1071729215;2020-03-23 20:00:00;2020-03-23 20:30:00;102.53333333333333
1071729215;2020-03-23 20:30:00;2020-03-23 21:00:00;108.33333333333333
1071729215;2020-03-23 21:00:00;2020-03-23 21:30:00;118.36666666666666
1071729215;2020-03-23 21:30:00;2020-03-23 22:00:00;94.33333333333333
1071729215;2020-03-23 22:00:00;2020-03-23 22:30:00;126.8
1071729215;2020-03-23 22:30:00;2020-03-23 23:00:00;115.6
1071729215;2020-03-23 23:00:00;2020-03-23 23:30:00;98.36666666666666
1071729215;2020-03-23 23:30:00;2020-03-23 23:59:59;102.13333333333334
1071729215;2020-03-24 00:00:00;2020-03-24 00:30:00;106.0
1071729215;2020-03-24 00:30:00;2020-03-24 01:00:00;96.2
1071729215;2020-03-24 01:00:00;2020-03-24 01:30:00;89.93333333333334
1071729215;2020-03-24 01:30:00;2020-03-24 02:00:00;92.0
1071729215;2020-03-24 02:00:00;2020-03-24 02:30:00;92.0
1071729215;2020-03-24 02:30:00;2020-03-24 03:00:00;92.0
1071729215;2020-03-24 03:00:00;2020-03-24 03:30:00;92.0
1071729215;2020-03-24 03:30:00;2020-03-24 04:00:00;106.0
1071729215;2020-03-24 04:00:00;2020-03-24 04:30:00;93.1
1071729215;2020-03-24 04:30:00;2020-03-24 05:00:00;89.6
1071729215;2020-03-24 05:00:00;2020-03-24 05:30:00;84.0
1071729215;2020-03-24 05:30:00;2020-03-24 06:00:00;88.93333333333334
1071729215;2020-03-24 06:00:00;2020-03-24 06:30:00;92.43333333333334
1071729215;2020-03-24 06:30:00;2020-03-24 07:00:00;97.4
1071729215;2020-03-24 07:00:00;2020-03-24 07:30:00;88.23333333333333
1071729215;2020-03-24 07:30:00;2020-03-24 08:00:00;96.86666666666666
1071729215;2020-03-24 08:00:00;2020-03-24 08:30:00;99.13333333333334
1071729215;2020-03-24 08:30:00;2020-03-24 09:00:00;106.16666666666667
1071729215;2020-03-24 09:00:00;2020-03-24 09:30:00;108.13333333333334
1071729215;2020-03-24 09:30:00;2020-03-24 10:00:00;89.4
1071729215;2020-03-24 10:00:00;2020-03-24 10:30:00;104.6
1071729215;2020-03-24 10:30:00;2020-03-24 11:00:00;90.0
1071729215;2020-03-24 11:00:00;2020-03-24 11:30:00;82.73333333333333
1071729215;2020-03-24 11:30:00;2020-03-24 12:00:00;91.7
1071729215;2020-03-24 12:00:00;2020-03-24 12:30:00;114.13333333333334
1071729215;2020-03-24 12:30:00;2020-03-24 13:00:00;99.23333333333333
1071729215;2020-03-24 13:00:00;2020-03-24 13:30:00;91.43333333333334
1071729215;2020-03-24 13:30:00;2020-03-24 14:00:00;89.03333333333333
1071729215;2020-03-24 14:00:00;2020-03-24 14:30:00;90.36666666666666
1071729215;2020-03-24 14:30:00;2020-03-24 15:00:00;90.36666666666666
1071729215;2020-03-24 15:00:00;2020-03-24 15:30:00;93.7
1071729215;2020-03-24 15:30:00;2020-03-24 16:00:00;100.66666666666667
1071729215;2020-03-24 16:00:00;2020-03-24 16:30:00;87.36666666666666
1071729215;2020-03-24 16:30:00;2020-03-24 17:00:00;91.03448275862068
1071729215;2020-03-24 17:00:00;2020-03-24 17:30:00;88.8
1071729215;2020-03-24 17:30:00;2020-03-24 18:00:00;110.23333333333333
1071729215;2020-03-24 18:00:00;2020-03-24 18:30:00;98.7
1071729215;2020-03-24 18:30:00;2020-03-24 19:00:00;100.96666666666667
1071729215;2020-03-24 19:00:00;2020-03-24 19:30:00;113.33333333333333
1071729215;2020-03-24 19:30:00;2020-03-24 20:00:00;101.23333333333333
1071729215;2020-03-24 20:00:00;2020-03-24 20:30:00;104.86666666666666
1071729215;2020-03-24 20:30:00;2020-03-24 21:00:00;88.73333333333333
1071729215;2020-03-24 21:00:00;2020-03-24 21:30:00;91.83333333333333
1071729215;2020-03-24 21:30:00;2020-03-24 22:00:00;94.26666666666667
1071729215;2020-03-24 22:00:00;2020-03-24 22:30:00;108.96666666666667
1071729215;2020-03-24 22:30:00;2020-03-24 23:00:00;114.4
1071729215;2020-03-24 23:00:00;2020-03-24 23:30:00;130.66666666666666
1071729215;2020-03-24 23:30:00;2020-03-24 23:59:59;109.73333333333333
1071729215;2020-03-25 00:00:00;2020-03-25 00:30:00;88.83333333333333
1071729215;2020-03-25 00:30:00;2020-03-25 01:00:00;92.0
1071729215;2020-03-25 01:00:00;2020-03-25 01:30:00;90.63333333333334
1071729215;2020-03-25 01:30:00;2020-03-25 02:00:00;92.0
1071729215;2020-03-25 02:00:00;2020-03-25 02:30:00;92.0
1071729215;2020-03-25 02:30:00;2020-03-25 03:00:00;91.43333333333334
1071729215;2020-03-25 03:00:00;2020-03-25 03:30:00;94.63333333333334
1071729215;2020-03-25 03:30:00;2020-03-25 04:00:00;87.96666666666667
1071729215;2020-03-25 04:00:00;2020-03-25 04:30:00;84.1
1071729215;2020-03-25 04:30:00;2020-03-25 05:00:00;80.96666666666667
1071729215;2020-03-25 05:00:00;2020-03-25 05:30:00;90.96666666666667
1071729215;2020-03-25 05:30:00;2020-03-25 06:00:00;89.8
1071729215;2020-03-25 06:00:00;2020-03-25 06:30:00;94.66666666666667
1071729215;2020-03-25 06:30:00;2020-03-25 07:00:00;100.33333333333333
1071729215;2020-03-25 07:00:00;2020-03-25 07:30:00;86.73333333333333
1071729215;2020-03-25 07:30:00;2020-03-25 08:00:00;88.3
1071729215;2020-03-25 08:00:00;2020-03-25 08:30:00;95.5
1071729215;2020-03-25 08:30:00;2020-03-25 09:00:00;105.63333333333334
1071729215;2020-03-25 09:00:00;2020-03-25 09:30:00;92.2
1071729215;2020-03-25 09:30:00;2020-03-25 10:00:00;94.63333333333334
1071729215;2020-03-25 10:00:00;2020-03-25 10:30:00;86.37037037037037
1071729215;2020-03-25 10:30:00;2020-03-25 11:00:00;104.4
1071729215;2020-03-25 11:00:00;2020-03-25 11:30:00;94.5
1071729215;2020-03-25 11:30:00;2020-03-25 12:00:00;88.53333333333333
1071729215;2020-03-25 12:00:00;2020-03-25 12:30:00;105.66666666666667
1071729215;2020-03-25 12:30:00;2020-03-25 13:00:00;98.06666666666666
1071729215;2020-03-25 13:00:00;2020-03-25 13:30:00;86.06666666666666
1071729215;2020-03-25 13:30:00;2020-03-25 14:00:00;103.53333333333333
1071729215;2020-03-25 14:00:00;2020-03-25 14:30:00;119.9
1071729215;2020-03-25 14:30:00;2020-03-25 15:00:00;102.83333333333333
1071729215;2020-03-25 15:00:00;2020-03-25 15:30:00;95.63333333333334
1071729215;2020-03-25 15:30:00;2020-03-25 16:00:00;90.66666666666667
1071729215;2020-03-25 16:00:00;2020-03-25 16:30:00;102.66666666666667
1071729215;2020-03-25 16:30:00;2020-03-25 17:00:00;98.26666666666667
1071729215;2020-03-25 17:00:00;2020-03-25 17:30:00;93.4
1071729215;2020-03-25 17:30:00;2020-03-25 18:00:00;102.73333333333333
1071729215;2020-03-25 18:00:00;2020-03-25 18:30:00;95.0
1071729215;2020-03-25 18:30:00;2020-03-25 19:00:00;92.43333333333334
1071729215;2020-03-25 19:00:00;2020-03-25 19:30:00;98.53333333333333
1071729215;2020-03-25 19:30:00;2020-03-25 20:00:00;89.73333333333333
1071729215;2020-03-25 20:00:00;2020-03-25 20:30:00;96.3
1071729215;2020-03-25 20:30:00;2020-03-25 21:00:00;107.16666666666667
1071729215;2020-03-25 21:00:00;2020-03-25 21:30:00;98.3
1071729215;2020-03-25 21:30:00;2020-03-25 22:00:00;118.4
1071729215;2020-03-25 22:00:00;2020-03-25 22:30:00;109.3
1071729215;2020-03-25 22:30:00;2020-03-25 23:00:00;87.7
1071729215;2020-03-25 23:00:00;2020-03-25 23:30:00;90.0
1071729215;2020-03-25 23:30:00;2020-03-25 23:59:59;92.0
1071729215;2020-03-26 00:00:00;2020-03-26 00:30:00;92.0
1071729215;2020-03-26 00:30:00;2020-03-26 01:00:00;92.0
1071729215;2020-03-26 01:00:00;2020-03-26 01:30:00;92.0
1071729215;2020-03-26 01:30:00;2020-03-26 02:00:00;92.0
1071729215;2020-03-26 02:00:00;2020-03-26 02:30:00;92.0
1071729215;2020-03-26 02:30:00;2020-03-26 03:00:00;92.0
1071729215;2020-03-26 03:00:00;2020-03-26 03:30:00;92.0
1071729215;2020-03-26 03:30:00;2020-03-26 04:00:00;92.0
1071729215;2020-03-26 04:00:00;2020-03-26 04:30:00;84.83333333333333
1071729215;2020-03-26 04:30:00;2020-03-26 05:00:00;86.0
1071729215;2020-03-26 05:00:00;2020-03-26 05:30:00;83.63333333333334
1071729215;2020-03-26 05:30:00;2020-03-26 06:00:00;97.36666666666666
1071729215;2020-03-26 06:00:00;2020-03-26 06:30:00;91.43333333333334
1071729215;2020-03-26 06:30:00;2020-03-26 07:00:00;91.33333333333333
1071729215;2020-03-26 07:00:00;2020-03-26 07:30:00;97.0
1071729215;2020-03-26 07:30:00;2020-03-26 08:00:00;92.46666666666667
1071729215;2020-03-26 08:00:00;2020-03-26 08:30:00;89.4
1071729215;2020-03-26 08:30:00;2020-03-26 09:00:00;85.53333333333333
1071729215;2020-03-26 09:00:00;2020-03-26 09:30:00;98.13333333333334
1071729215;2020-03-26 09:30:00;2020-03-26 10:00:00;90.06666666666666
1071729215;2020-03-26 10:00:00;2020-03-26 10:30:00;88.33333333333333
1071729215;2020-03-26 10:30:00;2020-03-26 11:00:00;98.93333333333334
1071729215;2020-03-26 11:00:00;2020-03-26 11:30:00;92.76666666666667
1071729215;2020-03-26 11:30:00;2020-03-26 12:00:00;103.3
1071729215;2020-03-26 12:00:00;2020-03-26 12:30:00;90.16666666666667
1071729215;2020-03-26 12:30:00;2020-03-26 13:00:00;92.86666666666666
1071729215;2020-03-26 13:00:00;2020-03-26 13:30:00;98.3
1071729215;2020-03-26 13:30:00;2020-03-26 14:00:00;110.2
1071729215;2020-03-26 14:00:00;2020-03-26 14:30:00;95.4
1071729215;2020-03-26 14:30:00;2020-03-26 15:00:00;98.8
1071729215;2020-03-26 15:00:00;2020-03-26 15:30:00;101.83333333333333
1071729215;2020-03-26 15:30:00;2020-03-26 16:00:00;104.13333333333334
1071729215;2020-03-26 16:00:00;2020-03-26 16:30:00;106.86666666666666
1071729215;2020-03-26 16:30:00;2020-03-26 17:00:00;93.46666666666667
1071729215;2020-03-26 17:00:00;2020-03-26 17:30:00;107.2
1071729215;2020-03-26 17:30:00;2020-03-26 18:00:00;87.53333333333333
1071729215;2020-03-26 18:00:00;2020-03-26 18:30:00;87.96666666666667
1071729215;2020-03-26 18:30:00;2020-03-26 19:00:00;99.46666666666667
1071729215;2020-03-26 19:00:00;2020-03-26 19:30:00;98.0
1071729215;2020-03-26 19:30:00;2020-03-26 20:00:00;97.9
1071729215;2020-03-26 20:00:00;2020-03-26 20:30:00;104.9
1071729215;2020-03-26 20:30:00;2020-03-26 21:00:00;96.66666666666667
1071729215;2020-03-26 21:00:00;2020-03-26 21:30:00;91.86666666666666
1071729215;2020-03-26 21:30:00;2020-03-26 22:00:00;92.0
1071729215;2020-03-26 22:00:00;2020-03-26 22:30:00;92.0
1071729215;2020-03-26 22:30:00;2020-03-26 23:00:00;92.0
1071729215;2020-03-26 23:00:00;2020-03-26 23:30:00;92.0
1071729215;2020-03-26 23:30:00;2020-03-26 23:59:59;92.0
1071729215;2020-03-27 00:00:00;2020-03-27 00:30:00;92.0
1071729215;2020-03-27 00:30:00;2020-03-27 01:00:00;92.0
1071729215;2020-03-27 01:00:00;2020-03-27 01:30:00;92.0
1071729215;2020-03-27 01:30:00;2020-03-27 02:00:00;92.0
1071729215;2020-03-27 02:00:00;2020-03-27 02:30:00;92.0
1071729215;2020-03-27 02:30:00;2020-03-27 03:00:00;88.1
1071729215;2020-03-27 03:00:00;2020-03-27 03:30:00;92.0
1071729215;2020-03-27 03:30:00;2020-03-27 04:00:00;91.9
1071729215;2020-03-27 04:00:00;2020-03-27 04:30:00;86.8
1071729215;2020-03-27 04:30:00;2020-03-27 05:00:00;98.7
1071729215;2020-03-27 05:00:00;2020-03-27 05:30:00;96.9
1071729215;2020-03-27 05:30:00;2020-03-27 06:00:00;92.03333333333333
1071729215;2020-03-27 06:00:00;2020-03-27 06:30:00;95.06666666666666
1071729215;2020-03-27 06:30:00;2020-03-27 07:00:00;99.13333333333334
1071729215;2020-03-27 07:00:00;2020-03-27 07:30:00;88.1
1071729215;2020-03-27 07:30:00;2020-03-27 08:00:00;88.56666666666666
1071729215;2020-03-27 08:00:00;2020-03-27 08:30:00;103.0
1071729215;2020-03-27 08:30:00;2020-03-27 09:00:00;104.6
1071729215;2020-03-27 09:00:00;2020-03-27 09:30:00;106.73333333333333
1071729215;2020-03-27 09:30:00;2020-03-27 10:00:00;95.7
1071729215;2020-03-27 10:00:00;2020-03-27 10:30:00;91.43333333333334
1071729215;2020-03-27 10:30:00;2020-03-27 11:00:00;108.43333333333334
1071729215;2020-03-27 11:00:00;2020-03-27 11:30:00;90.76666666666667
1071729215;2020-03-27 11:30:00;2020-03-27 12:00:00;106.83333333333333
1071729215;2020-03-27 12:00:00;2020-03-27 12:30:00;90.53333333333333
1071729215;2020-03-27 12:30:00;2020-03-27 13:00:00;97.86666666666666
1071729215;2020-03-27 13:00:00;2020-03-27 13:30:00;100.13333333333334
1071729215;2020-03-27 13:30:00;2020-03-27 14:00:00;102.13333333333334
1071729215;2020-03-27 14:00:00;2020-03-27 14:30:00;99.53333333333333
1071729215;2020-03-27 14:30:00;2020-03-27 15:00:00;93.7
1071729215;2020-03-27 15:00:00;2020-03-27 15:30:00;108.16666666666667
1071729215;2020-03-27 15:30:00;2020-03-27 16:00:00;101.63333333333334
1071729215;2020-03-27 16:00:00;2020-03-27 16:30:00;99.9
1071729215;2020-03-27 16:30:00;2020-03-27 17:00:00;106.46666666666667
1071729215;2020-03-27 17:00:00;2020-03-27 17:30:00;101.33333333333333
1071729215;2020-03-27 17:30:00;2020-03-27 18:00:00;93.06666666666666
1071729215;2020-03-27 18:00:00;2020-03-27 18:30:00;95.03333333333333
1071729215;2020-03-27 18:30:00;2020-03-27 19:00:00;99.10344827586206
1071729215;2020-03-27 19:00:00;2020-03-27 19:30:00;94.53333333333333
1071729215;2020-03-27 19:30:00;2020-03-27 20:00:00;95.0
1071729215;2020-03-27 20:00:00;2020-03-27 20:30:00;98.0
1071729215;2020-03-27 20:30:00;2020-03-27 21:00:00;109.56666666666666
1071729215;2020-03-27 21:00:00;2020-03-27 21:30:00;95.66666666666667
1071729215;2020-03-27 21:30:00;2020-03-27 22:00:00;92.0
1071729215;2020-03-27 22:00:00;2020-03-27 22:30:00;90.93333333333334
1071729215;2020-03-27 22:30:00;2020-03-27 23:00:00;93.4
1071729215;2020-03-27 23:00:00;2020-03-27 23:30:00;105.93333333333334
1071729215;2020-03-27 23:30:00;2020-03-27 23:59:59;97.13333333333334
1071729215;2020-03-28 00:00:00;2020-03-28 00:30:00;106.0
1071729215;2020-03-28 00:30:00;2020-03-28 01:00:00;104.6
1071729215;2020-03-28 01:00:00;2020-03-28 01:30:00;100.1
1071729215;2020-03-28 01:30:00;2020-03-28 02:00:00;92.26666666666667
1071729215;2020-03-28 02:00:00;2020-03-28 02:30:00;91.06666666666666
1071729215;2020-03-28 02:30:00;2020-03-28 03:00:00;92.0
1071729215;2020-03-28 03:00:00;2020-03-28 03:30:00;88.33333333333333
1071729215;2020-03-28 03:30:00;2020-03-28 04:00:00;92.0
1071729215;2020-03-28 04:00:00;2020-03-28 04:30:00;86.8
1071729215;2020-03-28 04:30:00;2020-03-28 05:00:00;86.53333333333333
1071729215;2020-03-28 05:00:00;2020-03-28 05:30:00;87.73333333333333
1071729215;2020-03-28 05:30:00;2020-03-28 06:00:00;86.13333333333334
1071729215;2020-03-28 06:00:00;2020-03-28 06:30:00;92.26666666666667
1071729215;2020-03-28 06:30:00;2020-03-28 07:00:00;96.33333333333333
1071729215;2020-03-28 07:00:00;2020-03-28 07:30:00;101.0
1071729215;2020-03-28 07:30:00;2020-03-28 08:00:00;101.0
1071729215;2020-03-28 08:00:00;2020-03-28 08:30:00;105.0
1071729215;2020-03-28 08:30:00;2020-03-28 09:00:00;
1071729215;2020-03-28 09:00:00;2020-03-28 09:30:00;
1071729215;2020-03-28 09:30:00;2020-03-28 10:00:00;
1071729215;2020-03-28 10:00:00;2020-03-28 10:30:00;
1071729215;2020-03-28 10:30:00;2020-03-28 11:00:00;
1071729215;2020-03-28 11:00:00;2020-03-28 11:30:00;
1071729215;2020-03-28 11:30:00;2020-03-28 12:00:00;
1071729215;2020-03-28 12:00:00;2020-03-28 12:30:00;
1071729215;2020-03-28 12:30:00;2020-03-28 13:00:00;
1071729215;2020-03-28 13:00:00;2020-03-28 13:30:00;
1071729215;2020-03-28 13:30:00;2020-03-28 14:00:00;
1071729215;2020-03-28 14:00:00;2020-03-28 14:30:00;
1071729215;2020-03-28 14:30:00;2020-03-28 15:00:00;
1071729215;2020-03-28 15:00:00;2020-03-28 15:30:00;
1071729215;2020-03-28 15:30:00;2020-03-28 16:00:00;
1071729215;2020-03-28 16:00:00;2020-03-28 16:30:00;
1071729215;2020-03-28 16:30:00;2020-03-28 17:00:00;
1071729215;2020-03-28 17:00:00;2020-03-28 17:30:00;
1071729215;2020-03-28 17:30:00;2020-03-28 18:00:00;
1071729215;2020-03-28 18:00:00;2020-03-28 18:30:00;
1071729215;2020-03-28 18:30:00;2020-03-28 19:00:00;
1071729215;2020-03-28 19:00:00;2020-03-28 19:30:00;
1071729215;2020-03-28 19:30:00;2020-03-28 20:00:00;
1071729215;2020-03-28 20:00:00;2020-03-28 20:30:00;
1071729215;2020-03-28 20:30:00;2020-03-28 21:00:00;
1071729215;2020-03-28 21:00:00;2020-03-28 21:30:00;
1071729215;2020-03-28 21:30:00;2020-03-28 22:00:00;
1071729215;2020-03-28 22:00:00;2020-03-28 22:30:00;
1071729215;2020-03-28 22:30:00;2020-03-28 23:00:00;
1071729215;2020-03-28 23:00:00;2020-03-28 23:30:00;
1071729215;2020-03-28 23:30:00;2020-03-28 23:59:59;
1071729215;2020-04-03 00:00:00;2020-04-03 00:30:00;
1071729215;2020-04-03 00:30:00;2020-04-03 01:00:00;
1071729215;2020-04-03 01:00:00;2020-04-03 01:30:00;
1071729215;2020-04-03 01:30:00;2020-04-03 02:00:00;
1071729215;2020-04-03 02:00:00;2020-04-03 02:30:00;
1071729215;2020-04-03 02:30:00;2020-04-03 03:00:00;
1071729215;2020-04-03 03:00:00;2020-04-03 03:30:00;
1071729215;2020-04-03 03:30:00;2020-04-03 04:00:00;
1071729215;2020-04-03 04:00:00;2020-04-03 04:30:00;
1071729215;2020-04-03 04:30:00;2020-04-03 05:00:00;
1071729215;2020-04-03 05:00:00;2020-04-03 05:30:00;
1071729215;2020-04-03 05:30:00;2020-04-03 06:00:00;
1071729215;2020-04-03 06:00:00;2020-04-03 06:30:00;
1071729215;2020-04-03 06:30:00;2020-04-03 07:00:00;
1071729215;2020-04-03 07:00:00;2020-04-03 07:30:00;
1071729215;2020-04-03 07:30:00;2020-04-03 08:00:00;
1071729215;2020-04-03 08:00:00;2020-04-03 08:30:00;
1071729215;2020-04-03 08:30:00;2020-04-03 09:00:00;
1071729215;2020-04-03 09:00:00;2020-04-03 09:30:00;100.0
1071729215;2020-04-03 09:30:00;2020-04-03 10:00:00;102.9
1071729215;2020-04-03 10:00:00;2020-04-03 10:30:00;90.13333333333334
1071729215;2020-04-03 10:30:00;2020-04-03 11:00:00;93.66666666666667
1071729215;2020-04-03 11:00:00;2020-04-03 11:30:00;95.2
1071729215;2020-04-03 11:30:00;2020-04-03 12:00:00;85.96666666666667
1071729215;2020-04-03 12:00:00;2020-04-03 12:30:00;106.0
1071729215;2020-04-03 12:30:00;2020-04-03 13:00:00;95.86666666666666
1071729215;2020-04-03 13:00:00;2020-04-03 13:30:00;96.4
1071729215;2020-04-03 13:30:00;2020-04-03 14:00:00;106.16666666666667
1071729215;2020-04-03 14:00:00;2020-04-03 14:30:00;90.43333333333334
1071729215;2020-04-03 14:30:00;2020-04-03 15:00:00;98.73333333333333
1071729215;2020-04-03 15:00:00;2020-04-03 15:30:00;99.36666666666666
1071729215;2020-04-03 15:30:00;2020-04-03 16:00:00;98.93333333333334
1071729215;2020-04-03 16:00:00;2020-04-03 16:30:00;99.45161290322581
1071729215;2020-04-03 16:30:00;2020-04-03 17:00:00;96.03448275862068
1071729215;2020-04-03 17:00:00;2020-04-03 17:30:00;97.73333333333333
1071729215;2020-04-03 17:30:00;2020-04-03 18:00:00;108.06451612903226
1071729215;2020-04-03 18:00:00;2020-04-03 18:30:00;106.86666666666666
1071729215;2020-04-03 18:30:00;2020-04-03 19:00:00;110.0
1071729215;2020-04-03 19:00:00;2020-04-03 19:30:00;116.6
1071729215;2020-04-03 19:30:00;2020-04-03 20:00:00;109.48387096774194
1071729215;2020-04-03 20:00:00;2020-04-03 20:30:00;103.20689655172414
1071729215;2020-04-03 20:30:00;2020-04-03 21:00:00;108.0
1071729215;2020-04-03 21:00:00;2020-04-03 21:30:00;103.0
1071729215;2020-04-03 21:30:00;2020-04-03 22:00:00;115.06896551724138
1071729215;2020-04-03 22:00:00;2020-04-03 22:30:00;103.0
1071729215;2020-04-03 22:30:00;2020-04-03 23:00:00;103.0
1071729215;2020-04-03 23:00:00;2020-04-03 23:30:00;111.45161290322581
1071729215;2020-04-03 23:30:00;2020-04-03 23:59:59;103.0
1071729215;2020-04-04 00:00:00;2020-04-04 00:30:00;103.0
1071729215;2020-04-04 00:30:00;2020-04-04 01:00:00;103.0
1071729215;2020-04-04 01:00:00;2020-04-04 01:30:00;103.0
1071729215;2020-04-04 01:30:00;2020-04-04 02:00:00;103.0
1071729215;2020-04-04 02:00:00;2020-04-04 02:30:00;103.0
1071729215;2020-04-04 02:30:00;2020-04-04 03:00:00;103.0
1071729215;2020-04-04 03:00:00;2020-04-04 03:30:00;108.0
1071729215;2020-04-04 03:30:00;2020-04-04 04:00:00;101.7
1071729215;2020-04-04 04:00:00;2020-04-04 04:30:00;109.89655172413794
1071729215;2020-04-04 04:30:00;2020-04-04 05:00:00;113.0
1071729215;2020-04-04 05:00:00;2020-04-04 05:30:00;106.0
1071729215;2020-04-04 05:30:00;2020-04-04 06:00:00;106.0
1071729215;2020-04-04 06:00:00;2020-04-04 06:30:00;99.5
1071729215;2020-04-04 06:30:00;2020-04-04 07:00:00;107.6774193548387
1071729215;2020-04-04 07:00:00;2020-04-04 07:30:00;111.06896551724138
1071729215;2020-04-04 07:30:00;2020-04-04 08:00:00;97.63333333333334
1071729215;2020-04-04 08:00:00;2020-04-04 08:30:00;107.13333333333334
1071729215;2020-04-04 08:30:00;2020-04-04 09:00:00;109.54838709677419
1071729215;2020-04-04 09:00:00;2020-04-04 09:30:00;107.63333333333334
1071729215;2020-04-04 09:30:00;2020-04-04 10:00:00;108.36666666666666
1071729215;2020-04-04 10:00:00;2020-04-04 10:30:00;99.1
1071729215;2020-04-04 10:30:00;2020-04-04 11:00:00;106.4
1071729215;2020-04-04 11:00:00;2020-04-04 11:30:00;106.23333333333333
1071729215;2020-04-04 11:30:00;2020-04-04 12:00:00;108.03333333333333
1071729215;2020-04-04 12:00:00;2020-04-04 12:30:00;118.58620689655173
1071729215;2020-04-04 12:30:00;2020-04-04 13:00:00;104.41935483870968
1071729215;2020-04-04 13:00:00;2020-04-04 13:30:00;113.55172413793103
1071729215;2020-04-04 13:30:00;2020-04-04 14:00:00;102.80645161290323
1071729215;2020-04-04 14:00:00;2020-04-04 14:30:00;105.3103448275862
1071729215;2020-04-04 14:30:00;2020-04-04 15:00:00;108.36666666666666
1071729215;2020-04-04 15:00:00;2020-04-04 15:30:00;111.56666666666666
1071729215;2020-04-04 15:30:00;2020-04-04 16:00:00;108.4
1071729215;2020-04-04 16:00:00;2020-04-04 16:30:00;108.90322580645162
1071729215;2020-04-04 16:30:00;2020-04-04 17:00:00;110.72413793103448
1071729215;2020-04-04 17:00:00;2020-04-04 17:30:00;112.26666666666667
1071729215;2020-04-04 17:30:00;2020-04-04 18:00:00;111.58064516129032
1071729215;2020-04-04 18:00:00;2020-04-04 18:30:00;117.0
1071729215;2020-04-04 18:30:00;2020-04-04 19:00:00;113.33333333333333
1071729215;2020-04-04 19:00:00;2020-04-04 19:30:00;111.12903225806451
1071729215;2020-04-04 19:30:00;2020-04-04 20:00:00;104.36666666666666
1071729215;2020-04-04 20:00:00;2020-04-04 20:30:00;104.36666666666666
1071729215;2020-04-04 20:30:00;2020-04-04 21:00:00;105.6
1071729215;2020-04-04 21:00:00;2020-04-04 21:30:00;107.13793103448276
1071729215;2020-04-04 21:30:00;2020-04-04 22:00:00;103.0
1071729215;2020-04-04 22:00:00;2020-04-04 22:30:00;103.0
1071729215;2020-04-04 22:30:00;2020-04-04 23:00:00;103.0
1071729215;2020-04-04 23:00:00;2020-04-04 23:30:00;103.0
1071729215;2020-04-04 23:30:00;2020-04-04 23:59:59;103.0
1071729215;2020-04-05 00:00:00;2020-04-05 00:30:00;103.0
1071729215;2020-04-05 00:30:00;2020-04-05 01:00:00;103.0
1071729215;2020-04-05 01:00:00;2020-04-05 01:30:00;103.0
1071729215;2020-04-05 01:30:00;2020-04-05 02:00:00;103.0
1071729215;2020-04-05 02:00:00;2020-04-05 02:30:00;103.0
1071729215;2020-04-05 02:30:00;2020-04-05 03:00:00;103.0
1071729215;2020-04-05 03:00:00;2020-04-05 03:30:00;103.0
1071729215;2020-04-05 03:30:00;2020-04-05 04:00:00;105.1
1071729215;2020-04-05 04:00:00;2020-04-05 04:30:00;98.06666666666666
1071729215;2020-04-05 04:30:00;2020-04-05 05:00:00;115.93103448275862
1071729215;2020-04-05 05:00:00;2020-04-05 05:30:00;114.0
1071729215;2020-04-05 05:30:00;2020-04-05 06:00:00;114.0
1071729215;2020-04-05 06:00:00;2020-04-05 06:30:00;101.8
1071729215;2020-04-05 06:30:00;2020-04-05 07:00:00;97.8
1071729215;2020-04-05 07:00:00;2020-04-05 07:30:00;105.27586206896552
1071729215;2020-04-05 07:30:00;2020-04-05 08:00:00;105.12903225806451
1071729215;2020-04-05 08:00:00;2020-04-05 08:30:00;92.6896551724138
1071729215;2020-04-05 08:30:00;2020-04-05 09:00:00;95.09677419354838
1071729215;2020-04-05 09:00:00;2020-04-05 09:30:00;99.10344827586206
1071729215;2020-04-05 09:30:00;2020-04-05 10:00:00;94.6
1071729215;2020-04-05 10:00:00;2020-04-05 10:30:00;105.33333333333333
1071729215;2020-04-05 10:30:00;2020-04-05 11:00:00;118.96666666666667
1071729215;2020-04-05 11:00:00;2020-04-05 11:30:00;96.16129032258064
1071729215;2020-04-05 11:30:00;2020-04-05 12:00:00;105.83333333333333
1071729215;2020-04-05 12:00:00;2020-04-05 12:30:00;100.65517241379311
1071729215;2020-04-05 12:30:00;2020-04-05 13:00:00;94.83870967741936
1071729215;2020-04-05 13:00:00;2020-04-05 13:30:00;105.36666666666666
1071729215;2020-04-05 13:30:00;2020-04-05 14:00:00;104.03448275862068
1071729215;2020-04-05 14:00:00;2020-04-05 14:30:00;105.93548387096774
1071729215;2020-04-05 14:30:00;2020-04-05 15:00:00;92.46666666666667
1071729215;2020-04-05 15:00:00;2020-04-05 15:30:00;101.06896551724138
1071729215;2020-04-05 15:30:00;2020-04-05 16:00:00;111.25806451612904
1071729215;2020-04-05 16:00:00;2020-04-05 16:30:00;112.1
1071729215;2020-04-05 16:30:00;2020-04-05 17:00:00;92.82758620689656
1071729215;2020-04-05 17:00:00;2020-04-05 17:30:00;101.33333333333333
1071729215;2020-04-05 17:30:00;2020-04-05 18:00:00;116.3225806451613
1071729215;2020-04-05 18:00:00;2020-04-05 18:30:00;117.03333333333333
1071729215;2020-04-05 18:30:00;2020-04-05 19:00:00;112.55172413793103
1071729215;2020-04-05 19:00:00;2020-04-05 19:30:00;107.03225806451613
1071729215;2020-04-05 19:30:00;2020-04-05 20:00:00;94.10344827586206
1071729215;2020-04-05 20:00:00;2020-04-05 20:30:00;107.06451612903226
1071729215;2020-04-05 20:30:00;2020-04-05 21:00:00;113.5
1071729215;2020-04-05 21:00:00;2020-04-05 21:30:00;104.23333333333333
1071729215;2020-04-05 21:30:00;2020-04-05 22:00:00;103.0
1071729215;2020-04-05 22:00:00;2020-04-05 22:30:00;103.0
1071729215;2020-04-05 22:30:00;2020-04-05 23:00:00;103.0
1071729215;2020-04-05 23:00:00;2020-04-05 23:30:00;103.0
1071729215;2020-04-05 23:30:00;2020-04-05 23:59:59;103.0
1071729215;2020-04-06 00:00:00;2020-04-06 00:30:00;103.0
1071729215;2020-04-06 00:30:00;2020-04-06 01:00:00;103.0
1071729215;2020-04-06 01:00:00;2020-04-06 01:30:00;103.0
1071729215;2020-04-06 01:30:00;2020-04-06 02:00:00;103.0
1071729215;2020-04-06 02:00:00;2020-04-06 02:30:00;103.0
1071729215;2020-04-06 02:30:00;2020-04-06 03:00:00;112.33333333333333
1071729215;2020-04-06 03:00:00;2020-04-06 03:30:00;104.46666666666667
1071729215;2020-04-06 03:30:00;2020-04-06 04:00:00;108.2
1071729215;2020-04-06 04:00:00;2020-04-06 04:30:00;116.5
1071729215;2020-04-06 04:30:00;2020-04-06 05:00:00;109.8
1071729215;2020-04-06 05:00:00;2020-04-06 05:30:00;107.5
1071729215;2020-04-06 05:30:00;2020-04-06 06:00:00;106.46666666666667
1071729215;2020-04-06 06:00:00;2020-04-06 06:30:00;111.63333333333334
1071729215;2020-04-06 06:30:00;2020-04-06 07:00:00;109.1
1071729215;2020-04-06 07:00:00;2020-04-06 07:30:00;112.6
1071729215;2020-04-06 07:30:00;2020-04-06 08:00:00;110.6
1071729215;2020-04-06 08:00:00;2020-04-06 08:30:00;112.66666666666667
1071729215;2020-04-06 08:30:00;2020-04-06 09:00:00;112.24137931034483
1071729215;2020-04-06 09:00:00;2020-04-06 09:30:00;107.3225806451613
1071729215;2020-04-06 09:30:00;2020-04-06 10:00:00;102.03333333333333
1071729215;2020-04-06 10:00:00;2020-04-06 10:30:00;102.86666666666666
1071729215;2020-04-06 10:30:00;2020-04-06 11:00:00;96.63333333333334
1071729215;2020-04-06 11:00:00;2020-04-06 11:30:00;93.36666666666666
1071729215;2020-04-06 11:30:00;2020-04-06 12:00:00;89.26666666666667
1071729215;2020-04-06 12:00:00;2020-04-06 12:30:00;89.65517241379311
1071729215;2020-04-06 12:30:00;2020-04-06 13:00:00;100.06451612903226
1071729215;2020-04-06 13:00:00;2020-04-06 13:30:00;91.43333333333334
1071729215;2020-04-06 13:30:00;2020-04-06 14:00:00;99.2
1071729215;2020-04-06 14:00:00;2020-04-06 14:30:00;85.03333333333333
1071729215;2020-04-06 14:30:00;2020-04-06 15:00:00;96.46666666666667
1071729215;2020-04-06 15:00:00;2020-04-06 15:30:00;88.56666666666666
1071729215;2020-04-06 15:30:00;2020-04-06 16:00:00;105.56666666666666
1071729215;2020-04-06 16:00:00;2020-04-06 16:30:00;106.66666666666667
1071729215;2020-04-06 16:30:00;2020-04-06 17:00:00;98.4
1071729215;2020-04-06 17:00:00;2020-04-06 17:30:00;114.0
1071729215;2020-04-06 17:30:00;2020-04-06 18:00:00;94.36666666666666
1071729215;2020-04-06 18:00:00;2020-04-06 18:30:00;93.3
1071729215;2020-04-06 18:30:00;2020-04-06 19:00:00;99.5
1071729215;2020-04-06 19:00:00;2020-04-06 19:30:00;101.76666666666667
1071729215;2020-04-06 19:30:00;2020-04-06 20:00:00;103.8
1071729215;2020-04-06 20:00:00;2020-04-06 20:30:00;101.73333333333333
1071729215;2020-04-06 20:30:00;2020-04-06 21:00:00;103.4
1071729215;2020-04-06 21:00:00;2020-04-06 21:30:00;103.0
1071729215;2020-04-06 21:30:00;2020-04-06 22:00:00;103.0
1071729215;2020-04-06 22:00:00;2020-04-06 22:30:00;103.0
1071729215;2020-04-06 22:30:00;2020-04-06 23:00:00;103.0
1071729215;2020-04-06 23:00:00;2020-04-06 23:30:00;103.0
1071729215;2020-04-06 23:30:00;2020-04-06 23:59:59;103.0
1071729215;2020-04-07 00:00:00;2020-04-07 00:30:00;103.0
1071729215;2020-04-07 00:30:00;2020-04-07 01:00:00;103.0
1071729215;2020-04-07 01:00:00;2020-04-07 01:30:00;103.0
1071729215;2020-04-07 01:30:00;2020-04-07 02:00:00;103.0
1071729215;2020-04-07 02:00:00;2020-04-07 02:30:00;103.0
1071729215;2020-04-07 02:30:00;2020-04-07 03:00:00;103.0
1071729215;2020-04-07 03:00:00;2020-04-07 03:30:00;98.0
1071729215;2020-04-07 03:30:00;2020-04-07 04:00:00;98.0
1071729215;2020-04-07 04:00:00;2020-04-07 04:30:00;103.0
1071729215;2020-04-07 04:30:00;2020-04-07 05:00:00;103.53333333333333
1071729215;2020-04-07 05:00:00;2020-04-07 05:30:00;111.96551724137932
1071729215;2020-04-07 05:30:00;2020-04-07 06:00:00;104.93548387096774
1071729215;2020-04-07 06:00:00;2020-04-07 06:30:00;99.33333333333333
1071729215;2020-04-07 06:30:00;2020-04-07 07:00:00;106.96666666666667
1071729215;2020-04-07 07:00:00;2020-04-07 07:30:00;113.93333333333334
1071729215;2020-04-07 07:30:00;2020-04-07 08:00:00;102.1
1071729215;2020-04-07 08:00:00;2020-04-07 08:30:00;96.03333333333333
1071729215;2020-04-07 08:30:00;2020-04-07 09:00:00;105.66666666666667
1071729215;2020-04-07 09:00:00;2020-04-07 09:30:00;106.36666666666666
1071729215;2020-04-07 09:30:00;2020-04-07 10:00:00;88.7
1071729215;2020-04-07 10:00:00;2020-04-07 10:30:00;92.7
1071729215;2020-04-07 10:30:00;2020-04-07 11:00:00;95.75
1071729215;2020-04-07 11:00:00;2020-04-07 11:30:00;97.74193548387096
1071729215;2020-04-07 11:30:00;2020-04-07 12:00:00;95.36666666666666
1071729215;2020-04-07 12:00:00;2020-04-07 12:30:00;98.73333333333333
1071729215;2020-04-07 12:30:00;2020-04-07 13:00:00;95.66666666666667
1071729215;2020-04-07 13:00:00;2020-04-07 13:30:00;101.8
1071729215;2020-04-07 13:30:00;2020-04-07 14:00:00;94.4
1071729215;2020-04-07 14:00:00;2020-04-07 14:30:00;86.55172413793103
1071729215;2020-04-07 14:30:00;2020-04-07 15:00:00;111.51612903225806
1071729215;2020-04-07 15:00:00;2020-04-07 15:30:00;110.56666666666666
1071729215;2020-04-07 15:30:00;2020-04-07 16:00:00;107.8
1071729215;2020-04-07 16:00:00;2020-04-07 16:30:00;94.43333333333334
1071729215;2020-04-07 16:30:00;2020-04-07 17:00:00;95.76666666666667
1071729215;2020-04-07 17:00:00;2020-04-07 17:30:00;98.06666666666666
1071729215;2020-04-07 17:30:00;2020-04-07 18:00:00;96.7
1071729215;2020-04-07 18:00:00;2020-04-07 18:30:00;105.33333333333333
1071729215;2020-04-07 18:30:00;2020-04-07 19:00:00;103.66666666666667
1071729215;2020-04-07 19:00:00;2020-04-07 19:30:00;107.53333333333333
1071729215;2020-04-07 19:30:00;2020-04-07 20:00:00;104.13333333333334
1071729215;2020-04-07 20:00:00;2020-04-07 20:30:00;113.06666666666666
1071729215;2020-04-07 20:30:00;2020-04-07 21:00:00;108.33333333333333
1071729215;2020-04-07 21:00:00;2020-04-07 21:30:00;95.66666666666667
1071729215;2020-04-07 21:30:00;2020-04-07 22:00:00;103.0
1071729215;2020-04-07 22:00:00;2020-04-07 22:30:00;103.0
1071729215;2020-04-07 22:30:00;2020-04-07 23:00:00;103.0
1071729215;2020-04-07 23:00:00;2020-04-07 23:30:00;103.0
1071729215;2020-04-07 23:30:00;2020-04-07 23:59:59;103.0
1071729215;2020-04-08 00:00:00;2020-04-08 00:30:00;103.0
1071729215;2020-04-08 00:30:00;2020-04-08 01:00:00;103.0
1071729215;2020-04-08 01:00:00;2020-04-08 01:30:00;103.0
1071729215;2020-04-08 01:30:00;2020-04-08 02:00:00;103.0
1071729215;2020-04-08 02:00:00;2020-04-08 02:30:00;103.0
1071729215;2020-04-08 02:30:00;2020-04-08 03:00:00;103.0
1071729215;2020-04-08 03:00:00;2020-04-08 03:30:00;100.0
1071729215;2020-04-08 03:30:00;2020-04-08 04:00:00;100.0
1071729215;2020-04-08 04:00:00;2020-04-08 04:30:00;94.23333333333333
1071729215;2020-04-08 04:30:00;2020-04-08 05:00:00;106.9
1071729215;2020-04-08 05:00:00;2020-04-08 05:30:00;100.13333333333334
1071729215;2020-04-08 05:30:00;2020-04-08 06:00:00;96.63333333333334
1071729215;2020-04-08 06:00:00;2020-04-08 06:30:00;100.46666666666667
1071729215;2020-04-08 06:30:00;2020-04-08 07:00:00;94.8
1071729215;2020-04-08 07:00:00;2020-04-08 07:30:00;107.4
1071729215;2020-04-08 07:30:00;2020-04-08 08:00:00;99.46666666666667
1071729215;2020-04-08 08:00:00;2020-04-08 08:30:00;82.4
1071729215;2020-04-08 08:30:00;2020-04-08 09:00:00;100.0
1071729215;2020-04-08 09:00:00;2020-04-08 09:30:00;93.43333333333334
1071729215;2020-04-08 09:30:00;2020-04-08 10:00:00;96.03448275862068
1071729215;2020-04-08 10:00:00;2020-04-08 10:30:00;99.58064516129032
1071729215;2020-04-08 10:30:00;2020-04-08 11:00:00;94.3
1071729215;2020-04-08 11:00:00;2020-04-08 11:30:00;96.86666666666666
1071729215;2020-04-08 11:30:00;2020-04-08 12:00:00;97.3
1071729215;2020-04-08 12:00:00;2020-04-08 12:30:00;102.13333333333334
1071729215;2020-04-08 12:30:00;2020-04-08 13:00:00;88.1
1071729215;2020-04-08 13:00:00;2020-04-08 13:30:00;97.13333333333334
1071729215;2020-04-08 13:30:00;2020-04-08 14:00:00;102.0
1071729215;2020-04-08 14:00:00;2020-04-08 14:30:00;104.6
1071729215;2020-04-08 14:30:00;2020-04-08 15:00:00;104.33333333333333
1071729215;2020-04-08 15:00:00;2020-04-08 15:30:00;97.9
1071729215;2020-04-08 15:30:00;2020-04-08 16:00:00;104.9
1071729215;2020-04-08 16:00:00;2020-04-08 16:30:00;100.06896551724138
1071729215;2020-04-08 16:30:00;2020-04-08 17:00:00;89.06451612903226
1071729215;2020-04-08 17:00:00;2020-04-08 17:30:00;103.16666666666667
1071729215;2020-04-08 17:30:00;2020-04-08 18:00:00;88.3
1071729215;2020-04-08 18:00:00;2020-04-08 18:30:00;104.2
1071729215;2020-04-08 18:30:00;2020-04-08 19:00:00;97.63333333333334
1071729215;2020-04-08 19:00:00;2020-04-08 19:30:00;104.46666666666667
1071729215;2020-04-08 19:30:00;2020-04-08 20:00:00;95.06666666666666
1071729215;2020-04-08 20:00:00;2020-04-08 20:30:00;104.66666666666667
1071729215;2020-04-08 20:30:00;2020-04-08 21:00:00;99.16666666666667
1071729215;2020-04-08 21:00:00;2020-04-08 21:30:00;103.0
1071729215;2020-04-08 21:30:00;2020-04-08 22:00:00;103.0
1071729215;2020-04-08 22:00:00;2020-04-08 22:30:00;103.0
1071729215;2020-04-08 22:30:00;2020-04-08 23:00:00;103.0
1071729215;2020-04-08 23:00:00;2020-04-08 23:30:00;96.53333333333333
1071729215;2020-04-08 23:30:00;2020-04-08 23:59:59;103.0
1071729215;2020-04-09 00:00:00;2020-04-09 00:30:00;103.0
1071729215;2020-04-09 00:30:00;2020-04-09 01:00:00;103.0
1071729215;2020-04-09 01:00:00;2020-04-09 01:30:00;103.0
1071729215;2020-04-09 01:30:00;2020-04-09 02:00:00;103.0
1071729215;2020-04-09 02:00:00;2020-04-09 02:30:00;103.0
1071729215;2020-04-09 02:30:00;2020-04-09 03:00:00;107.33333333333333
1071729215;2020-04-09 03:00:00;2020-04-09 03:30:00;100.8
1071729215;2020-04-09 03:30:00;2020-04-09 04:00:00;92.0
1071729215;2020-04-09 04:00:00;2020-04-09 04:30:00;94.96666666666667
1071729215;2020-04-09 04:30:00;2020-04-09 05:00:00;95.83333333333333
1071729215;2020-04-09 05:00:00;2020-04-09 05:30:00;90.93333333333334
1071729215;2020-04-09 05:30:00;2020-04-09 06:00:00;87.56666666666666
1071729215;2020-04-09 06:00:00;2020-04-09 06:30:00;98.06666666666666
1071729215;2020-04-09 06:30:00;2020-04-09 07:00:00;110.56666666666666
1071729215;2020-04-09 07:00:00;2020-04-09 07:30:00;94.63333333333334
1071729215;2020-04-09 07:30:00;2020-04-09 08:00:00;110.33333333333333
1071729215;2020-04-09 08:00:00;2020-04-09 08:30:00;101.0
1071729215;2020-04-09 08:30:00;2020-04-09 09:00:00;94.96666666666667
1071729215;2020-04-09 09:00:00;2020-04-09 09:30:00;101.46666666666667
1071729215;2020-04-09 09:30:00;2020-04-09 10:00:00;102.76666666666667
1071729215;2020-04-09 10:00:00;2020-04-09 10:30:00;98.93333333333334
1071729215;2020-04-09 10:30:00;2020-04-09 11:00:00;95.46666666666667
1071729215;2020-04-09 11:00:00;2020-04-09 11:30:00;101.23333333333333
1071729215;2020-04-09 11:30:00;2020-04-09 12:00:00;90.33333333333333
1071729215;2020-04-09 12:00:00;2020-04-09 12:30:00;96.33333333333333
1071729215;2020-04-09 12:30:00;2020-04-09 13:00:00;90.46666666666667
1071729215;2020-04-09 13:00:00;2020-04-09 13:30:00;94.76666666666667
1071729215;2020-04-09 13:30:00;2020-04-09 14:00:00;92.1
1071729215;2020-04-09 14:00:00;2020-04-09 14:30:00;86.66666666666667
1071729215;2020-04-09 14:30:00;2020-04-09 15:00:00;98.16666666666667
1071729215;2020-04-09 15:00:00;2020-04-09 15:30:00;100.56666666666666
1071729215;2020-04-09 15:30:00;2020-04-09 16:00:00;91.36666666666666
1071729215;2020-04-09 16:00:00;2020-04-09 16:30:00;100.73333333333333
1071729215;2020-04-09 16:30:00;2020-04-09 17:00:00;94.8
1071729215;2020-04-09 17:00:00;2020-04-09 17:30:00;99.8
1071729215;2020-04-09 17:30:00;2020-04-09 18:00:00;84.63333333333334
1071729215;2020-04-09 18:00:00;2020-04-09 18:30:00;87.96666666666667
1071729215;2020-04-09 18:30:00;2020-04-09 19:00:00;99.36666666666666
1071729215;2020-04-09 19:00:00;2020-04-09 19:30:00;94.3
1071729215;2020-04-09 19:30:00;2020-04-09 20:00:00;106.0
1071729215;2020-04-09 20:00:00;2020-04-09 20:30:00;103.0
1071729215;2020-04-09 20:30:00;2020-04-09 21:00:00;100.06666666666666
1071729215;2020-04-09 21:00:00;2020-04-09 21:30:00;101.76666666666667
1071729215;2020-04-09 21:30:00;2020-04-09 22:00:00;102.0
1071729215;2020-04-09 22:00:00;2020-04-09 22:30:00;103.0
1071729215;2020-04-09 22:30:00;2020-04-09 23:00:00;103.0
1071729215;2020-04-09 23:00:00;2020-04-09 23:30:00;103.0
1071729215;2020-04-09 23:30:00;2020-04-09 23:59:59;103.0
1071729215;2020-04-10 00:00:00;2020-04-10 00:30:00;103.0
1071729215;2020-04-10 00:30:00;2020-04-10 01:00:00;103.0
1071729215;2020-04-10 01:00:00;2020-04-10 01:30:00;103.0
1071729215;2020-04-10 01:30:00;2020-04-10 02:00:00;103.0
1071729215;2020-04-10 02:00:00;2020-04-10 02:30:00;103.0
1071729215;2020-04-10 02:30:00;2020-04-10 03:00:00;103.0
1071729215;2020-04-10 03:00:00;2020-04-10 03:30:00;92.0
1071729215;2020-04-10 03:30:00;2020-04-10 04:00:00;100.06666666666666
1071729215;2020-04-10 04:00:00;2020-04-10 04:30:00;95.63333333333334
1071729215;2020-04-10 04:30:00;2020-04-10 05:00:00;92.0
1071729215;2020-04-10 05:00:00;2020-04-10 05:30:00;88.33333333333333
1071729215;2020-04-10 05:30:00;2020-04-10 06:00:00;94.86666666666666
1071729215;2020-04-10 06:00:00;2020-04-10 06:30:00;100.0
1071729215;2020-04-10 06:30:00;2020-04-10 07:00:00;99.1
1071729215;2020-04-10 07:00:00;2020-04-10 07:30:00;98.0
1071729215;2020-04-10 07:30:00;2020-04-10 08:00:00;92.36666666666666
1071729215;2020-04-10 08:00:00;2020-04-10 08:30:00;108.93333333333334
1071729215;2020-04-10 08:30:00;2020-04-10 09:00:00;112.03333333333333
1071729215;2020-04-10 09:00:00;2020-04-10 09:30:00;110.43333333333334
1071729215;2020-04-10 09:30:00;2020-04-10 10:00:00;102.83333333333333
1071729215;2020-04-10 10:00:00;2020-04-10 10:30:00;104.96666666666667
1071729215;2020-04-10 10:30:00;2020-04-10 11:00:00;102.4
1071729215;2020-04-10 11:00:00;2020-04-10 11:30:00;105.63333333333334
1071729215;2020-04-10 11:30:00;2020-04-10 12:00:00;105.5
1071729215;2020-04-10 12:00:00;2020-04-10 12:30:00;103.73333333333333
1071729215;2020-04-10 12:30:00;2020-04-10 13:00:00;103.86666666666666
1071729215;2020-04-10 13:00:00;2020-04-10 13:30:00;110.0
1071729215;2020-04-10 13:30:00;2020-04-10 14:00:00;93.3
1071729215;2020-04-10 14:00:00;2020-04-10 14:30:00;101.93333333333334
1071729215;2020-04-10 14:30:00;2020-04-10 15:00:00;90.33333333333333
1071729215;2020-04-10 15:00:00;2020-04-10 15:30:00;93.16666666666667
1071729215;2020-04-10 15:30:00;2020-04-10 16:00:00;99.6
1071729215;2020-04-10 16:00:00;2020-04-10 16:30:00;98.0
1071729215;2020-04-10 16:30:00;2020-04-10 17:00:00;81.53333333333333
1071729215;2020-04-10 17:00:00;2020-04-10 17:30:00;89.0
1071729215;2020-04-10 17:30:00;2020-04-10 18:00:00;106.23333333333333
1071729215;2020-04-10 18:00:00;2020-04-10 18:30:00;96.93333333333334
1071729215;2020-04-10 18:30:00;2020-04-10 19:00:00;104.33333333333333
1071729215;2020-04-10 19:00:00;2020-04-10 19:30:00;92.56666666666666
1071729215;2020-04-10 19:30:00;2020-04-10 20:00:00;104.83333333333333
1071729215;2020-04-10 20:00:00;2020-04-10 20:30:00;96.36666666666666
1071729215;2020-04-10 20:30:00;2020-04-10 21:00:00;104.86666666666666
1071729215;2020-04-10 21:00:00;2020-04-10 21:30:00;103.0
1071729215;2020-04-10 21:30:00;2020-04-10 22:00:00;103.0
1071729215;2020-04-10 22:00:00;2020-04-10 22:30:00;103.0
1071729215;2020-04-10 22:30:00;2020-04-10 23:00:00;103.0
1071729215;2020-04-10 23:00:00;2020-04-10 23:30:00;103.0
1071729215;2020-04-10 23:30:00;2020-04-10 23:59:59;103.0
1071729215;2020-04-11 00:00:00;2020-04-11 00:30:00;103.0
1071729215;2020-04-11 00:30:00;2020-04-11 01:00:00;103.0
1071729215;2020-04-11 01:00:00;2020-04-11 01:30:00;103.0
1071729215;2020-04-11 01:30:00;2020-04-11 02:00:00;103.0
1071729215;2020-04-11 02:00:00;2020-04-11 02:30:00;103.0
1071729215;2020-04-11 02:30:00;2020-04-11 03:00:00;103.0
1071729215;2020-04-11 03:00:00;2020-04-11 03:30:00;108.0
1071729215;2020-04-11 03:30:00;2020-04-11 04:00:00;108.0
1071729215;2020-04-11 04:00:00;2020-04-11 04:30:00;113.0
1071729215;2020-04-11 04:30:00;2020-04-11 05:00:00;113.0
1071729215;2020-04-11 05:00:00;2020-04-11 05:30:00;106.0
1071729215;2020-04-11 05:30:00;2020-04-11 06:00:00;106.0
1071729215;2020-04-11 06:00:00;2020-04-11 06:30:00;106.0
1071729215;2020-04-11 06:30:00;2020-04-11 07:00:00;106.0
1071729215;2020-04-11 07:00:00;2020-04-11 07:30:00;105.6
1071729215;2020-04-11 07:30:00;2020-04-11 08:00:00;114.3
1071729215;2020-04-11 08:00:00;2020-04-11 08:30:00;115.33333333333333
1071729215;2020-04-11 08:30:00;2020-04-11 09:00:00;114.3
1071729215;2020-04-11 09:00:00;2020-04-11 09:30:00;114.63333333333334
1071729215;2020-04-11 09:30:00;2020-04-11 10:00:00;110.36666666666666
1071729215;2020-04-11 10:00:00;2020-04-11 10:30:00;102.13333333333334
1071729215;2020-04-11 10:30:00;2020-04-11 11:00:00;112.0
1071729215;2020-04-11 11:00:00;2020-04-11 11:30:00;98.0
1071729215;2020-04-11 11:30:00;2020-04-11 12:00:00;98.36666666666666
1071729215;2020-04-11 12:00:00;2020-04-11 12:30:00;95.76666666666667
1071729215;2020-04-11 12:30:00;2020-04-11 13:00:00;104.83333333333333
1071729215;2020-04-11 13:00:00;2020-04-11 13:30:00;101.16666666666667
1071729215;2020-04-11 13:30:00;2020-04-11 14:00:00;100.56666666666666
1071729215;2020-04-11 14:00:00;2020-04-11 14:30:00;105.06666666666666
1071729215;2020-04-11 14:30:00;2020-04-11 15:00:00;108.03333333333333
1071729215;2020-04-11 15:00:00;2020-04-11 15:30:00;108.53333333333333
1071729215;2020-04-11 15:30:00;2020-04-11 16:00:00;115.46666666666667
1071729215;2020-04-11 16:00:00;2020-04-11 16:30:00;105.63333333333334
1071729215;2020-04-11 16:30:00;2020-04-11 17:00:00;116.06666666666666
1071729215;2020-04-11 17:00:00;2020-04-11 17:30:00;103.36666666666666
1071729215;2020-04-11 17:30:00;2020-04-11 18:00:00;112.0
1071729215;2020-04-11 18:00:00;2020-04-11 18:30:00;115.93333333333334
1071729215;2020-04-11 18:30:00;2020-04-11 19:00:00;123.9
1071729215;2020-04-11 19:00:00;2020-04-11 19:30:00;113.53333333333333
1071729215;2020-04-11 19:30:00;2020-04-11 20:00:00;111.0
1071729215;2020-04-11 20:00:00;2020-04-11 20:30:00;103.0
1071729215;2020-04-11 20:30:00;2020-04-11 21:00:00;105.3
1071729215;2020-04-11 21:00:00;2020-04-11 21:30:00;102.43333333333334
1071729215;2020-04-11 21:30:00;2020-04-11 22:00:00;103.0
1071729215;2020-04-11 22:00:00;2020-04-11 22:30:00;103.0
1071729215;2020-04-11 22:30:00;2020-04-11 23:00:00;103.0
1071729215;2020-04-11 23:00:00;2020-04-11 23:30:00;103.0
1071729215;2020-04-11 23:30:00;2020-04-11 23:59:59;103.0
1071729215;2020-04-12 00:00:00;2020-04-12 00:30:00;103.0
1071729215;2020-04-12 00:30:00;2020-04-12 01:00:00;103.0
1071729215;2020-04-12 01:00:00;2020-04-12 01:30:00;103.0
1071729215;2020-04-12 01:30:00;2020-04-12 02:00:00;103.0
1071729215;2020-04-12 02:00:00;2020-04-12 02:30:00;103.0
1071729215;2020-04-12 02:30:00;2020-04-12 03:00:00;103.0
1071729215;2020-04-12 03:00:00;2020-04-12 03:30:00;95.0
1071729215;2020-04-12 03:30:00;2020-04-12 04:00:00;95.0
1071729215;2020-04-12 04:00:00;2020-04-12 04:30:00;95.0
1071729215;2020-04-12 04:30:00;2020-04-12 05:00:00;95.0
1071729215;2020-04-12 05:00:00;2020-04-12 05:30:00;95.0
1071729215;2020-04-12 05:30:00;2020-04-12 06:00:00;95.0
1071729215;2020-04-12 06:00:00;2020-04-12 06:30:00;95.0
1071729215;2020-04-12 06:30:00;2020-04-12 07:00:00;108.2
1071729215;2020-04-12 07:00:00;2020-04-12 07:30:00;95.0
1071729215;2020-04-12 07:30:00;2020-04-12 08:00:00;95.0
1071729215;2020-04-12 08:00:00;2020-04-12 08:30:00;95.0
1071729215;2020-04-12 08:30:00;2020-04-12 09:00:00;103.5
1071729215;2020-04-12 09:00:00;2020-04-12 09:30:00;99.3
1071729215;2020-04-12 09:30:00;2020-04-12 10:00:00;98.76666666666667
1071729215;2020-04-12 10:00:00;2020-04-12 10:30:00;102.0
1071729215;2020-04-12 10:30:00;2020-04-12 11:00:00;110.63333333333334
1071729215;2020-04-12 11:00:00;2020-04-12 11:30:00;96.93333333333334
1071729215;2020-04-12 11:30:00;2020-04-12 12:00:00;104.6
1071729215;2020-04-12 12:00:00;2020-04-12 12:30:00;99.46666666666667
1071729215;2020-04-12 12:30:00;2020-04-12 13:00:00;112.8
1071729215;2020-04-12 13:00:00;2020-04-12 13:30:00;101.8
1071729215;2020-04-12 13:30:00;2020-04-12 14:00:00;116.4
1071729215;2020-04-12 14:00:00;2020-04-12 14:30:00;113.36666666666666
1071729215;2020-04-12 14:30:00;2020-04-12 15:00:00;110.0
1071729215;2020-04-12 15:00:00;2020-04-12 15:30:00;117.26666666666667
1071729215;2020-04-12 15:30:00;2020-04-12 16:00:00;108.53333333333333
1071729215;2020-04-12 16:00:00;2020-04-12 16:30:00;107.9
1071729215;2020-04-12 16:30:00;2020-04-12 17:00:00;94.83333333333333
1071729215;2020-04-12 17:00:00;2020-04-12 17:30:00;104.56666666666666
1071729215;2020-04-12 17:30:00;2020-04-12 18:00:00;106.4
1071729215;2020-04-12 18:00:00;2020-04-12 18:30:00;102.26666666666667
1071729215;2020-04-12 18:30:00;2020-04-12 19:00:00;106.63333333333334
1071729215;2020-04-12 19:00:00;2020-04-12 19:30:00;92.43333333333334
1071729215;2020-04-12 19:30:00;2020-04-12 20:00:00;102.23333333333333
1071729215;2020-04-12 20:00:00;2020-04-12 20:30:00;98.2
1071729215;2020-04-12 20:30:00;2020-04-12 21:00:00;96.06666666666666
1071729215;2020-04-12 21:00:00;2020-04-12 21:30:00;99.0
1071729215;2020-04-12 21:30:00;2020-04-12 22:00:00;103.0
1071729215;2020-04-12 22:00:00;2020-04-12 22:30:00;103.0
1071729215;2020-04-12 22:30:00;2020-04-12 23:00:00;103.0
1071729215;2020-04-12 23:00:00;2020-04-12 23:30:00;103.0
1071729215;2020-04-12 23:30:00;2020-04-12 23:59:59;103.0
1071729215;2020-04-13 00:00:00;2020-04-13 00:30:00;103.0
1071729215;2020-04-13 00:30:00;2020-04-13 01:00:00;103.0
1071729215;2020-04-13 01:00:00;2020-04-13 01:30:00;103.0
1071729215;2020-04-13 01:30:00;2020-04-13 02:00:00;103.0
1071729215;2020-04-13 02:00:00;2020-04-13 02:30:00;103.0
1071729215;2020-04-13 02:30:00;2020-04-13 03:00:00;103.0
1071729215;2020-04-13 03:00:00;2020-04-13 03:30:00;91.53333333333333
1071729215;2020-04-13 03:30:00;2020-04-13 04:00:00;92.4
1071729215;2020-04-13 04:00:00;2020-04-13 04:30:00;91.13333333333334
1071729215;2020-04-13 04:30:00;2020-04-13 05:00:00;87.16666666666667
1071729215;2020-04-13 05:00:00;2020-04-13 05:30:00;94.16666666666667
1071729215;2020-04-13 05:30:00;2020-04-13 06:00:00;97.0
1071729215;2020-04-13 06:00:00;2020-04-13 06:30:00;100.0
1071729215;2020-04-13 06:30:00;2020-04-13 07:00:00;98.0
1071729215;2020-04-13 07:00:00;2020-04-13 07:30:00;103.2
1071729215;2020-04-13 07:30:00;2020-04-13 08:00:00;111.06666666666666
1071729215;2020-04-13 08:00:00;2020-04-13 08:30:00;102.0
1071729215;2020-04-13 08:30:00;2020-04-13 09:00:00;97.3
1071729215;2020-04-13 09:00:00;2020-04-13 09:30:00;109.5
1071729215;2020-04-13 09:30:00;2020-04-13 10:00:00;109.5
1071729215;2020-04-13 10:00:00;2020-04-13 10:30:00;92.7
1071729215;2020-04-13 10:30:00;2020-04-13 11:00:00;106.33333333333333
1071729215;2020-04-13 11:00:00;2020-04-13 11:30:00;93.26666666666667
1071729215;2020-04-13 11:30:00;2020-04-13 12:00:00;98.33333333333333
1071729215;2020-04-13 12:00:00;2020-04-13 12:30:00;103.33333333333333
1071729215;2020-04-13 12:30:00;2020-04-13 13:00:00;98.36666666666666
1071729215;2020-04-13 13:00:00;2020-04-13 13:30:00;102.76666666666667
1071729215;2020-04-13 13:30:00;2020-04-13 14:00:00;110.13333333333334
1071729215;2020-04-13 14:00:00;2020-04-13 14:30:00;100.46666666666667
1071729215;2020-04-13 14:30:00;2020-04-13 15:00:00;104.76666666666667
1071729215;2020-04-13 15:00:00;2020-04-13 15:30:00;108.46666666666667
1071729215;2020-04-13 15:30:00;2020-04-13 16:00:00;105.53333333333333
1071729215;2020-04-13 16:00:00;2020-04-13 16:30:00;109.4
1071729215;2020-04-13 16:30:00;2020-04-13 17:00:00;97.53333333333333
1071729215;2020-04-13 17:00:00;2020-04-13 17:30:00;107.7
1071729215;2020-04-13 17:30:00;2020-04-13 18:00:00;97.5
1071729215;2020-04-13 18:00:00;2020-04-13 18:30:00;107.03333333333333
1071729215;2020-04-13 18:30:00;2020-04-13 19:00:00;95.36666666666666
1071729215;2020-04-13 19:00:00;2020-04-13 19:30:00;92.2
1071729215;2020-04-13 19:30:00;2020-04-13 20:00:00;103.0
1071729215;2020-04-13 20:00:00;2020-04-13 20:30:00;95.66666666666667
1071729215;2020-04-13 20:30:00;2020-04-13 21:00:00;113.56666666666666
1071729215;2020-04-13 21:00:00;2020-04-13 21:30:00;96.36666666666666
1071729215;2020-04-13 21:30:00;2020-04-13 22:00:00;103.0
1071729215;2020-04-13 22:00:00;2020-04-13 22:30:00;109.8
1071729215;2020-04-13 22:30:00;2020-04-13 23:00:00;103.0
1071729215;2020-04-13 23:00:00;2020-04-13 23:30:00;103.0
1071729215;2020-04-13 23:30:00;2020-04-13 23:59:59;94.73333333333333
1071729215;2020-04-14 00:00:00;2020-04-14 00:30:00;103.0
1071729215;2020-04-14 00:30:00;2020-04-14 01:00:00;103.0
1071729215;2020-04-14 01:00:00;2020-04-14 01:30:00;103.0
1071729215;2020-04-14 01:30:00;2020-04-14 02:00:00;103.0
1071729215;2020-04-14 02:00:00;2020-04-14 02:30:00;112.06666666666666
1071729215;2020-04-14 02:30:00;2020-04-14 03:00:00;103.0
1071729215;2020-04-14 03:00:00;2020-04-14 03:30:00;98.0
1071729215;2020-04-14 03:30:00;2020-04-14 04:00:00;109.93333333333334
1071729215;2020-04-14 04:00:00;2020-04-14 04:30:00;103.8
1071729215;2020-04-14 04:30:00;2020-04-14 05:00:00;103.0
1071729215;2020-04-14 05:00:00;2020-04-14 05:30:00;102.93333333333334
1071729215;2020-04-14 05:30:00;2020-04-14 06:00:00;103.0
1071729215;2020-04-14 06:00:00;2020-04-14 06:30:00;103.53333333333333
1071729215;2020-04-14 06:30:00;2020-04-14 07:00:00;101.73333333333333
1071729215;2020-04-14 07:00:00;2020-04-14 07:30:00;99.83333333333333
1071729215;2020-04-14 07:30:00;2020-04-14 08:00:00;97.3
1071729215;2020-04-14 08:00:00;2020-04-14 08:30:00;98.4
1071729215;2020-04-14 08:30:00;2020-04-14 09:00:00;96.5
1071729215;2020-04-14 09:00:00;2020-04-14 09:30:00;103.36666666666666
1071729215;2020-04-14 09:30:00;2020-04-14 10:00:00;102.33333333333333
1071729215;2020-04-14 10:00:00;2020-04-14 10:30:00;100.83333333333333
1071729215;2020-04-14 10:30:00;2020-04-14 11:00:00;94.13333333333334
1071729215;2020-04-14 11:00:00;2020-04-14 11:30:00;94.9
1071729215;2020-04-14 11:30:00;2020-04-14 12:00:00;88.4
1071729215;2020-04-14 12:00:00;2020-04-14 12:30:00;103.23333333333333
1071729215;2020-04-14 12:30:00;2020-04-14 13:00:00;98.16666666666667
1071729215;2020-04-14 13:00:00;2020-04-14 13:30:00;88.96666666666667
1071729215;2020-04-14 13:30:00;2020-04-14 14:00:00;104.53333333333333
1071729215;2020-04-14 14:00:00;2020-04-14 14:30:00;99.46666666666667
1071729215;2020-04-14 14:30:00;2020-04-14 15:00:00;96.76666666666667
1071729215;2020-04-14 15:00:00;2020-04-14 15:30:00;99.33333333333333
1071729215;2020-04-14 15:30:00;2020-04-14 16:00:00;97.0
1071729215;2020-04-14 16:00:00;2020-04-14 16:30:00;98.0
1071729215;2020-04-14 16:30:00;2020-04-14 17:00:00;98.0
1071729215;2020-04-14 17:00:00;2020-04-14 17:30:00;104.2
1071729215;2020-04-14 17:30:00;2020-04-14 18:00:00;99.66666666666667
1071729215;2020-04-14 18:00:00;2020-04-14 18:30:00;100.9
1071729215;2020-04-14 18:30:00;2020-04-14 19:00:00;109.6
1071729215;2020-04-14 19:00:00;2020-04-14 19:30:00;112.33333333333333
1071729215;2020-04-14 19:30:00;2020-04-14 20:00:00;106.5
1071729215;2020-04-14 20:00:00;2020-04-14 20:30:00;112.0
1071729215;2020-04-14 20:30:00;2020-04-14 21:00:00;112.46666666666667
1071729215;2020-04-14 21:00:00;2020-04-14 21:30:00;107.03333333333333
1071729215;2020-04-14 21:30:00;2020-04-14 22:00:00;105.83333333333333
1071729215;2020-04-14 22:00:00;2020-04-14 22:30:00;103.0
1071729215;2020-04-14 22:30:00;2020-04-14 23:00:00;103.0
1071729215;2020-04-14 23:00:00;2020-04-14 23:30:00;103.0
1071729215;2020-04-14 23:30:00;2020-04-14 23:59:59;100.46666666666667
1071729215;2020-04-15 00:00:00;2020-04-15 00:30:00;103.0
1071729215;2020-04-15 00:30:00;2020-04-15 01:00:00;103.0
1071729215;2020-04-15 01:00:00;2020-04-15 01:30:00;103.0
1071729215;2020-04-15 01:30:00;2020-04-15 02:00:00;103.0
1071729215;2020-04-15 02:00:00;2020-04-15 02:30:00;103.0
1071729215;2020-04-15 02:30:00;2020-04-15 03:00:00;103.0
1071729215;2020-04-15 03:00:00;2020-04-15 03:30:00;100.0
1071729215;2020-04-15 03:30:00;2020-04-15 04:00:00;109.63333333333334
1071729215;2020-04-15 04:00:00;2020-04-15 04:30:00;91.86666666666666
1071729215;2020-04-15 04:30:00;2020-04-15 05:00:00;104.8
1071729215;2020-04-15 05:00:00;2020-04-15 05:30:00;101.9
1071729215;2020-04-15 05:30:00;2020-04-15 06:00:00;102.93333333333334
1071729215;2020-04-15 06:00:00;2020-04-15 06:30:00;99.36666666666666
1071729215;2020-04-15 06:30:00;2020-04-15 07:00:00;108.8
1071729215;2020-04-15 07:00:00;2020-04-15 07:30:00;102.83333333333333
1071729215;2020-04-15 07:30:00;2020-04-15 08:00:00;96.46666666666667
1071729215;2020-04-15 08:00:00;2020-04-15 08:30:00;98.86666666666666
1071729215;2020-04-15 08:30:00;2020-04-15 09:00:00;98.6
1071729215;2020-04-15 09:00:00;2020-04-15 09:30:00;104.3
1071729215;2020-04-15 09:30:00;2020-04-15 10:00:00;109.03333333333333
1071729215;2020-04-15 10:00:00;2020-04-15 10:30:00;99.33333333333333
1071729215;2020-04-15 10:30:00;2020-04-15 11:00:00;102.0
1071729215;2020-04-15 11:00:00;2020-04-15 11:30:00;99.36666666666666
1071729215;2020-04-15 11:30:00;2020-04-15 12:00:00;102.56666666666666
1071729215;2020-04-15 12:00:00;2020-04-15 12:30:00;89.26666666666667
1071729215;2020-04-15 12:30:00;2020-04-15 13:00:00;106.23333333333333
1071729215;2020-04-15 13:00:00;2020-04-15 13:30:00;100.96666666666667
1071729215;2020-04-15 13:30:00;2020-04-15 14:00:00;89.66666666666667
1071729215;2020-04-15 14:00:00;2020-04-15 14:30:00;104.93333333333334
1071729215;2020-04-15 14:30:00;2020-04-15 15:00:00;100.03333333333333
1071729215;2020-04-15 15:00:00;2020-04-15 15:30:00;99.9
1071729215;2020-04-15 15:30:00;2020-04-15 16:00:00;104.86666666666666
1071729215;2020-04-15 16:00:00;2020-04-15 16:30:00;107.03448275862068
1071729215;2020-04-15 16:30:00;2020-04-15 17:00:00;105.83333333333333
1071729215;2020-04-15 17:00:00;2020-04-15 17:30:00;96.76666666666667
1071729215;2020-04-15 17:30:00;2020-04-15 18:00:00;94.0
1071729215;2020-04-15 18:00:00;2020-04-15 18:30:00;95.7
1071729215;2020-04-15 18:30:00;2020-04-15 19:00:00;111.93333333333334
1071729215;2020-04-15 19:00:00;2020-04-15 19:30:00;101.7
1071729215;2020-04-15 19:30:00;2020-04-15 20:00:00;111.89655172413794
1071729215;2020-04-15 20:00:00;2020-04-15 20:30:00;107.43333333333334
1071729215;2020-04-15 20:30:00;2020-04-15 21:00:00;103.83333333333333
1071729215;2020-04-15 21:00:00;2020-04-15 21:30:00;104.6
1071729215;2020-04-15 21:30:00;2020-04-15 22:00:00;103.0
1071729215;2020-04-15 22:00:00;2020-04-15 22:30:00;109.06666666666666
1071729215;2020-04-15 22:30:00;2020-04-15 23:00:00;103.0
1071729215;2020-04-15 23:00:00;2020-04-15 23:30:00;103.0
1071729215;2020-04-15 23:30:00;2020-04-15 23:59:59;103.0
1071729215;2020-04-16 00:00:00;2020-04-16 00:30:00;103.0
1071729215;2020-04-16 00:30:00;2020-04-16 01:00:00;103.0
1071729215;2020-04-16 01:00:00;2020-04-16 01:30:00;103.0
1071729215;2020-04-16 01:30:00;2020-04-16 02:00:00;103.0
1071729215;2020-04-16 02:00:00;2020-04-16 02:30:00;101.6
1071729215;2020-04-16 02:30:00;2020-04-16 03:00:00;91.53333333333333
1071729215;2020-04-16 03:00:00;2020-04-16 03:30:00;99.96666666666667
1071729215;2020-04-16 03:30:00;2020-04-16 04:00:00;100.6
1071729215;2020-04-16 04:00:00;2020-04-16 04:30:00;106.6
1071729215;2020-04-16 04:30:00;2020-04-16 05:00:00;106.73333333333333
1071729215;2020-04-16 05:00:00;2020-04-16 05:30:00;89.53333333333333
1071729215;2020-04-16 05:30:00;2020-04-16 06:00:00;103.5
1071729215;2020-04-16 06:00:00;2020-04-16 06:30:00;109.7
1071729215;2020-04-16 06:30:00;2020-04-16 07:00:00;102.13333333333334
1071729215;2020-04-16 07:00:00;2020-04-16 07:30:00;101.66666666666667
1071729215;2020-04-16 07:30:00;2020-04-16 08:00:00;108.06666666666666
1071729215;2020-04-16 08:00:00;2020-04-16 08:30:00;114.1
1071729215;2020-04-16 08:30:00;2020-04-16 09:00:00;96.96666666666667
1071729215;2020-04-16 09:00:00;2020-04-16 09:30:00;89.0
1071729215;2020-04-16 09:30:00;2020-04-16 10:00:00;94.7
1071729215;2020-04-16 10:00:00;2020-04-16 10:30:00;94.8
1071729215;2020-04-16 10:30:00;2020-04-16 11:00:00;94.0
1071729215;2020-04-16 11:00:00;2020-04-16 11:30:00;95.0
1071729215;2020-04-16 11:30:00;2020-04-16 12:00:00;83.86666666666666
1071729215;2020-04-16 12:00:00;2020-04-16 12:30:00;88.46666666666667
1071729215;2020-04-16 12:30:00;2020-04-16 13:00:00;90.6
1071729215;2020-04-16 13:00:00;2020-04-16 13:30:00;101.93333333333334
1071729215;2020-04-16 13:30:00;2020-04-16 14:00:00;96.23333333333333
1071729215;2020-04-16 14:00:00;2020-04-16 14:30:00;85.0
1071729215;2020-04-16 14:30:00;2020-04-16 15:00:00;96.26666666666667
1071729215;2020-04-16 15:00:00;2020-04-16 15:30:00;96.7
1071729215;2020-04-16 15:30:00;2020-04-16 16:00:00;116.06666666666666
1071729215;2020-04-16 16:00:00;2020-04-16 16:30:00;64.03333333333333
1071729215;2020-04-16 16:30:00;2020-04-16 17:00:00;87.66666666666667
1071729215;2020-04-16 17:00:00;2020-04-16 17:30:00;110.43333333333334
1071729215;2020-04-16 17:30:00;2020-04-16 18:00:00;114.43333333333334
1071729215;2020-04-16 18:00:00;2020-04-16 18:30:00;103.9
1071729215;2020-04-16 18:30:00;2020-04-16 19:00:00;94.43333333333334
1071729215;2020-04-16 19:00:00;2020-04-16 19:30:00;98.3
1071729215;2020-04-16 19:30:00;2020-04-16 20:00:00;106.7
1071729215;2020-04-16 20:00:00;2020-04-16 20:30:00;107.86666666666666
1071729215;2020-04-16 20:30:00;2020-04-16 21:00:00;108.0
1071729215;2020-04-16 21:00:00;2020-04-16 21:30:00;103.0
1071729215;2020-04-16 21:30:00;2020-04-16 22:00:00;97.13333333333334
1071729215;2020-04-16 22:00:00;2020-04-16 22:30:00;98.8
1071729215;2020-04-16 22:30:00;2020-04-16 23:00:00;103.0
1071729215;2020-04-16 23:00:00;2020-04-16 23:30:00;103.0
1071729215;2020-04-16 23:30:00;2020-04-16 23:59:59;103.0
1071729215;2020-04-17 00:00:00;2020-04-17 00:30:00;103.0
1071729215;2020-04-17 00:30:00;2020-04-17 01:00:00;103.0
1071729215;2020-04-17 01:00:00;2020-04-17 01:30:00;103.0
1071729215;2020-04-17 01:30:00;2020-04-17 02:00:00;103.0
1071729215;2020-04-17 02:00:00;2020-04-17 02:30:00;96.93333333333334
1071729215;2020-04-17 02:30:00;2020-04-17 03:00:00;100.46666666666667
1071729215;2020-04-17 03:00:00;2020-04-17 03:30:00;101.2
1071729215;2020-04-17 03:30:00;2020-04-17 04:00:00;101.46666666666667
1071729215;2020-04-17 04:00:00;2020-04-17 04:30:00;101.4
1071729215;2020-04-17 04:30:00;2020-04-17 05:00:00;104.0
1071729215;2020-04-17 05:00:00;2020-04-17 05:30:00;101.2
1071729215;2020-04-17 05:30:00;2020-04-17 06:00:00;107.43333333333334
1071729215;2020-04-17 06:00:00;2020-04-17 06:30:00;103.3
1071729215;2020-04-17 06:30:00;2020-04-17 07:00:00;106.9
1071729215;2020-04-17 07:00:00;2020-04-17 07:30:00;102.23333333333333
1071729215;2020-04-17 07:30:00;2020-04-17 08:00:00;96.13333333333334
1071729215;2020-04-17 08:00:00;2020-04-17 08:30:00;93.26666666666667
1071729215;2020-04-17 08:30:00;2020-04-17 09:00:00;101.93333333333334
1071729215;2020-04-17 09:00:00;2020-04-17 09:30:00;99.2
1071729215;2020-04-17 09:30:00;2020-04-17 10:00:00;102.3
1071729215;2020-04-17 10:00:00;2020-04-17 10:30:00;94.93333333333334
1071729215;2020-04-17 10:30:00;2020-04-17 11:00:00;88.93333333333334
1071729215;2020-04-17 11:00:00;2020-04-17 11:30:00;98.36666666666666
1071729215;2020-04-17 11:30:00;2020-04-17 12:00:00;92.03333333333333
1071729215;2020-04-17 12:00:00;2020-04-17 12:30:00;96.56666666666666
1071729215;2020-04-17 12:30:00;2020-04-17 13:00:00;98.73333333333333
1071729215;2020-04-17 13:00:00;2020-04-17 13:30:00;104.56666666666666
1071729215;2020-04-17 13:30:00;2020-04-17 14:00:00;91.53333333333333
1071729215;2020-04-17 14:00:00;2020-04-17 14:30:00;95.63333333333334
1071729215;2020-04-17 14:30:00;2020-04-17 15:00:00;86.7
1071729215;2020-04-17 15:00:00;2020-04-17 15:30:00;90.6
1071729215;2020-04-17 15:30:00;2020-04-17 16:00:00;98.93333333333334
1071729215;2020-04-17 16:00:00;2020-04-17 16:30:00;94.33333333333333
1071729215;2020-04-17 16:30:00;2020-04-17 17:00:00;102.13333333333334
1071729215;2020-04-17 17:00:00;2020-04-17 17:30:00;116.7
1071729215;2020-04-17 17:30:00;2020-04-17 18:00:00;99.26666666666667
1071729215;2020-04-17 18:00:00;2020-04-17 18:30:00;106.13333333333334
1071729215;2020-04-17 18:30:00;2020-04-17 19:00:00;109.7
1071729215;2020-04-17 19:00:00;2020-04-17 19:30:00;105.13333333333334
1071729215;2020-04-17 19:30:00;2020-04-17 20:00:00;113.13333333333334
1071729215;2020-04-17 20:00:00;2020-04-17 20:30:00;112.63333333333334
1071729215;2020-04-17 20:30:00;2020-04-17 21:00:00;110.4
1071729215;2020-04-17 21:00:00;2020-04-17 21:30:00;103.0
1071729215;2020-04-17 21:30:00;2020-04-17 22:00:00;103.66666666666667
1071729215;2020-04-17 22:00:00;2020-04-17 22:30:00;106.5
1071729215;2020-04-17 22:30:00;2020-04-17 23:00:00;103.0
1071729215;2020-04-17 23:00:00;2020-04-17 23:30:00;102.66666666666667
1071729215;2020-04-17 23:30:00;2020-04-17 23:59:59;111.1
1071729215;2020-04-18 00:00:00;2020-04-18 00:30:00;105.16666666666667
1071729215;2020-04-18 00:30:00;2020-04-18 01:00:00;103.0
1071729215;2020-04-18 01:00:00;2020-04-18 01:30:00;103.0
1071729215;2020-04-18 01:30:00;2020-04-18 02:00:00;103.0
1071729215;2020-04-18 02:00:00;2020-04-18 02:30:00;103.0
1071729215;2020-04-18 02:30:00;2020-04-18 03:00:00;103.0
1071729215;2020-04-18 03:00:00;2020-04-18 03:30:00;108.0
1071729215;2020-04-18 03:30:00;2020-04-18 04:00:00;108.0
1071729215;2020-04-18 04:00:00;2020-04-18 04:30:00;113.0
1071729215;2020-04-18 04:30:00;2020-04-18 05:00:00;112.73333333333333
1071729215;2020-04-18 05:00:00;2020-04-18 05:30:00;110.6
1071729215;2020-04-18 05:30:00;2020-04-18 06:00:00;106.1
1071729215;2020-04-18 06:00:00;2020-04-18 06:30:00;107.4
1071729215;2020-04-18 06:30:00;2020-04-18 07:00:00;106.0
1071729215;2020-04-18 07:00:00;2020-04-18 07:30:00;111.43333333333334
1071729215;2020-04-18 07:30:00;2020-04-18 08:00:00;96.86666666666666
1071729215;2020-04-18 08:00:00;2020-04-18 08:30:00;116.5
1071729215;2020-04-18 08:30:00;2020-04-18 09:00:00;97.9
1071729215;2020-04-18 09:00:00;2020-04-18 09:30:00;107.13333333333334
1071729215;2020-04-18 09:30:00;2020-04-18 10:00:00;94.43333333333334
1071729215;2020-04-18 10:00:00;2020-04-18 10:30:00;106.0
1071729215;2020-04-18 10:30:00;2020-04-18 11:00:00;99.56666666666666
1071729215;2020-04-18 11:00:00;2020-04-18 11:30:00;116.03333333333333
1071729215;2020-04-18 11:30:00;2020-04-18 12:00:00;104.56666666666666
1071729215;2020-04-18 12:00:00;2020-04-18 12:30:00;94.26666666666667
1071729215;2020-04-18 12:30:00;2020-04-18 13:00:00;109.26666666666667
1071729215;2020-04-18 13:00:00;2020-04-18 13:30:00;112.93333333333334
1071729215;2020-04-18 13:30:00;2020-04-18 14:00:00;108.9
1071729215;2020-04-18 14:00:00;2020-04-18 14:30:00;96.86666666666666
1071729215;2020-04-18 14:30:00;2020-04-18 15:00:00;106.96666666666667
1071729215;2020-04-18 15:00:00;2020-04-18 15:30:00;103.93333333333334
1071729215;2020-04-18 15:30:00;2020-04-18 16:00:00;100.7
1071729215;2020-04-18 16:00:00;2020-04-18 16:30:00;106.6
1071729215;2020-04-18 16:30:00;2020-04-18 17:00:00;109.76666666666667
1071729215;2020-04-18 17:00:00;2020-04-18 17:30:00;110.2
1071729215;2020-04-18 17:30:00;2020-04-18 18:00:00;113.06666666666666
1071729215;2020-04-18 18:00:00;2020-04-18 18:30:00;113.76666666666667
1071729215;2020-04-18 18:30:00;2020-04-18 19:00:00;101.03333333333333
1071729215;2020-04-18 19:00:00;2020-04-18 19:30:00;111.06666666666666
1071729215;2020-04-18 19:30:00;2020-04-18 20:00:00;111.0
1071729215;2020-04-18 20:00:00;2020-04-18 20:30:00;103.0
1071729215;2020-04-18 20:30:00;2020-04-18 21:00:00;103.0
1071729215;2020-04-18 21:00:00;2020-04-18 21:30:00;109.3
1071729215;2020-04-18 21:30:00;2020-04-18 22:00:00;106.3
1071729215;2020-04-18 22:00:00;2020-04-18 22:30:00;100.16666666666667
1071729215;2020-04-18 22:30:00;2020-04-18 23:00:00;98.96666666666667
1071729215;2020-04-18 23:00:00;2020-04-18 23:30:00;103.0
1071729215;2020-04-18 23:30:00;2020-04-18 23:59:59;103.0
1071729215;2020-04-19 00:00:00;2020-04-19 00:30:00;103.0
1071729215;2020-04-19 00:30:00;2020-04-19 01:00:00;103.0
1071729215;2020-04-19 01:00:00;2020-04-19 01:30:00;103.0
1071729215;2020-04-19 01:30:00;2020-04-19 02:00:00;103.0
1071729215;2020-04-19 02:00:00;2020-04-19 02:30:00;103.0
1071729215;2020-04-19 02:30:00;2020-04-19 03:00:00;103.0
1071729215;2020-04-19 03:00:00;2020-04-19 03:30:00;109.0
1071729215;2020-04-19 03:30:00;2020-04-19 04:00:00;109.0
1071729215;2020-04-19 04:00:00;2020-04-19 04:30:00;122.0
1071729215;2020-04-19 04:30:00;2020-04-19 05:00:00;122.0
1071729215;2020-04-19 05:00:00;2020-04-19 05:30:00;114.0
1071729215;2020-04-19 05:30:00;2020-04-19 06:00:00;115.86666666666666
1071729215;2020-04-19 06:00:00;2020-04-19 06:30:00;107.1
1071729215;2020-04-19 06:30:00;2020-04-19 07:00:00;102.7
1071729215;2020-04-19 07:00:00;2020-04-19 07:30:00;108.4
1071729215;2020-04-19 07:30:00;2020-04-19 08:00:00;105.66666666666667
1071729215;2020-04-19 08:00:00;2020-04-19 08:30:00;99.06666666666666
1071729215;2020-04-19 08:30:00;2020-04-19 09:00:00;102.93333333333334
1071729215;2020-04-19 09:00:00;2020-04-19 09:30:00;101.96666666666667
1071729215;2020-04-19 09:30:00;2020-04-19 10:00:00;99.93333333333334
1071729215;2020-04-19 10:00:00;2020-04-19 10:30:00;107.1
1071729215;2020-04-19 10:30:00;2020-04-19 11:00:00;94.73333333333333
1071729215;2020-04-19 11:00:00;2020-04-19 11:30:00;108.1
1071729215;2020-04-19 11:30:00;2020-04-19 12:00:00;107.4
1071729215;2020-04-19 12:00:00;2020-04-19 12:30:00;113.93333333333334
1071729215;2020-04-19 12:30:00;2020-04-19 13:00:00;115.46666666666667
1071729215;2020-04-19 13:00:00;2020-04-19 13:30:00;113.53333333333333
1071729215;2020-04-19 13:30:00;2020-04-19 14:00:00;114.86666666666666
1071729215;2020-04-19 14:00:00;2020-04-19 14:30:00;92.66666666666667
1071729215;2020-04-19 14:30:00;2020-04-19 15:00:00;94.46666666666667
1071729215;2020-04-19 15:00:00;2020-04-19 15:30:00;108.96666666666667
1071729215;2020-04-19 15:30:00;2020-04-19 16:00:00;102.33333333333333
1071729215;2020-04-19 16:00:00;2020-04-19 16:30:00;110.83333333333333
1071729215;2020-04-19 16:30:00;2020-04-19 17:00:00;109.23333333333333
1071729215;2020-04-19 17:00:00;2020-04-19 17:30:00;108.23333333333333
1071729215;2020-04-19 17:30:00;2020-04-19 18:00:00;104.96666666666667
1071729215;2020-04-19 18:00:00;2020-04-19 18:30:00;107.5
1071729215;2020-04-19 18:30:00;2020-04-19 19:00:00;107.8
1071729215;2020-04-19 19:00:00;2020-04-19 19:30:00;108.4
1071729215;2020-04-19 19:30:00;2020-04-19 20:00:00;110.5
1071729215;2020-04-19 20:00:00;2020-04-19 20:30:00;108.4
1071729215;2020-04-19 20:30:00;2020-04-19 21:00:00;103.6
1071729215;2020-04-19 21:00:00;2020-04-19 21:30:00;103.0
1071729215;2020-04-19 21:30:00;2020-04-19 22:00:00;105.4
1071729215;2020-04-19 22:00:00;2020-04-19 22:30:00;103.4
1071729215;2020-04-19 22:30:00;2020-04-19 23:00:00;103.0
1071729215;2020-04-19 23:00:00;2020-04-19 23:30:00;103.0
1071729215;2020-04-19 23:30:00;2020-04-19 23:59:59;103.0
1071729215;2020-04-20 00:00:00;2020-04-20 00:30:00;103.0
1071729215;2020-04-20 00:30:00;2020-04-20 01:00:00;103.0
1071729215;2020-04-20 01:00:00;2020-04-20 01:30:00;103.0
1071729215;2020-04-20 01:30:00;2020-04-20 02:00:00;103.0
1071729215;2020-04-20 02:00:00;2020-04-20 02:30:00;95.53333333333333
1071729215;2020-04-20 02:30:00;2020-04-20 03:00:00;112.33333333333333
1071729215;2020-04-20 03:00:00;2020-04-20 03:30:00;107.13333333333334
1071729215;2020-04-20 03:30:00;2020-04-20 04:00:00;107.73333333333333
1071729215;2020-04-20 04:00:00;2020-04-20 04:30:00;121.16666666666667
1071729215;2020-04-20 04:30:00;2020-04-20 05:00:00;113.53333333333333
1071729215;2020-04-20 05:00:00;2020-04-20 05:30:00;99.76666666666667
1071729215;2020-04-20 05:30:00;2020-04-20 06:00:00;109.4
1071729215;2020-04-20 06:00:00;2020-04-20 06:30:00;108.4
1071729215;2020-04-20 06:30:00;2020-04-20 07:00:00;96.5
1071729215;2020-04-20 07:00:00;2020-04-20 07:30:00;100.0
1071729215;2020-04-20 07:30:00;2020-04-20 08:00:00;110.5
1071729215;2020-04-20 08:00:00;2020-04-20 08:30:00;109.76666666666667
1071729215;2020-04-20 08:30:00;2020-04-20 09:00:00;103.46666666666667
1071729215;2020-04-20 09:00:00;2020-04-20 09:30:00;105.23333333333333
1071729215;2020-04-20 09:30:00;2020-04-20 10:00:00;108.96666666666667
1071729215;2020-04-20 10:00:00;2020-04-20 10:30:00;106.33333333333333
1071729215;2020-04-20 10:30:00;2020-04-20 11:00:00;99.1
1071729215;2020-04-20 11:00:00;2020-04-20 11:30:00;99.8
1071729215;2020-04-20 11:30:00;2020-04-20 12:00:00;108.46666666666667
1071729215;2020-04-20 12:00:00;2020-04-20 12:30:00;92.9
1071729215;2020-04-20 12:30:00;2020-04-20 13:00:00;94.4
1071729215;2020-04-20 13:00:00;2020-04-20 13:30:00;96.66666666666667
1071729215;2020-04-20 13:30:00;2020-04-20 14:00:00;86.9
1071729215;2020-04-20 14:00:00;2020-04-20 14:30:00;90.93333333333334
1071729215;2020-04-20 14:30:00;2020-04-20 15:00:00;99.3
1071729215;2020-04-20 15:00:00;2020-04-20 15:30:00;92.83333333333333
1071729215;2020-04-20 15:30:00;2020-04-20 16:00:00;98.6
1071729215;2020-04-20 16:00:00;2020-04-20 16:30:00;97.5
1071729215;2020-04-20 16:30:00;2020-04-20 17:00:00;100.4
1071729215;2020-04-20 17:00:00;2020-04-20 17:30:00;96.5
1071729215;2020-04-20 17:30:00;2020-04-20 18:00:00;90.0
1071729215;2020-04-20 18:00:00;2020-04-20 18:30:00;96.23333333333333
1071729215;2020-04-20 18:30:00;2020-04-20 19:00:00;96.46666666666667
1071729215;2020-04-20 19:00:00;2020-04-20 19:30:00;110.56666666666666
1071729215;2020-04-20 19:30:00;2020-04-20 20:00:00;95.3
1071729215;2020-04-20 20:00:00;2020-04-20 20:30:00;113.33333333333333
1071729215;2020-04-20 20:30:00;2020-04-20 21:00:00;103.1
1071729215;2020-04-20 21:00:00;2020-04-20 21:30:00;103.0
1071729215;2020-04-20 21:30:00;2020-04-20 22:00:00;103.0
1071729215;2020-04-20 22:00:00;2020-04-20 22:30:00;103.0
1071729215;2020-04-20 22:30:00;2020-04-20 23:00:00;103.0
1071729215;2020-04-20 23:00:00;2020-04-20 23:30:00;103.0
1071729215;2020-04-20 23:30:00;2020-04-20 23:59:59;103.0
1071729215;2020-04-21 00:00:00;2020-04-21 00:30:00;103.0
1071729215;2020-04-21 00:30:00;2020-04-21 01:00:00;103.0
1071729215;2020-04-21 01:00:00;2020-04-21 01:30:00;103.0
1071729215;2020-04-21 01:30:00;2020-04-21 02:00:00;103.0
1071729215;2020-04-21 02:00:00;2020-04-21 02:30:00;103.0
1071729215;2020-04-21 02:30:00;2020-04-21 03:00:00;103.0
1071729215;2020-04-21 03:00:00;2020-04-21 03:30:00;101.96666666666667
1071729215;2020-04-21 03:30:00;2020-04-21 04:00:00;103.86666666666666
1071729215;2020-04-21 04:00:00;2020-04-21 04:30:00;102.6
1071729215;2020-04-21 04:30:00;2020-04-21 05:00:00;94.93333333333334
1071729215;2020-04-21 05:00:00;2020-04-21 05:30:00;96.13333333333334
1071729215;2020-04-21 05:30:00;2020-04-21 06:00:00;105.36666666666666
1071729215;2020-04-21 06:00:00;2020-04-21 06:30:00;107.23333333333333
1071729215;2020-04-21 06:30:00;2020-04-21 07:00:00;108.03333333333333
1071729215;2020-04-21 07:00:00;2020-04-21 07:30:00;103.8
1071729215;2020-04-21 07:30:00;2020-04-21 08:00:00;99.06666666666666
1071729215;2020-04-21 08:00:00;2020-04-21 08:30:00;90.96666666666667
1071729215;2020-04-21 08:30:00;2020-04-21 09:00:00;88.2
1071729215;2020-04-21 09:00:00;2020-04-21 09:30:00;99.4
1071729215;2020-04-21 09:30:00;2020-04-21 10:00:00;106.16666666666667
1071729215;2020-04-21 10:00:00;2020-04-21 10:30:00;100.36666666666666
1071729215;2020-04-21 10:30:00;2020-04-21 11:00:00;100.43333333333334
1071729215;2020-04-21 11:00:00;2020-04-21 11:30:00;98.26666666666667
1071729215;2020-04-21 11:30:00;2020-04-21 12:00:00;84.36666666666666
1071729215;2020-04-21 12:00:00;2020-04-21 12:30:00;97.36666666666666
1071729215;2020-04-21 12:30:00;2020-04-21 13:00:00;94.2
1071729215;2020-04-21 13:00:00;2020-04-21 13:30:00;96.93333333333334
1071729215;2020-04-21 13:30:00;2020-04-21 14:00:00;101.2
1071729215;2020-04-21 14:00:00;2020-04-21 14:30:00;103.7
1071729215;2020-04-21 14:30:00;2020-04-21 15:00:00;104.53333333333333
1071729215;2020-04-21 15:00:00;2020-04-21 15:30:00;99.0
1071729215;2020-04-21 15:30:00;2020-04-21 16:00:00;99.23333333333333
1071729215;2020-04-21 16:00:00;2020-04-21 16:30:00;100.5
1071729215;2020-04-21 16:30:00;2020-04-21 17:00:00;92.36666666666666
1071729215;2020-04-21 17:00:00;2020-04-21 17:30:00;83.66666666666667
1071729215;2020-04-21 17:30:00;2020-04-21 18:00:00;102.33333333333333
1071729215;2020-04-21 18:00:00;2020-04-21 18:30:00;109.8
1071729215;2020-04-21 18:30:00;2020-04-21 19:00:00;95.03333333333333
1071729215;2020-04-21 19:00:00;2020-04-21 19:30:00;102.33333333333333
1071729215;2020-04-21 19:30:00;2020-04-21 20:00:00;98.03333333333333
1071729215;2020-04-21 20:00:00;2020-04-21 20:30:00;115.16666666666667
1071729215;2020-04-21 20:30:00;2020-04-21 21:00:00;110.13333333333334
1071729215;2020-04-21 21:00:00;2020-04-21 21:30:00;95.03333333333333
1071729215;2020-04-21 21:30:00;2020-04-21 22:00:00;95.93333333333334
1071729215;2020-04-21 22:00:00;2020-04-21 22:30:00;103.0
1071729215;2020-04-21 22:30:00;2020-04-21 23:00:00;95.4
1071729215;2020-04-21 23:00:00;2020-04-21 23:30:00;103.0
1071729215;2020-04-21 23:30:00;2020-04-21 23:59:59;99.0
1071729215;2020-04-22 00:00:00;2020-04-22 00:30:00;103.0
1071729215;2020-04-22 00:30:00;2020-04-22 01:00:00;103.0
1071729215;2020-04-22 01:00:00;2020-04-22 01:30:00;103.0
1071729215;2020-04-22 01:30:00;2020-04-22 02:00:00;103.86666666666666
1071729215;2020-04-22 02:00:00;2020-04-22 02:30:00;103.0
1071729215;2020-04-22 02:30:00;2020-04-22 03:00:00;103.0
1071729215;2020-04-22 03:00:00;2020-04-22 03:30:00;100.6
1071729215;2020-04-22 03:30:00;2020-04-22 04:00:00;102.0
1071729215;2020-04-22 04:00:00;2020-04-22 04:30:00;98.96666666666667
1071729215;2020-04-22 04:30:00;2020-04-22 05:00:00;103.56666666666666
1071729215;2020-04-22 05:00:00;2020-04-22 05:30:00;92.56666666666666
1071729215;2020-04-22 05:30:00;2020-04-22 06:00:00;105.23333333333333
1071729215;2020-04-22 06:00:00;2020-04-22 06:30:00;105.9
1071729215;2020-04-22 06:30:00;2020-04-22 07:00:00;95.16666666666667
1071729215;2020-04-22 07:00:00;2020-04-22 07:30:00;94.06666666666666
1071729215;2020-04-22 07:30:00;2020-04-22 08:00:00;97.8
1071729215;2020-04-22 08:00:00;2020-04-22 08:30:00;109.06666666666666
1071729215;2020-04-22 08:30:00;2020-04-22 09:00:00;99.1
1071729215;2020-04-22 09:00:00;2020-04-22 09:30:00;104.26666666666667
1071729215;2020-04-22 09:30:00;2020-04-22 10:00:00;100.3
1071729215;2020-04-22 10:00:00;2020-04-22 10:30:00;104.66666666666667
1071729215;2020-04-22 10:30:00;2020-04-22 11:00:00;88.3
1071729215;2020-04-22 11:00:00;2020-04-22 11:30:00;102.53333333333333
1071729215;2020-04-22 11:30:00;2020-04-22 12:00:00;92.13333333333334
1071729215;2020-04-22 12:00:00;2020-04-22 12:30:00;108.66666666666667
1071729215;2020-04-22 12:30:00;2020-04-22 13:00:00;95.9
1071729215;2020-04-22 13:00:00;2020-04-22 13:30:00;86.93333333333334
1071729215;2020-04-22 13:30:00;2020-04-22 14:00:00;85.73333333333333
1071729215;2020-04-22 14:00:00;2020-04-22 14:30:00;98.03333333333333
1071729215;2020-04-22 14:30:00;2020-04-22 15:00:00;98.83333333333333
1071729215;2020-04-22 15:00:00;2020-04-22 15:30:00;108.4
1071729215;2020-04-22 15:30:00;2020-04-22 16:00:00;102.13333333333334
1071729215;2020-04-22 16:00:00;2020-04-22 16:30:00;87.26666666666667
1071729215;2020-04-22 16:30:00;2020-04-22 17:00:00;98.96666666666667
1071729215;2020-04-22 17:00:00;2020-04-22 17:30:00;104.26666666666667
1071729215;2020-04-22 17:30:00;2020-04-22 18:00:00;94.1
1071729215;2020-04-22 18:00:00;2020-04-22 18:30:00;101.3
1071729215;2020-04-22 18:30:00;2020-04-22 19:00:00;110.3
1071729215;2020-04-22 19:00:00;2020-04-22 19:30:00;112.83333333333333
1071729215;2020-04-22 19:30:00;2020-04-22 20:00:00;107.93333333333334
1071729215;2020-04-22 20:00:00;2020-04-22 20:30:00;106.43333333333334
1071729215;2020-04-22 20:30:00;2020-04-22 21:00:00;97.16666666666667
1071729215;2020-04-22 21:00:00;2020-04-22 21:30:00;101.5
1071729215;2020-04-22 21:30:00;2020-04-22 22:00:00;103.0
1071729215;2020-04-22 22:00:00;2020-04-22 22:30:00;110.56666666666666
1071729215;2020-04-22 22:30:00;2020-04-22 23:00:00;103.73333333333333
1071729215;2020-04-22 23:00:00;2020-04-22 23:30:00;103.0
1071729215;2020-04-22 23:30:00;2020-04-22 23:59:59;103.0
1071729215;2020-04-23 00:00:00;2020-04-23 00:30:00;103.0
1071729215;2020-04-23 00:30:00;2020-04-23 01:00:00;103.0
1071729215;2020-04-23 01:00:00;2020-04-23 01:30:00;103.0
1071729215;2020-04-23 01:30:00;2020-04-23 02:00:00;103.0
1071729215;2020-04-23 02:00:00;2020-04-23 02:30:00;103.0
1071729215;2020-04-23 02:30:00;2020-04-23 03:00:00;103.0
1071729215;2020-04-23 03:00:00;2020-04-23 03:30:00;100.0
1071729215;2020-04-23 03:30:00;2020-04-23 04:00:00;100.0
1071729215;2020-04-23 04:00:00;2020-04-23 04:30:00;105.73333333333333
1071729215;2020-04-23 04:30:00;2020-04-23 05:00:00;114.9
1071729215;2020-04-23 05:00:00;2020-04-23 05:30:00;111.03448275862068
1071729215;2020-04-23 05:30:00;2020-04-23 06:00:00;100.36666666666666
1071729215;2020-04-23 06:00:00;2020-04-23 06:30:00;111.6
1071729215;2020-04-23 06:30:00;2020-04-23 07:00:00;106.53333333333333
1071729215;2020-04-23 07:00:00;2020-04-23 07:30:00;97.23333333333333
1071729215;2020-04-23 07:30:00;2020-04-23 08:00:00;108.13333333333334
1071729215;2020-04-23 08:00:00;2020-04-23 08:30:00;103.2
1071729215;2020-04-23 08:30:00;2020-04-23 09:00:00;100.96666666666667
1071729215;2020-04-23 09:00:00;2020-04-23 09:30:00;104.76666666666667
1071729215;2020-04-23 09:30:00;2020-04-23 10:00:00;96.9
1071729215;2020-04-23 10:00:00;2020-04-23 10:30:00;91.6
1071729215;2020-04-23 10:30:00;2020-04-23 11:00:00;101.1
1071729215;2020-04-23 11:00:00;2020-04-23 11:30:00;88.23333333333333
1071729215;2020-04-23 11:30:00;2020-04-23 12:00:00;98.86666666666666
1071729215;2020-04-23 12:00:00;2020-04-23 12:30:00;96.2
1071729215;2020-04-23 12:30:00;2020-04-23 13:00:00;85.63333333333334
1071729215;2020-04-23 13:00:00;2020-04-23 13:30:00;99.23333333333333
1071729215;2020-04-23 13:30:00;2020-04-23 14:00:00;101.53333333333333
1071729215;2020-04-23 14:00:00;2020-04-23 14:30:00;96.73333333333333
1071729215;2020-04-23 14:30:00;2020-04-23 15:00:00;93.93333333333334
1071729215;2020-04-23 15:00:00;2020-04-23 15:30:00;96.1
1071729215;2020-04-23 15:30:00;2020-04-23 16:00:00;106.43333333333334
1071729215;2020-04-23 16:00:00;2020-04-23 16:30:00;17.866666666666667
1071729215;2020-04-23 16:30:00;2020-04-23 17:00:00;
1071729215;2020-04-23 17:00:00;2020-04-23 17:30:00;
1071729215;2020-04-23 17:30:00;2020-04-23 18:00:00;
1071729215;2020-04-23 18:00:00;2020-04-23 18:30:00;
1071729215;2020-04-23 18:30:00;2020-04-23 19:00:00;
1071729215;2020-04-23 19:00:00;2020-04-23 19:30:00;
1071729215;2020-04-23 19:30:00;2020-04-23 20:00:00;
1071729215;2020-04-23 20:00:00;2020-04-23 20:30:00;
1071729215;2020-04-23 20:30:00;2020-04-23 21:00:00;
1071729215;2020-04-23 21:00:00;2020-04-23 21:30:00;
1071729215;2020-04-23 21:30:00;2020-04-23 22:00:00;
1071729215;2020-04-23 22:00:00;2020-04-23 22:30:00;
1071729215;2020-04-23 22:30:00;2020-04-23 23:00:00;
1071729215;2020-04-23 23:00:00;2020-04-23 23:30:00;
1071729215;2020-04-23 23:30:00;2020-04-23 23:59:59;
1071729215;2020-04-24 00:00:00;2020-04-24 00:30:00;
1071729215;2020-04-24 00:30:00;2020-04-24 01:00:00;
1071729215;2020-04-24 01:00:00;2020-04-24 01:30:00;
1071729215;2020-04-24 01:30:00;2020-04-24 02:00:00;
1071729215;2020-04-24 02:00:00;2020-04-24 02:30:00;
1071729215;2020-04-24 02:30:00;2020-04-24 03:00:00;
1071729215;2020-04-24 03:00:00;2020-04-24 03:30:00;
1071729215;2020-04-24 03:30:00;2020-04-24 04:00:00;
1071729215;2020-04-24 04:00:00;2020-04-24 04:30:00;97.6
1071729215;2020-04-24 04:30:00;2020-04-24 05:00:00;106.33333333333333
1071729215;2020-04-24 05:00:00;2020-04-24 05:30:00;100.76666666666667
1071729215;2020-04-24 05:30:00;2020-04-24 06:00:00;102.56666666666666
1071729215;2020-04-24 06:00:00;2020-04-24 06:30:00;97.13333333333334
1071729215;2020-04-24 06:30:00;2020-04-24 07:00:00;107.96666666666667
1071729215;2020-04-24 07:00:00;2020-04-24 07:30:00;95.43333333333334
1071729215;2020-04-24 07:30:00;2020-04-24 08:00:00;116.9
1071729215;2020-04-24 08:00:00;2020-04-24 08:30:00;108.83333333333333
1071729215;2020-04-24 08:30:00;2020-04-24 09:00:00;102.83333333333333
1071729215;2020-04-24 09:00:00;2020-04-24 09:30:00;101.06666666666666
1071729215;2020-04-24 09:30:00;2020-04-24 10:00:00;94.33333333333333
1071729215;2020-04-24 10:00:00;2020-04-24 10:30:00;93.46666666666667
1071729215;2020-04-24 10:30:00;2020-04-24 11:00:00;95.26666666666667
1071729215;2020-04-24 11:00:00;2020-04-24 11:30:00;101.76666666666667
1071729215;2020-04-24 11:30:00;2020-04-24 12:00:00;96.6
1071729215;2020-04-24 12:00:00;2020-04-24 12:30:00;100.46666666666667
1071729215;2020-04-24 12:30:00;2020-04-24 13:00:00;110.26666666666667
1071729215;2020-04-24 13:00:00;2020-04-24 13:30:00;97.36666666666666
1071729215;2020-04-24 13:30:00;2020-04-24 14:00:00;99.56666666666666
1071729215;2020-04-24 14:00:00;2020-04-24 14:30:00;102.86666666666666
1071729215;2020-04-24 14:30:00;2020-04-24 15:00:00;96.23333333333333
1071729215;2020-04-24 15:00:00;2020-04-24 15:30:00;103.96666666666667
1071729215;2020-04-24 15:30:00;2020-04-24 16:00:00;101.03333333333333
1071729215;2020-04-24 16:00:00;2020-04-24 16:30:00;106.0
1071729215;2020-04-24 16:30:00;2020-04-24 17:00:00;104.9
1071729215;2020-04-24 17:00:00;2020-04-24 17:30:00;100.0
1071729215;2020-04-24 17:30:00;2020-04-24 18:00:00;108.43333333333334
1071729215;2020-04-24 18:00:00;2020-04-24 18:30:00;108.1
1071729215;2020-04-24 18:30:00;2020-04-24 19:00:00;114.16666666666667
1071729215;2020-04-24 19:00:00;2020-04-24 19:30:00;111.2
1071729215;2020-04-24 19:30:00;2020-04-24 20:00:00;113.93333333333334
1071729215;2020-04-24 20:00:00;2020-04-24 20:30:00;114.26666666666667
1071729215;2020-04-24 20:30:00;2020-04-24 21:00:00;103.33333333333333
1071729215;2020-04-24 21:00:00;2020-04-24 21:30:00;103.0
1071729215;2020-04-24 21:30:00;2020-04-24 22:00:00;96.46666666666667
1071729215;2020-04-24 22:00:00;2020-04-24 22:30:00;103.0
1071729215;2020-04-24 22:30:00;2020-04-24 23:00:00;103.0
1071729215;2020-04-24 23:00:00;2020-04-24 23:30:00;105.2
1071729215;2020-04-24 23:30:00;2020-04-24 23:59:59;103.0
1071729215;2020-04-25 00:00:00;2020-04-25 00:30:00;103.0
1071729215;2020-04-25 00:30:00;2020-04-25 01:00:00;103.0
1071729215;2020-04-25 01:00:00;2020-04-25 01:30:00;103.0
1071729215;2020-04-25 01:30:00;2020-04-25 02:00:00;103.0
1071729215;2020-04-25 02:00:00;2020-04-25 02:30:00;96.63333333333334
1071729215;2020-04-25 02:30:00;2020-04-25 03:00:00;101.86666666666666
1071729215;2020-04-25 03:00:00;2020-04-25 03:30:00;106.16666666666667
1071729215;2020-04-25 03:30:00;2020-04-25 04:00:00;108.0
1071729215;2020-04-25 04:00:00;2020-04-25 04:30:00;113.0
1071729215;2020-04-25 04:30:00;2020-04-25 05:00:00;113.0
1071729215;2020-04-25 05:00:00;2020-04-25 05:30:00;109.26666666666667
1071729215;2020-04-25 05:30:00;2020-04-25 06:00:00;106.23333333333333
1071729215;2020-04-25 06:00:00;2020-04-25 06:30:00;96.23333333333333
1071729215;2020-04-25 06:30:00;2020-04-25 07:00:00;89.23333333333333
1071729215;2020-04-25 07:00:00;2020-04-25 07:30:00;112.36666666666666
1071729215;2020-04-25 07:30:00;2020-04-25 08:00:00;108.0
1071729215;2020-04-25 08:00:00;2020-04-25 08:30:00;106.06666666666666
1071729215;2020-04-25 08:30:00;2020-04-25 09:00:00;107.93333333333334
1071729215;2020-04-25 09:00:00;2020-04-25 09:30:00;115.26666666666667
1071729215;2020-04-25 09:30:00;2020-04-25 10:00:00;97.46666666666667
1071729215;2020-04-25 10:00:00;2020-04-25 10:30:00;103.33333333333333
1071729215;2020-04-25 10:30:00;2020-04-25 11:00:00;99.33333333333333
1071729215;2020-04-25 11:00:00;2020-04-25 11:30:00;104.1
1071729215;2020-04-25 11:30:00;2020-04-25 12:00:00;98.63333333333334
1071729215;2020-04-25 12:00:00;2020-04-25 12:30:00;109.26666666666667
1071729215;2020-04-25 12:30:00;2020-04-25 13:00:00;99.96666666666667
1071729215;2020-04-25 13:00:00;2020-04-25 13:30:00;101.6
1071729215;2020-04-25 13:30:00;2020-04-25 14:00:00;100.46666666666667
1071729215;2020-04-25 14:00:00;2020-04-25 14:30:00;89.7
1071729215;2020-04-25 14:30:00;2020-04-25 15:00:00;104.73333333333333
1071729215;2020-04-25 15:00:00;2020-04-25 15:30:00;111.14814814814815
1071729215;2020-04-25 15:30:00;2020-04-25 16:00:00;96.23333333333333
1071729215;2020-04-25 16:00:00;2020-04-25 16:30:00;105.7
1071729215;2020-04-25 16:30:00;2020-04-25 17:00:00;98.8
1071729215;2020-04-25 17:00:00;2020-04-25 17:30:00;115.76666666666667
1071729215;2020-04-25 17:30:00;2020-04-25 18:00:00;111.86666666666666
1071729215;2020-04-25 18:00:00;2020-04-25 18:30:00;111.13333333333334
1071729215;2020-04-25 18:30:00;2020-04-25 19:00:00;109.76666666666667
1071729215;2020-04-25 19:00:00;2020-04-25 19:30:00;106.86666666666666
1071729215;2020-04-25 19:30:00;2020-04-25 20:00:00;106.8
1071729215;2020-04-25 20:00:00;2020-04-25 20:30:00;104.33333333333333
1071729215;2020-04-25 20:30:00;2020-04-25 21:00:00;103.0
1071729215;2020-04-25 21:00:00;2020-04-25 21:30:00;103.0
1071729215;2020-04-25 21:30:00;2020-04-25 22:00:00;103.0
1071729215;2020-04-25 22:00:00;2020-04-25 22:30:00;103.0
1071729215;2020-04-25 22:30:00;2020-04-25 23:00:00;103.0
1071729215;2020-04-25 23:00:00;2020-04-25 23:30:00;103.0
1071729215;2020-04-25 23:30:00;2020-04-25 23:59:59;103.0
1071729215;2020-04-26 00:00:00;2020-04-26 00:30:00;103.0
1071729215;2020-04-26 00:30:00;2020-04-26 01:00:00;103.0
1071729215;2020-04-26 01:00:00;2020-04-26 01:30:00;103.0
1071729215;2020-04-26 01:30:00;2020-04-26 02:00:00;103.0
1071729215;2020-04-26 02:00:00;2020-04-26 02:30:00;103.0
1071729215;2020-04-26 02:30:00;2020-04-26 03:00:00;103.0
1071729215;2020-04-26 03:00:00;2020-04-26 03:30:00;109.0
1071729215;2020-04-26 03:30:00;2020-04-26 04:00:00;109.0
1071729215;2020-04-26 04:00:00;2020-04-26 04:30:00;109.53333333333333
1071729215;2020-04-26 04:30:00;2020-04-26 05:00:00;102.23333333333333
1071729215;2020-04-26 05:00:00;2020-04-26 05:30:00;109.8
1071729215;2020-04-26 05:30:00;2020-04-26 06:00:00;116.66666666666667
1071729215;2020-04-26 06:00:00;2020-04-26 06:30:00;117.33333333333333
1071729215;2020-04-26 06:30:00;2020-04-26 07:00:00;112.13333333333334
1071729215;2020-04-26 07:00:00;2020-04-26 07:30:00;95.9
1071729215;2020-04-26 07:30:00;2020-04-26 08:00:00;96.96666666666667
1071729215;2020-04-26 08:00:00;2020-04-26 08:30:00;95.2
1071729215;2020-04-26 08:30:00;2020-04-26 09:00:00;99.03333333333333
1071729215;2020-04-26 09:00:00;2020-04-26 09:30:00;108.53333333333333
1071729215;2020-04-26 09:30:00;2020-04-26 10:00:00;105.63333333333334
1071729215;2020-04-26 10:00:00;2020-04-26 10:30:00;108.13333333333334
1071729215;2020-04-26 10:30:00;2020-04-26 11:00:00;97.26666666666667
1071729215;2020-04-26 11:00:00;2020-04-26 11:30:00;100.2
1071729215;2020-04-26 11:30:00;2020-04-26 12:00:00;108.16666666666667
1071729215;2020-04-26 12:00:00;2020-04-26 12:30:00;104.73333333333333
1071729215;2020-04-26 12:30:00;2020-04-26 13:00:00;96.56666666666666
1071729215;2020-04-26 13:00:00;2020-04-26 13:30:00;104.16666666666667
1071729215;2020-04-26 13:30:00;2020-04-26 14:00:00;97.3
1071729215;2020-04-26 14:00:00;2020-04-26 14:30:00;108.06666666666666
1071729215;2020-04-26 14:30:00;2020-04-26 15:00:00;98.6
1071729215;2020-04-26 15:00:00;2020-04-26 15:30:00;99.36666666666666
1071729215;2020-04-26 15:30:00;2020-04-26 16:00:00;103.4
1071729215;2020-04-26 16:00:00;2020-04-26 16:30:00;107.23333333333333
1071729215;2020-04-26 16:30:00;2020-04-26 17:00:00;98.76666666666667
1071729215;2020-04-26 17:00:00;2020-04-26 17:30:00;100.86666666666666
1071729215;2020-04-26 17:30:00;2020-04-26 18:00:00;114.63333333333334
1071729215;2020-04-26 18:00:00;2020-04-26 18:30:00;101.6
1071729215;2020-04-26 18:30:00;2020-04-26 19:00:00;106.6
1071729215;2020-04-26 19:00:00;2020-04-26 19:30:00;104.53333333333333
1071729215;2020-04-26 19:30:00;2020-04-26 20:00:00;108.0
1071729215;2020-04-26 20:00:00;2020-04-26 20:30:00;111.36666666666666
1071729215;2020-04-26 20:30:00;2020-04-26 21:00:00;106.3
1071729215;2020-04-26 21:00:00;2020-04-26 21:30:00;102.53333333333333
1071729215;2020-04-26 21:30:00;2020-04-26 22:00:00;103.0
1071729215;2020-04-26 22:00:00;2020-04-26 22:30:00;103.0
1071729215;2020-04-26 22:30:00;2020-04-26 23:00:00;103.0
1071729215;2020-04-26 23:00:00;2020-04-26 23:30:00;103.0
1071729215;2020-04-26 23:30:00;2020-04-26 23:59:59;103.0
1071729215;2020-04-27 00:00:00;2020-04-27 00:30:00;103.0
1071729215;2020-04-27 00:30:00;2020-04-27 01:00:00;103.0
1071729215;2020-04-27 01:00:00;2020-04-27 01:30:00;103.0
1071729215;2020-04-27 01:30:00;2020-04-27 02:00:00;103.0
1071729215;2020-04-27 02:00:00;2020-04-27 02:30:00;103.0
1071729215;2020-04-27 02:30:00;2020-04-27 03:00:00;103.0
1071729215;2020-04-27 03:00:00;2020-04-27 03:30:00;103.0
1071729215;2020-04-27 03:30:00;2020-04-27 04:00:00;116.1
1071729215;2020-04-27 04:00:00;2020-04-27 04:30:00;118.63333333333334
1071729215;2020-04-27 04:30:00;2020-04-27 05:00:00;107.26666666666667
1071729215;2020-04-27 05:00:00;2020-04-27 05:30:00;97.66666666666667
1071729215;2020-04-27 05:30:00;2020-04-27 06:00:00;105.63333333333334
1071729215;2020-04-27 06:00:00;2020-04-27 06:30:00;107.13333333333334
1071729215;2020-04-27 06:30:00;2020-04-27 07:00:00;109.9
1071729215;2020-04-27 07:00:00;2020-04-27 07:30:00;98.36666666666666
1071729215;2020-04-27 07:30:00;2020-04-27 08:00:00;101.26666666666667
1071729215;2020-04-27 08:00:00;2020-04-27 08:30:00;108.8
1071729215;2020-04-27 08:30:00;2020-04-27 09:00:00;112.88235294117646
1071729215;2020-04-27 09:00:00;2020-04-27 09:30:00;98.73333333333333
1071729215;2020-04-27 09:30:00;2020-04-27 10:00:00;109.53333333333333
1071729215;2020-04-27 10:00:00;2020-04-27 10:30:00;96.26666666666667
1071729215;2020-04-27 10:30:00;2020-04-27 11:00:00;106.8
1071729215;2020-04-27 11:00:00;2020-04-27 11:30:00;104.16666666666667
1071729215;2020-04-27 11:30:00;2020-04-27 12:00:00;99.46666666666667
1071729215;2020-04-27 12:00:00;2020-04-27 12:30:00;94.26666666666667
1071729215;2020-04-27 12:30:00;2020-04-27 13:00:00;95.1
1071729215;2020-04-27 13:00:00;2020-04-27 13:30:00;103.8
1071729215;2020-04-27 13:30:00;2020-04-27 14:00:00;96.53333333333333
1071729215;2020-04-27 14:00:00;2020-04-27 14:30:00;84.46666666666667
1071729215;2020-04-27 14:30:00;2020-04-27 15:00:00;106.03333333333333
1071729215;2020-04-27 15:00:00;2020-04-27 15:30:00;88.5
1071729215;2020-04-27 15:30:00;2020-04-27 16:00:00;92.46666666666667
1071729215;2020-04-27 16:00:00;2020-04-27 16:30:00;99.13333333333334
1071729215;2020-04-27 16:30:00;2020-04-27 17:00:00;89.7
1071729215;2020-04-27 17:00:00;2020-04-27 17:30:00;105.4
1071729215;2020-04-27 17:30:00;2020-04-27 18:00:00;94.36666666666666
1071729215;2020-04-27 18:00:00;2020-04-27 18:30:00;93.76666666666667
1071729215;2020-04-27 18:30:00;2020-04-27 19:00:00;93.1
1071729215;2020-04-27 19:00:00;2020-04-27 19:30:00;111.7
1071729215;2020-04-27 19:30:00;2020-04-27 20:00:00;111.7
1071729215;2020-04-27 20:00:00;2020-04-27 20:30:00;116.73333333333333
1071729215;2020-04-27 20:30:00;2020-04-27 21:00:00;110.83333333333333
1071729215;2020-04-27 21:00:00;2020-04-27 21:30:00;98.06666666666666
1071729215;2020-04-27 21:30:00;2020-04-27 22:00:00;103.0
1071729215;2020-04-27 22:00:00;2020-04-27 22:30:00;103.0
1071729215;2020-04-27 22:30:00;2020-04-27 23:00:00;103.0
1071729215;2020-04-27 23:00:00;2020-04-27 23:30:00;103.0
1071729215;2020-04-27 23:30:00;2020-04-27 23:59:59;102.2
1071729215;2020-04-28 00:00:00;2020-04-28 00:30:00;101.7
1071729215;2020-04-28 00:30:00;2020-04-28 01:00:00;103.0
1071729215;2020-04-28 01:00:00;2020-04-28 01:30:00;103.0
1071729215;2020-04-28 01:30:00;2020-04-28 02:00:00;93.33333333333333
1071729215;2020-04-28 02:00:00;2020-04-28 02:30:00;103.0
1071729215;2020-04-28 02:30:00;2020-04-28 03:00:00;103.0
1071729215;2020-04-28 03:00:00;2020-04-28 03:30:00;112.26666666666667
1071729215;2020-04-28 03:30:00;2020-04-28 04:00:00;102.33333333333333
1071729215;2020-04-28 04:00:00;2020-04-28 04:30:00;90.4
1071729215;2020-04-28 04:30:00;2020-04-28 05:00:00;96.3
1071729215;2020-04-28 05:00:00;2020-04-28 05:30:00;94.66666666666667
1071729215;2020-04-28 05:30:00;2020-04-28 06:00:00;93.9
1071729215;2020-04-28 06:00:00;2020-04-28 06:30:00;93.66666666666667
1071729215;2020-04-28 06:30:00;2020-04-28 07:00:00;109.03333333333333
1071729215;2020-04-28 07:00:00;2020-04-28 07:30:00;90.96666666666667
1071729215;2020-04-28 07:30:00;2020-04-28 08:00:00;94.13333333333334
1071729215;2020-04-28 08:00:00;2020-04-28 08:30:00;89.23333333333333
1071729215;2020-04-28 08:30:00;2020-04-28 09:00:00;98.43333333333334
1071729215;2020-04-28 09:00:00;2020-04-28 09:30:00;103.5
1071729215;2020-04-28 09:30:00;2020-04-28 10:00:00;106.86666666666666
1071729215;2020-04-28 10:00:00;2020-04-28 10:30:00;106.2
1071729215;2020-04-28 10:30:00;2020-04-28 11:00:00;84.73333333333333
1071729215;2020-04-28 11:00:00;2020-04-28 11:30:00;105.7
1071729215;2020-04-28 11:30:00;2020-04-28 12:00:00;101.6
1071729215;2020-04-28 12:00:00;2020-04-28 12:30:00;96.33333333333333
1071729215;2020-04-28 12:30:00;2020-04-28 13:00:00;95.7
1071729215;2020-04-28 13:00:00;2020-04-28 13:30:00;93.73333333333333
1071729215;2020-04-28 13:30:00;2020-04-28 14:00:00;97.16666666666667
1071729215;2020-04-28 14:00:00;2020-04-28 14:30:00;95.16666666666667
1071729215;2020-04-28 14:30:00;2020-04-28 15:00:00;102.06666666666666
1071729215;2020-04-28 15:00:00;2020-04-28 15:30:00;93.76666666666667
1071729215;2020-04-28 15:30:00;2020-04-28 16:00:00;87.03333333333333
1071729215;2020-04-28 16:00:00;2020-04-28 16:30:00;93.6
1071729215;2020-04-28 16:30:00;2020-04-28 17:00:00;100.4
1071729215;2020-04-28 17:00:00;2020-04-28 17:30:00;109.26666666666667
1071729215;2020-04-28 17:30:00;2020-04-28 18:00:00;105.4
1071729215;2020-04-28 18:00:00;2020-04-28 18:30:00;118.96666666666667
1071729215;2020-04-28 18:30:00;2020-04-28 19:00:00;106.9
1071729215;2020-04-28 19:00:00;2020-04-28 19:30:00;108.6
1071729215;2020-04-28 19:30:00;2020-04-28 20:00:00;108.56666666666666
1071729215;2020-04-28 20:00:00;2020-04-28 20:30:00;117.9
1071729215;2020-04-28 20:30:00;2020-04-28 21:00:00;105.76666666666667
1071729215;2020-04-28 21:00:00;2020-04-28 21:30:00;97.06666666666666
1071729215;2020-04-28 21:30:00;2020-04-28 22:00:00;103.0
1071729215;2020-04-28 22:00:00;2020-04-28 22:30:00;103.0
1071729215;2020-04-28 22:30:00;2020-04-28 23:00:00;103.0
1071729215;2020-04-28 23:00:00;2020-04-28 23:30:00;103.0
1071729215;2020-04-28 23:30:00;2020-04-28 23:59:59;96.46666666666667
1071729215;2020-04-29 00:00:00;2020-04-29 00:30:00;103.0
1071729215;2020-04-29 00:30:00;2020-04-29 01:00:00;103.0
1071729215;2020-04-29 01:00:00;2020-04-29 01:30:00;103.0
1071729215;2020-04-29 01:30:00;2020-04-29 02:00:00;103.0
1071729215;2020-04-29 02:00:00;2020-04-29 02:30:00;103.0
1071729215;2020-04-29 02:30:00;2020-04-29 03:00:00;103.0
1071729215;2020-04-29 03:00:00;2020-04-29 03:30:00;100.4
1071729215;2020-04-29 03:30:00;2020-04-29 04:00:00;91.53333333333333
1071729215;2020-04-29 04:00:00;2020-04-29 04:30:00;91.8
1071729215;2020-04-29 04:30:00;2020-04-29 05:00:00;96.73333333333333
1071729215;2020-04-29 05:00:00;2020-04-29 05:30:00;109.26666666666667
1071729215;2020-04-29 05:30:00;2020-04-29 06:00:00;106.3
1071729215;2020-04-29 06:00:00;2020-04-29 06:30:00;106.7
1071729215;2020-04-29 06:30:00;2020-04-29 07:00:00;95.53333333333333
1071729215;2020-04-29 07:00:00;2020-04-29 07:30:00;96.56666666666666
1071729215;2020-04-29 07:30:00;2020-04-29 08:00:00;98.96666666666667
1071729215;2020-04-29 08:00:00;2020-04-29 08:30:00;89.1
1071729215;2020-04-29 08:30:00;2020-04-29 09:00:00;91.6
1071729215;2020-04-29 09:00:00;2020-04-29 09:30:00;109.63333333333334
1071729215;2020-04-29 09:30:00;2020-04-29 10:00:00;98.9
1071729215;2020-04-29 10:00:00;2020-04-29 10:30:00;100.53333333333333
1071729215;2020-04-29 10:30:00;2020-04-29 11:00:00;90.56666666666666
1071729215;2020-04-29 11:00:00;2020-04-29 11:30:00;98.0
1071729215;2020-04-29 11:30:00;2020-04-29 12:00:00;101.73333333333333
1071729215;2020-04-29 12:00:00;2020-04-29 12:30:00;102.26666666666667
1071729215;2020-04-29 12:30:00;2020-04-29 13:00:00;84.66666666666667
1071729215;2020-04-29 13:00:00;2020-04-29 13:30:00;113.5
1071729215;2020-04-29 13:30:00;2020-04-29 14:00:00;107.9
1071729215;2020-04-29 14:00:00;2020-04-29 14:30:00;98.73333333333333
1071729215;2020-04-29 14:30:00;2020-04-29 15:00:00;98.03333333333333
1071729215;2020-04-29 15:00:00;2020-04-29 15:30:00;100.43333333333334
1071729215;2020-04-29 15:30:00;2020-04-29 16:00:00;93.2
1071729215;2020-04-29 16:00:00;2020-04-29 16:30:00;92.76666666666667
1071729215;2020-04-29 16:30:00;2020-04-29 17:00:00;103.8
1071729215;2020-04-29 17:00:00;2020-04-29 17:30:00;119.1
1071729215;2020-04-29 17:30:00;2020-04-29 18:00:00;95.43333333333334
1071729215;2020-04-29 18:00:00;2020-04-29 18:30:00;124.36666666666666
1071729215;2020-04-29 18:30:00;2020-04-29 19:00:00;102.33333333333333
1071729215;2020-04-29 19:00:00;2020-04-29 19:30:00;96.86666666666666
1071729215;2020-04-29 19:30:00;2020-04-29 20:00:00;101.16666666666667
1071729215;2020-04-29 20:00:00;2020-04-29 20:30:00;113.7
1071729215;2020-04-29 20:30:00;2020-04-29 21:00:00;104.96666666666667
1071729215;2020-04-29 21:00:00;2020-04-29 21:30:00;96.3
1071729215;2020-04-29 21:30:00;2020-04-29 22:00:00;101.83333333333333
1071729215;2020-04-29 22:00:00;2020-04-29 22:30:00;103.0
1071729215;2020-04-29 22:30:00;2020-04-29 23:00:00;101.63333333333334
1071729215;2020-04-29 23:00:00;2020-04-29 23:30:00;104.33333333333333
1071729215;2020-04-29 23:30:00;2020-04-29 23:59:59;107.73333333333333
1071729215;2020-04-30 00:00:00;2020-04-30 00:30:00;103.0
1071729215;2020-04-30 00:30:00;2020-04-30 01:00:00;103.0
1071729215;2020-04-30 01:00:00;2020-04-30 01:30:00;99.0
1071729215;2020-04-30 01:30:00;2020-04-30 02:00:00;103.0
1071729215;2020-04-30 02:00:00;2020-04-30 02:30:00;103.0
1071729215;2020-04-30 02:30:00;2020-04-30 03:00:00;103.0
1071729215;2020-04-30 03:00:00;2020-04-30 03:30:00;92.0
1071729215;2020-04-30 03:30:00;2020-04-30 04:00:00;92.0
1071729215;2020-04-30 04:00:00;2020-04-30 04:30:00;93.0
1071729215;2020-04-30 04:30:00;2020-04-30 05:00:00;94.53333333333333
1071729215;2020-04-30 05:00:00;2020-04-30 05:30:00;94.13333333333334
1071729215;2020-04-30 05:30:00;2020-04-30 06:00:00;109.89655172413794
1071729215;2020-04-30 06:00:00;2020-04-30 06:30:00;104.53333333333333
1071729215;2020-04-30 06:30:00;2020-04-30 07:00:00;98.3
1071729215;2020-04-30 07:00:00;2020-04-30 07:30:00;87.13333333333334
1071729215;2020-04-30 07:30:00;2020-04-30 08:00:00;109.16666666666667
1071729215;2020-04-30 08:00:00;2020-04-30 08:30:00;110.5
1071729215;2020-04-30 08:30:00;2020-04-30 09:00:00;104.96666666666667
1071729215;2020-04-30 09:00:00;2020-04-30 09:30:00;98.6
1071729215;2020-04-30 09:30:00;2020-04-30 10:00:00;97.03333333333333
1071729215;2020-04-30 10:00:00;2020-04-30 10:30:00;96.3
1071729215;2020-04-30 10:30:00;2020-04-30 11:00:00;85.93333333333334
1071729215;2020-04-30 11:00:00;2020-04-30 11:30:00;96.83333333333333
1071729215;2020-04-30 11:30:00;2020-04-30 12:00:00;92.56666666666666
1071729215;2020-04-30 12:00:00;2020-04-30 12:30:00;89.36666666666666
1071729215;2020-04-30 12:30:00;2020-04-30 13:00:00;88.9
1071729215;2020-04-30 13:00:00;2020-04-30 13:30:00;89.03333333333333
1071729215;2020-04-30 13:30:00;2020-04-30 14:00:00;95.6
1071729215;2020-04-30 14:00:00;2020-04-30 14:30:00;100.9
1071729215;2020-04-30 14:30:00;2020-04-30 15:00:00;106.76666666666667
1071729215;2020-04-30 15:00:00;2020-04-30 15:30:00;118.53333333333333
1071729215;2020-04-30 15:30:00;2020-04-30 16:00:00;102.63333333333334
1071729215;2020-04-30 16:00:00;2020-04-30 16:30:00;94.63333333333334
1071729215;2020-04-30 16:30:00;2020-04-30 17:00:00;83.73333333333333
1071729215;2020-04-30 17:00:00;2020-04-30 17:30:00;84.0
1071729215;2020-04-30 17:30:00;2020-04-30 18:00:00;94.76666666666667
1071729215;2020-04-30 18:00:00;2020-04-30 18:30:00;96.46666666666667
1071729215;2020-04-30 18:30:00;2020-04-30 19:00:00;95.06666666666666
1071729215;2020-04-30 19:00:00;2020-04-30 19:30:00;109.83333333333333
1071729215;2020-04-30 19:30:00;2020-04-30 20:00:00;103.2
1071729215;2020-04-30 20:00:00;2020-04-30 20:30:00;99.0
1071729215;2020-04-30 20:30:00;2020-04-30 21:00:00;104.86666666666666
1071729215;2020-04-30 21:00:00;2020-04-30 21:30:00;110.2
1071729215;2020-04-30 21:30:00;2020-04-30 22:00:00;94.86666666666666
1071729215;2020-04-30 22:00:00;2020-04-30 22:30:00;103.0
1071729215;2020-04-30 22:30:00;2020-04-30 23:00:00;103.0
1071729215;2020-04-30 23:00:00;2020-04-30 23:30:00;103.0
1071729215;2020-04-30 23:30:00;2020-04-30 23:59:59;103.0
1071729215;2020-05-01 00:00:00;2020-05-01 00:30:00;103.0
1071729215;2020-05-01 00:30:00;2020-05-01 01:00:00;103.0
1071729215;2020-05-01 01:00:00;2020-05-01 01:30:00;103.0
1071729215;2020-05-01 01:30:00;2020-05-01 02:00:00;103.0
1071729215;2020-05-01 02:00:00;2020-05-01 02:30:00;103.0
1071729215;2020-05-01 02:30:00;2020-05-01 03:00:00;103.0
1071729215;2020-05-01 03:00:00;2020-05-01 03:30:00;95.0
1071729215;2020-05-01 03:30:00;2020-05-01 04:00:00;95.0
1071729215;2020-05-01 04:00:00;2020-05-01 04:30:00;95.0
1071729215;2020-05-01 04:30:00;2020-05-01 05:00:00;95.0
1071729215;2020-05-01 05:00:00;2020-05-01 05:30:00;95.0
1071729215;2020-05-01 05:30:00;2020-05-01 06:00:00;95.0
1071729215;2020-05-01 06:00:00;2020-05-01 06:30:00;95.0
1071729215;2020-05-01 06:30:00;2020-05-01 07:00:00;91.96666666666667
1071729215;2020-05-01 07:00:00;2020-05-01 07:30:00;95.53333333333333
1071729215;2020-05-01 07:30:00;2020-05-01 08:00:00;103.93333333333334
1071729215;2020-05-01 08:00:00;2020-05-01 08:30:00;88.86666666666666
1071729215;2020-05-01 08:30:00;2020-05-01 09:00:00;96.83333333333333
1071729215;2020-05-01 09:00:00;2020-05-01 09:30:00;92.46666666666667
1071729215;2020-05-01 09:30:00;2020-05-01 10:00:00;99.9
1071729215;2020-05-01 10:00:00;2020-05-01 10:30:00;101.16666666666667
1071729215;2020-05-01 10:30:00;2020-05-01 11:00:00;89.3
1071729215;2020-05-01 11:00:00;2020-05-01 11:30:00;101.16666666666667
1071729215;2020-05-01 11:30:00;2020-05-01 12:00:00;102.03333333333333
1071729215;2020-05-01 12:00:00;2020-05-01 12:30:00;95.1
1071729215;2020-05-01 12:30:00;2020-05-01 13:00:00;90.2
1071729215;2020-05-01 13:00:00;2020-05-01 13:30:00;93.66666666666667
1071729215;2020-05-01 13:30:00;2020-05-01 14:00:00;89.53333333333333
1071729215;2020-05-01 14:00:00;2020-05-01 14:30:00;90.36666666666666
1071729215;2020-05-01 14:30:00;2020-05-01 15:00:00;91.16666666666667
1071729215;2020-05-01 15:00:00;2020-05-01 15:30:00;106.16666666666667
1071729215;2020-05-01 15:30:00;2020-05-01 16:00:00;95.0
1071729215;2020-05-01 16:00:00;2020-05-01 16:30:00;104.6
1071729215;2020-05-01 16:30:00;2020-05-01 17:00:00;95.0
1071729215;2020-05-01 17:00:00;2020-05-01 17:30:00;95.0
1071729215;2020-05-01 17:30:00;2020-05-01 18:00:00;94.13333333333334
1071729215;2020-05-01 18:00:00;2020-05-01 18:30:00;98.03333333333333
1071729215;2020-05-01 18:30:00;2020-05-01 19:00:00;98.76666666666667
1071729215;2020-05-01 19:00:00;2020-05-01 19:30:00;105.06666666666666
1071729215;2020-05-01 19:30:00;2020-05-01 20:00:00;117.96666666666667
1071729215;2020-05-01 20:00:00;2020-05-01 20:30:00;97.16666666666667
1071729215;2020-05-01 20:30:00;2020-05-01 21:00:00;92.86666666666666
1071729215;2020-05-01 21:00:00;2020-05-01 21:30:00;102.73333333333333
1071729215;2020-05-01 21:30:00;2020-05-01 22:00:00;103.0
1071729215;2020-05-01 22:00:00;2020-05-01 22:30:00;103.0
1071729215;2020-05-01 22:30:00;2020-05-01 23:00:00;103.0
1071729215;2020-05-01 23:00:00;2020-05-01 23:30:00;103.0
1071729215;2020-05-01 23:30:00;2020-05-01 23:59:59;103.0
1071729215;2020-05-02 00:00:00;2020-05-02 00:30:00;103.0
1071729215;2020-05-02 00:30:00;2020-05-02 01:00:00;103.0
1071729215;2020-05-02 01:00:00;2020-05-02 01:30:00;103.0
1071729215;2020-05-02 01:30:00;2020-05-02 02:00:00;103.0
1071729215;2020-05-02 02:00:00;2020-05-02 02:30:00;98.73333333333333
1071729215;2020-05-02 02:30:00;2020-05-02 03:00:00;103.0
1071729215;2020-05-02 03:00:00;2020-05-02 03:30:00;108.0
1071729215;2020-05-02 03:30:00;2020-05-02 04:00:00;107.33333333333333
1071729215;2020-05-02 04:00:00;2020-05-02 04:30:00;97.1
1071729215;2020-05-02 04:30:00;2020-05-02 05:00:00;109.96666666666667
1071729215;2020-05-02 05:00:00;2020-05-02 05:30:00;106.0
1071729215;2020-05-02 05:30:00;2020-05-02 06:00:00;106.0
1071729215;2020-05-02 06:00:00;2020-05-02 06:30:00;99.1
1071729215;2020-05-02 06:30:00;2020-05-02 07:00:00;95.86666666666666
1071729215;2020-05-02 07:00:00;2020-05-02 07:30:00;93.2
1071729215;2020-05-02 07:30:00;2020-05-02 08:00:00;100.6
1071729215;2020-05-02 08:00:00;2020-05-02 08:30:00;118.0
1071729215;2020-05-02 08:30:00;2020-05-02 09:00:00;97.5
1071729215;2020-05-02 09:00:00;2020-05-02 09:30:00;107.53333333333333
1071729215;2020-05-02 09:30:00;2020-05-02 10:00:00;107.13333333333334
1071729215;2020-05-02 10:00:00;2020-05-02 10:30:00;115.7
1071729215;2020-05-02 10:30:00;2020-05-02 11:00:00;104.73333333333333
1071729215;2020-05-02 11:00:00;2020-05-02 11:30:00;104.5
1071729215;2020-05-02 11:30:00;2020-05-02 12:00:00;108.8
1071729215;2020-05-02 12:00:00;2020-05-02 12:30:00;98.5
1071729215;2020-05-02 12:30:00;2020-05-02 13:00:00;111.23333333333333
1071729215;2020-05-02 13:00:00;2020-05-02 13:30:00;103.16666666666667
1071729215;2020-05-02 13:30:00;2020-05-02 14:00:00;95.86666666666666
1071729215;2020-05-02 14:00:00;2020-05-02 14:30:00;99.13333333333334
1071729215;2020-05-02 14:30:00;2020-05-02 15:00:00;106.8
1071729215;2020-05-02 15:00:00;2020-05-02 15:30:00;106.36666666666666
1071729215;2020-05-02 15:30:00;2020-05-02 16:00:00;104.16666666666667
1071729215;2020-05-02 16:00:00;2020-05-02 16:30:00;101.53333333333333
1071729215;2020-05-02 16:30:00;2020-05-02 17:00:00;103.33333333333333
1071729215;2020-05-02 17:00:00;2020-05-02 17:30:00;111.13333333333334
1071729215;2020-05-02 17:30:00;2020-05-02 18:00:00;111.6
1071729215;2020-05-02 18:00:00;2020-05-02 18:30:00;112.86666666666666
1071729215;2020-05-02 18:30:00;2020-05-02 19:00:00;111.0
1071729215;2020-05-02 19:00:00;2020-05-02 19:30:00;107.9
1071729215;2020-05-02 19:30:00;2020-05-02 20:00:00;103.16666666666667
1071729215;2020-05-02 20:00:00;2020-05-02 20:30:00;95.53333333333333
1071729215;2020-05-02 20:30:00;2020-05-02 21:00:00;103.46666666666667
1071729215;2020-05-02 21:00:00;2020-05-02 21:30:00;105.13333333333334
1071729215;2020-05-02 21:30:00;2020-05-02 22:00:00;103.0
1071729215;2020-05-02 22:00:00;2020-05-02 22:30:00;103.0
1071729215;2020-05-02 22:30:00;2020-05-02 23:00:00;103.0
1071729215;2020-05-02 23:00:00;2020-05-02 23:30:00;103.0
1071729215;2020-05-02 23:30:00;2020-05-02 23:59:59;103.0
1071729215;2020-05-03 00:00:00;2020-05-03 00:30:00;103.0
1071729215;2020-05-03 00:30:00;2020-05-03 01:00:00;103.0
1071729215;2020-05-03 01:00:00;2020-05-03 01:30:00;103.0
1071729215;2020-05-03 01:30:00;2020-05-03 02:00:00;103.0
1071729215;2020-05-03 02:00:00;2020-05-03 02:30:00;103.0
1071729215;2020-05-03 02:30:00;2020-05-03 03:00:00;103.0
1071729215;2020-05-03 03:00:00;2020-05-03 03:30:00;109.0
1071729215;2020-05-03 03:30:00;2020-05-03 04:00:00;109.0
1071729215;2020-05-03 04:00:00;2020-05-03 04:30:00;122.0
1071729215;2020-05-03 04:30:00;2020-05-03 05:00:00;122.0
1071729215;2020-05-03 05:00:00;2020-05-03 05:30:00;114.0
1071729215;2020-05-03 05:30:00;2020-05-03 06:00:00;118.36666666666666
1071729215;2020-05-03 06:00:00;2020-05-03 06:30:00;119.4
1071729215;2020-05-03 06:30:00;2020-05-03 07:00:00;105.9
1071729215;2020-05-03 07:00:00;2020-05-03 07:30:00;109.06666666666666
1071729215;2020-05-03 07:30:00;2020-05-03 08:00:00;105.5
1071729215;2020-05-03 08:00:00;2020-05-03 08:30:00;113.16666666666667
1071729215;2020-05-03 08:30:00;2020-05-03 09:00:00;103.66666666666667
1071729215;2020-05-03 09:00:00;2020-05-03 09:30:00;92.9
1071729215;2020-05-03 09:30:00;2020-05-03 10:00:00;116.23333333333333
1071729215;2020-05-03 10:00:00;2020-05-03 10:30:00;105.1
1071729215;2020-05-03 10:30:00;2020-05-03 11:00:00;108.76666666666667
1071729215;2020-05-03 11:00:00;2020-05-03 11:30:00;110.6
1071729215;2020-05-03 11:30:00;2020-05-03 12:00:00;108.13333333333334
1071729215;2020-05-03 12:00:00;2020-05-03 12:30:00;86.73333333333333
1071729215;2020-05-03 12:30:00;2020-05-03 13:00:00;93.66666666666667
1071729215;2020-05-03 13:00:00;2020-05-03 13:30:00;98.2
1071729215;2020-05-03 13:30:00;2020-05-03 14:00:00;107.03333333333333
1071729215;2020-05-03 14:00:00;2020-05-03 14:30:00;107.8
1071729215;2020-05-03 14:30:00;2020-05-03 15:00:00;96.26666666666667
1071729215;2020-05-03 15:00:00;2020-05-03 15:30:00;99.36666666666666
1071729215;2020-05-03 15:30:00;2020-05-03 16:00:00;104.3
1071729215;2020-05-03 16:00:00;2020-05-03 16:30:00;116.03333333333333
1071729215;2020-05-03 16:30:00;2020-05-03 17:00:00;115.2
1071729215;2020-05-03 17:00:00;2020-05-03 17:30:00;114.36666666666666
1071729215;2020-05-03 17:30:00;2020-05-03 18:00:00;99.2
1071729215;2020-05-03 18:00:00;2020-05-03 18:30:00;110.8
1071729215;2020-05-03 18:30:00;2020-05-03 19:00:00;101.53333333333333
1071729215;2020-05-03 19:00:00;2020-05-03 19:30:00;107.26666666666667
1071729215;2020-05-03 19:30:00;2020-05-03 20:00:00;106.23333333333333
1071729215;2020-05-03 20:00:00;2020-05-03 20:30:00;107.2
1071729215;2020-05-03 20:30:00;2020-05-03 21:00:00;105.8
1071729215;2020-05-03 21:00:00;2020-05-03 21:30:00;103.0
1071729215;2020-05-03 21:30:00;2020-05-03 22:00:00;94.56666666666666
1071729215;2020-05-03 22:00:00;2020-05-03 22:30:00;103.0
1071729215;2020-05-03 22:30:00;2020-05-03 23:00:00;103.0
1071729215;2020-05-03 23:00:00;2020-05-03 23:30:00;103.0
1071729215;2020-05-03 23:30:00;2020-05-03 23:59:59;103.0
1071729215;2020-05-04 00:00:00;2020-05-04 00:30:00;103.0
1071729215;2020-05-04 00:30:00;2020-05-04 01:00:00;103.0
1071729215;2020-05-04 01:00:00;2020-05-04 01:30:00;103.0
1071729215;2020-05-04 01:30:00;2020-05-04 02:00:00;103.0
1071729215;2020-05-04 02:00:00;2020-05-04 02:30:00;103.0
1071729215;2020-05-04 02:30:00;2020-05-04 03:00:00;103.0
1071729215;2020-05-04 03:00:00;2020-05-04 03:30:00;111.86666666666666
1071729215;2020-05-04 03:30:00;2020-05-04 04:00:00;112.43333333333334
1071729215;2020-05-04 04:00:00;2020-05-04 04:30:00;104.06666666666666
1071729215;2020-05-04 04:30:00;2020-05-04 05:00:00;112.73333333333333
1071729215;2020-05-04 05:00:00;2020-05-04 05:30:00;109.06666666666666
1071729215;2020-05-04 05:30:00;2020-05-04 06:00:00;103.4
1071729215;2020-05-04 06:00:00;2020-05-04 06:30:00;104.96666666666667
1071729215;2020-05-04 06:30:00;2020-05-04 07:00:00;114.1
1071729215;2020-05-04 07:00:00;2020-05-04 07:30:00;109.36666666666666
1071729215;2020-05-04 07:30:00;2020-05-04 08:00:00;116.3
1071729215;2020-05-04 08:00:00;2020-05-04 08:30:00;116.82352941176471
1071729215;2020-05-04 08:30:00;2020-05-04 09:00:00;117.76666666666667
1071729215;2020-05-04 09:00:00;2020-05-04 09:30:00;109.5
1071729215;2020-05-04 09:30:00;2020-05-04 10:00:00;99.0
1071729215;2020-05-04 10:00:00;2020-05-04 10:30:00;96.96666666666667
1071729215;2020-05-04 10:30:00;2020-05-04 11:00:00;92.26666666666667
1071729215;2020-05-04 11:00:00;2020-05-04 11:30:00;101.53333333333333
1071729215;2020-05-04 11:30:00;2020-05-04 12:00:00;103.63333333333334
1071729215;2020-05-04 12:00:00;2020-05-04 12:30:00;93.4
1071729215;2020-05-04 12:30:00;2020-05-04 13:00:00;87.93333333333334
1071729215;2020-05-04 13:00:00;2020-05-04 13:30:00;95.2
1071729215;2020-05-04 13:30:00;2020-05-04 14:00:00;104.43333333333334
1071729215;2020-05-04 14:00:00;2020-05-04 14:30:00;107.3
1071729215;2020-05-04 14:30:00;2020-05-04 15:00:00;90.43333333333334
1071729215;2020-05-04 15:00:00;2020-05-04 15:30:00;100.43333333333334
1071729215;2020-05-04 15:30:00;2020-05-04 16:00:00;91.36666666666666
1071729215;2020-05-04 16:00:00;2020-05-04 16:30:00;89.53333333333333
1071729215;2020-05-04 16:30:00;2020-05-04 17:00:00;90.33333333333333
1071729215;2020-05-04 17:00:00;2020-05-04 17:30:00;109.63333333333334
1071729215;2020-05-04 17:30:00;2020-05-04 18:00:00;89.93333333333334
1071729215;2020-05-04 18:00:00;2020-05-04 18:30:00;104.56666666666666
1071729215;2020-05-04 18:30:00;2020-05-04 19:00:00;109.6
1071729215;2020-05-04 19:00:00;2020-05-04 19:30:00;113.33333333333333
1071729215;2020-05-04 19:30:00;2020-05-04 20:00:00;105.43333333333334
1071729215;2020-05-04 20:00:00;2020-05-04 20:30:00;102.2
1071729215;2020-05-04 20:30:00;2020-05-04 21:00:00;91.1
1071729215;2020-05-04 21:00:00;2020-05-04 21:30:00;102.0
1071729215;2020-05-04 21:30:00;2020-05-04 22:00:00;103.0
1071729215;2020-05-04 22:00:00;2020-05-04 22:30:00;104.56666666666666
1071729215;2020-05-04 22:30:00;2020-05-04 23:00:00;106.36666666666666
1071729215;2020-05-04 23:00:00;2020-05-04 23:30:00;103.0
1071729215;2020-05-04 23:30:00;2020-05-04 23:59:59;103.0
1071729215;2020-05-05 00:00:00;2020-05-05 00:30:00;103.0
1071729215;2020-05-05 00:30:00;2020-05-05 01:00:00;103.0
1071729215;2020-05-05 01:00:00;2020-05-05 01:30:00;103.0
1071729215;2020-05-05 01:30:00;2020-05-05 02:00:00;103.0
1071729215;2020-05-05 02:00:00;2020-05-05 02:30:00;103.0
1071729215;2020-05-05 02:30:00;2020-05-05 03:00:00;103.0
1071729215;2020-05-05 03:00:00;2020-05-05 03:30:00;98.0
1071729215;2020-05-05 03:30:00;2020-05-05 04:00:00;105.86666666666666
1071729215;2020-05-05 04:00:00;2020-05-05 04:30:00;104.53333333333333
1071729215;2020-05-05 04:30:00;2020-05-05 05:00:00;93.3
1071729215;2020-05-05 05:00:00;2020-05-05 05:30:00;100.4
1071729215;2020-05-05 05:30:00;2020-05-05 06:00:00;108.3
1071729215;2020-05-05 06:00:00;2020-05-05 06:30:00;105.13333333333334
1071729215;2020-05-05 06:30:00;2020-05-05 07:00:00;102.8
1071729215;2020-05-05 07:00:00;2020-05-05 07:30:00;101.0
1071729215;2020-05-05 07:30:00;2020-05-05 08:00:00;99.33333333333333
1071729215;2020-05-05 08:00:00;2020-05-05 08:30:00;90.4
1071729215;2020-05-05 08:30:00;2020-05-05 09:00:00;88.06666666666666
1071729215;2020-05-05 09:00:00;2020-05-05 09:30:00;108.3
1071729215;2020-05-05 09:30:00;2020-05-05 10:00:00;96.03333333333333
1071729215;2020-05-05 10:00:00;2020-05-05 10:30:00;105.9
1071729215;2020-05-05 10:30:00;2020-05-05 11:00:00;93.56666666666666
1071729215;2020-05-05 11:00:00;2020-05-05 11:30:00;95.3
1071729215;2020-05-05 11:30:00;2020-05-05 12:00:00;90.96666666666667
1071729215;2020-05-05 12:00:00;2020-05-05 12:30:00;94.46666666666667
1071729215;2020-05-05 12:30:00;2020-05-05 13:00:00;94.73333333333333
1071729215;2020-05-05 13:00:00;2020-05-05 13:30:00;94.2
1071729215;2020-05-05 13:30:00;2020-05-05 14:00:00;93.0
1071729215;2020-05-05 14:00:00;2020-05-05 14:30:00;111.6
1071729215;2020-05-05 14:30:00;2020-05-05 15:00:00;101.16666666666667
1071729215;2020-05-05 15:00:00;2020-05-05 15:30:00;94.3
1071729215;2020-05-05 15:30:00;2020-05-05 16:00:00;100.86666666666666
1071729215;2020-05-05 16:00:00;2020-05-05 16:30:00;104.0
1071729215;2020-05-05 16:30:00;2020-05-05 17:00:00;92.9
1071729215;2020-05-05 17:00:00;2020-05-05 17:30:00;101.73333333333333
1071729215;2020-05-05 17:30:00;2020-05-05 18:00:00;94.9
1071729215;2020-05-05 18:00:00;2020-05-05 18:30:00;94.8
1071729215;2020-05-05 18:30:00;2020-05-05 19:00:00;92.46666666666667
1071729215;2020-05-05 19:00:00;2020-05-05 19:30:00;105.2
1071729215;2020-05-05 19:30:00;2020-05-05 20:00:00;98.26666666666667
1071729215;2020-05-05 20:00:00;2020-05-05 20:30:00;94.66666666666667
1071729215;2020-05-05 20:30:00;2020-05-05 21:00:00;110.93333333333334
1071729215;2020-05-05 21:00:00;2020-05-05 21:30:00;103.26666666666667
1071729215;2020-05-05 21:30:00;2020-05-05 22:00:00;94.36666666666666
1071729215;2020-05-05 22:00:00;2020-05-05 22:30:00;103.0
1071729215;2020-05-05 22:30:00;2020-05-05 23:00:00;103.0
1071729215;2020-05-05 23:00:00;2020-05-05 23:30:00;103.0
1071729215;2020-05-05 23:30:00;2020-05-05 23:59:59;95.2
1071729215;2020-05-06 00:00:00;2020-05-06 00:30:00;103.0
1071729215;2020-05-06 00:30:00;2020-05-06 01:00:00;103.0
1071729215;2020-05-06 01:00:00;2020-05-06 01:30:00;103.0
1071729215;2020-05-06 01:30:00;2020-05-06 02:00:00;103.0
1071729215;2020-05-06 02:00:00;2020-05-06 02:30:00;100.13333333333334
1071729215;2020-05-06 02:30:00;2020-05-06 03:00:00;100.06666666666666
1071729215;2020-05-06 03:00:00;2020-05-06 03:30:00;100.0
1071729215;2020-05-06 03:30:00;2020-05-06 04:00:00;102.2
1071729215;2020-05-06 04:00:00;2020-05-06 04:30:00;96.03333333333333
1071729215;2020-05-06 04:30:00;2020-05-06 05:00:00;103.0
1071729215;2020-05-06 05:00:00;2020-05-06 05:30:00;95.53333333333333
1071729215;2020-05-06 05:30:00;2020-05-06 06:00:00;104.2
1071729215;2020-05-06 06:00:00;2020-05-06 06:30:00;96.46666666666667
1071729215;2020-05-06 06:30:00;2020-05-06 07:00:00;100.06666666666666
1071729215;2020-05-06 07:00:00;2020-05-06 07:30:00;92.8
1071729215;2020-05-06 07:30:00;2020-05-06 08:00:00;93.43333333333334
1071729215;2020-05-06 08:00:00;2020-05-06 08:30:00;100.76666666666667
1071729215;2020-05-06 08:30:00;2020-05-06 09:00:00;100.93333333333334
1071729215;2020-05-06 09:00:00;2020-05-06 09:30:00;113.3
1071729215;2020-05-06 09:30:00;2020-05-06 10:00:00;102.46666666666667
1071729215;2020-05-06 10:00:00;2020-05-06 10:30:00;102.76666666666667
1071729215;2020-05-06 10:30:00;2020-05-06 11:00:00;93.06666666666666
1071729215;2020-05-06 11:00:00;2020-05-06 11:30:00;96.4
1071729215;2020-05-06 11:30:00;2020-05-06 12:00:00;104.03333333333333
1071729215;2020-05-06 12:00:00;2020-05-06 12:30:00;97.86666666666666
1071729215;2020-05-06 12:30:00;2020-05-06 13:00:00;102.83333333333333
1071729215;2020-05-06 13:00:00;2020-05-06 13:30:00;102.06666666666666
1071729215;2020-05-06 13:30:00;2020-05-06 14:00:00;99.3
1071729215;2020-05-06 14:00:00;2020-05-06 14:30:00;100.8
1071729215;2020-05-06 14:30:00;2020-05-06 15:00:00;95.2
1071729215;2020-05-06 15:00:00;2020-05-06 15:30:00;112.76666666666667
1071729215;2020-05-06 15:30:00;2020-05-06 16:00:00;99.7
1071729215;2020-05-06 16:00:00;2020-05-06 16:30:00;95.86666666666666
1071729215;2020-05-06 16:30:00;2020-05-06 17:00:00;109.0
1071729215;2020-05-06 17:00:00;2020-05-06 17:30:00;94.53333333333333
1071729215;2020-05-06 17:30:00;2020-05-06 18:00:00;99.63333333333334
1071729215;2020-05-06 18:00:00;2020-05-06 18:30:00;111.06666666666666
1071729215;2020-05-06 18:30:00;2020-05-06 19:00:00;103.6
1071729215;2020-05-06 19:00:00;2020-05-06 19:30:00;96.13333333333334
1071729215;2020-05-06 19:30:00;2020-05-06 20:00:00;108.96666666666667
1071729215;2020-05-06 20:00:00;2020-05-06 20:30:00;102.16666666666667
1071729215;2020-05-06 20:30:00;2020-05-06 21:00:00;105.6
1071729215;2020-05-06 21:00:00;2020-05-06 21:30:00;103.0
1071729215;2020-05-06 21:30:00;2020-05-06 22:00:00;103.0
1071729215;2020-05-06 22:00:00;2020-05-06 22:30:00;103.0
1071729215;2020-05-06 22:30:00;2020-05-06 23:00:00;103.0
1071729215;2020-05-06 23:00:00;2020-05-06 23:30:00;103.0
1071729215;2020-05-06 23:30:00;2020-05-06 23:59:59;103.0
1071729215;2020-05-07 00:00:00;2020-05-07 00:30:00;103.0
1071729215;2020-05-07 00:30:00;2020-05-07 01:00:00;103.0
1071729215;2020-05-07 01:00:00;2020-05-07 01:30:00;103.0
1071729215;2020-05-07 01:30:00;2020-05-07 02:00:00;103.0
1071729215;2020-05-07 02:00:00;2020-05-07 02:30:00;103.0
1071729215;2020-05-07 02:30:00;2020-05-07 03:00:00;103.0
1071729215;2020-05-07 03:00:00;2020-05-07 03:30:00;100.0
1071729215;2020-05-07 03:30:00;2020-05-07 04:00:00;100.0
1071729215;2020-05-07 04:00:00;2020-05-07 04:30:00;91.96666666666667
1071729215;2020-05-07 04:30:00;2020-05-07 05:00:00;101.33333333333333
1071729215;2020-05-07 05:00:00;2020-05-07 05:30:00;102.8
1071729215;2020-05-07 05:30:00;2020-05-07 06:00:00;96.1
1071729215;2020-05-07 06:00:00;2020-05-07 06:30:00;105.53333333333333
1071729215;2020-05-07 06:30:00;2020-05-07 07:00:00;100.5
1071729215;2020-05-07 07:00:00;2020-05-07 07:30:00;110.03333333333333
1071729215;2020-05-07 07:30:00;2020-05-07 08:00:00;108.83333333333333
1071729215;2020-05-07 08:00:00;2020-05-07 08:30:00;104.33333333333333
1071729215;2020-05-07 08:30:00;2020-05-07 09:00:00;97.0
1071729215;2020-05-07 09:00:00;2020-05-07 09:30:00;99.46666666666667
1071729215;2020-05-07 09:30:00;2020-05-07 10:00:00;81.26666666666667
1071729215;2020-05-07 10:00:00;2020-05-07 10:30:00;86.23333333333333
1071729215;2020-05-07 10:30:00;2020-05-07 11:00:00;93.3
1071729215;2020-05-07 11:00:00;2020-05-07 11:30:00;102.5
1071729215;2020-05-07 11:30:00;2020-05-07 12:00:00;84.96666666666667
1071729215;2020-05-07 12:00:00;2020-05-07 12:30:00;107.46666666666667
1071729215;2020-05-07 12:30:00;2020-05-07 13:00:00;67.3
1071729215;2020-05-07 13:00:00;2020-05-07 13:30:00;95.6
1071729215;2020-05-07 13:30:00;2020-05-07 14:00:00;90.06666666666666
1071729215;2020-05-07 14:00:00;2020-05-07 14:30:00;108.76666666666667
1071729215;2020-05-07 14:30:00;2020-05-07 15:00:00;97.86666666666666
1071729215;2020-05-07 15:00:00;2020-05-07 15:30:00;94.9
1071729215;2020-05-07 15:30:00;2020-05-07 16:00:00;105.83333333333333
1071729215;2020-05-07 16:00:00;2020-05-07 16:30:00;103.33333333333333
1071729215;2020-05-07 16:30:00;2020-05-07 17:00:00;107.33333333333333
1071729215;2020-05-07 17:00:00;2020-05-07 17:30:00;97.83333333333333
1071729215;2020-05-07 17:30:00;2020-05-07 18:00:00;104.2
1071729215;2020-05-07 18:00:00;2020-05-07 18:30:00;94.3
1071729215;2020-05-07 18:30:00;2020-05-07 19:00:00;96.33333333333333
1071729215;2020-05-07 19:00:00;2020-05-07 19:30:00;100.0
1071729215;2020-05-07 19:30:00;2020-05-07 20:00:00;98.86666666666666
1071729215;2020-05-07 20:00:00;2020-05-07 20:30:00;113.93333333333334
1071729215;2020-05-07 20:30:00;2020-05-07 21:00:00;106.2
1071729215;2020-05-07 21:00:00;2020-05-07 21:30:00;103.0
1071729215;2020-05-07 21:30:00;2020-05-07 22:00:00;95.13333333333334
1071729215;2020-05-07 22:00:00;2020-05-07 22:30:00;103.0
1071729215;2020-05-07 22:30:00;2020-05-07 23:00:00;103.0
1071729215;2020-05-07 23:00:00;2020-05-07 23:30:00;111.2
1071729215;2020-05-07 23:30:00;2020-05-07 23:59:59;103.0
1071729215;2020-05-08 00:00:00;2020-05-08 00:30:00;103.0
1071729215;2020-05-08 00:30:00;2020-05-08 01:00:00;103.0
1071729215;2020-05-08 01:00:00;2020-05-08 01:30:00;103.0
1071729215;2020-05-08 01:30:00;2020-05-08 02:00:00;103.0
1071729215;2020-05-08 02:00:00;2020-05-08 02:30:00;103.0
1071729215;2020-05-08 02:30:00;2020-05-08 03:00:00;103.0
1071729215;2020-05-08 03:00:00;2020-05-08 03:30:00;101.43333333333334
1071729215;2020-05-08 03:30:00;2020-05-08 04:00:00;93.06666666666666
1071729215;2020-05-08 04:00:00;2020-05-08 04:30:00;99.26666666666667
1071729215;2020-05-08 04:30:00;2020-05-08 05:00:00;93.4
1071729215;2020-05-08 05:00:00;2020-05-08 05:30:00;100.53333333333333
1071729215;2020-05-08 05:30:00;2020-05-08 06:00:00;107.4
1071729215;2020-05-08 06:00:00;2020-05-08 06:30:00;111.36666666666666
1071729215;2020-05-08 06:30:00;2020-05-08 07:00:00;109.7
1071729215;2020-05-08 07:00:00;2020-05-08 07:30:00;102.53333333333333
1071729215;2020-05-08 07:30:00;2020-05-08 08:00:00;108.73333333333333
1071729215;2020-05-08 08:00:00;2020-05-08 08:30:00;105.76666666666667
1071729215;2020-05-08 08:30:00;2020-05-08 09:00:00;91.96666666666667
1071729215;2020-05-08 09:00:00;2020-05-08 09:30:00;105.36666666666666
1071729215;2020-05-08 09:30:00;2020-05-08 10:00:00;99.76666666666667
1071729215;2020-05-08 10:00:00;2020-05-08 10:30:00;98.8
1071729215;2020-05-08 10:30:00;2020-05-08 11:00:00;98.63333333333334
1071729215;2020-05-08 11:00:00;2020-05-08 11:30:00;95.36666666666666
1071729215;2020-05-08 11:30:00;2020-05-08 12:00:00;90.13333333333334
1071729215;2020-05-08 12:00:00;2020-05-08 12:30:00;88.36666666666666
1071729215;2020-05-08 12:30:00;2020-05-08 13:00:00;94.9
1071729215;2020-05-08 13:00:00;2020-05-08 13:30:00;84.8
1071729215;2020-05-08 13:30:00;2020-05-08 14:00:00;99.56666666666666
1071729215;2020-05-08 14:00:00;2020-05-08 14:30:00;102.73333333333333
1071729215;2020-05-08 14:30:00;2020-05-08 15:00:00;115.96666666666667
1071729215;2020-05-08 15:00:00;2020-05-08 15:30:00;109.53333333333333
1071729215;2020-05-08 15:30:00;2020-05-08 16:00:00;104.8
1071729215;2020-05-08 16:00:00;2020-05-08 16:30:00;101.43333333333334
1071729215;2020-05-08 16:30:00;2020-05-08 17:00:00;94.73333333333333
1071729215;2020-05-08 17:00:00;2020-05-08 17:30:00;94.63333333333334
1071729215;2020-05-08 17:30:00;2020-05-08 18:00:00;102.26666666666667
1071729215;2020-05-08 18:00:00;2020-05-08 18:30:00;111.0
1071729215;2020-05-08 18:30:00;2020-05-08 19:00:00;109.86666666666666
1071729215;2020-05-08 19:00:00;2020-05-08 19:30:00;109.8
1071729215;2020-05-08 19:30:00;2020-05-08 20:00:00;96.36666666666666
1071729215;2020-05-08 20:00:00;2020-05-08 20:30:00;108.93333333333334
1071729215;2020-05-08 20:30:00;2020-05-08 21:00:00;99.0
1071729215;2020-05-08 21:00:00;2020-05-08 21:30:00;103.26666666666667
1071729215;2020-05-08 21:30:00;2020-05-08 22:00:00;103.0
1071729215;2020-05-08 22:00:00;2020-05-08 22:30:00;103.0
1071729215;2020-05-08 22:30:00;2020-05-08 23:00:00;103.0
1071729215;2020-05-08 23:00:00;2020-05-08 23:30:00;103.0
1071729215;2020-05-08 23:30:00;2020-05-08 23:59:59;103.0
1071729215;2020-05-09 00:00:00;2020-05-09 00:30:00;103.0
1071729215;2020-05-09 00:30:00;2020-05-09 01:00:00;103.0
1071729215;2020-05-09 01:00:00;2020-05-09 01:30:00;103.0
1071729215;2020-05-09 01:30:00;2020-05-09 02:00:00;103.0
1071729215;2020-05-09 02:00:00;2020-05-09 02:30:00;103.0
1071729215;2020-05-09 02:30:00;2020-05-09 03:00:00;94.9
1071729215;2020-05-09 03:00:00;2020-05-09 03:30:00;103.56666666666666
1071729215;2020-05-09 03:30:00;2020-05-09 04:00:00;96.63333333333334
1071729215;2020-05-09 04:00:00;2020-05-09 04:30:00;108.66666666666667
1071729215;2020-05-09 04:30:00;2020-05-09 05:00:00;113.0
1071729215;2020-05-09 05:00:00;2020-05-09 05:30:00;106.0
1071729215;2020-05-09 05:30:00;2020-05-09 06:00:00;110.5
1071729215;2020-05-09 06:00:00;2020-05-09 06:30:00;105.13333333333334
1071729215;2020-05-09 06:30:00;2020-05-09 07:00:00;104.03333333333333
1071729215;2020-05-09 07:00:00;2020-05-09 07:30:00;106.06666666666666
1071729215;2020-05-09 07:30:00;2020-05-09 08:00:00;110.93333333333334
1071729215;2020-05-09 08:00:00;2020-05-09 08:30:00;111.5
1071729215;2020-05-09 08:30:00;2020-05-09 09:00:00;111.86666666666666
1071729215;2020-05-09 09:00:00;2020-05-09 09:30:00;106.83333333333333
1071729215;2020-05-09 09:30:00;2020-05-09 10:00:00;108.93333333333334
1071729215;2020-05-09 10:00:00;2020-05-09 10:30:00;107.76666666666667
1071729215;2020-05-09 10:30:00;2020-05-09 11:00:00;104.46666666666667
1071729215;2020-05-09 11:00:00;2020-05-09 11:30:00;110.13333333333334
1071729215;2020-05-09 11:30:00;2020-05-09 12:00:00;109.86666666666666
1071729215;2020-05-09 12:00:00;2020-05-09 12:30:00;108.56666666666666
1071729215;2020-05-09 12:30:00;2020-05-09 13:00:00;113.63333333333334
1071729215;2020-05-09 13:00:00;2020-05-09 13:30:00;105.0
1071729215;2020-05-09 13:30:00;2020-05-09 14:00:00;109.16666666666667
1071729215;2020-05-09 14:00:00;2020-05-09 14:30:00;108.33333333333333
1071729215;2020-05-09 14:30:00;2020-05-09 15:00:00;124.6
1071729215;2020-05-09 15:00:00;2020-05-09 15:30:00;110.93333333333334
1071729215;2020-05-09 15:30:00;2020-05-09 16:00:00;106.7
1071729215;2020-05-09 16:00:00;2020-05-09 16:30:00;105.03333333333333
1071729215;2020-05-09 16:30:00;2020-05-09 17:00:00;105.36666666666666
1071729215;2020-05-09 17:00:00;2020-05-09 17:30:00;99.86666666666666
1071729215;2020-05-09 17:30:00;2020-05-09 18:00:00;110.13333333333334
1071729215;2020-05-09 18:00:00;2020-05-09 18:30:00;113.0
1071729215;2020-05-09 18:30:00;2020-05-09 19:00:00;123.5
1071729215;2020-05-09 19:00:00;2020-05-09 19:30:00;111.13333333333334
1071729215;2020-05-09 19:30:00;2020-05-09 20:00:00;109.13333333333334
1071729215;2020-05-09 20:00:00;2020-05-09 20:30:00;90.66666666666667
1071729215;2020-05-09 20:30:00;2020-05-09 21:00:00;108.86666666666666
1071729215;2020-05-09 21:00:00;2020-05-09 21:30:00;103.0
1071729215;2020-05-09 21:30:00;2020-05-09 22:00:00;103.0
1071729215;2020-05-09 22:00:00;2020-05-09 22:30:00;103.0
1071729215;2020-05-09 22:30:00;2020-05-09 23:00:00;103.0
1071729215;2020-05-09 23:00:00;2020-05-09 23:30:00;103.0
1071729215;2020-05-09 23:30:00;2020-05-09 23:59:59;99.9
1071729215;2020-05-10 00:00:00;2020-05-10 00:30:00;101.13333333333334
1071729215;2020-05-10 00:30:00;2020-05-10 01:00:00;103.0
1071729215;2020-05-10 01:00:00;2020-05-10 01:30:00;103.0
1071729215;2020-05-10 01:30:00;2020-05-10 02:00:00;103.0
1071729215;2020-05-10 02:00:00;2020-05-10 02:30:00;103.0
1071729215;2020-05-10 02:30:00;2020-05-10 03:00:00;103.0
1071729215;2020-05-10 03:00:00;2020-05-10 03:30:00;102.93333333333334
1071729215;2020-05-10 03:30:00;2020-05-10 04:00:00;104.0
1071729215;2020-05-10 04:00:00;2020-05-10 04:30:00;122.0
1071729215;2020-05-10 04:30:00;2020-05-10 05:00:00;122.0
1071729215;2020-05-10 05:00:00;2020-05-10 05:30:00;114.0
1071729215;2020-05-10 05:30:00;2020-05-10 06:00:00;110.63333333333334
1071729215;2020-05-10 06:00:00;2020-05-10 06:30:00;106.36666666666666
1071729215;2020-05-10 06:30:00;2020-05-10 07:00:00;105.13333333333334
1071729215;2020-05-10 07:00:00;2020-05-10 07:30:00;107.33333333333333
1071729215;2020-05-10 07:30:00;2020-05-10 08:00:00;94.86666666666666
1071729215;2020-05-10 08:00:00;2020-05-10 08:30:00;107.56666666666666
1071729215;2020-05-10 08:30:00;2020-05-10 09:00:00;102.6
1071729215;2020-05-10 09:00:00;2020-05-10 09:30:00;98.46666666666667
1071729215;2020-05-10 09:30:00;2020-05-10 10:00:00;97.73333333333333
1071729215;2020-05-10 10:00:00;2020-05-10 10:30:00;111.66666666666667
1071729215;2020-05-10 10:30:00;2020-05-10 11:00:00;101.2
1071729215;2020-05-10 11:00:00;2020-05-10 11:30:00;97.06666666666666
1071729215;2020-05-10 11:30:00;2020-05-10 12:00:00;111.96666666666667
1071729215;2020-05-10 12:00:00;2020-05-10 12:30:00;102.36666666666666
1071729215;2020-05-10 12:30:00;2020-05-10 13:00:00;100.43333333333334
1071729215;2020-05-10 13:00:00;2020-05-10 13:30:00;118.53333333333333
1071729215;2020-05-10 13:30:00;2020-05-10 14:00:00;108.8
1071729215;2020-05-10 14:00:00;2020-05-10 14:30:00;90.0
1071729215;2020-05-10 14:30:00;2020-05-10 15:00:00;90.9
1071729215;2020-05-10 15:00:00;2020-05-10 15:30:00;107.23333333333333
1071729215;2020-05-10 15:30:00;2020-05-10 16:00:00;100.66666666666667
1071729215;2020-05-10 16:00:00;2020-05-10 16:30:00;111.96666666666667
1071729215;2020-05-10 16:30:00;2020-05-10 17:00:00;98.33333333333333
1071729215;2020-05-10 17:00:00;2020-05-10 17:30:00;106.36666666666666
1071729215;2020-05-10 17:30:00;2020-05-10 18:00:00;107.16666666666667
1071729215;2020-05-10 18:00:00;2020-05-10 18:30:00;94.5
1071729215;2020-05-10 18:30:00;2020-05-10 19:00:00;111.2
1071729215;2020-05-10 19:00:00;2020-05-10 19:30:00;98.66666666666667
1071729215;2020-05-10 19:30:00;2020-05-10 20:00:00;96.8
1071729215;2020-05-10 20:00:00;2020-05-10 20:30:00;108.1
1071729215;2020-05-10 20:30:00;2020-05-10 21:00:00;118.5
1071729215;2020-05-10 21:00:00;2020-05-10 21:30:00;107.4
1071729215;2020-05-10 21:30:00;2020-05-10 22:00:00;103.0
1071729215;2020-05-10 22:00:00;2020-05-10 22:30:00;103.0
1071729215;2020-05-10 22:30:00;2020-05-10 23:00:00;103.0
1071729215;2020-05-10 23:00:00;2020-05-10 23:30:00;105.76666666666667
1071729215;2020-05-10 23:30:00;2020-05-10 23:59:59;104.4
1071729215;2020-05-11 00:00:00;2020-05-11 00:30:00;103.0
1071729215;2020-05-11 00:30:00;2020-05-11 01:00:00;103.0
1071729215;2020-05-11 01:00:00;2020-05-11 01:30:00;103.0
1071729215;2020-05-11 01:30:00;2020-05-11 02:00:00;103.0
1071729215;2020-05-11 02:00:00;2020-05-11 02:30:00;103.0
1071729215;2020-05-11 02:30:00;2020-05-11 03:00:00;104.9
1071729215;2020-05-11 03:00:00;2020-05-11 03:30:00;123.46666666666667
1071729215;2020-05-11 03:30:00;2020-05-11 04:00:00;111.8
1071729215;2020-05-11 04:00:00;2020-05-11 04:30:00;117.36666666666666
1071729215;2020-05-11 04:30:00;2020-05-11 05:00:00;112.96666666666667
1071729215;2020-05-11 05:00:00;2020-05-11 05:30:00;105.96666666666667
1071729215;2020-05-11 05:30:00;2020-05-11 06:00:00;100.56666666666666
1071729215;2020-05-11 06:00:00;2020-05-11 06:30:00;110.26666666666667
1071729215;2020-05-11 06:30:00;2020-05-11 07:00:00;99.46666666666667
1071729215;2020-05-11 07:00:00;2020-05-11 07:30:00;106.9
1071729215;2020-05-11 07:30:00;2020-05-11 08:00:00;84.8
1071729215;2020-05-11 08:00:00;2020-05-11 08:30:00;95.86666666666666
1071729215;2020-05-11 08:30:00;2020-05-11 09:00:00;116.43333333333334
1071729215;2020-05-11 09:00:00;2020-05-11 09:30:00;96.3
1071729215;2020-05-11 09:30:00;2020-05-11 10:00:00;94.46666666666667
1071729215;2020-05-11 10:00:00;2020-05-11 10:30:00;98.73333333333333
1071729215;2020-05-11 10:30:00;2020-05-11 11:00:00;100.2
1071729215;2020-05-11 11:00:00;2020-05-11 11:30:00;93.93333333333334
1071729215;2020-05-11 11:30:00;2020-05-11 12:00:00;95.23333333333333
1071729215;2020-05-11 12:00:00;2020-05-11 12:30:00;98.96666666666667
1071729215;2020-05-11 12:30:00;2020-05-11 13:00:00;90.86666666666666
1071729215;2020-05-11 13:00:00;2020-05-11 13:30:00;91.5
1071729215;2020-05-11 13:30:00;2020-05-11 14:00:00;87.83333333333333
1071729215;2020-05-11 14:00:00;2020-05-11 14:30:00;96.03333333333333
1071729215;2020-05-11 14:30:00;2020-05-11 15:00:00;97.73333333333333
1071729215;2020-05-11 15:00:00;2020-05-11 15:30:00;102.46666666666667
1071729215;2020-05-11 15:30:00;2020-05-11 16:00:00;102.56666666666666
1071729215;2020-05-11 16:00:00;2020-05-11 16:30:00;89.06666666666666
1071729215;2020-05-11 16:30:00;2020-05-11 17:00:00;105.8
1071729215;2020-05-11 17:00:00;2020-05-11 17:30:00;104.5
1071729215;2020-05-11 17:30:00;2020-05-11 18:00:00;103.53333333333333
1071729215;2020-05-11 18:00:00;2020-05-11 18:30:00;101.8
1071729215;2020-05-11 18:30:00;2020-05-11 19:00:00;103.93333333333334
1071729215;2020-05-11 19:00:00;2020-05-11 19:30:00;105.0
1071729215;2020-05-11 19:30:00;2020-05-11 20:00:00;105.0
1071729215;2020-05-11 20:00:00;2020-05-11 20:30:00;101.73333333333333
1071729215;2020-05-11 20:30:00;2020-05-11 21:00:00;104.56666666666666
1071729215;2020-05-11 21:00:00;2020-05-11 21:30:00;103.46666666666667
1071729215;2020-05-11 21:30:00;2020-05-11 22:00:00;103.0
1071729215;2020-05-11 22:00:00;2020-05-11 22:30:00;101.06666666666666
1071729215;2020-05-11 22:30:00;2020-05-11 23:00:00;103.0
1071729215;2020-05-11 23:00:00;2020-05-11 23:30:00;103.0
1071729215;2020-05-11 23:30:00;2020-05-11 23:59:59;103.0
1071729215;2020-05-12 00:00:00;2020-05-12 00:30:00;103.0
1071729215;2020-05-12 00:30:00;2020-05-12 01:00:00;103.0
1071729215;2020-05-12 01:00:00;2020-05-12 01:30:00;103.0
1071729215;2020-05-12 01:30:00;2020-05-12 02:00:00;103.0
1071729215;2020-05-12 02:00:00;2020-05-12 02:30:00;103.0
1071729215;2020-05-12 02:30:00;2020-05-12 03:00:00;103.0
1071729215;2020-05-12 03:00:00;2020-05-12 03:30:00;103.0
1071729215;2020-05-12 03:30:00;2020-05-12 04:00:00;98.33333333333333
1071729215;2020-05-12 04:00:00;2020-05-12 04:30:00;93.73333333333333
1071729215;2020-05-12 04:30:00;2020-05-12 05:00:00;97.36666666666666
1071729215;2020-05-12 05:00:00;2020-05-12 05:30:00;94.16666666666667
1071729215;2020-05-12 05:30:00;2020-05-12 06:00:00;104.13333333333334
1071729215;2020-05-12 06:00:00;2020-05-12 06:30:00;100.16666666666667
1071729215;2020-05-12 06:30:00;2020-05-12 07:00:00;102.06666666666666
1071729215;2020-05-12 07:00:00;2020-05-12 07:30:00;96.86666666666666
1071729215;2020-05-12 07:30:00;2020-05-12 08:00:00;107.9
1071729215;2020-05-12 08:00:00;2020-05-12 08:30:00;104.0
1071729215;2020-05-12 08:30:00;2020-05-12 09:00:00;104.33333333333333
1071729215;2020-05-12 09:00:00;2020-05-12 09:30:00;103.5
1071729215;2020-05-12 09:30:00;2020-05-12 10:00:00;102.76666666666667
1071729215;2020-05-12 10:00:00;2020-05-12 10:30:00;94.83333333333333
1071729215;2020-05-12 10:30:00;2020-05-12 11:00:00;89.0
1071729215;2020-05-12 11:00:00;2020-05-12 11:30:00;91.0
1071729215;2020-05-12 11:30:00;2020-05-12 12:00:00;110.66666666666667
1071729215;2020-05-12 12:00:00;2020-05-12 12:30:00;104.96666666666667
1071729215;2020-05-12 12:30:00;2020-05-12 13:00:00;99.6
1071729215;2020-05-12 13:00:00;2020-05-12 13:30:00;108.3
1071729215;2020-05-12 13:30:00;2020-05-12 14:00:00;96.13333333333334
1071729215;2020-05-12 14:00:00;2020-05-12 14:30:00;103.73333333333333
1071729215;2020-05-12 14:30:00;2020-05-12 15:00:00;98.23333333333333
1071729215;2020-05-12 15:00:00;2020-05-12 15:30:00;98.8
1071729215;2020-05-12 15:30:00;2020-05-12 16:00:00;98.13333333333334
1071729215;2020-05-12 16:00:00;2020-05-12 16:30:00;89.83333333333333
1071729215;2020-05-12 16:30:00;2020-05-12 17:00:00;95.26666666666667
1071729215;2020-05-12 17:00:00;2020-05-12 17:30:00;103.96666666666667
1071729215;2020-05-12 17:30:00;2020-05-12 18:00:00;90.13333333333334
1071729215;2020-05-12 18:00:00;2020-05-12 18:30:00;101.83333333333333
1071729215;2020-05-12 18:30:00;2020-05-12 19:00:00;104.3
1071729215;2020-05-12 19:00:00;2020-05-12 19:30:00;103.33333333333333
1071729215;2020-05-12 19:30:00;2020-05-12 20:00:00;103.46666666666667
1071729215;2020-05-12 20:00:00;2020-05-12 20:30:00;105.76666666666667
1071729215;2020-05-12 20:30:00;2020-05-12 21:00:00;104.0
1071729215;2020-05-12 21:00:00;2020-05-12 21:30:00;100.73333333333333
1071729215;2020-05-12 21:30:00;2020-05-12 22:00:00;103.0
1071729215;2020-05-12 22:00:00;2020-05-12 22:30:00;103.0
1071729215;2020-05-12 22:30:00;2020-05-12 23:00:00;103.0
1071729215;2020-05-12 23:00:00;2020-05-12 23:30:00;103.0
1071729215;2020-05-12 23:30:00;2020-05-12 23:59:59;103.0
1071729215;2020-05-13 00:00:00;2020-05-13 00:30:00;103.0
1071729215;2020-05-13 00:30:00;2020-05-13 01:00:00;103.0
1071729215;2020-05-13 01:00:00;2020-05-13 01:30:00;103.0
1071729215;2020-05-13 01:30:00;2020-05-13 02:00:00;103.0
1071729215;2020-05-13 02:00:00;2020-05-13 02:30:00;103.0
1071729215;2020-05-13 02:30:00;2020-05-13 03:00:00;103.0
1071729215;2020-05-13 03:00:00;2020-05-13 03:30:00;101.0
1071729215;2020-05-13 03:30:00;2020-05-13 04:00:00;100.6
1071729215;2020-05-13 04:00:00;2020-05-13 04:30:00;89.6
1071729215;2020-05-13 04:30:00;2020-05-13 05:00:00;93.46666666666667
1071729215;2020-05-13 05:00:00;2020-05-13 05:30:00;91.5
1071729215;2020-05-13 05:30:00;2020-05-13 06:00:00;95.33333333333333
1071729215;2020-05-13 06:00:00;2020-05-13 06:30:00;100.83333333333333
1071729215;2020-05-13 06:30:00;2020-05-13 07:00:00;112.03333333333333
1071729215;2020-05-13 07:00:00;2020-05-13 07:30:00;94.13333333333334
1071729215;2020-05-13 07:30:00;2020-05-13 08:00:00;97.82758620689656
1071729215;2020-05-13 08:00:00;2020-05-13 08:30:00;96.9
1071729215;2020-05-13 08:30:00;2020-05-13 09:00:00;108.83333333333333
1071729215;2020-05-13 09:00:00;2020-05-13 09:30:00;97.03333333333333
1071729215;2020-05-13 09:30:00;2020-05-13 10:00:00;114.13333333333334
1071729215;2020-05-13 10:00:00;2020-05-13 10:30:00;110.1
1071729215;2020-05-13 10:30:00;2020-05-13 11:00:00;100.1
1071729215;2020-05-13 11:00:00;2020-05-13 11:30:00;110.86666666666666
1071729215;2020-05-13 11:30:00;2020-05-13 12:00:00;95.1
1071729215;2020-05-13 12:00:00;2020-05-13 12:30:00;108.56666666666666
1071729215;2020-05-13 12:30:00;2020-05-13 13:00:00;111.96666666666667
1071729215;2020-05-13 13:00:00;2020-05-13 13:30:00;106.6
1071729215;2020-05-13 13:30:00;2020-05-13 14:00:00;105.7
1071729215;2020-05-13 14:00:00;2020-05-13 14:30:00;92.86666666666666
1071729215;2020-05-13 14:30:00;2020-05-13 15:00:00;95.3
1071729215;2020-05-13 15:00:00;2020-05-13 15:30:00;96.26666666666667
1071729215;2020-05-13 15:30:00;2020-05-13 16:00:00;81.3
1071729215;2020-05-13 16:00:00;2020-05-13 16:30:00;100.93333333333334
1071729215;2020-05-13 16:30:00;2020-05-13 17:00:00;104.13333333333334
1071729215;2020-05-13 17:00:00;2020-05-13 17:30:00;94.8
1071729215;2020-05-13 17:30:00;2020-05-13 18:00:00;111.06666666666666
1071729215;2020-05-13 18:00:00;2020-05-13 18:30:00;113.4
1071729215;2020-05-13 18:30:00;2020-05-13 19:00:00;103.66666666666667
1071729215;2020-05-13 19:00:00;2020-05-13 19:30:00;104.46666666666667
1071729215;2020-05-13 19:30:00;2020-05-13 20:00:00;91.33333333333333
1071729215;2020-05-13 20:00:00;2020-05-13 20:30:00;106.43333333333334
1071729215;2020-05-13 20:30:00;2020-05-13 21:00:00;103.33333333333333
1071729215;2020-05-13 21:00:00;2020-05-13 21:30:00;95.16666666666667
1071729215;2020-05-13 21:30:00;2020-05-13 22:00:00;96.4
1071729215;2020-05-13 22:00:00;2020-05-13 22:30:00;103.0
1071729215;2020-05-13 22:30:00;2020-05-13 23:00:00;103.0
1071729215;2020-05-13 23:00:00;2020-05-13 23:30:00;103.0
1071729215;2020-05-13 23:30:00;2020-05-13 23:59:59;103.0
1071729215;2020-05-14 00:00:00;2020-05-14 00:30:00;103.0
1071729215;2020-05-14 00:30:00;2020-05-14 01:00:00;103.0
1071729215;2020-05-14 01:00:00;2020-05-14 01:30:00;103.0
1071729215;2020-05-14 01:30:00;2020-05-14 02:00:00;103.0
1071729215;2020-05-14 02:00:00;2020-05-14 02:30:00;99.8
1071729215;2020-05-14 02:30:00;2020-05-14 03:00:00;95.63333333333334
1071729215;2020-05-14 03:00:00;2020-05-14 03:30:00;102.7
1071729215;2020-05-14 03:30:00;2020-05-14 04:00:00;100.0
1071729215;2020-05-14 04:00:00;2020-05-14 04:30:00;106.0
1071729215;2020-05-14 04:30:00;2020-05-14 05:00:00;101.63333333333334
1071729215;2020-05-14 05:00:00;2020-05-14 05:30:00;103.5
1071729215;2020-05-14 05:30:00;2020-05-14 06:00:00;117.23333333333333
1071729215;2020-05-14 06:00:00;2020-05-14 06:30:00;109.5
1071729215;2020-05-14 06:30:00;2020-05-14 07:00:00;90.03333333333333
1071729215;2020-05-14 07:00:00;2020-05-14 07:30:00;95.96666666666667
1071729215;2020-05-14 07:30:00;2020-05-14 08:00:00;116.13333333333334
1071729215;2020-05-14 08:00:00;2020-05-14 08:30:00;105.63333333333334
1071729215;2020-05-14 08:30:00;2020-05-14 09:00:00;96.4
1071729215;2020-05-14 09:00:00;2020-05-14 09:30:00;100.36666666666666
1071729215;2020-05-14 09:30:00;2020-05-14 10:00:00;100.43333333333334
1071729215;2020-05-14 10:00:00;2020-05-14 10:30:00;88.4
1071729215;2020-05-14 10:30:00;2020-05-14 11:00:00;102.06896551724138
1071729215;2020-05-14 11:00:00;2020-05-14 11:30:00;101.0
1071729215;2020-05-14 11:30:00;2020-05-14 12:00:00;98.06666666666666
1071729215;2020-05-14 12:00:00;2020-05-14 12:30:00;99.96666666666667
1071729215;2020-05-14 12:30:00;2020-05-14 13:00:00;106.23333333333333
1071729215;2020-05-14 13:00:00;2020-05-14 13:30:00;100.03333333333333
1071729215;2020-05-14 13:30:00;2020-05-14 14:00:00;97.8
1071729215;2020-05-14 14:00:00;2020-05-14 14:30:00;98.93333333333334
1071729215;2020-05-14 14:30:00;2020-05-14 15:00:00;93.06666666666666
1071729215;2020-05-14 15:00:00;2020-05-14 15:30:00;111.4
1071729215;2020-05-14 15:30:00;2020-05-14 16:00:00;107.13333333333334
1071729215;2020-05-14 16:00:00;2020-05-14 16:30:00;99.5
1071729215;2020-05-14 16:30:00;2020-05-14 17:00:00;102.83333333333333
1071729215;2020-05-14 17:00:00;2020-05-14 17:30:00;105.8
1071729215;2020-05-14 17:30:00;2020-05-14 18:00:00;113.8
1071729215;2020-05-14 18:00:00;2020-05-14 18:30:00;115.7
1071729215;2020-05-14 18:30:00;2020-05-14 19:00:00;109.0
1071729215;2020-05-14 19:00:00;2020-05-14 19:30:00;113.46666666666667
1071729215;2020-05-14 19:30:00;2020-05-14 20:00:00;106.93333333333334
1071729215;2020-05-14 20:00:00;2020-05-14 20:30:00;110.83333333333333
1071729215;2020-05-14 20:30:00;2020-05-14 21:00:00;109.93333333333334
1071729215;2020-05-14 21:00:00;2020-05-14 21:30:00;103.5
1071729215;2020-05-14 21:30:00;2020-05-14 22:00:00;103.0
1071729215;2020-05-14 22:00:00;2020-05-14 22:30:00;103.0
1071729215;2020-05-14 22:30:00;2020-05-14 23:00:00;103.0
1071729215;2020-05-14 23:00:00;2020-05-14 23:30:00;103.0
1071729215;2020-05-14 23:30:00;2020-05-14 23:59:59;103.0
1071729215;2020-05-15 00:00:00;2020-05-15 00:30:00;102.43333333333334
1071729215;2020-05-15 00:30:00;2020-05-15 01:00:00;91.27586206896552
1071729215;2020-05-15 01:00:00;2020-05-15 01:30:00;101.53333333333333
1071729215;2020-05-15 01:30:00;2020-05-15 02:00:00;103.0
1071729215;2020-05-15 02:00:00;2020-05-15 02:30:00;103.0
1071729215;2020-05-15 02:30:00;2020-05-15 03:00:00;103.0
1071729215;2020-05-15 03:00:00;2020-05-15 03:30:00;101.6
1071729215;2020-05-15 03:30:00;2020-05-15 04:00:00;102.86666666666666
1071729215;2020-05-15 04:00:00;2020-05-15 04:30:00;104.73333333333333
1071729215;2020-05-15 04:30:00;2020-05-15 05:00:00;105.13333333333334
1071729215;2020-05-15 05:00:00;2020-05-15 05:30:00;106.23333333333333
1071729215;2020-05-15 05:30:00;2020-05-15 06:00:00;103.03333333333333
1071729215;2020-05-15 06:00:00;2020-05-15 06:30:00;120.3
1071729215;2020-05-15 06:30:00;2020-05-15 07:00:00;99.33333333333333
1071729215;2020-05-15 07:00:00;2020-05-15 07:30:00;106.24137931034483
1071729215;2020-05-15 07:30:00;2020-05-15 08:00:00;102.56666666666666
1071729215;2020-05-15 08:00:00;2020-05-15 08:30:00;102.57142857142857
1071729215;2020-05-15 08:30:00;2020-05-15 09:00:00;95.66666666666667
1071729215;2020-05-15 09:00:00;2020-05-15 09:30:00;101.25
1071729215;2020-05-15 09:30:00;2020-05-15 10:00:00;108.46428571428571
1071729215;2020-05-15 10:00:00;2020-05-15 10:30:00;102.6896551724138
1071729215;2020-05-15 10:30:00;2020-05-15 11:00:00;110.1
1071729215;2020-05-15 11:00:00;2020-05-15 11:30:00;103.96666666666667
1071729215;2020-05-15 11:30:00;2020-05-15 12:00:00;99.03448275862068
1071729215;2020-05-15 12:00:00;2020-05-15 12:30:00;102.25
1071729215;2020-05-15 12:30:00;2020-05-15 13:00:00;93.28571428571429
1071729215;2020-05-15 13:00:00;2020-05-15 13:30:00;97.65517241379311
1071729215;2020-05-15 13:30:00;2020-05-15 14:00:00;101.18518518518519
1071729215;2020-05-15 14:00:00;2020-05-15 14:30:00;108.85714285714286
1071729215;2020-05-15 14:30:00;2020-05-15 15:00:00;101.8076923076923
1071729215;2020-05-15 15:00:00;2020-05-15 15:30:00;96.96153846153847
1071729215;2020-05-15 15:30:00;2020-05-15 16:00:00;96.73076923076923
1071729215;2020-05-15 16:00:00;2020-05-15 16:30:00;117.06896551724138
1071729215;2020-05-15 16:30:00;2020-05-15 17:00:00;108.33333333333333
1071729215;2020-05-15 17:00:00;2020-05-15 17:30:00;103.33333333333333
1071729215;2020-05-15 17:30:00;2020-05-15 18:00:00;106.4
1071729215;2020-05-15 18:00:00;2020-05-15 18:30:00;96.0
1071729215;2020-05-15 18:30:00;2020-05-15 19:00:00;108.63333333333334
1071729215;2020-05-15 19:00:00;2020-05-15 19:30:00;111.0
1071729215;2020-05-15 19:30:00;2020-05-15 20:00:00;111.9
1071729215;2020-05-15 20:00:00;2020-05-15 20:30:00;121.33333333333333
1071729215;2020-05-15 20:30:00;2020-05-15 21:00:00;108.4
1071729215;2020-05-15 21:00:00;2020-05-15 21:30:00;103.0
1071729215;2020-05-15 21:30:00;2020-05-15 22:00:00;103.0
1071729215;2020-05-15 22:00:00;2020-05-15 22:30:00;105.26666666666667
1071729215;2020-05-15 22:30:00;2020-05-15 23:00:00;103.0
1071729215;2020-05-15 23:00:00;2020-05-15 23:30:00;103.0
1071729215;2020-05-15 23:30:00;2020-05-15 23:59:59;103.0
1071729215;2020-05-16 00:00:00;2020-05-16 00:30:00;103.0
1071729215;2020-05-16 00:30:00;2020-05-16 01:00:00;103.0
1071729215;2020-05-16 01:00:00;2020-05-16 01:30:00;103.0
1071729215;2020-05-16 01:30:00;2020-05-16 02:00:00;103.0
1071729215;2020-05-16 02:00:00;2020-05-16 02:30:00;103.0
1071729215;2020-05-16 02:30:00;2020-05-16 03:00:00;103.0
1071729215;2020-05-16 03:00:00;2020-05-16 03:30:00;108.0
1071729215;2020-05-16 03:30:00;2020-05-16 04:00:00;108.0
1071729215;2020-05-16 04:00:00;2020-05-16 04:30:00;113.0
1071729215;2020-05-16 04:30:00;2020-05-16 05:00:00;113.0
1071729215;2020-05-16 05:00:00;2020-05-16 05:30:00;121.16666666666667
1071729215;2020-05-16 05:30:00;2020-05-16 06:00:00;104.56666666666666
1071729215;2020-05-16 06:00:00;2020-05-16 06:30:00;96.53571428571429
1071729215;2020-05-16 06:30:00;2020-05-16 07:00:00;106.0
1071729215;2020-05-16 07:00:00;2020-05-16 07:30:00;109.1
1071729215;2020-05-16 07:30:00;2020-05-16 08:00:00;96.6
1071729215;2020-05-16 08:00:00;2020-05-16 08:30:00;102.93333333333334
1071729215;2020-05-16 08:30:00;2020-05-16 09:00:00;116.13333333333334
1071729215;2020-05-16 09:00:00;2020-05-16 09:30:00;107.8
1071729215;2020-05-16 09:30:00;2020-05-16 10:00:00;95.7
1071729215;2020-05-16 10:00:00;2020-05-16 10:30:00;108.96666666666667
1071729215;2020-05-16 10:30:00;2020-05-16 11:00:00;108.76666666666667
1071729215;2020-05-16 11:00:00;2020-05-16 11:30:00;104.23333333333333
1071729215;2020-05-16 11:30:00;2020-05-16 12:00:00;106.0
1071729215;2020-05-16 12:00:00;2020-05-16 12:30:00;104.2
1071729215;2020-05-16 12:30:00;2020-05-16 13:00:00;105.2
1071729215;2020-05-16 13:00:00;2020-05-16 13:30:00;103.03333333333333
1071729215;2020-05-16 13:30:00;2020-05-16 14:00:00;104.2
1071729215;2020-05-16 14:00:00;2020-05-16 14:30:00;100.5
1071729215;2020-05-16 14:30:00;2020-05-16 15:00:00;97.46666666666667
1071729215;2020-05-16 15:00:00;2020-05-16 15:30:00;109.66666666666667
1071729215;2020-05-16 15:30:00;2020-05-16 16:00:00;110.8
1071729215;2020-05-16 16:00:00;2020-05-16 16:30:00;105.96666666666667
1071729215;2020-05-16 16:30:00;2020-05-16 17:00:00;100.9
1071729215;2020-05-16 17:00:00;2020-05-16 17:30:00;94.83333333333333
1071729215;2020-05-16 17:30:00;2020-05-16 18:00:00;111.46666666666667
1071729215;2020-05-16 18:00:00;2020-05-16 18:30:00;111.26666666666667
1071729215;2020-05-16 18:30:00;2020-05-16 19:00:00;117.2
1071729215;2020-05-16 19:00:00;2020-05-16 19:30:00;114.26666666666667
1071729215;2020-05-16 19:30:00;2020-05-16 20:00:00;111.0
1071729215;2020-05-16 20:00:00;2020-05-16 20:30:00;103.0
1071729215;2020-05-16 20:30:00;2020-05-16 21:00:00;103.0
1071729215;2020-05-16 21:00:00;2020-05-16 21:30:00;103.0
1071729215;2020-05-16 21:30:00;2020-05-16 22:00:00;103.0
1071729215;2020-05-16 22:00:00;2020-05-16 22:30:00;95.33333333333333
1071729215;2020-05-16 22:30:00;2020-05-16 23:00:00;102.7
1071729215;2020-05-16 23:00:00;2020-05-16 23:30:00;103.0
1071729215;2020-05-16 23:30:00;2020-05-16 23:59:59;103.0
1071729215;2020-05-17 00:00:00;2020-05-17 00:30:00;109.13333333333334
1071729215;2020-05-17 00:30:00;2020-05-17 01:00:00;103.0
1071729215;2020-05-17 01:00:00;2020-05-17 01:30:00;103.0
1071729215;2020-05-17 01:30:00;2020-05-17 02:00:00;103.0
1071729215;2020-05-17 02:00:00;2020-05-17 02:30:00;104.16666666666667
1071729215;2020-05-17 02:30:00;2020-05-17 03:00:00;103.0
1071729215;2020-05-17 03:00:00;2020-05-17 03:30:00;109.0
1071729215;2020-05-17 03:30:00;2020-05-17 04:00:00;109.0
1071729215;2020-05-17 04:00:00;2020-05-17 04:30:00;122.0
1071729215;2020-05-17 04:30:00;2020-05-17 05:00:00;121.33333333333333
1071729215;2020-05-17 05:00:00;2020-05-17 05:30:00;116.43333333333334
1071729215;2020-05-17 05:30:00;2020-05-17 06:00:00;110.56666666666666
1071729215;2020-05-17 06:00:00;2020-05-17 06:30:00;118.2
1071729215;2020-05-17 06:30:00;2020-05-17 07:00:00;105.4
1071729215;2020-05-17 07:00:00;2020-05-17 07:30:00;106.0
1071729215;2020-05-17 07:30:00;2020-05-17 08:00:00;110.0
1071729215;2020-05-17 08:00:00;2020-05-17 08:30:00;106.7
1071729215;2020-05-17 08:30:00;2020-05-17 09:00:00;110.56666666666666
1071729215;2020-05-17 09:00:00;2020-05-17 09:30:00;100.5
1071729215;2020-05-17 09:30:00;2020-05-17 10:00:00;101.86666666666666
1071729215;2020-05-17 10:00:00;2020-05-17 10:30:00;96.93333333333334
1071729215;2020-05-17 10:30:00;2020-05-17 11:00:00;95.46666666666667
1071729215;2020-05-17 11:00:00;2020-05-17 11:30:00;86.83333333333333
1071729215;2020-05-17 11:30:00;2020-05-17 12:00:00;108.0
1071729215;2020-05-17 12:00:00;2020-05-17 12:30:00;108.86666666666666
1071729215;2020-05-17 12:30:00;2020-05-17 13:00:00;106.96666666666667
1071729215;2020-05-17 13:00:00;2020-05-17 13:30:00;108.41379310344827
1071729215;2020-05-17 13:30:00;2020-05-17 14:00:00;101.46666666666667
1071729215;2020-05-17 14:00:00;2020-05-17 14:30:00;102.93333333333334
1071729215;2020-05-17 14:30:00;2020-05-17 15:00:00;102.26666666666667
1071729215;2020-05-17 15:00:00;2020-05-17 15:30:00;112.13333333333334
1071729215;2020-05-17 15:30:00;2020-05-17 16:00:00;109.4
1071729215;2020-05-17 16:00:00;2020-05-17 16:30:00;99.76666666666667
1071729215;2020-05-17 16:30:00;2020-05-17 17:00:00;93.63333333333334
1071729215;2020-05-17 17:00:00;2020-05-17 17:30:00;118.73333333333333
1071729215;2020-05-17 17:30:00;2020-05-17 18:00:00;107.6
1071729215;2020-05-17 18:00:00;2020-05-17 18:30:00;101.26666666666667
1071729215;2020-05-17 18:30:00;2020-05-17 19:00:00;107.0
1071729215;2020-05-17 19:00:00;2020-05-17 19:30:00;106.8
1071729215;2020-05-17 19:30:00;2020-05-17 20:00:00;104.23333333333333
1071729215;2020-05-17 20:00:00;2020-05-17 20:30:00;103.13333333333334
1071729215;2020-05-17 20:30:00;2020-05-17 21:00:00;104.2
1071729215;2020-05-17 21:00:00;2020-05-17 21:30:00;105.03333333333333
1071729215;2020-05-17 21:30:00;2020-05-17 22:00:00;101.8
1071729215;2020-05-17 22:00:00;2020-05-17 22:30:00;103.0
1071729215;2020-05-17 22:30:00;2020-05-17 23:00:00;103.0
1071729215;2020-05-17 23:00:00;2020-05-17 23:30:00;103.0
1071729215;2020-05-17 23:30:00;2020-05-17 23:59:59;103.0
1071729215;2020-05-18 00:00:00;2020-05-18 00:30:00;103.0
1071729215;2020-05-18 00:30:00;2020-05-18 01:00:00;95.06666666666666
1071729215;2020-05-18 01:00:00;2020-05-18 01:30:00;103.0
1071729215;2020-05-18 01:30:00;2020-05-18 02:00:00;103.0
1071729215;2020-05-18 02:00:00;2020-05-18 02:30:00;103.0
1071729215;2020-05-18 02:30:00;2020-05-18 03:00:00;103.0
1071729215;2020-05-18 03:00:00;2020-05-18 03:30:00;117.53333333333333
1071729215;2020-05-18 03:30:00;2020-05-18 04:00:00;106.73333333333333
1071729215;2020-05-18 04:00:00;2020-05-18 04:30:00;117.76666666666667
1071729215;2020-05-18 04:30:00;2020-05-18 05:00:00;106.73333333333333
1071729215;2020-05-18 05:00:00;2020-05-18 05:30:00;113.06666666666666
1071729215;2020-05-18 05:30:00;2020-05-18 06:00:00;95.73333333333333
1071729215;2020-05-18 06:00:00;2020-05-18 06:30:00;113.23333333333333
1071729215;2020-05-18 06:30:00;2020-05-18 07:00:00;100.2
1071729215;2020-05-18 07:00:00;2020-05-18 07:30:00;99.56666666666666
1071729215;2020-05-18 07:30:00;2020-05-18 08:00:00;119.46666666666667
1071729215;2020-05-18 08:00:00;2020-05-18 08:30:00;114.4
1071729215;2020-05-18 08:30:00;2020-05-18 09:00:00;100.6
1071729215;2020-05-18 09:00:00;2020-05-18 09:30:00;108.23333333333333
1071729215;2020-05-18 09:30:00;2020-05-18 10:00:00;96.36666666666666
1071729215;2020-05-18 10:00:00;2020-05-18 10:30:00;103.8
1071729215;2020-05-18 10:30:00;2020-05-18 11:00:00;108.86666666666666
1071729215;2020-05-18 11:00:00;2020-05-18 11:30:00;102.33333333333333
1071729215;2020-05-18 11:30:00;2020-05-18 12:00:00;84.6470588235294
1071729215;2020-05-18 12:00:00;2020-05-18 12:30:00;101.88235294117646
1071729215;2020-05-18 12:30:00;2020-05-18 13:00:00;105.6
1071729215;2020-05-18 13:00:00;2020-05-18 13:30:00;115.0
1071729215;2020-05-18 13:30:00;2020-05-18 14:00:00;91.36666666666666
1071729215;2020-05-18 14:00:00;2020-05-18 14:30:00;92.83333333333333
1071729215;2020-05-18 14:30:00;2020-05-18 15:00:00;94.16666666666667
1071729215;2020-05-18 15:00:00;2020-05-18 15:30:00;92.3
1071729215;2020-05-18 15:30:00;2020-05-18 16:00:00;88.1
1071729215;2020-05-18 16:00:00;2020-05-18 16:30:00;107.2
1071729215;2020-05-18 16:30:00;2020-05-18 17:00:00;100.3
1071729215;2020-05-18 17:00:00;2020-05-18 17:30:00;105.9
1071729215;2020-05-18 17:30:00;2020-05-18 18:00:00;101.7
1071729215;2020-05-18 18:00:00;2020-05-18 18:30:00;105.4
1071729215;2020-05-18 18:30:00;2020-05-18 19:00:00;109.83333333333333
1071729215;2020-05-18 19:00:00;2020-05-18 19:30:00;105.76666666666667
1071729215;2020-05-18 19:30:00;2020-05-18 20:00:00;102.5
1071729215;2020-05-18 20:00:00;2020-05-18 20:30:00;100.13333333333334
1071729215;2020-05-18 20:30:00;2020-05-18 21:00:00;103.6
1071729215;2020-05-18 21:00:00;2020-05-18 21:30:00;95.86666666666666
1071729215;2020-05-18 21:30:00;2020-05-18 22:00:00;103.0
1071729215;2020-05-18 22:00:00;2020-05-18 22:30:00;103.0
1071729215;2020-05-18 22:30:00;2020-05-18 23:00:00;103.0
1071729215;2020-05-18 23:00:00;2020-05-18 23:30:00;103.0
1071729215;2020-05-18 23:30:00;2020-05-18 23:59:59;103.0
1071729215;2020-05-19 00:00:00;2020-05-19 00:30:00;103.0
1071729215;2020-05-19 00:30:00;2020-05-19 01:00:00;111.86666666666666
1071729215;2020-05-19 01:00:00;2020-05-19 01:30:00;103.0
1071729215;2020-05-19 01:30:00;2020-05-19 02:00:00;103.0
1071729215;2020-05-19 02:00:00;2020-05-19 02:30:00;101.26666666666667
1071729215;2020-05-19 02:30:00;2020-05-19 03:00:00;90.63333333333334
1071729215;2020-05-19 03:00:00;2020-05-19 03:30:00;100.43333333333334
1071729215;2020-05-19 03:30:00;2020-05-19 04:00:00;101.83333333333333
1071729215;2020-05-19 04:00:00;2020-05-19 04:30:00;101.8
1071729215;2020-05-19 04:30:00;2020-05-19 05:00:00;101.86666666666666
1071729215;2020-05-19 05:00:00;2020-05-19 05:30:00;95.1
1071729215;2020-05-19 05:30:00;2020-05-19 06:00:00;98.16666666666667
1071729215;2020-05-19 06:00:00;2020-05-19 06:30:00;109.36666666666666
1071729215;2020-05-19 06:30:00;2020-05-19 07:00:00;98.16666666666667
1071729215;2020-05-19 07:00:00;2020-05-19 07:30:00;98.26666666666667
1071729215;2020-05-19 07:30:00;2020-05-19 08:00:00;100.3
1071729215;2020-05-19 08:00:00;2020-05-19 08:30:00;91.43333333333334
1071729215;2020-05-19 08:30:00;2020-05-19 09:00:00;103.36666666666666
1071729215;2020-05-19 09:00:00;2020-05-19 09:30:00;101.36666666666666
1071729215;2020-05-19 09:30:00;2020-05-19 10:00:00;101.26666666666667
1071729215;2020-05-19 10:00:00;2020-05-19 10:30:00;106.16666666666667
1071729215;2020-05-19 10:30:00;2020-05-19 11:00:00;96.6
1071729215;2020-05-19 11:00:00;2020-05-19 11:30:00;99.43333333333334
1071729215;2020-05-19 11:30:00;2020-05-19 12:00:00;85.23333333333333
1071729215;2020-05-19 12:00:00;2020-05-19 12:30:00;96.96666666666667
1071729215;2020-05-19 12:30:00;2020-05-19 13:00:00;97.86666666666666
1071729215;2020-05-19 13:00:00;2020-05-19 13:30:00;93.93333333333334
1071729215;2020-05-19 13:30:00;2020-05-19 14:00:00;103.1
1071729215;2020-05-19 14:00:00;2020-05-19 14:30:00;100.0
1071729215;2020-05-19 14:30:00;2020-05-19 15:00:00;104.53333333333333
1071729215;2020-05-19 15:00:00;2020-05-19 15:30:00;110.63333333333334
1071729215;2020-05-19 15:30:00;2020-05-19 16:00:00;109.66666666666667
1071729215;2020-05-19 16:00:00;2020-05-19 16:30:00;93.4
1071729215;2020-05-19 16:30:00;2020-05-19 17:00:00;101.33333333333333
1071729215;2020-05-19 17:00:00;2020-05-19 17:30:00;101.53333333333333
1071729215;2020-05-19 17:30:00;2020-05-19 18:00:00;91.2
1071729215;2020-05-19 18:00:00;2020-05-19 18:30:00;94.13333333333334
1071729215;2020-05-19 18:30:00;2020-05-19 19:00:00;106.83333333333333
1071729215;2020-05-19 19:00:00;2020-05-19 19:30:00;105.86666666666666
1071729215;2020-05-19 19:30:00;2020-05-19 20:00:00;101.33333333333333
1071729215;2020-05-19 20:00:00;2020-05-19 20:30:00;106.23333333333333
1071729215;2020-05-19 20:30:00;2020-05-19 21:00:00;103.33333333333333
1071729215;2020-05-19 21:00:00;2020-05-19 21:30:00;106.26666666666667
1071729215;2020-05-19 21:30:00;2020-05-19 22:00:00;114.06666666666666
1071729215;2020-05-19 22:00:00;2020-05-19 22:30:00;93.53333333333333
1071729215;2020-05-19 22:30:00;2020-05-19 23:00:00;103.0
1071729215;2020-05-19 23:00:00;2020-05-19 23:30:00;103.0
1071729215;2020-05-19 23:30:00;2020-05-19 23:59:59;103.0
1071729215;2020-05-20 00:00:00;2020-05-20 00:30:00;103.0
1071729215;2020-05-20 00:30:00;2020-05-20 01:00:00;103.0
1071729215;2020-05-20 01:00:00;2020-05-20 01:30:00;98.23333333333333
1071729215;2020-05-20 01:30:00;2020-05-20 02:00:00;103.0
1071729215;2020-05-20 02:00:00;2020-05-20 02:30:00;91.66666666666667
1071729215;2020-05-20 02:30:00;2020-05-20 03:00:00;102.9
1071729215;2020-05-20 03:00:00;2020-05-20 03:30:00;99.63333333333334
1071729215;2020-05-20 03:30:00;2020-05-20 04:00:00;102.56666666666666
1071729215;2020-05-20 04:00:00;2020-05-20 04:30:00;100.93333333333334
1071729215;2020-05-20 04:30:00;2020-05-20 05:00:00;115.33333333333333
1071729215;2020-05-20 05:00:00;2020-05-20 05:30:00;95.66666666666667
1071729215;2020-05-20 05:30:00;2020-05-20 06:00:00;100.13333333333334
1071729215;2020-05-20 06:00:00;2020-05-20 06:30:00;100.43333333333334
1071729215;2020-05-20 06:30:00;2020-05-20 07:00:00;92.56666666666666
1071729215;2020-05-20 07:00:00;2020-05-20 07:30:00;87.06666666666666
1071729215;2020-05-20 07:30:00;2020-05-20 08:00:00;95.16666666666667
1071729215;2020-05-20 08:00:00;2020-05-20 08:30:00;102.6
1071729215;2020-05-20 08:30:00;2020-05-20 09:00:00;101.2
1071729215;2020-05-20 09:00:00;2020-05-20 09:30:00;94.9
1071729215;2020-05-20 09:30:00;2020-05-20 10:00:00;94.5
1071729215;2020-05-20 10:00:00;2020-05-20 10:30:00;101.8
1071729215;2020-05-20 10:30:00;2020-05-20 11:00:00;90.86666666666666
1071729215;2020-05-20 11:00:00;2020-05-20 11:30:00;93.4
1071729215;2020-05-20 11:30:00;2020-05-20 12:00:00;108.1
1071729215;2020-05-20 12:00:00;2020-05-20 12:30:00;97.9
1071729215;2020-05-20 12:30:00;2020-05-20 13:00:00;55.766666666666666
1071729215;2020-05-20 13:00:00;2020-05-20 13:30:00;88.7
1071729215;2020-05-20 13:30:00;2020-05-20 14:00:00;89.73333333333333
1071729215;2020-05-20 14:00:00;2020-05-20 14:30:00;96.96666666666667
1071729215;2020-05-20 14:30:00;2020-05-20 15:00:00;107.06666666666666
1071729215;2020-05-20 15:00:00;2020-05-20 15:30:00;111.76666666666667
1071729215;2020-05-20 15:30:00;2020-05-20 16:00:00;105.66666666666667
1071729215;2020-05-20 16:00:00;2020-05-20 16:30:00;104.9
1071729215;2020-05-20 16:30:00;2020-05-20 17:00:00;97.66666666666667
1071729215;2020-05-20 17:00:00;2020-05-20 17:30:00;98.2
1071729215;2020-05-20 17:30:00;2020-05-20 18:00:00;91.53333333333333
1071729215;2020-05-20 18:00:00;2020-05-20 18:30:00;97.6
1071729215;2020-05-20 18:30:00;2020-05-20 19:00:00;101.56666666666666
1071729215;2020-05-20 19:00:00;2020-05-20 19:30:00;112.4
1071729215;2020-05-20 19:30:00;2020-05-20 20:00:00;99.6
1071729215;2020-05-20 20:00:00;2020-05-20 20:30:00;108.63333333333334
1071729215;2020-05-20 20:30:00;2020-05-20 21:00:00;106.6
1071729215;2020-05-20 21:00:00;2020-05-20 21:30:00;97.03333333333333
1071729215;2020-05-20 21:30:00;2020-05-20 22:00:00;94.5
1071729215;2020-05-20 22:00:00;2020-05-20 22:30:00;103.0
1071729215;2020-05-20 22:30:00;2020-05-20 23:00:00;103.0
1071729215;2020-05-20 23:00:00;2020-05-20 23:30:00;103.0
1071729215;2020-05-20 23:30:00;2020-05-20 23:59:59;103.0
1071729215;2020-05-21 00:00:00;2020-05-21 00:30:00;103.0
1071729215;2020-05-21 00:30:00;2020-05-21 01:00:00;103.0
1071729215;2020-05-21 01:00:00;2020-05-21 01:30:00;95.33333333333333
1071729215;2020-05-21 01:30:00;2020-05-21 02:00:00;99.83333333333333
1071729215;2020-05-21 02:00:00;2020-05-21 02:30:00;100.5
1071729215;2020-05-21 02:30:00;2020-05-21 03:00:00;103.0
1071729215;2020-05-21 03:00:00;2020-05-21 03:30:00;92.0
1071729215;2020-05-21 03:30:00;2020-05-21 04:00:00;92.0
1071729215;2020-05-21 04:00:00;2020-05-21 04:30:00;93.0
1071729215;2020-05-21 04:30:00;2020-05-21 05:00:00;93.0
1071729215;2020-05-21 05:00:00;2020-05-21 05:30:00;85.16666666666667
1071729215;2020-05-21 05:30:00;2020-05-21 06:00:00;94.53333333333333
1071729215;2020-05-21 06:00:00;2020-05-21 06:30:00;89.23333333333333
1071729215;2020-05-21 06:30:00;2020-05-21 07:00:00;104.4
1071729215;2020-05-21 07:00:00;2020-05-21 07:30:00;91.16666666666667
1071729215;2020-05-21 07:30:00;2020-05-21 08:00:00;88.6
1071729215;2020-05-21 08:00:00;2020-05-21 08:30:00;91.76666666666667
1071729215;2020-05-21 08:30:00;2020-05-21 09:00:00;99.43333333333334
1071729215;2020-05-21 09:00:00;2020-05-21 09:30:00;96.2
1071729215;2020-05-21 09:30:00;2020-05-21 10:00:00;105.33333333333333
1071729215;2020-05-21 10:00:00;2020-05-21 10:30:00;105.96666666666667
1071729215;2020-05-21 10:30:00;2020-05-21 11:00:00;95.2
1071729215;2020-05-21 11:00:00;2020-05-21 11:30:00;101.0
1071729215;2020-05-21 11:30:00;2020-05-21 12:00:00;105.83333333333333
1071729215;2020-05-21 12:00:00;2020-05-21 12:30:00;104.63333333333334
1071729215;2020-05-21 12:30:00;2020-05-21 13:00:00;98.86666666666666
1071729215;2020-05-21 13:00:00;2020-05-21 13:30:00;99.93333333333334
1071729215;2020-05-21 13:30:00;2020-05-21 14:00:00;92.76666666666667
1071729215;2020-05-21 14:00:00;2020-05-21 14:30:00;85.93333333333334
1071729215;2020-05-21 14:30:00;2020-05-21 15:00:00;102.26666666666667
1071729215;2020-05-21 15:00:00;2020-05-21 15:30:00;92.63333333333334
1071729215;2020-05-21 15:30:00;2020-05-21 16:00:00;95.1
1071729215;2020-05-21 16:00:00;2020-05-21 16:30:00;80.06666666666666
1071729215;2020-05-21 16:30:00;2020-05-21 17:00:00;105.36666666666666
1071729215;2020-05-21 17:00:00;2020-05-21 17:30:00;90.93333333333334
1071729215;2020-05-21 17:30:00;2020-05-21 18:00:00;83.36666666666666
1071729215;2020-05-21 18:00:00;2020-05-21 18:30:00;96.13333333333334
1071729215;2020-05-21 18:30:00;2020-05-21 19:00:00;108.96666666666667
1071729215;2020-05-21 19:00:00;2020-05-21 19:30:00;101.43333333333334
1071729215;2020-05-21 19:30:00;2020-05-21 20:00:00;105.03333333333333
1071729215;2020-05-21 20:00:00;2020-05-21 20:30:00;103.4
1071729215;2020-05-21 20:30:00;2020-05-21 21:00:00;104.33333333333333
1071729215;2020-05-21 21:00:00;2020-05-21 21:30:00;103.4
1071729215;2020-05-21 21:30:00;2020-05-21 22:00:00;103.0
1071729215;2020-05-21 22:00:00;2020-05-21 22:30:00;103.0
1071729215;2020-05-21 22:30:00;2020-05-21 23:00:00;105.1
1071729215;2020-05-21 23:00:00;2020-05-21 23:30:00;105.33333333333333
1071729215;2020-05-21 23:30:00;2020-05-21 23:59:59;103.0
1071729215;2020-05-22 00:00:00;2020-05-22 00:30:00;103.0
1071729215;2020-05-22 00:30:00;2020-05-22 01:00:00;103.0
1071729215;2020-05-22 01:00:00;2020-05-22 01:30:00;103.0
1071729215;2020-05-22 01:30:00;2020-05-22 02:00:00;103.0
1071729215;2020-05-22 02:00:00;2020-05-22 02:30:00;103.0
1071729215;2020-05-22 02:30:00;2020-05-22 03:00:00;103.0
1071729215;2020-05-22 03:00:00;2020-05-22 03:30:00;101.0
1071729215;2020-05-22 03:30:00;2020-05-22 04:00:00;101.0
1071729215;2020-05-22 04:00:00;2020-05-22 04:30:00;88.86666666666666
1071729215;2020-05-22 04:30:00;2020-05-22 05:00:00;103.4
1071729215;2020-05-22 05:00:00;2020-05-22 05:30:00;105.2
1071729215;2020-05-22 05:30:00;2020-05-22 06:00:00;110.56666666666666
1071729215;2020-05-22 06:00:00;2020-05-22 06:30:00;113.5
1071729215;2020-05-22 06:30:00;2020-05-22 07:00:00;108.63333333333334
1071729215;2020-05-22 07:00:00;2020-05-22 07:30:00;103.46666666666667
1071729215;2020-05-22 07:30:00;2020-05-22 08:00:00;95.26666666666667
1071729215;2020-05-22 08:00:00;2020-05-22 08:30:00;100.9
1071729215;2020-05-22 08:30:00;2020-05-22 09:00:00;104.1
1071729215;2020-05-22 09:00:00;2020-05-22 09:30:00;111.2
1071729215;2020-05-22 09:30:00;2020-05-22 10:00:00;94.0
1071729215;2020-05-22 10:00:00;2020-05-22 10:30:00;95.8
1071729215;2020-05-22 10:30:00;2020-05-22 11:00:00;101.66666666666667
1071729215;2020-05-22 11:00:00;2020-05-22 11:30:00;96.56666666666666
1071729215;2020-05-22 11:30:00;2020-05-22 12:00:00;101.03333333333333
1071729215;2020-05-22 12:00:00;2020-05-22 12:30:00;105.06666666666666
1071729215;2020-05-22 12:30:00;2020-05-22 13:00:00;99.66666666666667
1071729215;2020-05-22 13:00:00;2020-05-22 13:30:00;93.43333333333334
1071729215;2020-05-22 13:30:00;2020-05-22 14:00:00;105.3
1071729215;2020-05-22 14:00:00;2020-05-22 14:30:00;107.86666666666666
1071729215;2020-05-22 14:30:00;2020-05-22 15:00:00;106.36666666666666
1071729215;2020-05-22 15:00:00;2020-05-22 15:30:00;98.16666666666667
1071729215;2020-05-22 15:30:00;2020-05-22 16:00:00;96.03333333333333
1071729215;2020-05-22 16:00:00;2020-05-22 16:30:00;107.03333333333333
1071729215;2020-05-22 16:30:00;2020-05-22 17:00:00;97.83333333333333
1071729215;2020-05-22 17:00:00;2020-05-22 17:30:00;103.1
1071729215;2020-05-22 17:30:00;2020-05-22 18:00:00;94.46666666666667
1071729215;2020-05-22 18:00:00;2020-05-22 18:30:00;106.8
1071729215;2020-05-22 18:30:00;2020-05-22 19:00:00;113.8
1071729215;2020-05-22 19:00:00;2020-05-22 19:30:00;103.66666666666667
1071729215;2020-05-22 19:30:00;2020-05-22 20:00:00;101.1
1071729215;2020-05-22 20:00:00;2020-05-22 20:30:00;106.66666666666667
1071729215;2020-05-22 20:30:00;2020-05-22 21:00:00;110.26666666666667
1071729215;2020-05-22 21:00:00;2020-05-22 21:30:00;107.9
1071729215;2020-05-22 21:30:00;2020-05-22 22:00:00;103.0
1071729215;2020-05-22 22:00:00;2020-05-22 22:30:00;103.0
1071729215;2020-05-22 22:30:00;2020-05-22 23:00:00;103.06666666666666
1071729215;2020-05-22 23:00:00;2020-05-22 23:30:00;98.63333333333334
1071729215;2020-05-22 23:30:00;2020-05-22 23:59:59;103.0
1071729215;2020-05-23 00:00:00;2020-05-23 00:30:00;103.0
1071729215;2020-05-23 00:30:00;2020-05-23 01:00:00;103.0
1071729215;2020-05-23 01:00:00;2020-05-23 01:30:00;103.0
1071729215;2020-05-23 01:30:00;2020-05-23 02:00:00;103.0
1071729215;2020-05-23 02:00:00;2020-05-23 02:30:00;103.0
1071729215;2020-05-23 02:30:00;2020-05-23 03:00:00;103.0
1071729215;2020-05-23 03:00:00;2020-05-23 03:30:00;108.0
1071729215;2020-05-23 03:30:00;2020-05-23 04:00:00;108.0
1071729215;2020-05-23 04:00:00;2020-05-23 04:30:00;113.0
1071729215;2020-05-23 04:30:00;2020-05-23 05:00:00;113.0
1071729215;2020-05-23 05:00:00;2020-05-23 05:30:00;96.53333333333333
1071729215;2020-05-23 05:30:00;2020-05-23 06:00:00;113.0
1071729215;2020-05-23 06:00:00;2020-05-23 06:30:00;108.13333333333334
1071729215;2020-05-23 06:30:00;2020-05-23 07:00:00;106.0
1071729215;2020-05-23 07:00:00;2020-05-23 07:30:00;110.5
1071729215;2020-05-23 07:30:00;2020-05-23 08:00:00;117.46666666666667
1071729215;2020-05-23 08:00:00;2020-05-23 08:30:00;103.63333333333334
1071729215;2020-05-23 08:30:00;2020-05-23 09:00:00;112.63333333333334
1071729215;2020-05-23 09:00:00;2020-05-23 09:30:00;117.33333333333333
1071729215;2020-05-23 09:30:00;2020-05-23 10:00:00;106.03333333333333
1071729215;2020-05-23 10:00:00;2020-05-23 10:30:00;108.6
1071729215;2020-05-23 10:30:00;2020-05-23 11:00:00;103.36666666666666
1071729215;2020-05-23 11:00:00;2020-05-23 11:30:00;106.46666666666667
1071729215;2020-05-23 11:30:00;2020-05-23 12:00:00;112.3
1071729215;2020-05-23 12:00:00;2020-05-23 12:30:00;108.76666666666667
1071729215;2020-05-23 12:30:00;2020-05-23 13:00:00;103.26666666666667
1071729215;2020-05-23 13:00:00;2020-05-23 13:30:00;107.36666666666666
1071729215;2020-05-23 13:30:00;2020-05-23 14:00:00;98.56666666666666
1071729215;2020-05-23 14:00:00;2020-05-23 14:30:00;98.96666666666667
1071729215;2020-05-23 14:30:00;2020-05-23 15:00:00;100.6
1071729215;2020-05-23 15:00:00;2020-05-23 15:30:00;90.96666666666667
1071729215;2020-05-23 15:30:00;2020-05-23 16:00:00;103.93333333333334
1071729215;2020-05-23 16:00:00;2020-05-23 16:30:00;113.33333333333333
1071729215;2020-05-23 16:30:00;2020-05-23 17:00:00;106.9
1071729215;2020-05-23 17:00:00;2020-05-23 17:30:00;109.03333333333333
1071729215;2020-05-23 17:30:00;2020-05-23 18:00:00;102.56666666666666
1071729215;2020-05-23 18:00:00;2020-05-23 18:30:00;115.16666666666667
1071729215;2020-05-23 18:30:00;2020-05-23 19:00:00;103.76666666666667
1071729215;2020-05-23 19:00:00;2020-05-23 19:30:00;111.2
1071729215;2020-05-23 19:30:00;2020-05-23 20:00:00;111.06666666666666
1071729215;2020-05-23 20:00:00;2020-05-23 20:30:00;108.06666666666666
1071729215;2020-05-23 20:30:00;2020-05-23 21:00:00;110.2
1071729215;2020-05-23 21:00:00;2020-05-23 21:30:00;87.93333333333334
1071729215;2020-05-23 21:30:00;2020-05-23 22:00:00;108.06666666666666
1071729215;2020-05-23 22:00:00;2020-05-23 22:30:00;104.26666666666667
1071729215;2020-05-23 22:30:00;2020-05-23 23:00:00;103.0
1071729215;2020-05-23 23:00:00;2020-05-23 23:30:00;103.0
1071729215;2020-05-23 23:30:00;2020-05-23 23:59:59;103.0
1071729215;2020-05-24 00:00:00;2020-05-24 00:30:00;103.0
1071729215;2020-05-24 00:30:00;2020-05-24 01:00:00;103.0
1071729215;2020-05-24 01:00:00;2020-05-24 01:30:00;103.0
1071729215;2020-05-24 01:30:00;2020-05-24 02:00:00;96.1
1071729215;2020-05-24 02:00:00;2020-05-24 02:30:00;99.1
1071729215;2020-05-24 02:30:00;2020-05-24 03:00:00;92.9
1071729215;2020-05-24 03:00:00;2020-05-24 03:30:00;106.4
1071729215;2020-05-24 03:30:00;2020-05-24 04:00:00;109.0
1071729215;2020-05-24 04:00:00;2020-05-24 04:30:00;122.0
1071729215;2020-05-24 04:30:00;2020-05-24 05:00:00;122.0
1071729215;2020-05-24 05:00:00;2020-05-24 05:30:00;114.3
1071729215;2020-05-24 05:30:00;2020-05-24 06:00:00;122.9
1071729215;2020-05-24 06:00:00;2020-05-24 06:30:00;103.63333333333334
1071729215;2020-05-24 06:30:00;2020-05-24 07:00:00;112.33333333333333
1071729215;2020-05-24 07:00:00;2020-05-24 07:30:00;112.83333333333333
1071729215;2020-05-24 07:30:00;2020-05-24 08:00:00;106.86666666666666
1071729215;2020-05-24 08:00:00;2020-05-24 08:30:00;101.56666666666666
1071729215;2020-05-24 08:30:00;2020-05-24 09:00:00;115.0
1071729215;2020-05-24 09:00:00;2020-05-24 09:30:00;114.96666666666667
1071729215;2020-05-24 09:30:00;2020-05-24 10:00:00;103.53333333333333
1071729215;2020-05-24 10:00:00;2020-05-24 10:30:00;99.53333333333333
1071729215;2020-05-24 10:30:00;2020-05-24 11:00:00;103.63333333333334
1071729215;2020-05-24 11:00:00;2020-05-24 11:30:00;96.06666666666666
1071729215;2020-05-24 11:30:00;2020-05-24 12:00:00;90.96666666666667
1071729215;2020-05-24 12:00:00;2020-05-24 12:30:00;93.1
1071729215;2020-05-24 12:30:00;2020-05-24 13:00:00;95.9
1071729215;2020-05-24 13:00:00;2020-05-24 13:30:00;97.83333333333333
1071729215;2020-05-24 13:30:00;2020-05-24 14:00:00;89.46666666666667
1071729215;2020-05-24 14:00:00;2020-05-24 14:30:00;88.96666666666667
1071729215;2020-05-24 14:30:00;2020-05-24 15:00:00;100.46666666666667
1071729215;2020-05-24 15:00:00;2020-05-24 15:30:00;93.9
1071729215;2020-05-24 15:30:00;2020-05-24 16:00:00;87.13333333333334
1071729215;2020-05-24 16:00:00;2020-05-24 16:30:00;95.33333333333333
1071729215;2020-05-24 16:30:00;2020-05-24 17:00:00;108.13333333333334
1071729215;2020-05-24 17:00:00;2020-05-24 17:30:00;100.76666666666667
1071729215;2020-05-24 17:30:00;2020-05-24 18:00:00;102.7
1071729215;2020-05-24 18:00:00;2020-05-24 18:30:00;117.63333333333334
1071729215;2020-05-24 18:30:00;2020-05-24 19:00:00;104.6
1071729215;2020-05-24 19:00:00;2020-05-24 19:30:00;103.56666666666666
1071729215;2020-05-24 19:30:00;2020-05-24 20:00:00;119.73333333333333
1071729215;2020-05-24 20:00:00;2020-05-24 20:30:00;101.06666666666666
1071729215;2020-05-24 20:30:00;2020-05-24 21:00:00;115.53333333333333
1071729215;2020-05-24 21:00:00;2020-05-24 21:30:00;103.33333333333333
1071729215;2020-05-24 21:30:00;2020-05-24 22:00:00;103.0
1071729215;2020-05-24 22:00:00;2020-05-24 22:30:00;103.0
1071729215;2020-05-24 22:30:00;2020-05-24 23:00:00;103.93333333333334
1071729215;2020-05-24 23:00:00;2020-05-24 23:30:00;103.0
1071729215;2020-05-24 23:30:00;2020-05-24 23:59:59;103.0
1071729215;2020-05-25 00:00:00;2020-05-25 00:30:00;103.0
1071729215;2020-05-25 00:30:00;2020-05-25 01:00:00;103.0
1071729215;2020-05-25 01:00:00;2020-05-25 01:30:00;97.03333333333333
1071729215;2020-05-25 01:30:00;2020-05-25 02:00:00;103.0
1071729215;2020-05-25 02:00:00;2020-05-25 02:30:00;103.0
1071729215;2020-05-25 02:30:00;2020-05-25 03:00:00;104.6
1071729215;2020-05-25 03:00:00;2020-05-25 03:30:00;103.2
1071729215;2020-05-25 03:30:00;2020-05-25 04:00:00;97.53333333333333
1071729215;2020-05-25 04:00:00;2020-05-25 04:30:00;116.03333333333333
1071729215;2020-05-25 04:30:00;2020-05-25 05:00:00;110.76666666666667
1071729215;2020-05-25 05:00:00;2020-05-25 05:30:00;96.1
1071729215;2020-05-25 05:30:00;2020-05-25 06:00:00;104.93333333333334
1071729215;2020-05-25 06:00:00;2020-05-25 06:30:00;103.8
1071729215;2020-05-25 06:30:00;2020-05-25 07:00:00;95.73333333333333
1071729215;2020-05-25 07:00:00;2020-05-25 07:30:00;100.9
1071729215;2020-05-25 07:30:00;2020-05-25 08:00:00;101.43333333333334
1071729215;2020-05-25 08:00:00;2020-05-25 08:30:00;90.73333333333333
1071729215;2020-05-25 08:30:00;2020-05-25 09:00:00;99.63333333333334
1071729215;2020-05-25 09:00:00;2020-05-25 09:30:00;103.4
1071729215;2020-05-25 09:30:00;2020-05-25 10:00:00;100.3
1071729215;2020-05-25 10:00:00;2020-05-25 10:30:00;96.53333333333333
1071729215;2020-05-25 10:30:00;2020-05-25 11:00:00;96.6
1071729215;2020-05-25 11:00:00;2020-05-25 11:30:00;92.53333333333333
1071729215;2020-05-25 11:30:00;2020-05-25 12:00:00;106.43333333333334
1071729215;2020-05-25 12:00:00;2020-05-25 12:30:00;96.46666666666667
1071729215;2020-05-25 12:30:00;2020-05-25 13:00:00;99.2
1071729215;2020-05-25 13:00:00;2020-05-25 13:30:00;96.73333333333333
1071729215;2020-05-25 13:30:00;2020-05-25 14:00:00;96.16666666666667
1071729215;2020-05-25 14:00:00;2020-05-25 14:30:00;92.3
1071729215;2020-05-25 14:30:00;2020-05-25 15:00:00;112.46666666666667
1071729215;2020-05-25 15:00:00;2020-05-25 15:30:00;105.26666666666667
1071729215;2020-05-25 15:30:00;2020-05-25 16:00:00;91.36666666666666
1071729215;2020-05-25 16:00:00;2020-05-25 16:30:00;91.5
1071729215;2020-05-25 16:30:00;2020-05-25 17:00:00;101.2
1071729215;2020-05-25 17:00:00;2020-05-25 17:30:00;94.53333333333333
1071729215;2020-05-25 17:30:00;2020-05-25 18:00:00;94.7
1071729215;2020-05-25 18:00:00;2020-05-25 18:30:00;93.5
1071729215;2020-05-25 18:30:00;2020-05-25 19:00:00;106.23333333333333
1071729215;2020-05-25 19:00:00;2020-05-25 19:30:00;96.13333333333334
1071729215;2020-05-25 19:30:00;2020-05-25 20:00:00;103.5
1071729215;2020-05-25 20:00:00;2020-05-25 20:30:00;100.83333333333333
1071729215;2020-05-25 20:30:00;2020-05-25 21:00:00;103.63333333333334
1071729215;2020-05-25 21:00:00;2020-05-25 21:30:00;102.53333333333333
1071729215;2020-05-25 21:30:00;2020-05-25 22:00:00;90.9
1071729215;2020-05-25 22:00:00;2020-05-25 22:30:00;103.0
1071729215;2020-05-25 22:30:00;2020-05-25 23:00:00;103.0
1071729215;2020-05-25 23:00:00;2020-05-25 23:30:00;103.0
1071729215;2020-05-25 23:30:00;2020-05-25 23:59:59;98.03333333333333
1071729215;2020-05-26 00:00:00;2020-05-26 00:30:00;103.0
1071729215;2020-05-26 00:30:00;2020-05-26 01:00:00;103.0
1071729215;2020-05-26 01:00:00;2020-05-26 01:30:00;103.0
1071729215;2020-05-26 01:30:00;2020-05-26 02:00:00;103.0
1071729215;2020-05-26 02:00:00;2020-05-26 02:30:00;103.0
1071729215;2020-05-26 02:30:00;2020-05-26 03:00:00;103.0
1071729215;2020-05-26 03:00:00;2020-05-26 03:30:00;106.7
1071729215;2020-05-26 03:30:00;2020-05-26 04:00:00;103.1
1071729215;2020-05-26 04:00:00;2020-05-26 04:30:00;97.63333333333334
1071729215;2020-05-26 04:30:00;2020-05-26 05:00:00;103.86666666666666
1071729215;2020-05-26 05:00:00;2020-05-26 05:30:00;88.56666666666666
1071729215;2020-05-26 05:30:00;2020-05-26 06:00:00;95.46666666666667
1071729215;2020-05-26 06:00:00;2020-05-26 06:30:00;104.53333333333333
1071729215;2020-05-26 06:30:00;2020-05-26 07:00:00;94.9
1071729215;2020-05-26 07:00:00;2020-05-26 07:30:00;108.0
1071729215;2020-05-26 07:30:00;2020-05-26 08:00:00;92.76666666666667
1071729215;2020-05-26 08:00:00;2020-05-26 08:30:00;87.86666666666666
1071729215;2020-05-26 08:30:00;2020-05-26 09:00:00;89.56666666666666
1071729215;2020-05-26 09:00:00;2020-05-26 09:30:00;104.36666666666666
1071729215;2020-05-26 09:30:00;2020-05-26 10:00:00;95.56666666666666
1071729215;2020-05-26 10:00:00;2020-05-26 10:30:00;93.7
1071729215;2020-05-26 10:30:00;2020-05-26 11:00:00;93.66666666666667
1071729215;2020-05-26 11:00:00;2020-05-26 11:30:00;107.03333333333333
1071729215;2020-05-26 11:30:00;2020-05-26 12:00:00;98.4
1071729215;2020-05-26 12:00:00;2020-05-26 12:30:00;97.4
1071729215;2020-05-26 12:30:00;2020-05-26 13:00:00;93.06666666666666
1071729215;2020-05-26 13:00:00;2020-05-26 13:30:00;84.9
1071729215;2020-05-26 13:30:00;2020-05-26 14:00:00;96.66666666666667
1071729215;2020-05-26 14:00:00;2020-05-26 14:30:00;102.83333333333333
1071729215;2020-05-26 14:30:00;2020-05-26 15:00:00;100.03333333333333
1071729215;2020-05-26 15:00:00;2020-05-26 15:30:00;104.33333333333333
1071729215;2020-05-26 15:30:00;2020-05-26 16:00:00;118.16666666666667
1071729215;2020-05-26 16:00:00;2020-05-26 16:30:00;99.7
1071729215;2020-05-26 16:30:00;2020-05-26 17:00:00;88.46666666666667
1071729215;2020-05-26 17:00:00;2020-05-26 17:30:00;95.56666666666666
1071729215;2020-05-26 17:30:00;2020-05-26 18:00:00;94.3
1071729215;2020-05-26 18:00:00;2020-05-26 18:30:00;90.23333333333333
1071729215;2020-05-26 18:30:00;2020-05-26 19:00:00;108.43333333333334
1071729215;2020-05-26 19:00:00;2020-05-26 19:30:00;98.63333333333334
1071729215;2020-05-26 19:30:00;2020-05-26 20:00:00;108.86666666666666
1071729215;2020-05-26 20:00:00;2020-05-26 20:30:00;113.13333333333334
1071729215;2020-05-26 20:30:00;2020-05-26 21:00:00;107.36666666666666
1071729215;2020-05-26 21:00:00;2020-05-26 21:30:00;103.26666666666667
1071729215;2020-05-26 21:30:00;2020-05-26 22:00:00;103.0
1071729215;2020-05-26 22:00:00;2020-05-26 22:30:00;109.9
1071729215;2020-05-26 22:30:00;2020-05-26 23:00:00;106.13333333333334
1071729215;2020-05-26 23:00:00;2020-05-26 23:30:00;103.0
1071729215;2020-05-26 23:30:00;2020-05-26 23:59:59;103.0
1071729215;2020-05-27 00:00:00;2020-05-27 00:30:00;103.0
1071729215;2020-05-27 00:30:00;2020-05-27 01:00:00;103.0
1071729215;2020-05-27 01:00:00;2020-05-27 01:30:00;103.0
1071729215;2020-05-27 01:30:00;2020-05-27 02:00:00;103.0
1071729215;2020-05-27 02:00:00;2020-05-27 02:30:00;103.93333333333334
1071729215;2020-05-27 02:30:00;2020-05-27 03:00:00;103.0
1071729215;2020-05-27 03:00:00;2020-05-27 03:30:00;102.8
1071729215;2020-05-27 03:30:00;2020-05-27 04:00:00;97.33333333333333
1071729215;2020-05-27 04:00:00;2020-05-27 04:30:00;97.0
1071729215;2020-05-27 04:30:00;2020-05-27 05:00:00;95.23333333333333
1071729215;2020-05-27 05:00:00;2020-05-27 05:30:00;101.13333333333334
1071729215;2020-05-27 05:30:00;2020-05-27 06:00:00;108.16666666666667
1071729215;2020-05-27 06:00:00;2020-05-27 06:30:00;100.8
1071729215;2020-05-27 06:30:00;2020-05-27 07:00:00;97.5
1071729215;2020-05-27 07:00:00;2020-05-27 07:30:00;97.46666666666667
1071729215;2020-05-27 07:30:00;2020-05-27 08:00:00;104.83333333333333
1071729215;2020-05-27 08:00:00;2020-05-27 08:30:00;100.83333333333333
1071729215;2020-05-27 08:30:00;2020-05-27 09:00:00;92.6
1071729215;2020-05-27 09:00:00;2020-05-27 09:30:00;107.2
1071729215;2020-05-27 09:30:00;2020-05-27 10:00:00;98.36666666666666
1071729215;2020-05-27 10:00:00;2020-05-27 10:30:00;114.76666666666667
1071729215;2020-05-27 10:30:00;2020-05-27 11:00:00;99.7
1071729215;2020-05-27 11:00:00;2020-05-27 11:30:00;94.56666666666666
1071729215;2020-05-27 11:30:00;2020-05-27 12:00:00;91.23333333333333
1071729215;2020-05-27 12:00:00;2020-05-27 12:30:00;96.16666666666667
1071729215;2020-05-27 12:30:00;2020-05-27 13:00:00;103.63333333333334
1071729215;2020-05-27 13:00:00;2020-05-27 13:30:00;95.66666666666667
1071729215;2020-05-27 13:30:00;2020-05-27 14:00:00;97.36666666666666
1071729215;2020-05-27 14:00:00;2020-05-27 14:30:00;95.96666666666667
1071729215;2020-05-27 14:30:00;2020-05-27 15:00:00;100.66666666666667
1071729215;2020-05-27 15:00:00;2020-05-27 15:30:00;101.26666666666667
1071729215;2020-05-27 15:30:00;2020-05-27 16:00:00;99.5
1071729215;2020-05-27 16:00:00;2020-05-27 16:30:00;100.8
1071729215;2020-05-27 16:30:00;2020-05-27 17:00:00;94.5
1071729215;2020-05-27 17:00:00;2020-05-27 17:30:00;97.3
1071729215;2020-05-27 17:30:00;2020-05-27 18:00:00;105.5
1071729215;2020-05-27 18:00:00;2020-05-27 18:30:00;104.56666666666666
1071729215;2020-05-27 18:30:00;2020-05-27 19:00:00;97.0
1071729215;2020-05-27 19:00:00;2020-05-27 19:30:00;110.56666666666666
1071729215;2020-05-27 19:30:00;2020-05-27 20:00:00;99.1
1071729215;2020-05-27 20:00:00;2020-05-27 20:30:00;100.63333333333334
1071729215;2020-05-27 20:30:00;2020-05-27 21:00:00;109.13333333333334
1071729215;2020-05-27 21:00:00;2020-05-27 21:30:00;103.46666666666667
1071729215;2020-05-27 21:30:00;2020-05-27 22:00:00;91.5
1071729215;2020-05-27 22:00:00;2020-05-27 22:30:00;104.9
1071729215;2020-05-27 22:30:00;2020-05-27 23:00:00;101.0
1071729215;2020-05-27 23:00:00;2020-05-27 23:30:00;97.2
1071729215;2020-05-27 23:30:00;2020-05-27 23:59:59;103.0
1071729215;2020-05-28 00:00:00;2020-05-28 00:30:00;103.0
1071729215;2020-05-28 00:30:00;2020-05-28 01:00:00;103.0
1071729215;2020-05-28 01:00:00;2020-05-28 01:30:00;103.0
1071729215;2020-05-28 01:30:00;2020-05-28 02:00:00;97.6
1071729215;2020-05-28 02:00:00;2020-05-28 02:30:00;103.0
1071729215;2020-05-28 02:30:00;2020-05-28 03:00:00;103.0
1071729215;2020-05-28 03:00:00;2020-05-28 03:30:00;99.1
1071729215;2020-05-28 03:30:00;2020-05-28 04:00:00;100.53333333333333
1071729215;2020-05-28 04:00:00;2020-05-28 04:30:00;93.06666666666666
1071729215;2020-05-28 04:30:00;2020-05-28 05:00:00;107.2
1071729215;2020-05-28 05:00:00;2020-05-28 05:30:00;114.23333333333333
1071729215;2020-05-28 05:30:00;2020-05-28 06:00:00;110.56666666666666
1071729215;2020-05-28 06:00:00;2020-05-28 06:30:00;103.26666666666667
1071729215;2020-05-28 06:30:00;2020-05-28 07:00:00;106.8
1071729215;2020-05-28 07:00:00;2020-05-28 07:30:00;101.03333333333333
1071729215;2020-05-28 07:30:00;2020-05-28 08:00:00;89.56666666666666
1071729215;2020-05-28 08:00:00;2020-05-28 08:30:00;100.0
1071729215;2020-05-28 08:30:00;2020-05-28 09:00:00;103.63333333333334
1071729215;2020-05-28 09:00:00;2020-05-28 09:30:00;94.9
1071729215;2020-05-28 09:30:00;2020-05-28 10:00:00;102.36666666666666
1071729215;2020-05-28 10:00:00;2020-05-28 10:30:00;108.03333333333333
1071729215;2020-05-28 10:30:00;2020-05-28 11:00:00;102.76666666666667
1071729215;2020-05-28 11:00:00;2020-05-28 11:30:00;102.3
1071729215;2020-05-28 11:30:00;2020-05-28 12:00:00;96.63333333333334
1071729215;2020-05-28 12:00:00;2020-05-28 12:30:00;97.66666666666667
1071729215;2020-05-28 12:30:00;2020-05-28 13:00:00;112.63333333333334
1071729215;2020-05-28 13:00:00;2020-05-28 13:30:00;97.43333333333334
1071729215;2020-05-28 13:30:00;2020-05-28 14:00:00;102.43333333333334
1071729215;2020-05-28 14:00:00;2020-05-28 14:30:00;93.03333333333333
1071729215;2020-05-28 14:30:00;2020-05-28 15:00:00;97.23333333333333
1071729215;2020-05-28 15:00:00;2020-05-28 15:30:00;103.7
1071729215;2020-05-28 15:30:00;2020-05-28 16:00:00;93.4
1071729215;2020-05-28 16:00:00;2020-05-28 16:30:00;88.4
1071729215;2020-05-28 16:30:00;2020-05-28 17:00:00;100.56666666666666
1071729215;2020-05-28 17:00:00;2020-05-28 17:30:00;99.1
1071729215;2020-05-28 17:30:00;2020-05-28 18:00:00;88.5
1071729215;2020-05-28 18:00:00;2020-05-28 18:30:00;103.83333333333333
1071729215;2020-05-28 18:30:00;2020-05-28 19:00:00;105.0
1071729215;2020-05-28 19:00:00;2020-05-28 19:30:00;116.6
1071729215;2020-05-28 19:30:00;2020-05-28 20:00:00;109.83333333333333
1071729215;2020-05-28 20:00:00;2020-05-28 20:30:00;116.7
1071729215;2020-05-28 20:30:00;2020-05-28 21:00:00;121.43333333333334
1071729215;2020-05-28 21:00:00;2020-05-28 21:30:00;93.2
1071729215;2020-05-28 21:30:00;2020-05-28 22:00:00;103.0
1071729215;2020-05-28 22:00:00;2020-05-28 22:30:00;93.9
1071729215;2020-05-28 22:30:00;2020-05-28 23:00:00;103.0
1071729215;2020-05-28 23:00:00;2020-05-28 23:30:00;108.33333333333333
1071729215;2020-05-28 23:30:00;2020-05-28 23:59:59;103.0
1071729215;2020-05-29 00:00:00;2020-05-29 00:30:00;103.0
1071729215;2020-05-29 00:30:00;2020-05-29 01:00:00;103.0
1071729215;2020-05-29 01:00:00;2020-05-29 01:30:00;103.0
1071729215;2020-05-29 01:30:00;2020-05-29 02:00:00;103.0
1071729215;2020-05-29 02:00:00;2020-05-29 02:30:00;103.0
1071729215;2020-05-29 02:30:00;2020-05-29 03:00:00;113.4
1071729215;2020-05-29 03:00:00;2020-05-29 03:30:00;102.33333333333333
1071729215;2020-05-29 03:30:00;2020-05-29 04:00:00;106.53333333333333
1071729215;2020-05-29 04:00:00;2020-05-29 04:30:00;103.86666666666666
1071729215;2020-05-29 04:30:00;2020-05-29 05:00:00;100.1
1071729215;2020-05-29 05:00:00;2020-05-29 05:30:00;96.43333333333334
1071729215;2020-05-29 05:30:00;2020-05-29 06:00:00;103.7
1071729215;2020-05-29 06:00:00;2020-05-29 06:30:00;103.03333333333333
1071729215;2020-05-29 06:30:00;2020-05-29 07:00:00;99.7
1071729215;2020-05-29 07:00:00;2020-05-29 07:30:00;103.23333333333333
1071729215;2020-05-29 07:30:00;2020-05-29 08:00:00;108.5
1071729215;2020-05-29 08:00:00;2020-05-29 08:30:00;92.3
1071729215;2020-05-29 08:30:00;2020-05-29 09:00:00;103.8
1071729215;2020-05-29 09:00:00;2020-05-29 09:30:00;102.1
1071729215;2020-05-29 09:30:00;2020-05-29 10:00:00;97.86666666666666
1071729215;2020-05-29 10:00:00;2020-05-29 10:30:00;106.06666666666666
1071729215;2020-05-29 10:30:00;2020-05-29 11:00:00;97.1
1071729215;2020-05-29 11:00:00;2020-05-29 11:30:00;91.36666666666666
1071729215;2020-05-29 11:30:00;2020-05-29 12:00:00;95.96666666666667
1071729215;2020-05-29 12:00:00;2020-05-29 12:30:00;107.4
1071729215;2020-05-29 12:30:00;2020-05-29 13:00:00;95.66666666666667
1071729215;2020-05-29 13:00:00;2020-05-29 13:30:00;103.0
1071729215;2020-05-29 13:30:00;2020-05-29 14:00:00;96.5
1071729215;2020-05-29 14:00:00;2020-05-29 14:30:00;85.63333333333334
1071729215;2020-05-29 14:30:00;2020-05-29 15:00:00;94.56666666666666
1071729215;2020-05-29 15:00:00;2020-05-29 15:30:00;95.83333333333333
1071729215;2020-05-29 15:30:00;2020-05-29 16:00:00;104.96666666666667
1071729215;2020-05-29 16:00:00;2020-05-29 16:30:00;110.93333333333334
1071729215;2020-05-29 16:30:00;2020-05-29 17:00:00;119.43333333333334
1071729215;2020-05-29 17:00:00;2020-05-29 17:30:00;110.76666666666667
1071729215;2020-05-29 17:30:00;2020-05-29 18:00:00;104.33333333333333
1071729215;2020-05-29 18:00:00;2020-05-29 18:30:00;91.83333333333333
1071729215;2020-05-29 18:30:00;2020-05-29 19:00:00;101.66666666666667
1071729215;2020-05-29 19:00:00;2020-05-29 19:30:00;105.1
1071729215;2020-05-29 19:30:00;2020-05-29 20:00:00;106.26666666666667
1071729215;2020-05-29 20:00:00;2020-05-29 20:30:00;106.8
1071729215;2020-05-29 20:30:00;2020-05-29 21:00:00;108.93333333333334
1071729215;2020-05-29 21:00:00;2020-05-29 21:30:00;103.9
1071729215;2020-05-29 21:30:00;2020-05-29 22:00:00;108.66666666666667
1071729215;2020-05-29 22:00:00;2020-05-29 22:30:00;103.0
1071729215;2020-05-29 22:30:00;2020-05-29 23:00:00;110.6
1071729215;2020-05-29 23:00:00;2020-05-29 23:30:00;103.0
1071729215;2020-05-29 23:30:00;2020-05-29 23:59:59;103.0
1071729215;2020-05-30 00:00:00;2020-05-30 00:30:00;103.0
1071729215;2020-05-30 00:30:00;2020-05-30 01:00:00;103.0
1071729215;2020-05-30 01:00:00;2020-05-30 01:30:00;103.0
1071729215;2020-05-30 01:30:00;2020-05-30 02:00:00;103.0
1071729215;2020-05-30 02:00:00;2020-05-30 02:30:00;103.0
1071729215;2020-05-30 02:30:00;2020-05-30 03:00:00;102.93333333333334
1071729215;2020-05-30 03:00:00;2020-05-30 03:30:00;92.66666666666667
1071729215;2020-05-30 03:30:00;2020-05-30 04:00:00;102.7
1071729215;2020-05-30 04:00:00;2020-05-30 04:30:00;100.6
1071729215;2020-05-30 04:30:00;2020-05-30 05:00:00;99.83333333333333
1071729215;2020-05-30 05:00:00;2020-05-30 05:30:00;109.86666666666666
1071729215;2020-05-30 05:30:00;2020-05-30 06:00:00;118.3
1071729215;2020-05-30 06:00:00;2020-05-30 06:30:00;96.93333333333334
1071729215;2020-05-30 06:30:00;2020-05-30 07:00:00;106.8
1071729215;2020-05-30 07:00:00;2020-05-30 07:30:00;113.2
1071729215;2020-05-30 07:30:00;2020-05-30 08:00:00;104.33333333333333
1071729215;2020-05-30 08:00:00;2020-05-30 08:30:00;98.1
1071729215;2020-05-30 08:30:00;2020-05-30 09:00:00;102.3
1071729215;2020-05-30 09:00:00;2020-05-30 09:30:00;107.33333333333333
1071729215;2020-05-30 09:30:00;2020-05-30 10:00:00;106.4
1071729215;2020-05-30 10:00:00;2020-05-30 10:30:00;94.83333333333333
1071729215;2020-05-30 10:30:00;2020-05-30 11:00:00;104.4
1071729215;2020-05-30 11:00:00;2020-05-30 11:30:00;104.63333333333334
1071729215;2020-05-30 11:30:00;2020-05-30 12:00:00;102.86666666666666
1071729215;2020-05-30 12:00:00;2020-05-30 12:30:00;101.66666666666667
1071729215;2020-05-30 12:30:00;2020-05-30 13:00:00;107.86666666666666
1071729215;2020-05-30 13:00:00;2020-05-30 13:30:00;105.96666666666667
1071729215;2020-05-30 13:30:00;2020-05-30 14:00:00;103.73333333333333
1071729215;2020-05-30 14:00:00;2020-05-30 14:30:00;106.03333333333333
1071729215;2020-05-30 14:30:00;2020-05-30 15:00:00;108.8
1071729215;2020-05-30 15:00:00;2020-05-30 15:30:00;110.53333333333333
1071729215;2020-05-30 15:30:00;2020-05-30 16:00:00;105.76666666666667
1071729215;2020-05-30 16:00:00;2020-05-30 16:30:00;107.36666666666666
1071729215;2020-05-30 16:30:00;2020-05-30 17:00:00;99.36666666666666
1071729215;2020-05-30 17:00:00;2020-05-30 17:30:00;108.9
1071729215;2020-05-30 17:30:00;2020-05-30 18:00:00;108.9
1071729215;2020-05-30 18:00:00;2020-05-30 18:30:00;106.8
1071729215;2020-05-30 18:30:00;2020-05-30 19:00:00;105.53333333333333
1071729215;2020-05-30 19:00:00;2020-05-30 19:30:00;108.6
1071729215;2020-05-30 19:30:00;2020-05-30 20:00:00;112.26666666666667
1071729215;2020-05-30 20:00:00;2020-05-30 20:30:00;108.06666666666666
1071729215;2020-05-30 20:30:00;2020-05-30 21:00:00;103.53333333333333
1071729215;2020-05-30 21:00:00;2020-05-30 21:30:00;106.16666666666667
1071729215;2020-05-30 21:30:00;2020-05-30 22:00:00;103.0
1071729215;2020-05-30 22:00:00;2020-05-30 22:30:00;103.0
1071729215;2020-05-30 22:30:00;2020-05-30 23:00:00;102.56666666666666
1071729215;2020-05-30 23:00:00;2020-05-30 23:30:00;97.33333333333333
1071729215;2020-05-30 23:30:00;2020-05-30 23:59:59;103.0
1071729215;2020-05-31 00:00:00;2020-05-31 00:30:00;103.0
1071729215;2020-05-31 00:30:00;2020-05-31 01:00:00;103.0
1071729215;2020-05-31 01:00:00;2020-05-31 01:30:00;103.0
1071729215;2020-05-31 01:30:00;2020-05-31 02:00:00;103.0
1071729215;2020-05-31 02:00:00;2020-05-31 02:30:00;103.0
1071729215;2020-05-31 02:30:00;2020-05-31 03:00:00;103.0
1071729215;2020-05-31 03:00:00;2020-05-31 03:30:00;98.73333333333333
1071729215;2020-05-31 03:30:00;2020-05-31 04:00:00;98.23333333333333
1071729215;2020-05-31 04:00:00;2020-05-31 04:30:00;93.0
1071729215;2020-05-31 04:30:00;2020-05-31 05:00:00;93.0
1071729215;2020-05-31 05:00:00;2020-05-31 05:30:00;97.0
1071729215;2020-05-31 05:30:00;2020-05-31 06:00:00;97.0
1071729215;2020-05-31 06:00:00;2020-05-31 06:30:00;96.5
1071729215;2020-05-31 06:30:00;2020-05-31 07:00:00;91.66666666666667
1071729215;2020-05-31 07:00:00;2020-05-31 07:30:00;95.1
1071729215;2020-05-31 07:30:00;2020-05-31 08:00:00;100.86666666666666
1071729215;2020-05-31 08:00:00;2020-05-31 08:30:00;117.0
1071729215;2020-05-31 08:30:00;2020-05-31 09:00:00;109.3
1071729215;2020-05-31 09:00:00;2020-05-31 09:30:00;107.56666666666666
1071729215;2020-05-31 09:30:00;2020-05-31 10:00:00;102.13333333333334
1071729215;2020-05-31 10:00:00;2020-05-31 10:30:00;108.83333333333333
1071729215;2020-05-31 10:30:00;2020-05-31 11:00:00;126.1
1071729215;2020-05-31 11:00:00;2020-05-31 11:30:00;109.1
1071729215;2020-05-31 11:30:00;2020-05-31 12:00:00;108.0
1071729215;2020-05-31 12:00:00;2020-05-31 12:30:00;106.23333333333333
1071729215;2020-05-31 12:30:00;2020-05-31 13:00:00;96.96666666666667
1071729215;2020-05-31 13:00:00;2020-05-31 13:30:00;103.0
1071729215;2020-05-31 13:30:00;2020-05-31 14:00:00;110.13333333333334
1071729215;2020-05-31 14:00:00;2020-05-31 14:30:00;104.76666666666667
1071729215;2020-05-31 14:30:00;2020-05-31 15:00:00;93.73333333333333
1071729215;2020-05-31 15:00:00;2020-05-31 15:30:00;105.96666666666667
1071729215;2020-05-31 15:30:00;2020-05-31 16:00:00;108.5
1071729215;2020-05-31 16:00:00;2020-05-31 16:30:00;110.33333333333333
1071729215;2020-05-31 16:30:00;2020-05-31 17:00:00;111.0
1071729215;2020-05-31 17:00:00;2020-05-31 17:30:00;102.86666666666666
1071729215;2020-05-31 17:30:00;2020-05-31 18:00:00;94.36666666666666
1071729215;2020-05-31 18:00:00;2020-05-31 18:30:00;93.16666666666667
1071729215;2020-05-31 18:30:00;2020-05-31 19:00:00;107.3
1071729215;2020-05-31 19:00:00;2020-05-31 19:30:00;100.13333333333334
1071729215;2020-05-31 19:30:00;2020-05-31 20:00:00;107.2
1071729215;2020-05-31 20:00:00;2020-05-31 20:30:00;112.9
1071729215;2020-05-31 20:30:00;2020-05-31 21:00:00;114.26666666666667
1071729215;2020-05-31 21:00:00;2020-05-31 21:30:00;103.13333333333334
1071729215;2020-05-31 21:30:00;2020-05-31 22:00:00;103.0
1071729215;2020-05-31 22:00:00;2020-05-31 22:30:00;103.0
1071729215;2020-05-31 22:30:00;2020-05-31 23:00:00;104.16666666666667
1071729215;2020-05-31 23:00:00;2020-05-31 23:30:00;112.3
1071729215;2020-05-31 23:30:00;2020-05-31 23:59:59;103.0
1071729215;2020-06-01 00:00:00;2020-06-01 00:30:00;103.0
1071729215;2020-06-01 00:30:00;2020-06-01 01:00:00;103.0
1071729215;2020-06-01 01:00:00;2020-06-01 01:30:00;103.0
1071729215;2020-06-01 01:30:00;2020-06-01 02:00:00;105.33333333333333
1071729215;2020-06-01 02:00:00;2020-06-01 02:30:00;103.0
1071729215;2020-06-01 02:30:00;2020-06-01 03:00:00;99.56666666666666
1071729215;2020-06-01 03:00:00;2020-06-01 03:30:00;106.5
1071729215;2020-06-01 03:30:00;2020-06-01 04:00:00;115.46666666666667
1071729215;2020-06-01 04:00:00;2020-06-01 04:30:00;125.7
1071729215;2020-06-01 04:30:00;2020-06-01 05:00:00;114.76666666666667
1071729215;2020-06-01 05:00:00;2020-06-01 05:30:00;119.73333333333333
1071729215;2020-06-01 05:30:00;2020-06-01 06:00:00;109.9
1071729215;2020-06-01 06:00:00;2020-06-01 06:30:00;100.83333333333333
1071729215;2020-06-01 06:30:00;2020-06-01 07:00:00;106.66666666666667
1071729215;2020-06-01 07:00:00;2020-06-01 07:30:00;105.1
1071729215;2020-06-01 07:30:00;2020-06-01 08:00:00;112.58620689655173
1071729215;2020-06-01 08:00:00;2020-06-01 08:30:00;97.38888888888889
1071729215;2020-06-01 08:30:00;2020-06-01 09:00:00;84.76666666666667
1071729215;2020-06-01 09:00:00;2020-06-01 09:30:00;103.9
1071729215;2020-06-01 09:30:00;2020-06-01 10:00:00;102.3
1071729215;2020-06-01 10:00:00;2020-06-01 10:30:00;87.46666666666667
1071729215;2020-06-01 10:30:00;2020-06-01 11:00:00;91.4
1071729215;2020-06-01 11:00:00;2020-06-01 11:30:00;96.8
1071729215;2020-06-01 11:30:00;2020-06-01 12:00:00;105.2
1071729215;2020-06-01 12:00:00;2020-06-01 12:30:00;96.7
1071729215;2020-06-01 12:30:00;2020-06-01 13:00:00;107.86666666666666
1071729215;2020-06-01 13:00:00;2020-06-01 13:30:00;101.96666666666667
1071729215;2020-06-01 13:30:00;2020-06-01 14:00:00;114.7
1071729215;2020-06-01 14:00:00;2020-06-01 14:30:00;95.2
1071729215;2020-06-01 14:30:00;2020-06-01 15:00:00;97.4
1071729215;2020-06-01 15:00:00;2020-06-01 15:30:00;89.76666666666667
1071729215;2020-06-01 15:30:00;2020-06-01 16:00:00;90.86666666666666
1071729215;2020-06-01 16:00:00;2020-06-01 16:30:00;96.8
1071729215;2020-06-01 16:30:00;2020-06-01 17:00:00;111.36666666666666
1071729215;2020-06-01 17:00:00;2020-06-01 17:30:00;101.16666666666667
1071729215;2020-06-01 17:30:00;2020-06-01 18:00:00;113.9
1071729215;2020-06-01 18:00:00;2020-06-01 18:30:00;103.23333333333333
1071729215;2020-06-01 18:30:00;2020-06-01 19:00:00;114.2
1071729215;2020-06-01 19:00:00;2020-06-01 19:30:00;111.33333333333333
1071729215;2020-06-01 19:30:00;2020-06-01 20:00:00;107.33333333333333
1071729215;2020-06-01 20:00:00;2020-06-01 20:30:00;108.6
1071729215;2020-06-01 20:30:00;2020-06-01 21:00:00;99.43333333333334
1071729215;2020-06-01 21:00:00;2020-06-01 21:30:00;102.93333333333334
1071729215;2020-06-01 21:30:00;2020-06-01 22:00:00;95.93333333333334
1071729215;2020-06-01 22:00:00;2020-06-01 22:30:00;103.0
1071729215;2020-06-01 22:30:00;2020-06-01 23:00:00;103.0
1071729215;2020-06-01 23:00:00;2020-06-01 23:30:00;103.0
1071729215;2020-06-01 23:30:00;2020-06-01 23:59:59;103.0
1071729215;2020-06-02 00:00:00;2020-06-02 00:30:00;101.26666666666667
1071729215;2020-06-02 00:30:00;2020-06-02 01:00:00;97.73333333333333
1071729215;2020-06-02 01:00:00;2020-06-02 01:30:00;103.0
1071729215;2020-06-02 01:30:00;2020-06-02 02:00:00;103.0
1071729215;2020-06-02 02:00:00;2020-06-02 02:30:00;103.0
1071729215;2020-06-02 02:30:00;2020-06-02 03:00:00;103.0
1071729215;2020-06-02 03:00:00;2020-06-02 03:30:00;108.46666666666667
1071729215;2020-06-02 03:30:00;2020-06-02 04:00:00;95.4
1071729215;2020-06-02 04:00:00;2020-06-02 04:30:00;97.13333333333334
1071729215;2020-06-02 04:30:00;2020-06-02 05:00:00;99.6
1071729215;2020-06-02 05:00:00;2020-06-02 05:30:00;107.16666666666667
1071729215;2020-06-02 05:30:00;2020-06-02 06:00:00;102.6
1071729215;2020-06-02 06:00:00;2020-06-02 06:30:00;91.23333333333333
1071729215;2020-06-02 06:30:00;2020-06-02 07:00:00;96.0
1071729215;2020-06-02 07:00:00;2020-06-02 07:30:00;92.96666666666667
1071729215;2020-06-02 07:30:00;2020-06-02 08:00:00;110.2
1071729215;2020-06-02 08:00:00;2020-06-02 08:30:00;102.2
1071729215;2020-06-02 08:30:00;2020-06-02 09:00:00;110.63333333333334
1071729215;2020-06-02 09:00:00;2020-06-02 09:30:00;93.3
1071729215;2020-06-02 09:30:00;2020-06-02 10:00:00;97.23333333333333
1071729215;2020-06-02 10:00:00;2020-06-02 10:30:00;90.43333333333334
1071729215;2020-06-02 10:30:00;2020-06-02 11:00:00;97.33333333333333
1071729215;2020-06-02 11:00:00;2020-06-02 11:30:00;99.33333333333333
1071729215;2020-06-02 11:30:00;2020-06-02 12:00:00;97.6
1071729215;2020-06-02 12:00:00;2020-06-02 12:30:00;110.53333333333333
1071729215;2020-06-02 12:30:00;2020-06-02 13:00:00;96.13333333333334
1071729215;2020-06-02 13:00:00;2020-06-02 13:30:00;100.53333333333333
1071729215;2020-06-02 13:30:00;2020-06-02 14:00:00;83.96666666666667
1071729215;2020-06-02 14:00:00;2020-06-02 14:30:00;121.73333333333333
1071729215;2020-06-02 14:30:00;2020-06-02 15:00:00;108.96666666666667
1071729215;2020-06-02 15:00:00;2020-06-02 15:30:00;100.8
1071729215;2020-06-02 15:30:00;2020-06-02 16:00:00;97.93333333333334
1071729215;2020-06-02 16:00:00;2020-06-02 16:30:00;90.63333333333334
1071729215;2020-06-02 16:30:00;2020-06-02 17:00:00;104.93333333333334
1071729215;2020-06-02 17:00:00;2020-06-02 17:30:00;93.3
1071729215;2020-06-02 17:30:00;2020-06-02 18:00:00;85.26666666666667
1071729215;2020-06-02 18:00:00;2020-06-02 18:30:00;95.2
1071729215;2020-06-02 18:30:00;2020-06-02 19:00:00;99.4
1071729215;2020-06-02 19:00:00;2020-06-02 19:30:00;105.0
1071729215;2020-06-02 19:30:00;2020-06-02 20:00:00;101.93333333333334
1071729215;2020-06-02 20:00:00;2020-06-02 20:30:00;107.46666666666667
1071729215;2020-06-02 20:30:00;2020-06-02 21:00:00;102.1
1071729215;2020-06-02 21:00:00;2020-06-02 21:30:00;101.4
1071729215;2020-06-02 21:30:00;2020-06-02 22:00:00;103.0
1071729215;2020-06-02 22:00:00;2020-06-02 22:30:00;97.53333333333333
1071729215;2020-06-02 22:30:00;2020-06-02 23:00:00;103.0
1071729215;2020-06-02 23:00:00;2020-06-02 23:30:00;103.0
1071729215;2020-06-02 23:30:00;2020-06-02 23:59:59;103.0
1071729215;2020-06-03 00:00:00;2020-06-03 00:30:00;103.0
1071729215;2020-06-03 00:30:00;2020-06-03 01:00:00;103.0
1071729215;2020-06-03 01:00:00;2020-06-03 01:30:00;103.0
1071729215;2020-06-03 01:30:00;2020-06-03 02:00:00;87.56666666666666
1071729215;2020-06-03 02:00:00;2020-06-03 02:30:00;102.03333333333333
1071729215;2020-06-03 02:30:00;2020-06-03 03:00:00;103.0
1071729215;2020-06-03 03:00:00;2020-06-03 03:30:00;107.76666666666667
1071729215;2020-06-03 03:30:00;2020-06-03 04:00:00;103.73333333333333
1071729215;2020-06-03 04:00:00;2020-06-03 04:30:00;102.66666666666667
1071729215;2020-06-03 04:30:00;2020-06-03 05:00:00;98.1
1071729215;2020-06-03 05:00:00;2020-06-03 05:30:00;94.63333333333334
1071729215;2020-06-03 05:30:00;2020-06-03 06:00:00;119.76666666666667
1071729215;2020-06-03 06:00:00;2020-06-03 06:30:00;103.23333333333333
1071729215;2020-06-03 06:30:00;2020-06-03 07:00:00;103.0
1071729215;2020-06-03 07:00:00;2020-06-03 07:30:00;90.9
1071729215;2020-06-03 07:30:00;2020-06-03 08:00:00;106.93333333333334
1071729215;2020-06-03 08:00:00;2020-06-03 08:30:00;100.76666666666667
1071729215;2020-06-03 08:30:00;2020-06-03 09:00:00;89.93333333333334
1071729215;2020-06-03 09:00:00;2020-06-03 09:30:00;90.86666666666666
1071729215;2020-06-03 09:30:00;2020-06-03 10:00:00;111.56666666666666
1071729215;2020-06-03 10:00:00;2020-06-03 10:30:00;95.93333333333334
1071729215;2020-06-03 10:30:00;2020-06-03 11:00:00;103.96666666666667
1071729215;2020-06-03 11:00:00;2020-06-03 11:30:00;82.76666666666667
1071729215;2020-06-03 11:30:00;2020-06-03 12:00:00;97.4
1071729215;2020-06-03 12:00:00;2020-06-03 12:30:00;99.86666666666666
1071729215;2020-06-03 12:30:00;2020-06-03 13:00:00;92.33333333333333
1071729215;2020-06-03 13:00:00;2020-06-03 13:30:00;98.46666666666667
1071729215;2020-06-03 13:30:00;2020-06-03 14:00:00;86.86666666666666
1071729215;2020-06-03 14:00:00;2020-06-03 14:30:00;92.73333333333333
1071729215;2020-06-03 14:30:00;2020-06-03 15:00:00;104.86666666666666
1071729215;2020-06-03 15:00:00;2020-06-03 15:30:00;95.8
1071729215;2020-06-03 15:30:00;2020-06-03 16:00:00;105.23333333333333
1071729215;2020-06-03 16:00:00;2020-06-03 16:30:00;93.9
1071729215;2020-06-03 16:30:00;2020-06-03 17:00:00;108.6
1071729215;2020-06-03 17:00:00;2020-06-03 17:30:00;84.7
1071729215;2020-06-03 17:30:00;2020-06-03 18:00:00;91.46666666666667
1071729215;2020-06-03 18:00:00;2020-06-03 18:30:00;123.86666666666666
1071729215;2020-06-03 18:30:00;2020-06-03 19:00:00;101.16666666666667
1071729215;2020-06-03 19:00:00;2020-06-03 19:30:00;111.2
1071729215;2020-06-03 19:30:00;2020-06-03 20:00:00;106.33333333333333
1071729215;2020-06-03 20:00:00;2020-06-03 20:30:00;107.56666666666666
1071729215;2020-06-03 20:30:00;2020-06-03 21:00:00;104.26666666666667
1071729215;2020-06-03 21:00:00;2020-06-03 21:30:00;106.0
1071729215;2020-06-03 21:30:00;2020-06-03 22:00:00;105.03333333333333
1071729215;2020-06-03 22:00:00;2020-06-03 22:30:00;106.8
1071729215;2020-06-03 22:30:00;2020-06-03 23:00:00;103.0
1071729215;2020-06-03 23:00:00;2020-06-03 23:30:00;103.0
1071729215;2020-06-03 23:30:00;2020-06-03 23:59:59;103.0
1071729215;2020-06-04 00:00:00;2020-06-04 00:30:00;103.0
1071729215;2020-06-04 00:30:00;2020-06-04 01:00:00;103.0
1071729215;2020-06-04 01:00:00;2020-06-04 01:30:00;103.0
1071729215;2020-06-04 01:30:00;2020-06-04 02:00:00;103.0
1071729215;2020-06-04 02:00:00;2020-06-04 02:30:00;103.0
1071729215;2020-06-04 02:30:00;2020-06-04 03:00:00;103.0
1071729215;2020-06-04 03:00:00;2020-06-04 03:30:00;93.93333333333334
1071729215;2020-06-04 03:30:00;2020-06-04 04:00:00;94.76666666666667
1071729215;2020-06-04 04:00:00;2020-06-04 04:30:00;100.43333333333334
1071729215;2020-06-04 04:30:00;2020-06-04 05:00:00;104.53333333333333
1071729215;2020-06-04 05:00:00;2020-06-04 05:30:00;104.33333333333333
1071729215;2020-06-04 05:30:00;2020-06-04 06:00:00;97.06666666666666
1071729215;2020-06-04 06:00:00;2020-06-04 06:30:00;99.93333333333334
1071729215;2020-06-04 06:30:00;2020-06-04 07:00:00;89.16666666666667
1071729215;2020-06-04 07:00:00;2020-06-04 07:30:00;91.13333333333334
1071729215;2020-06-04 07:30:00;2020-06-04 08:00:00;99.03333333333333
1071729215;2020-06-04 08:00:00;2020-06-04 08:30:00;102.0
1071729215;2020-06-04 08:30:00;2020-06-04 09:00:00;94.0
1071729215;2020-06-04 09:00:00;2020-06-04 09:30:00;102.0
1071729215;2020-06-04 09:30:00;2020-06-04 10:00:00;106.8
1071729215;2020-06-04 10:00:00;2020-06-04 10:30:00;96.36666666666666
1071729215;2020-06-04 10:30:00;2020-06-04 11:00:00;96.9
1071729215;2020-06-04 11:00:00;2020-06-04 11:30:00;102.4
1071729215;2020-06-04 11:30:00;2020-06-04 12:00:00;106.46666666666667
1071729215;2020-06-04 12:00:00;2020-06-04 12:30:00;89.76666666666667
1071729215;2020-06-04 12:30:00;2020-06-04 13:00:00;98.26666666666667
1071729215;2020-06-04 13:00:00;2020-06-04 13:30:00;96.4
1071729215;2020-06-04 13:30:00;2020-06-04 14:00:00;85.8
1071729215;2020-06-04 14:00:00;2020-06-04 14:30:00;97.16666666666667
1071729215;2020-06-04 14:30:00;2020-06-04 15:00:00;104.0
1071729215;2020-06-04 15:00:00;2020-06-04 15:30:00;94.73333333333333
1071729215;2020-06-04 15:30:00;2020-06-04 16:00:00;95.53333333333333
1071729215;2020-06-04 16:00:00;2020-06-04 16:30:00;107.63333333333334
1071729215;2020-06-04 16:30:00;2020-06-04 17:00:00;103.63333333333334
1071729215;2020-06-04 17:00:00;2020-06-04 17:30:00;108.76666666666667
1071729215;2020-06-04 17:30:00;2020-06-04 18:00:00;108.0
1071729215;2020-06-04 18:00:00;2020-06-04 18:30:00;94.83333333333333
1071729215;2020-06-04 18:30:00;2020-06-04 19:00:00;105.46666666666667
1071729215;2020-06-04 19:00:00;2020-06-04 19:30:00;103.0
1071729215;2020-06-04 19:30:00;2020-06-04 20:00:00;101.8
1071729215;2020-06-04 20:00:00;2020-06-04 20:30:00;114.0
1071729215;2020-06-04 20:30:00;2020-06-04 21:00:00;105.66666666666667
1071729215;2020-06-04 21:00:00;2020-06-04 21:30:00;103.96666666666667
1071729215;2020-06-04 21:30:00;2020-06-04 22:00:00;98.96666666666667
1071729215;2020-06-04 22:00:00;2020-06-04 22:30:00;87.6
1071729215;2020-06-04 22:30:00;2020-06-04 23:00:00;101.6
1071729215;2020-06-04 23:00:00;2020-06-04 23:30:00;82.0
1071729215;2020-06-04 23:30:00;2020-06-04 23:59:59;85.1
1071729215;2020-06-05 00:00:00;2020-06-05 00:30:00;98.5
1071729215;2020-06-05 00:30:00;2020-06-05 01:00:00;103.6
1071729215;2020-06-05 01:00:00;2020-06-05 01:30:00;103.0
1071729215;2020-06-05 01:30:00;2020-06-05 02:00:00;103.0
1071729215;2020-06-05 02:00:00;2020-06-05 02:30:00;102.13333333333334
1071729215;2020-06-05 02:30:00;2020-06-05 03:00:00;100.26666666666667
1071729215;2020-06-05 03:00:00;2020-06-05 03:30:00;99.93333333333334
1071729215;2020-06-05 03:30:00;2020-06-05 04:00:00;101.26666666666667
1071729215;2020-06-05 04:00:00;2020-06-05 04:30:00;95.33333333333333
1071729215;2020-06-05 04:30:00;2020-06-05 05:00:00;104.43333333333334
1071729215;2020-06-05 05:00:00;2020-06-05 05:30:00;99.36666666666666
1071729215;2020-06-05 05:30:00;2020-06-05 06:00:00;104.0
1071729215;2020-06-05 06:00:00;2020-06-05 06:30:00;102.56666666666666
1071729215;2020-06-05 06:30:00;2020-06-05 07:00:00;115.13333333333334
1071729215;2020-06-05 07:00:00;2020-06-05 07:30:00;113.76666666666667
1071729215;2020-06-05 07:30:00;2020-06-05 08:00:00;103.2
1071729215;2020-06-05 08:00:00;2020-06-05 08:30:00;111.36666666666666
1071729215;2020-06-05 08:30:00;2020-06-05 09:00:00;97.5
1071729215;2020-06-05 09:00:00;2020-06-05 09:30:00;104.1
1071729215;2020-06-05 09:30:00;2020-06-05 10:00:00;95.46666666666667
1071729215;2020-06-05 10:00:00;2020-06-05 10:30:00;112.96666666666667
1071729215;2020-06-05 10:30:00;2020-06-05 11:00:00;104.73333333333333
1071729215;2020-06-05 11:00:00;2020-06-05 11:30:00;93.73333333333333
1071729215;2020-06-05 11:30:00;2020-06-05 12:00:00;101.9
1071729215;2020-06-05 12:00:00;2020-06-05 12:30:00;101.36666666666666
1071729215;2020-06-05 12:30:00;2020-06-05 13:00:00;95.1
1071729215;2020-06-05 13:00:00;2020-06-05 13:30:00;102.46666666666667
1071729215;2020-06-05 13:30:00;2020-06-05 14:00:00;97.83333333333333
1071729215;2020-06-05 14:00:00;2020-06-05 14:30:00;113.6
1071729215;2020-06-05 14:30:00;2020-06-05 15:00:00;111.36666666666666
1071729215;2020-06-05 15:00:00;2020-06-05 15:30:00;103.36666666666666
1071729215;2020-06-05 15:30:00;2020-06-05 16:00:00;115.03333333333333
1071729215;2020-06-05 16:00:00;2020-06-05 16:30:00;102.93333333333334
1071729215;2020-06-05 16:30:00;2020-06-05 17:00:00;104.1
1071729215;2020-06-05 17:00:00;2020-06-05 17:30:00;106.16666666666667
1071729215;2020-06-05 17:30:00;2020-06-05 18:00:00;94.6
1071729215;2020-06-05 18:00:00;2020-06-05 18:30:00;97.46666666666667
1071729215;2020-06-05 18:30:00;2020-06-05 19:00:00;106.16666666666667
1071729215;2020-06-05 19:00:00;2020-06-05 19:30:00;109.86666666666666
1071729215;2020-06-05 19:30:00;2020-06-05 20:00:00;107.66666666666667
1071729215;2020-06-05 20:00:00;2020-06-05 20:30:00;97.4
1071729215;2020-06-05 20:30:00;2020-06-05 21:00:00;114.9
1071729215;2020-06-05 21:00:00;2020-06-05 21:30:00;105.86666666666666
1071729215;2020-06-05 21:30:00;2020-06-05 22:00:00;97.4
1071729215;2020-06-05 22:00:00;2020-06-05 22:30:00;90.4
1071729215;2020-06-05 22:30:00;2020-06-05 23:00:00;97.86666666666666
1071729215;2020-06-05 23:00:00;2020-06-05 23:30:00;102.0
1071729215;2020-06-05 23:30:00;2020-06-05 23:59:59;101.03333333333333
1071729215;2020-06-06 00:00:00;2020-06-06 00:30:00;103.0
1071729215;2020-06-06 00:30:00;2020-06-06 01:00:00;103.0
1071729215;2020-06-06 01:00:00;2020-06-06 01:30:00;94.56666666666666
1071729215;2020-06-06 01:30:00;2020-06-06 02:00:00;103.0
1071729215;2020-06-06 02:00:00;2020-06-06 02:30:00;96.4
1071729215;2020-06-06 02:30:00;2020-06-06 03:00:00;92.9
1071729215;2020-06-06 03:00:00;2020-06-06 03:30:00;102.23333333333333
1071729215;2020-06-06 03:30:00;2020-06-06 04:00:00;98.23333333333333
1071729215;2020-06-06 04:00:00;2020-06-06 04:30:00;90.53333333333333
1071729215;2020-06-06 04:30:00;2020-06-06 05:00:00;92.6
1071729215;2020-06-06 05:00:00;2020-06-06 05:30:00;94.43333333333334
1071729215;2020-06-06 05:30:00;2020-06-06 06:00:00;88.3
1071729215;2020-06-06 06:00:00;2020-06-06 06:30:00;93.56666666666666
1071729215;2020-06-06 06:30:00;2020-06-06 07:00:00;101.0
1071729215;2020-06-06 07:00:00;2020-06-06 07:30:00;104.86666666666666
1071729215;2020-06-06 07:30:00;2020-06-06 08:00:00;100.43333333333334
1071729215;2020-06-06 08:00:00;2020-06-06 08:30:00;105.7
1071729215;2020-06-06 08:30:00;2020-06-06 09:00:00;103.3
1071729215;2020-06-06 09:00:00;2020-06-06 09:30:00;101.0
1071729215;2020-06-06 09:30:00;2020-06-06 10:00:00;108.3
1071729215;2020-06-06 10:00:00;2020-06-06 10:30:00;113.13333333333334
1071729215;2020-06-06 10:30:00;2020-06-06 11:00:00;115.5
1071729215;2020-06-06 11:00:00;2020-06-06 11:30:00;115.76666666666667
1071729215;2020-06-06 11:30:00;2020-06-06 12:00:00;103.76666666666667
1071729215;2020-06-06 12:00:00;2020-06-06 12:30:00;100.13333333333334
1071729215;2020-06-06 12:30:00;2020-06-06 13:00:00;100.8
1071729215;2020-06-06 13:00:00;2020-06-06 13:30:00;88.26666666666667
1071729215;2020-06-06 13:30:00;2020-06-06 14:00:00;97.16666666666667
1071729215;2020-06-06 14:00:00;2020-06-06 14:30:00;93.8
1071729215;2020-06-06 14:30:00;2020-06-06 15:00:00;95.03333333333333
1071729215;2020-06-06 15:00:00;2020-06-06 15:30:00;89.0
1071729215;2020-06-06 15:30:00;2020-06-06 16:00:00;85.13333333333334
1071729215;2020-06-06 16:00:00;2020-06-06 16:30:00;91.46666666666667
1071729215;2020-06-06 16:30:00;2020-06-06 17:00:00;107.5
1071729215;2020-06-06 17:00:00;2020-06-06 17:30:00;103.9
1071729215;2020-06-06 17:30:00;2020-06-06 18:00:00;90.2
1071729215;2020-06-06 18:00:00;2020-06-06 18:30:00;97.2
1071729215;2020-06-06 18:30:00;2020-06-06 19:00:00;85.26666666666667
1071729215;2020-06-06 19:00:00;2020-06-06 19:30:00;95.43333333333334
1071729215;2020-06-06 19:30:00;2020-06-06 20:00:00;107.63333333333334
1071729215;2020-06-06 20:00:00;2020-06-06 20:30:00;106.03333333333333
1071729215;2020-06-06 20:30:00;2020-06-06 21:00:00;99.0
1071729215;2020-06-06 21:00:00;2020-06-06 21:30:00;111.0
1071729215;2020-06-06 21:30:00;2020-06-06 22:00:00;104.03333333333333
1071729215;2020-06-06 22:00:00;2020-06-06 22:30:00;103.0
1071729215;2020-06-06 22:30:00;2020-06-06 23:00:00;103.0
1071729215;2020-06-06 23:00:00;2020-06-06 23:30:00;103.0
1071729215;2020-06-06 23:30:00;2020-06-06 23:59:59;103.0
1071729215;2020-06-07 00:00:00;2020-06-07 00:30:00;99.76666666666667
1071729215;2020-06-07 00:30:00;2020-06-07 01:00:00;99.26666666666667
1071729215;2020-06-07 01:00:00;2020-06-07 01:30:00;89.6
1071729215;2020-06-07 01:30:00;2020-06-07 02:00:00;96.3
1071729215;2020-06-07 02:00:00;2020-06-07 02:30:00;102.4
1071729215;2020-06-07 02:30:00;2020-06-07 03:00:00;103.0
1071729215;2020-06-07 03:00:00;2020-06-07 03:30:00;109.0
1071729215;2020-06-07 03:30:00;2020-06-07 04:00:00;109.0
1071729215;2020-06-07 04:00:00;2020-06-07 04:30:00;122.0
1071729215;2020-06-07 04:30:00;2020-06-07 05:00:00;103.96666666666667
1071729215;2020-06-07 05:00:00;2020-06-07 05:30:00;119.43333333333334
1071729215;2020-06-07 05:30:00;2020-06-07 06:00:00;107.36666666666666
1071729215;2020-06-07 06:00:00;2020-06-07 06:30:00;105.3
1071729215;2020-06-07 06:30:00;2020-06-07 07:00:00;92.6
1071729215;2020-06-07 07:00:00;2020-06-07 07:30:00;101.83333333333333
1071729215;2020-06-07 07:30:00;2020-06-07 08:00:00;105.43333333333334
1071729215;2020-06-07 08:00:00;2020-06-07 08:30:00;102.33333333333333
1071729215;2020-06-07 08:30:00;2020-06-07 09:00:00;90.43333333333334
1071729215;2020-06-07 09:00:00;2020-06-07 09:30:00;104.13333333333334
1071729215;2020-06-07 09:30:00;2020-06-07 10:00:00;108.86666666666666
1071729215;2020-06-07 10:00:00;2020-06-07 10:30:00;102.93333333333334
1071729215;2020-06-07 10:30:00;2020-06-07 11:00:00;105.33333333333333
1071729215;2020-06-07 11:00:00;2020-06-07 11:30:00;111.23333333333333
1071729215;2020-06-07 11:30:00;2020-06-07 12:00:00;107.26666666666667
1071729215;2020-06-07 12:00:00;2020-06-07 12:30:00;109.43333333333334
1071729215;2020-06-07 12:30:00;2020-06-07 13:00:00;108.06666666666666
1071729215;2020-06-07 13:00:00;2020-06-07 13:30:00;103.96666666666667
1071729215;2020-06-07 13:30:00;2020-06-07 14:00:00;112.36666666666666
1071729215;2020-06-07 14:00:00;2020-06-07 14:30:00;115.3
1071729215;2020-06-07 14:30:00;2020-06-07 15:00:00;116.03333333333333
1071729215;2020-06-07 15:00:00;2020-06-07 15:30:00;97.36666666666666
1071729215;2020-06-07 15:30:00;2020-06-07 16:00:00;93.0
1071729215;2020-06-07 16:00:00;2020-06-07 16:30:00;99.7
1071729215;2020-06-07 16:30:00;2020-06-07 17:00:00;113.76666666666667
1071729215;2020-06-07 17:00:00;2020-06-07 17:30:00;110.86666666666666
1071729215;2020-06-07 17:30:00;2020-06-07 18:00:00;103.43333333333334
1071729215;2020-06-07 18:00:00;2020-06-07 18:30:00;110.96666666666667
1071729215;2020-06-07 18:30:00;2020-06-07 19:00:00;114.73333333333333
1071729215;2020-06-07 19:00:00;2020-06-07 19:30:00;111.2
1071729215;2020-06-07 19:30:00;2020-06-07 20:00:00;105.0
1071729215;2020-06-07 20:00:00;2020-06-07 20:30:00;112.96666666666667
1071729215;2020-06-07 20:30:00;2020-06-07 21:00:00;122.4
1071729215;2020-06-07 21:00:00;2020-06-07 21:30:00;109.1
1071729215;2020-06-07 21:30:00;2020-06-07 22:00:00;111.16666666666667
1071729215;2020-06-07 22:00:00;2020-06-07 22:30:00;103.0
1071729215;2020-06-07 22:30:00;2020-06-07 23:00:00;102.46666666666667
1071729215;2020-06-07 23:00:00;2020-06-07 23:30:00;103.0
1071729215;2020-06-07 23:30:00;2020-06-07 23:59:59;103.0
1071729215;2020-06-08 00:00:00;2020-06-08 00:30:00;103.0
1071729215;2020-06-08 00:30:00;2020-06-08 01:00:00;103.0
1071729215;2020-06-08 01:00:00;2020-06-08 01:30:00;103.0
1071729215;2020-06-08 01:30:00;2020-06-08 02:00:00;103.0
1071729215;2020-06-08 02:00:00;2020-06-08 02:30:00;103.0
1071729215;2020-06-08 02:30:00;2020-06-08 03:00:00;103.8
1071729215;2020-06-08 03:00:00;2020-06-08 03:30:00;86.26666666666667
1071729215;2020-06-08 03:30:00;2020-06-08 04:00:00;94.63333333333334
1071729215;2020-06-08 04:00:00;2020-06-08 04:30:00;114.7
1071729215;2020-06-08 04:30:00;2020-06-08 05:00:00;93.86666666666666
1071729215;2020-06-08 05:00:00;2020-06-08 05:30:00;109.83333333333333
1071729215;2020-06-08 05:30:00;2020-06-08 06:00:00;111.36666666666666
1071729215;2020-06-08 06:00:00;2020-06-08 06:30:00;107.83333333333333
1071729215;2020-06-08 06:30:00;2020-06-08 07:00:00;115.46666666666667
1071729215;2020-06-08 07:00:00;2020-06-08 07:30:00;110.66666666666667
1071729215;2020-06-08 07:30:00;2020-06-08 08:00:00;111.03333333333333
1071729215;2020-06-08 08:00:00;2020-06-08 08:30:00;104.03333333333333
1071729215;2020-06-08 08:30:00;2020-06-08 09:00:00;108.0
1071729215;2020-06-08 09:00:00;2020-06-08 09:30:00;99.4
1071729215;2020-06-08 09:30:00;2020-06-08 10:00:00;109.56666666666666
1071729215;2020-06-08 10:00:00;2020-06-08 10:30:00;97.1
1071729215;2020-06-08 10:30:00;2020-06-08 11:00:00;100.36666666666666
1071729215;2020-06-08 11:00:00;2020-06-08 11:30:00;95.66666666666667
1071729215;2020-06-08 11:30:00;2020-06-08 12:00:00;90.0
1071729215;2020-06-08 12:00:00;2020-06-08 12:30:00;94.4
1071729215;2020-06-08 12:30:00;2020-06-08 13:00:00;104.86666666666666
1071729215;2020-06-08 13:00:00;2020-06-08 13:30:00;93.76666666666667
1071729215;2020-06-08 13:30:00;2020-06-08 14:00:00;104.1
1071729215;2020-06-08 14:00:00;2020-06-08 14:30:00;95.86666666666666
1071729215;2020-06-08 14:30:00;2020-06-08 15:00:00;108.33333333333333
1071729215;2020-06-08 15:00:00;2020-06-08 15:30:00;96.66666666666667
1071729215;2020-06-08 15:30:00;2020-06-08 16:00:00;103.93333333333334
1071729215;2020-06-08 16:00:00;2020-06-08 16:30:00;97.13333333333334
1071729215;2020-06-08 16:30:00;2020-06-08 17:00:00;93.0
1071729215;2020-06-08 17:00:00;2020-06-08 17:30:00;93.6
1071729215;2020-06-08 17:30:00;2020-06-08 18:00:00;95.83333333333333
1071729215;2020-06-08 18:00:00;2020-06-08 18:30:00;99.26666666666667
1071729215;2020-06-08 18:30:00;2020-06-08 19:00:00;92.76666666666667
1071729215;2020-06-08 19:00:00;2020-06-08 19:30:00;90.96666666666667
1071729215;2020-06-08 19:30:00;2020-06-08 20:00:00;108.0
1071729215;2020-06-08 20:00:00;2020-06-08 20:30:00;106.3
1071729215;2020-06-08 20:30:00;2020-06-08 21:00:00;94.93333333333334
1071729215;2020-06-08 21:00:00;2020-06-08 21:30:00;94.2
1071729215;2020-06-08 21:30:00;2020-06-08 22:00:00;79.6
1071729215;2020-06-08 22:00:00;2020-06-08 22:30:00;89.0
1071729215;2020-06-08 22:30:00;2020-06-08 23:00:00;98.2
1071729215;2020-06-08 23:00:00;2020-06-08 23:30:00;103.0
1071729215;2020-06-08 23:30:00;2020-06-08 23:59:59;103.0
1071729215;2020-06-09 00:00:00;2020-06-09 00:30:00;103.0
1071729215;2020-06-09 00:30:00;2020-06-09 01:00:00;103.0
1071729215;2020-06-09 01:00:00;2020-06-09 01:30:00;103.0
1071729215;2020-06-09 01:30:00;2020-06-09 02:00:00;103.0
1071729215;2020-06-09 02:00:00;2020-06-09 02:30:00;103.0
1071729215;2020-06-09 02:30:00;2020-06-09 03:00:00;103.0
1071729215;2020-06-09 03:00:00;2020-06-09 03:30:00;91.4
1071729215;2020-06-09 03:30:00;2020-06-09 04:00:00;105.93333333333334
1071729215;2020-06-09 04:00:00;2020-06-09 04:30:00;97.2
1071729215;2020-06-09 04:30:00;2020-06-09 05:00:00;99.76666666666667
1071729215;2020-06-09 05:00:00;2020-06-09 05:30:00;110.1
1071729215;2020-06-09 05:30:00;2020-06-09 06:00:00;97.4
1071729215;2020-06-09 06:00:00;2020-06-09 06:30:00;96.66666666666667
1071729215;2020-06-09 06:30:00;2020-06-09 07:00:00;96.13333333333334
1071729215;2020-06-09 07:00:00;2020-06-09 07:30:00;118.06666666666666
1071729215;2020-06-09 07:30:00;2020-06-09 08:00:00;113.8
1071729215;2020-06-09 08:00:00;2020-06-09 08:30:00;103.5
1071729215;2020-06-09 08:30:00;2020-06-09 09:00:00;98.86666666666666
1071729215;2020-06-09 09:00:00;2020-06-09 09:30:00;115.03333333333333
1071729215;2020-06-09 09:30:00;2020-06-09 10:00:00;88.33333333333333
1071729215;2020-06-09 10:00:00;2020-06-09 10:30:00;99.26666666666667
1071729215;2020-06-09 10:30:00;2020-06-09 11:00:00;93.23333333333333
1071729215;2020-06-09 11:00:00;2020-06-09 11:30:00;88.16666666666667
1071729215;2020-06-09 11:30:00;2020-06-09 12:00:00;96.73333333333333
1071729215;2020-06-09 12:00:00;2020-06-09 12:30:00;93.06666666666666
1071729215;2020-06-09 12:30:00;2020-06-09 13:00:00;102.13333333333334
1071729215;2020-06-09 13:00:00;2020-06-09 13:30:00;103.56666666666666
1071729215;2020-06-09 13:30:00;2020-06-09 14:00:00;97.03333333333333
1071729215;2020-06-09 14:00:00;2020-06-09 14:30:00;90.6
1071729215;2020-06-09 14:30:00;2020-06-09 15:00:00;101.7
1071729215;2020-06-09 15:00:00;2020-06-09 15:30:00;98.0
1071729215;2020-06-09 15:30:00;2020-06-09 16:00:00;
1071729215;2020-06-09 16:00:00;2020-06-09 16:30:00;
1071729215;2020-06-09 16:30:00;2020-06-09 17:00:00;103.33333333333333
1071729215;2020-06-09 17:00:00;2020-06-09 17:30:00;91.4
1071729215;2020-06-09 17:30:00;2020-06-09 18:00:00;94.2
1071729215;2020-06-09 18:00:00;2020-06-09 18:30:00;100.4
1071729215;2020-06-09 18:30:00;2020-06-09 19:00:00;94.03333333333333
1071729215;2020-06-09 19:00:00;2020-06-09 19:30:00;105.83333333333333
1071729215;2020-06-09 19:30:00;2020-06-09 20:00:00;106.66666666666667
1071729215;2020-06-09 20:00:00;2020-06-09 20:30:00;109.03333333333333
1071729215;2020-06-09 20:30:00;2020-06-09 21:00:00;99.23333333333333
1071729215;2020-06-09 21:00:00;2020-06-09 21:30:00;96.06666666666666
1071729215;2020-06-09 21:30:00;2020-06-09 22:00:00;101.46666666666667
1071729215;2020-06-09 22:00:00;2020-06-09 22:30:00;88.83333333333333
1071729215;2020-06-09 22:30:00;2020-06-09 23:00:00;95.3
1071729215;2020-06-09 23:00:00;2020-06-09 23:30:00;102.06666666666666
1071729215;2020-06-09 23:30:00;2020-06-09 23:59:59;103.0
1071729215;2020-06-10 00:00:00;2020-06-10 00:30:00;94.20689655172414
1071729215;2020-06-10 00:30:00;2020-06-10 01:00:00;98.4
1071729215;2020-06-10 01:00:00;2020-06-10 01:30:00;80.0
1071729215;2020-06-10 01:30:00;2020-06-10 02:00:00;83.56666666666666
1071729215;2020-06-10 02:00:00;2020-06-10 02:30:00;91.7
1071729215;2020-06-10 02:30:00;2020-06-10 03:00:00;101.66666666666667
1071729215;2020-06-10 03:00:00;2020-06-10 03:30:00;100.0
1071729215;2020-06-10 03:30:00;2020-06-10 04:00:00;100.56666666666666
1071729215;2020-06-10 04:00:00;2020-06-10 04:30:00;103.7
1071729215;2020-06-10 04:30:00;2020-06-10 05:00:00;99.5
1071729215;2020-06-10 05:00:00;2020-06-10 05:30:00;109.16666666666667
1071729215;2020-06-10 05:30:00;2020-06-10 06:00:00;89.63333333333334
1071729215;2020-06-10 06:00:00;2020-06-10 06:30:00;99.46666666666667
1071729215;2020-06-10 06:30:00;2020-06-10 07:00:00;107.76666666666667
1071729215;2020-06-10 07:00:00;2020-06-10 07:30:00;102.86666666666666
1071729215;2020-06-10 07:30:00;2020-06-10 08:00:00;100.03333333333333
1071729215;2020-06-10 08:00:00;2020-06-10 08:30:00;105.33333333333333
1071729215;2020-06-10 08:30:00;2020-06-10 09:00:00;98.2
1071729215;2020-06-10 09:00:00;2020-06-10 09:30:00;102.13333333333334
1071729215;2020-06-10 09:30:00;2020-06-10 10:00:00;100.6
1071729215;2020-06-10 10:00:00;2020-06-10 10:30:00;95.8
1071729215;2020-06-10 10:30:00;2020-06-10 11:00:00;102.06666666666666
1071729215;2020-06-10 11:00:00;2020-06-10 11:30:00;99.96666666666667
1071729215;2020-06-10 11:30:00;2020-06-10 12:00:00;97.93333333333334
1071729215;2020-06-10 12:00:00;2020-06-10 12:30:00;100.86666666666666
1071729215;2020-06-10 12:30:00;2020-06-10 13:00:00;110.76666666666667
1071729215;2020-06-10 13:00:00;2020-06-10 13:30:00;99.36666666666666
1071729215;2020-06-10 13:30:00;2020-06-10 14:00:00;92.1
1071729215;2020-06-10 14:00:00;2020-06-10 14:30:00;97.4
1071729215;2020-06-10 14:30:00;2020-06-10 15:00:00;102.76666666666667
1071729215;2020-06-10 15:00:00;2020-06-10 15:30:00;99.46666666666667
1071729215;2020-06-10 15:30:00;2020-06-10 16:00:00;96.16666666666667
1071729215;2020-06-10 16:00:00;2020-06-10 16:30:00;104.66666666666667
1071729215;2020-06-10 16:30:00;2020-06-10 17:00:00;101.26666666666667
1071729215;2020-06-10 17:00:00;2020-06-10 17:30:00;91.33333333333333
1071729215;2020-06-10 17:30:00;2020-06-10 18:00:00;86.2
1071729215;2020-06-10 18:00:00;2020-06-10 18:30:00;102.86666666666666
1071729215;2020-06-10 18:30:00;2020-06-10 19:00:00;106.4
1071729215;2020-06-10 19:00:00;2020-06-10 19:30:00;110.1
1071729215;2020-06-10 19:30:00;2020-06-10 20:00:00;111.06666666666666
1071729215;2020-06-10 20:00:00;2020-06-10 20:30:00;115.56666666666666
1071729215;2020-06-10 20:30:00;2020-06-10 21:00:00;111.16666666666667
1071729215;2020-06-10 21:00:00;2020-06-10 21:30:00;106.56666666666666
1071729215;2020-06-10 21:30:00;2020-06-10 22:00:00;103.0
1071729215;2020-06-10 22:00:00;2020-06-10 22:30:00;104.53333333333333
1071729215;2020-06-10 22:30:00;2020-06-10 23:00:00;103.0
1071729215;2020-06-10 23:00:00;2020-06-10 23:30:00;103.0
1071729215;2020-06-10 23:30:00;2020-06-10 23:59:59;97.5
1071729215;2020-06-11 00:00:00;2020-06-11 00:30:00;103.0
1071729215;2020-06-11 00:30:00;2020-06-11 01:00:00;93.33333333333333
1071729215;2020-06-11 01:00:00;2020-06-11 01:30:00;94.2
1071729215;2020-06-11 01:30:00;2020-06-11 02:00:00;79.0
1071729215;2020-06-11 02:00:00;2020-06-11 02:30:00;84.1
1071729215;2020-06-11 02:30:00;2020-06-11 03:00:00;93.76666666666667
1071729215;2020-06-11 03:00:00;2020-06-11 03:30:00;94.93333333333334
1071729215;2020-06-11 03:30:00;2020-06-11 04:00:00;100.43333333333334
1071729215;2020-06-11 04:00:00;2020-06-11 04:30:00;106.53333333333333
1071729215;2020-06-11 04:30:00;2020-06-11 05:00:00;100.53333333333333
1071729215;2020-06-11 05:00:00;2020-06-11 05:30:00;90.5
1071729215;2020-06-11 05:30:00;2020-06-11 06:00:00;112.5
1071729215;2020-06-11 06:00:00;2020-06-11 06:30:00;108.63333333333334
1071729215;2020-06-11 06:30:00;2020-06-11 07:00:00;97.46666666666667
1071729215;2020-06-11 07:00:00;2020-06-11 07:30:00;108.6
1071729215;2020-06-11 07:30:00;2020-06-11 08:00:00;105.53333333333333
1071729215;2020-06-11 08:00:00;2020-06-11 08:30:00;94.96666666666667
1071729215;2020-06-11 08:30:00;2020-06-11 09:00:00;97.1
1071729215;2020-06-11 09:00:00;2020-06-11 09:30:00;101.5
1071729215;2020-06-11 09:30:00;2020-06-11 10:00:00;104.0
1071729215;2020-06-11 10:00:00;2020-06-11 10:30:00;102.1
1071729215;2020-06-11 10:30:00;2020-06-11 11:00:00;100.1
1071729215;2020-06-11 11:00:00;2020-06-11 11:30:00;92.86666666666666
1071729215;2020-06-11 11:30:00;2020-06-11 12:00:00;99.53333333333333
1071729215;2020-06-11 12:00:00;2020-06-11 12:30:00;107.53333333333333
1071729215;2020-06-11 12:30:00;2020-06-11 13:00:00;109.13333333333334
1071729215;2020-06-11 13:00:00;2020-06-11 13:30:00;106.73333333333333
1071729215;2020-06-11 13:30:00;2020-06-11 14:00:00;92.23333333333333
1071729215;2020-06-11 14:00:00;2020-06-11 14:30:00;95.5
1071729215;2020-06-11 14:30:00;2020-06-11 15:00:00;89.23333333333333
1071729215;2020-06-11 15:00:00;2020-06-11 15:30:00;100.56666666666666
1071729215;2020-06-11 15:30:00;2020-06-11 16:00:00;103.16666666666667
1071729215;2020-06-11 16:00:00;2020-06-11 16:30:00;121.46666666666667
1071729215;2020-06-11 16:30:00;2020-06-11 17:00:00;102.0
1071729215;2020-06-11 17:00:00;2020-06-11 17:30:00;108.33333333333333
1071729215;2020-06-11 17:30:00;2020-06-11 18:00:00;106.6
1071729215;2020-06-11 18:00:00;2020-06-11 18:30:00;102.36666666666666
1071729215;2020-06-11 18:30:00;2020-06-11 19:00:00;100.46666666666667
1071729215;2020-06-11 19:00:00;2020-06-11 19:30:00;99.73333333333333
1071729215;2020-06-11 19:30:00;2020-06-11 20:00:00;111.5
1071729215;2020-06-11 20:00:00;2020-06-11 20:30:00;104.4
1071729215;2020-06-11 20:30:00;2020-06-11 21:00:00;102.24137931034483
1071729215;2020-06-11 21:00:00;2020-06-11 21:30:00;107.06666666666666
1071729215;2020-06-11 21:30:00;2020-06-11 22:00:00;103.0
1071729215;2020-06-11 22:00:00;2020-06-11 22:30:00;101.9
1071729215;2020-06-11 22:30:00;2020-06-11 23:00:00;103.0
1071729215;2020-06-11 23:00:00;2020-06-11 23:30:00;103.0
1071729215;2020-06-11 23:30:00;2020-06-11 23:59:59;103.0
1071729215;2020-06-12 00:00:00;2020-06-12 00:30:00;103.0
1071729215;2020-06-12 00:30:00;2020-06-12 01:00:00;103.0
1071729215;2020-06-12 01:00:00;2020-06-12 01:30:00;103.0
1071729215;2020-06-12 01:30:00;2020-06-12 02:00:00;103.0
1071729215;2020-06-12 02:00:00;2020-06-12 02:30:00;103.0
1071729215;2020-06-12 02:30:00;2020-06-12 03:00:00;103.0
1071729215;2020-06-12 03:00:00;2020-06-12 03:30:00;102.53333333333333
1071729215;2020-06-12 03:30:00;2020-06-12 04:00:00;105.4
1071729215;2020-06-12 04:00:00;2020-06-12 04:30:00;89.26666666666667
1071729215;2020-06-12 04:30:00;2020-06-12 05:00:00;91.2
1071729215;2020-06-12 05:00:00;2020-06-12 05:30:00;101.16666666666667
1071729215;2020-06-12 05:30:00;2020-06-12 06:00:00;103.8
1071729215;2020-06-12 06:00:00;2020-06-12 06:30:00;95.76666666666667
1071729215;2020-06-12 06:30:00;2020-06-12 07:00:00;104.96666666666667
1071729215;2020-06-12 07:00:00;2020-06-12 07:30:00;104.06666666666666
1071729215;2020-06-12 07:30:00;2020-06-12 08:00:00;106.76666666666667
1071729215;2020-06-12 08:00:00;2020-06-12 08:30:00;104.26666666666667
1071729215;2020-06-12 08:30:00;2020-06-12 09:00:00;107.46666666666667
1071729215;2020-06-12 09:00:00;2020-06-12 09:30:00;105.23333333333333
1071729215;2020-06-12 09:30:00;2020-06-12 10:00:00;93.1
1071729215;2020-06-12 10:00:00;2020-06-12 10:30:00;89.03333333333333
1071729215;2020-06-12 10:30:00;2020-06-12 11:00:00;99.6
1071729215;2020-06-12 11:00:00;2020-06-12 11:30:00;97.83333333333333
1071729215;2020-06-12 11:30:00;2020-06-12 12:00:00;107.46666666666667
1071729215;2020-06-12 12:00:00;2020-06-12 12:30:00;106.5
1071729215;2020-06-12 12:30:00;2020-06-12 13:00:00;96.53333333333333
1071729215;2020-06-12 13:00:00;2020-06-12 13:30:00;90.53333333333333
1071729215;2020-06-12 13:30:00;2020-06-12 14:00:00;93.23333333333333
1071729215;2020-06-12 14:00:00;2020-06-12 14:30:00;112.23333333333333
1071729215;2020-06-12 14:30:00;2020-06-12 15:00:00;96.66666666666667
1071729215;2020-06-12 15:00:00;2020-06-12 15:30:00;96.06666666666666
1071729215;2020-06-12 15:30:00;2020-06-12 16:00:00;100.76666666666667
1071729215;2020-06-12 16:00:00;2020-06-12 16:30:00;94.73333333333333
1071729215;2020-06-12 16:30:00;2020-06-12 17:00:00;101.76666666666667
1071729215;2020-06-12 17:00:00;2020-06-12 17:30:00;91.8
1071729215;2020-06-12 17:30:00;2020-06-12 18:00:00;113.16666666666667
1071729215;2020-06-12 18:00:00;2020-06-12 18:30:00;98.56666666666666
1071729215;2020-06-12 18:30:00;2020-06-12 19:00:00;95.9
1071729215;2020-06-12 19:00:00;2020-06-12 19:30:00;111.03333333333333
1071729215;2020-06-12 19:30:00;2020-06-12 20:00:00;104.5
1071729215;2020-06-12 20:00:00;2020-06-12 20:30:00;118.86666666666666
1071729215;2020-06-12 20:30:00;2020-06-12 21:00:00;109.96666666666667
1071729215;2020-06-12 21:00:00;2020-06-12 21:30:00;107.13333333333334
1071729215;2020-06-12 21:30:00;2020-06-12 22:00:00;105.46666666666667
1071729215;2020-06-12 22:00:00;2020-06-12 22:30:00;103.0
1071729215;2020-06-12 22:30:00;2020-06-12 23:00:00;103.0
1071729215;2020-06-12 23:00:00;2020-06-12 23:30:00;101.3
1071729215;2020-06-12 23:30:00;2020-06-12 23:59:59;101.73333333333333
1071729215;2020-06-13 00:00:00;2020-06-13 00:30:00;95.93333333333334
1071729215;2020-06-13 00:30:00;2020-06-13 01:00:00;107.26666666666667
1071729215;2020-06-13 01:00:00;2020-06-13 01:30:00;96.6
1071729215;2020-06-13 01:30:00;2020-06-13 02:00:00;102.4
1071729215;2020-06-13 02:00:00;2020-06-13 02:30:00;96.73333333333333
1071729215;2020-06-13 02:30:00;2020-06-13 03:00:00;102.53333333333333
1071729215;2020-06-13 03:00:00;2020-06-13 03:30:00;87.0
1071729215;2020-06-13 03:30:00;2020-06-13 04:00:00;89.96666666666667
1071729215;2020-06-13 04:00:00;2020-06-13 04:30:00;104.06666666666666
1071729215;2020-06-13 04:30:00;2020-06-13 05:00:00;99.8
1071729215;2020-06-13 05:00:00;2020-06-13 05:30:00;102.23333333333333
1071729215;2020-06-13 05:30:00;2020-06-13 06:00:00;100.76666666666667
1071729215;2020-06-13 06:00:00;2020-06-13 06:30:00;96.4
1071729215;2020-06-13 06:30:00;2020-06-13 07:00:00;107.6
1071729215;2020-06-13 07:00:00;2020-06-13 07:30:00;96.83333333333333
1071729215;2020-06-13 07:30:00;2020-06-13 08:00:00;106.53333333333333
1071729215;2020-06-13 08:00:00;2020-06-13 08:30:00;108.66666666666667
1071729215;2020-06-13 08:30:00;2020-06-13 09:00:00;109.63333333333334
1071729215;2020-06-13 09:00:00;2020-06-13 09:30:00;100.7
1071729215;2020-06-13 09:30:00;2020-06-13 10:00:00;116.83333333333333
1071729215;2020-06-13 10:00:00;2020-06-13 10:30:00;106.4
1071729215;2020-06-13 10:30:00;2020-06-13 11:00:00;106.06666666666666
1071729215;2020-06-13 11:00:00;2020-06-13 11:30:00;108.0
1071729215;2020-06-13 11:30:00;2020-06-13 12:00:00;109.53333333333333
1071729215;2020-06-13 12:00:00;2020-06-13 12:30:00;104.93333333333334
1071729215;2020-06-13 12:30:00;2020-06-13 13:00:00;108.43333333333334
1071729215;2020-06-13 13:00:00;2020-06-13 13:30:00;106.86666666666666
1071729215;2020-06-13 13:30:00;2020-06-13 14:00:00;108.0
1071729215;2020-06-13 14:00:00;2020-06-13 14:30:00;103.1
1071729215;2020-06-13 14:30:00;2020-06-13 15:00:00;116.03333333333333
1071729215;2020-06-13 15:00:00;2020-06-13 15:30:00;105.66666666666667
1071729215;2020-06-13 15:30:00;2020-06-13 16:00:00;115.63333333333334
1071729215;2020-06-13 16:00:00;2020-06-13 16:30:00;108.76666666666667
1071729215;2020-06-13 16:30:00;2020-06-13 17:00:00;104.03333333333333
1071729215;2020-06-13 17:00:00;2020-06-13 17:30:00;108.96666666666667
1071729215;2020-06-13 17:30:00;2020-06-13 18:00:00;113.7
1071729215;2020-06-13 18:00:00;2020-06-13 18:30:00;117.16666666666667
1071729215;2020-06-13 18:30:00;2020-06-13 19:00:00;112.93333333333334
1071729215;2020-06-13 19:00:00;2020-06-13 19:30:00;110.26666666666667
1071729215;2020-06-13 19:30:00;2020-06-13 20:00:00;109.93333333333334
1071729215;2020-06-13 20:00:00;2020-06-13 20:30:00;111.0
1071729215;2020-06-13 20:30:00;2020-06-13 21:00:00;100.6
1071729215;2020-06-13 21:00:00;2020-06-13 21:30:00;103.26666666666667
1071729215;2020-06-13 21:30:00;2020-06-13 22:00:00;95.63333333333334
1071729215;2020-06-13 22:00:00;2020-06-13 22:30:00;106.53333333333333
1071729215;2020-06-13 22:30:00;2020-06-13 23:00:00;108.16666666666667
1071729215;2020-06-13 23:00:00;2020-06-13 23:30:00;134.0
1071729215;2020-06-13 23:30:00;2020-06-13 23:59:59;132.26666666666668
1071729215;2020-06-14 00:00:00;2020-06-14 00:30:00;120.93333333333334
1071729215;2020-06-14 00:30:00;2020-06-14 01:00:00;107.86666666666666
1071729215;2020-06-14 01:00:00;2020-06-14 01:30:00;103.0
1071729215;2020-06-14 01:30:00;2020-06-14 02:00:00;112.33333333333333
1071729215;2020-06-14 02:00:00;2020-06-14 02:30:00;106.5
1071729215;2020-06-14 02:30:00;2020-06-14 03:00:00;135.0
1071729215;2020-06-14 03:00:00;2020-06-14 03:30:00;131.9
1071729215;2020-06-14 03:30:00;2020-06-14 04:00:00;115.83333333333333
1071729215;2020-06-14 04:00:00;2020-06-14 04:30:00;105.33333333333333
1071729215;2020-06-14 04:30:00;2020-06-14 05:00:00;122.0
1071729215;2020-06-14 05:00:00;2020-06-14 05:30:00;112.96666666666667
1071729215;2020-06-14 05:30:00;2020-06-14 06:00:00;121.3
1071729215;2020-06-14 06:00:00;2020-06-14 06:30:00;96.33333333333333
1071729215;2020-06-14 06:30:00;2020-06-14 07:00:00;88.8
1071729215;2020-06-14 07:00:00;2020-06-14 07:30:00;115.6
1071729215;2020-06-14 07:30:00;2020-06-14 08:00:00;110.76666666666667
1071729215;2020-06-14 08:00:00;2020-06-14 08:30:00;90.53333333333333
1071729215;2020-06-14 08:30:00;2020-06-14 09:00:00;105.46666666666667
1071729215;2020-06-14 09:00:00;2020-06-14 09:30:00;102.66666666666667
1071729215;2020-06-14 09:30:00;2020-06-14 10:00:00;96.8
1071729215;2020-06-14 10:00:00;2020-06-14 10:30:00;108.83333333333333
1071729215;2020-06-14 10:30:00;2020-06-14 11:00:00;114.46666666666667
1071729215;2020-06-14 11:00:00;2020-06-14 11:30:00;102.16666666666667
1071729215;2020-06-14 11:30:00;2020-06-14 12:00:00;99.03333333333333
1071729215;2020-06-14 12:00:00;2020-06-14 12:30:00;94.26666666666667
1071729215;2020-06-14 12:30:00;2020-06-14 13:00:00;104.96666666666667
1071729215;2020-06-14 13:00:00;2020-06-14 13:30:00;95.4
1071729215;2020-06-14 13:30:00;2020-06-14 14:00:00;104.4
1071729215;2020-06-14 14:00:00;2020-06-14 14:30:00;113.73333333333333
1071729215;2020-06-14 14:30:00;2020-06-14 15:00:00;108.63333333333334
1071729215;2020-06-14 15:00:00;2020-06-14 15:30:00;95.5
1071729215;2020-06-14 15:30:00;2020-06-14 16:00:00;108.36666666666666
1071729215;2020-06-14 16:00:00;2020-06-14 16:30:00;95.73333333333333
1071729215;2020-06-14 16:30:00;2020-06-14 17:00:00;98.33333333333333
1071729215;2020-06-14 17:00:00;2020-06-14 17:30:00;103.53333333333333
1071729215;2020-06-14 17:30:00;2020-06-14 18:00:00;100.7
1071729215;2020-06-14 18:00:00;2020-06-14 18:30:00;111.13333333333334
1071729215;2020-06-14 18:30:00;2020-06-14 19:00:00;110.26666666666667
1071729215;2020-06-14 19:00:00;2020-06-14 19:30:00;97.3
1071729215;2020-06-14 19:30:00;2020-06-14 20:00:00;106.26666666666667
1071729215;2020-06-14 20:00:00;2020-06-14 20:30:00;104.76666666666667
1071729215;2020-06-14 20:30:00;2020-06-14 21:00:00;111.13333333333334
1071729215;2020-06-14 21:00:00;2020-06-14 21:30:00;108.66666666666667
1071729215;2020-06-14 21:30:00;2020-06-14 22:00:00;94.36666666666666
1071729215;2020-06-14 22:00:00;2020-06-14 22:30:00;99.06666666666666
1071729215;2020-06-14 22:30:00;2020-06-14 23:00:00;103.0
1071729215;2020-06-14 23:00:00;2020-06-14 23:30:00;103.0
1071729215;2020-06-14 23:30:00;2020-06-14 23:59:59;110.93333333333334
1071729215;2020-06-15 00:00:00;2020-06-15 00:30:00;103.0
1071729215;2020-06-15 00:30:00;2020-06-15 01:00:00;103.0
1071729215;2020-06-15 01:00:00;2020-06-15 01:30:00;103.0
1071729215;2020-06-15 01:30:00;2020-06-15 02:00:00;103.0
1071729215;2020-06-15 02:00:00;2020-06-15 02:30:00;103.0
1071729215;2020-06-15 02:30:00;2020-06-15 03:00:00;107.86666666666666
1071729215;2020-06-15 03:00:00;2020-06-15 03:30:00;104.1
1071729215;2020-06-15 03:30:00;2020-06-15 04:00:00;98.2
1071729215;2020-06-15 04:00:00;2020-06-15 04:30:00;103.23333333333333
1071729215;2020-06-15 04:30:00;2020-06-15 05:00:00;95.26666666666667
1071729215;2020-06-15 05:00:00;2020-06-15 05:30:00;95.03333333333333
1071729215;2020-06-15 05:30:00;2020-06-15 06:00:00;107.43333333333334
1071729215;2020-06-15 06:00:00;2020-06-15 06:30:00;105.56666666666666
1071729215;2020-06-15 06:30:00;2020-06-15 07:00:00;104.56666666666666
1071729215;2020-06-15 07:00:00;2020-06-15 07:30:00;107.86666666666666
1071729215;2020-06-15 07:30:00;2020-06-15 08:00:00;96.8
1071729215;2020-06-15 08:00:00;2020-06-15 08:30:00;100.31818181818181
1071729215;2020-06-15 08:30:00;2020-06-15 09:00:00;107.91666666666667
1071729215;2020-06-15 09:00:00;2020-06-15 09:30:00;95.96666666666667
1071729215;2020-06-15 09:30:00;2020-06-15 10:00:00;104.16666666666667
1071729215;2020-06-15 10:00:00;2020-06-15 10:30:00;103.43333333333334
1071729215;2020-06-15 10:30:00;2020-06-15 11:00:00;105.6
1071729215;2020-06-15 11:00:00;2020-06-15 11:30:00;108.53333333333333
1071729215;2020-06-15 11:30:00;2020-06-15 12:00:00;101.96666666666667
1071729215;2020-06-15 12:00:00;2020-06-15 12:30:00;106.4
1071729215;2020-06-15 12:30:00;2020-06-15 13:00:00;88.26666666666667
1071729215;2020-06-15 13:00:00;2020-06-15 13:30:00;102.36666666666666
1071729215;2020-06-15 13:30:00;2020-06-15 14:00:00;97.1
1071729215;2020-06-15 14:00:00;2020-06-15 14:30:00;101.3
1071729215;2020-06-15 14:30:00;2020-06-15 15:00:00;106.76666666666667
1071729215;2020-06-15 15:00:00;2020-06-15 15:30:00;100.56666666666666
1071729215;2020-06-15 15:30:00;2020-06-15 16:00:00;110.06666666666666
1071729215;2020-06-15 16:00:00;2020-06-15 16:30:00;97.1
1071729215;2020-06-15 16:30:00;2020-06-15 17:00:00;103.23333333333333
1071729215;2020-06-15 17:00:00;2020-06-15 17:30:00;96.86666666666666
1071729215;2020-06-15 17:30:00;2020-06-15 18:00:00;100.86666666666666
1071729215;2020-06-15 18:00:00;2020-06-15 18:30:00;117.13333333333334
1071729215;2020-06-15 18:30:00;2020-06-15 19:00:00;105.83333333333333
1071729215;2020-06-15 19:00:00;2020-06-15 19:30:00;110.46666666666667
1071729215;2020-06-15 19:30:00;2020-06-15 20:00:00;100.73333333333333
1071729215;2020-06-15 20:00:00;2020-06-15 20:30:00;108.26666666666667
1071729215;2020-06-15 20:30:00;2020-06-15 21:00:00;95.8
1071729215;2020-06-15 21:00:00;2020-06-15 21:30:00;100.36666666666666
1071729215;2020-06-15 21:30:00;2020-06-15 22:00:00;100.16666666666667
1071729215;2020-06-15 22:00:00;2020-06-15 22:30:00;101.0
1071729215;2020-06-15 22:30:00;2020-06-15 23:00:00;101.33333333333333
1071729215;2020-06-15 23:00:00;2020-06-15 23:30:00;103.0
1071729215;2020-06-15 23:30:00;2020-06-15 23:59:59;102.7
1071729215;2020-06-16 00:00:00;2020-06-16 00:30:00;100.73333333333333
1071729215;2020-06-16 00:30:00;2020-06-16 01:00:00;103.0
1071729215;2020-06-16 01:00:00;2020-06-16 01:30:00;103.0
1071729215;2020-06-16 01:30:00;2020-06-16 02:00:00;103.0
1071729215;2020-06-16 02:00:00;2020-06-16 02:30:00;103.0
1071729215;2020-06-16 02:30:00;2020-06-16 03:00:00;103.0
1071729215;2020-06-16 03:00:00;2020-06-16 03:30:00;98.0
1071729215;2020-06-16 03:30:00;2020-06-16 04:00:00;98.83333333333333
1071729215;2020-06-16 04:00:00;2020-06-16 04:30:00;107.0
1071729215;2020-06-16 04:30:00;2020-06-16 05:00:00;105.86666666666666
1071729215;2020-06-16 05:00:00;2020-06-16 05:30:00;91.03333333333333
1071729215;2020-06-16 05:30:00;2020-06-16 06:00:00;104.66666666666667
1071729215;2020-06-16 06:00:00;2020-06-16 06:30:00;114.63333333333334
1071729215;2020-06-16 06:30:00;2020-06-16 07:00:00;102.93333333333334
1071729215;2020-06-16 07:00:00;2020-06-16 07:30:00;91.7
1071729215;2020-06-16 07:30:00;2020-06-16 08:00:00;89.7
1071729215;2020-06-16 08:00:00;2020-06-16 08:30:00;94.76666666666667
1071729215;2020-06-16 08:30:00;2020-06-16 09:00:00;96.0
1071729215;2020-06-16 09:00:00;2020-06-16 09:30:00;104.3
1071729215;2020-06-16 09:30:00;2020-06-16 10:00:00;104.1
1071729215;2020-06-16 10:00:00;2020-06-16 10:30:00;89.96666666666667
1071729215;2020-06-16 10:30:00;2020-06-16 11:00:00;102.13333333333334
1071729215;2020-06-16 11:00:00;2020-06-16 11:30:00;104.0
1071729215;2020-06-16 11:30:00;2020-06-16 12:00:00;96.73333333333333
1071729215;2020-06-16 12:00:00;2020-06-16 12:30:00;100.16666666666667
1071729215;2020-06-16 12:30:00;2020-06-16 13:00:00;103.26666666666667
1071729215;2020-06-16 13:00:00;2020-06-16 13:30:00;103.93333333333334
1071729215;2020-06-16 13:30:00;2020-06-16 14:00:00;87.66666666666667
1071729215;2020-06-16 14:00:00;2020-06-16 14:30:00;110.53333333333333
1071729215;2020-06-16 14:30:00;2020-06-16 15:00:00;101.46666666666667
1071729215;2020-06-16 15:00:00;2020-06-16 15:30:00;113.3
1071729215;2020-06-16 15:30:00;2020-06-16 16:00:00;97.03333333333333
1071729215;2020-06-16 16:00:00;2020-06-16 16:30:00;94.66666666666667
1071729215;2020-06-16 16:30:00;2020-06-16 17:00:00;100.5
1071729215;2020-06-16 17:00:00;2020-06-16 17:30:00;88.06666666666666
1071729215;2020-06-16 17:30:00;2020-06-16 18:00:00;97.8
1071729215;2020-06-16 18:00:00;2020-06-16 18:30:00;104.83333333333333
1071729215;2020-06-16 18:30:00;2020-06-16 19:00:00;105.36666666666666
1071729215;2020-06-16 19:00:00;2020-06-16 19:30:00;99.6
1071729215;2020-06-16 19:30:00;2020-06-16 20:00:00;94.6
1071729215;2020-06-16 20:00:00;2020-06-16 20:30:00;101.06666666666666
1071729215;2020-06-16 20:30:00;2020-06-16 21:00:00;115.23333333333333
1071729215;2020-06-16 21:00:00;2020-06-16 21:30:00;105.53333333333333
1071729215;2020-06-16 21:30:00;2020-06-16 22:00:00;100.73333333333333
1071729215;2020-06-16 22:00:00;2020-06-16 22:30:00;101.1
1071729215;2020-06-16 22:30:00;2020-06-16 23:00:00;103.0
1071729215;2020-06-16 23:00:00;2020-06-16 23:30:00;103.0
1071729215;2020-06-16 23:30:00;2020-06-16 23:59:59;103.0
1071729215;2020-06-17 00:00:00;2020-06-17 00:30:00;103.0
1071729215;2020-06-17 00:30:00;2020-06-17 01:00:00;103.0
1071729215;2020-06-17 01:00:00;2020-06-17 01:30:00;103.0
1071729215;2020-06-17 01:30:00;2020-06-17 02:00:00;103.0
1071729215;2020-06-17 02:00:00;2020-06-17 02:30:00;103.0
1071729215;2020-06-17 02:30:00;2020-06-17 03:00:00;102.5
1071729215;2020-06-17 03:00:00;2020-06-17 03:30:00;110.4
1071729215;2020-06-17 03:30:00;2020-06-17 04:00:00;102.13333333333334
1071729215;2020-06-17 04:00:00;2020-06-17 04:30:00;94.8
1071729215;2020-06-17 04:30:00;2020-06-17 05:00:00;100.23333333333333
1071729215;2020-06-17 05:00:00;2020-06-17 05:30:00;101.43333333333334
1071729215;2020-06-17 05:30:00;2020-06-17 06:00:00;96.06666666666666
1071729215;2020-06-17 06:00:00;2020-06-17 06:30:00;93.06666666666666
1071729215;2020-06-17 06:30:00;2020-06-17 07:00:00;105.0
1071729215;2020-06-17 07:00:00;2020-06-17 07:30:00;97.13333333333334
1071729215;2020-06-17 07:30:00;2020-06-17 08:00:00;98.26666666666667
1071729215;2020-06-17 08:00:00;2020-06-17 08:30:00;96.13333333333334
1071729215;2020-06-17 08:30:00;2020-06-17 09:00:00;110.93333333333334
1071729215;2020-06-17 09:00:00;2020-06-17 09:30:00;94.2
1071729215;2020-06-17 09:30:00;2020-06-17 10:00:00;107.5
1071729215;2020-06-17 10:00:00;2020-06-17 10:30:00;101.9
1071729215;2020-06-17 10:30:00;2020-06-17 11:00:00;101.13333333333334
1071729215;2020-06-17 11:00:00;2020-06-17 11:30:00;90.5
1071729215;2020-06-17 11:30:00;2020-06-17 12:00:00;91.96666666666667
1071729215;2020-06-17 12:00:00;2020-06-17 12:30:00;102.83333333333333
1071729215;2020-06-17 12:30:00;2020-06-17 13:00:00;105.0
1071729215;2020-06-17 13:00:00;2020-06-17 13:30:00;94.06666666666666
1071729215;2020-06-17 13:30:00;2020-06-17 14:00:00;101.9
1071729215;2020-06-17 14:00:00;2020-06-17 14:30:00;108.4
1071729215;2020-06-17 14:30:00;2020-06-17 15:00:00;95.83333333333333
1071729215;2020-06-17 15:00:00;2020-06-17 15:30:00;88.63333333333334
1071729215;2020-06-17 15:30:00;2020-06-17 16:00:00;100.2
1071729215;2020-06-17 16:00:00;2020-06-17 16:30:00;92.2
1071729215;2020-06-17 16:30:00;2020-06-17 17:00:00;95.96666666666667
1071729215;2020-06-17 17:00:00;2020-06-17 17:30:00;101.36666666666666
1071729215;2020-06-17 17:30:00;2020-06-17 18:00:00;98.26666666666667
1071729215;2020-06-17 18:00:00;2020-06-17 18:30:00;92.8
1071729215;2020-06-17 18:30:00;2020-06-17 19:00:00;109.33333333333333
1071729215;2020-06-17 19:00:00;2020-06-17 19:30:00;103.13333333333334
1071729215;2020-06-17 19:30:00;2020-06-17 20:00:00;122.76666666666667
1071729215;2020-06-17 20:00:00;2020-06-17 20:30:00;102.73333333333333
1071729215;2020-06-17 20:30:00;2020-06-17 21:00:00;100.26666666666667
1071729215;2020-06-17 21:00:00;2020-06-17 21:30:00;96.8
1071729215;2020-06-17 21:30:00;2020-06-17 22:00:00;87.26666666666667
1071729215;2020-06-17 22:00:00;2020-06-17 22:30:00;92.2
1071729215;2020-06-17 22:30:00;2020-06-17 23:00:00;101.16666666666667
1071729215;2020-06-17 23:00:00;2020-06-17 23:30:00;104.16666666666667
1071729215;2020-06-17 23:30:00;2020-06-17 23:59:59;103.16666666666667
1071729215;2020-06-18 00:00:00;2020-06-18 00:30:00;102.26666666666667
1071729215;2020-06-18 00:30:00;2020-06-18 01:00:00;103.0
1071729215;2020-06-18 01:00:00;2020-06-18 01:30:00;103.0
1071729215;2020-06-18 01:30:00;2020-06-18 02:00:00;103.0
1071729215;2020-06-18 02:00:00;2020-06-18 02:30:00;103.0
1071729215;2020-06-18 02:30:00;2020-06-18 03:00:00;103.0
1071729215;2020-06-18 03:00:00;2020-06-18 03:30:00;100.0
1071729215;2020-06-18 03:30:00;2020-06-18 04:00:00;100.0
1071729215;2020-06-18 04:00:00;2020-06-18 04:30:00;106.86666666666666
1071729215;2020-06-18 04:30:00;2020-06-18 05:00:00;101.43333333333334
1071729215;2020-06-18 05:00:00;2020-06-18 05:30:00;105.66666666666667
1071729215;2020-06-18 05:30:00;2020-06-18 06:00:00;104.06666666666666
1071729215;2020-06-18 06:00:00;2020-06-18 06:30:00;109.63333333333334
1071729215;2020-06-18 06:30:00;2020-06-18 07:00:00;89.33333333333333
1071729215;2020-06-18 07:00:00;2020-06-18 07:30:00;92.63333333333334
1071729215;2020-06-18 07:30:00;2020-06-18 08:00:00;103.1
1071729215;2020-06-18 08:00:00;2020-06-18 08:30:00;102.13333333333334
1071729215;2020-06-18 08:30:00;2020-06-18 09:00:00;97.0
1071729215;2020-06-18 09:00:00;2020-06-18 09:30:00;96.66666666666667
1071729215;2020-06-18 09:30:00;2020-06-18 10:00:00;97.83333333333333
1071729215;2020-06-18 10:00:00;2020-06-18 10:30:00;98.9
1071729215;2020-06-18 10:30:00;2020-06-18 11:00:00;99.93333333333334
1071729215;2020-06-18 11:00:00;2020-06-18 11:30:00;102.33333333333333
1071729215;2020-06-18 11:30:00;2020-06-18 12:00:00;108.2
1071729215;2020-06-18 12:00:00;2020-06-18 12:30:00;111.4
1071729215;2020-06-18 12:30:00;2020-06-18 13:00:00;107.46666666666667
1071729215;2020-06-18 13:00:00;2020-06-18 13:30:00;95.73333333333333
1071729215;2020-06-18 13:30:00;2020-06-18 14:00:00;99.63333333333334
1071729215;2020-06-18 14:00:00;2020-06-18 14:30:00;107.03333333333333
1071729215;2020-06-18 14:30:00;2020-06-18 15:00:00;108.53333333333333
1071729215;2020-06-18 15:00:00;2020-06-18 15:30:00;104.06666666666666
1071729215;2020-06-18 15:30:00;2020-06-18 16:00:00;97.43333333333334
1071729215;2020-06-18 16:00:00;2020-06-18 16:30:00;114.26666666666667
1071729215;2020-06-18 16:30:00;2020-06-18 17:00:00;101.13333333333334
1071729215;2020-06-18 17:00:00;2020-06-18 17:30:00;102.6
1071729215;2020-06-18 17:30:00;2020-06-18 18:00:00;108.93333333333334
1071729215;2020-06-18 18:00:00;2020-06-18 18:30:00;101.73333333333333
1071729215;2020-06-18 18:30:00;2020-06-18 19:00:00;105.1
1071729215;2020-06-18 19:00:00;2020-06-18 19:30:00;109.86206896551724
1071729215;2020-06-18 19:30:00;2020-06-18 20:00:00;104.8
1071729215;2020-06-18 20:00:00;2020-06-18 20:30:00;102.26666666666667
1071729215;2020-06-18 20:30:00;2020-06-18 21:00:00;108.96666666666667
1071729215;2020-06-18 21:00:00;2020-06-18 21:30:00;103.73333333333333
1071729215;2020-06-18 21:30:00;2020-06-18 22:00:00;89.83333333333333
1071729215;2020-06-18 22:00:00;2020-06-18 22:30:00;98.26666666666667
1071729215;2020-06-18 22:30:00;2020-06-18 23:00:00;103.0
1071729215;2020-06-18 23:00:00;2020-06-18 23:30:00;103.0
1071729215;2020-06-18 23:30:00;2020-06-18 23:59:59;103.0
1071729215;2020-06-19 00:00:00;2020-06-19 00:30:00;105.23333333333333
1071729215;2020-06-19 00:30:00;2020-06-19 01:00:00;109.06666666666666
1071729215;2020-06-19 01:00:00;2020-06-19 01:30:00;103.0
1071729215;2020-06-19 01:30:00;2020-06-19 02:00:00;103.0
1071729215;2020-06-19 02:00:00;2020-06-19 02:30:00;103.0
1071729215;2020-06-19 02:30:00;2020-06-19 03:00:00;92.3
1071729215;2020-06-19 03:00:00;2020-06-19 03:30:00;115.23333333333333
1071729215;2020-06-19 03:30:00;2020-06-19 04:00:00;102.6
1071729215;2020-06-19 04:00:00;2020-06-19 04:30:00;103.53333333333333
1071729215;2020-06-19 04:30:00;2020-06-19 05:00:00;90.13333333333334
1071729215;2020-06-19 05:00:00;2020-06-19 05:30:00;96.83333333333333
1071729215;2020-06-19 05:30:00;2020-06-19 06:00:00;95.2
1071729215;2020-06-19 06:00:00;2020-06-19 06:30:00;95.7
1071729215;2020-06-19 06:30:00;2020-06-19 07:00:00;94.36666666666666
1071729215;2020-06-19 07:00:00;2020-06-19 07:30:00;104.0
1071729215;2020-06-19 07:30:00;2020-06-19 08:00:00;91.83333333333333
1071729215;2020-06-19 08:00:00;2020-06-19 08:30:00;97.36666666666666
1071729215;2020-06-19 08:30:00;2020-06-19 09:00:00;85.23333333333333
1071729215;2020-06-19 09:00:00;2020-06-19 09:30:00;97.73333333333333
1071729215;2020-06-19 09:30:00;2020-06-19 10:00:00;101.0
1071729215;2020-06-19 10:00:00;2020-06-19 10:30:00;96.43333333333334
1071729215;2020-06-19 10:30:00;2020-06-19 11:00:00;95.2
1071729215;2020-06-19 11:00:00;2020-06-19 11:30:00;94.06666666666666
1071729215;2020-06-19 11:30:00;2020-06-19 12:00:00;105.7
1071729215;2020-06-19 12:00:00;2020-06-19 12:30:00;110.66666666666667
1071729215;2020-06-19 12:30:00;2020-06-19 13:00:00;110.53333333333333
1071729215;2020-06-19 13:00:00;2020-06-19 13:30:00;113.1
1071729215;2020-06-19 13:30:00;2020-06-19 14:00:00;97.96666666666667
1071729215;2020-06-19 14:00:00;2020-06-19 14:30:00;92.83333333333333
1071729215;2020-06-19 14:30:00;2020-06-19 15:00:00;100.33333333333333
1071729215;2020-06-19 15:00:00;2020-06-19 15:30:00;99.0
1071729215;2020-06-19 15:30:00;2020-06-19 16:00:00;
1071729215;2020-06-19 16:00:00;2020-06-19 16:30:00;
1071729215;2020-06-19 16:30:00;2020-06-19 17:00:00;
1071729215;2020-06-19 17:00:00;2020-06-19 17:30:00;109.3
1071729215;2020-06-19 17:30:00;2020-06-19 18:00:00;106.16666666666667
1071729215;2020-06-19 18:00:00;2020-06-19 18:30:00;118.63333333333334
1071729215;2020-06-19 18:30:00;2020-06-19 19:00:00;109.0
1071729215;2020-06-19 19:00:00;2020-06-19 19:30:00;108.8
1071729215;2020-06-19 19:30:00;2020-06-19 20:00:00;115.53333333333333
1071729215;2020-06-19 20:00:00;2020-06-19 20:30:00;115.76666666666667
1071729215;2020-06-19 20:30:00;2020-06-19 21:00:00;108.66666666666667
1071729215;2020-06-19 21:00:00;2020-06-19 21:30:00;106.83333333333333
1071729215;2020-06-19 21:30:00;2020-06-19 22:00:00;103.66666666666667
1071729215;2020-06-19 22:00:00;2020-06-19 22:30:00;108.96666666666667
1071729215;2020-06-19 22:30:00;2020-06-19 23:00:00;104.4
1071729215;2020-06-19 23:00:00;2020-06-19 23:30:00;103.0
1071729215;2020-06-19 23:30:00;2020-06-19 23:59:59;103.0
1071729215;2020-06-20 00:00:00;2020-06-20 00:30:00;103.0
1071729215;2020-06-20 00:30:00;2020-06-20 01:00:00;103.0
1071729215;2020-06-20 01:00:00;2020-06-20 01:30:00;103.0
1071729215;2020-06-20 01:30:00;2020-06-20 02:00:00;103.0
1071729215;2020-06-20 02:00:00;2020-06-20 02:30:00;103.33333333333333
1071729215;2020-06-20 02:30:00;2020-06-20 03:00:00;103.66666666666667
1071729215;2020-06-20 03:00:00;2020-06-20 03:30:00;94.56666666666666
1071729215;2020-06-20 03:30:00;2020-06-20 04:00:00;92.0
1071729215;2020-06-20 04:00:00;2020-06-20 04:30:00;93.0
1071729215;2020-06-20 04:30:00;2020-06-20 05:00:00;93.0
1071729215;2020-06-20 05:00:00;2020-06-20 05:30:00;97.0
1071729215;2020-06-20 05:30:00;2020-06-20 06:00:00;89.93333333333334
1071729215;2020-06-20 06:00:00;2020-06-20 06:30:00;97.4
1071729215;2020-06-20 06:30:00;2020-06-20 07:00:00;101.7
1071729215;2020-06-20 07:00:00;2020-06-20 07:30:00;98.03333333333333
1071729215;2020-06-20 07:30:00;2020-06-20 08:00:00;95.63333333333334
1071729215;2020-06-20 08:00:00;2020-06-20 08:30:00;105.33333333333333
1071729215;2020-06-20 08:30:00;2020-06-20 09:00:00;108.46666666666667
1071729215;2020-06-20 09:00:00;2020-06-20 09:30:00;107.13333333333334
1071729215;2020-06-20 09:30:00;2020-06-20 10:00:00;103.5
1071729215;2020-06-20 10:00:00;2020-06-20 10:30:00;108.9
1071729215;2020-06-20 10:30:00;2020-06-20 11:00:00;107.33333333333333
1071729215;2020-06-20 11:00:00;2020-06-20 11:30:00;111.33333333333333
1071729215;2020-06-20 11:30:00;2020-06-20 12:00:00;100.5
1071729215;2020-06-20 12:00:00;2020-06-20 12:30:00;108.46666666666667
1071729215;2020-06-20 12:30:00;2020-06-20 13:00:00;98.4
1071729215;2020-06-20 13:00:00;2020-06-20 13:30:00;106.2
1071729215;2020-06-20 13:30:00;2020-06-20 14:00:00;97.6
1071729215;2020-06-20 14:00:00;2020-06-20 14:30:00;109.23333333333333
1071729215;2020-06-20 14:30:00;2020-06-20 15:00:00;106.16666666666667
1071729215;2020-06-20 15:00:00;2020-06-20 15:30:00;96.06666666666666
1071729215;2020-06-20 15:30:00;2020-06-20 16:00:00;110.93333333333334
1071729215;2020-06-20 16:00:00;2020-06-20 16:30:00;115.53333333333333
1071729215;2020-06-20 16:30:00;2020-06-20 17:00:00;99.43333333333334
1071729215;2020-06-20 17:00:00;2020-06-20 17:30:00;104.26666666666667
1071729215;2020-06-20 17:30:00;2020-06-20 18:00:00;109.2
1071729215;2020-06-20 18:00:00;2020-06-20 18:30:00;91.4
1071729215;2020-06-20 18:30:00;2020-06-20 19:00:00;97.96666666666667
1071729215;2020-06-20 19:00:00;2020-06-20 19:30:00;105.43333333333334
1071729215;2020-06-20 19:30:00;2020-06-20 20:00:00;99.26666666666667
1071729215;2020-06-20 20:00:00;2020-06-20 20:30:00;109.06666666666666
1071729215;2020-06-20 20:30:00;2020-06-20 21:00:00;94.56666666666666
1071729215;2020-06-20 21:00:00;2020-06-20 21:30:00;101.16666666666667
1071729215;2020-06-20 21:30:00;2020-06-20 22:00:00;102.13333333333334
1071729215;2020-06-20 22:00:00;2020-06-20 22:30:00;102.7
1071729215;2020-06-20 22:30:00;2020-06-20 23:00:00;95.73333333333333
1071729215;2020-06-20 23:00:00;2020-06-20 23:30:00;102.2
1071729215;2020-06-20 23:30:00;2020-06-20 23:59:59;103.0
1071729215;2020-06-21 00:00:00;2020-06-21 00:30:00;103.0
1071729215;2020-06-21 00:30:00;2020-06-21 01:00:00;103.0
1071729215;2020-06-21 01:00:00;2020-06-21 01:30:00;94.26666666666667
1071729215;2020-06-21 01:30:00;2020-06-21 02:00:00;103.0
1071729215;2020-06-21 02:00:00;2020-06-21 02:30:00;103.0
1071729215;2020-06-21 02:30:00;2020-06-21 03:00:00;103.0
1071729215;2020-06-21 03:00:00;2020-06-21 03:30:00;92.0
1071729215;2020-06-21 03:30:00;2020-06-21 04:00:00;92.0
1071729215;2020-06-21 04:00:00;2020-06-21 04:30:00;97.0
1071729215;2020-06-21 04:30:00;2020-06-21 05:00:00;100.83333333333333
1071729215;2020-06-21 05:00:00;2020-06-21 05:30:00;99.13333333333334
1071729215;2020-06-21 05:30:00;2020-06-21 06:00:00;99.06666666666666
1071729215;2020-06-21 06:00:00;2020-06-21 06:30:00;111.8
1071729215;2020-06-21 06:30:00;2020-06-21 07:00:00;107.06666666666666
1071729215;2020-06-21 07:00:00;2020-06-21 07:30:00;103.13333333333334
1071729215;2020-06-21 07:30:00;2020-06-21 08:00:00;112.7
1071729215;2020-06-21 08:00:00;2020-06-21 08:30:00;96.43333333333334
1071729215;2020-06-21 08:30:00;2020-06-21 09:00:00;97.73333333333333
1071729215;2020-06-21 09:00:00;2020-06-21 09:30:00;112.96666666666667
1071729215;2020-06-21 09:30:00;2020-06-21 10:00:00;106.56666666666666
1071729215;2020-06-21 10:00:00;2020-06-21 10:30:00;100.7
1071729215;2020-06-21 10:30:00;2020-06-21 11:00:00;93.66666666666667
1071729215;2020-06-21 11:00:00;2020-06-21 11:30:00;90.73333333333333
1071729215;2020-06-21 11:30:00;2020-06-21 12:00:00;87.0
1071729215;2020-06-21 12:00:00;2020-06-21 12:30:00;85.7
1071729215;2020-06-21 12:30:00;2020-06-21 13:00:00;101.26666666666667
1071729215;2020-06-21 13:00:00;2020-06-21 13:30:00;93.7
1071729215;2020-06-21 13:30:00;2020-06-21 14:00:00;84.0
1071729215;2020-06-21 14:00:00;2020-06-21 14:30:00;92.03333333333333
1071729215;2020-06-21 14:30:00;2020-06-21 15:00:00;81.96666666666667
1071729215;2020-06-21 15:00:00;2020-06-21 15:30:00;83.8
1071729215;2020-06-21 15:30:00;2020-06-21 16:00:00;12.3
1071729215;2020-06-21 16:00:00;2020-06-21 16:30:00;12.966666666666667
1071729215;2020-06-21 16:30:00;2020-06-21 17:00:00;34.166666666666664
1071729215;2020-06-21 17:00:00;2020-06-21 17:30:00;78.16666666666667
1071729215;2020-06-21 17:30:00;2020-06-21 18:00:00;95.03333333333333
1071729215;2020-06-21 18:00:00;2020-06-21 18:30:00;94.53333333333333
1071729215;2020-06-21 18:30:00;2020-06-21 19:00:00;96.1
1071729215;2020-06-21 19:00:00;2020-06-21 19:30:00;101.36666666666666
1071729215;2020-06-21 19:30:00;2020-06-21 20:00:00;115.33333333333333
1071729215;2020-06-21 20:00:00;2020-06-21 20:30:00;107.7
1071729215;2020-06-21 20:30:00;2020-06-21 21:00:00;105.03333333333333
1071729215;2020-06-21 21:00:00;2020-06-21 21:30:00;98.83333333333333
1071729215;2020-06-21 21:30:00;2020-06-21 22:00:00;97.3
1071729215;2020-06-21 22:00:00;2020-06-21 22:30:00;89.86666666666666
1071729215;2020-06-21 22:30:00;2020-06-21 23:00:00;107.9
1071729215;2020-06-21 23:00:00;2020-06-21 23:30:00;103.66666666666667
1071729215;2020-06-21 23:30:00;2020-06-21 23:59:59;103.0
1071729215;2020-06-22 00:00:00;2020-06-22 00:30:00;97.93333333333334
1071729215;2020-06-22 00:30:00;2020-06-22 01:00:00;99.23333333333333
1071729215;2020-06-22 01:00:00;2020-06-22 01:30:00;95.26666666666667
1071729215;2020-06-22 01:30:00;2020-06-22 02:00:00;99.26666666666667
1071729215;2020-06-22 02:00:00;2020-06-22 02:30:00;90.1
1071729215;2020-06-22 02:30:00;2020-06-22 03:00:00;98.33333333333333
1071729215;2020-06-22 03:00:00;2020-06-22 03:30:00;110.9
1071729215;2020-06-22 03:30:00;2020-06-22 04:00:00;102.46666666666667
1071729215;2020-06-22 04:00:00;2020-06-22 04:30:00;118.36666666666666
1071729215;2020-06-22 04:30:00;2020-06-22 05:00:00;125.7
1071729215;2020-06-22 05:00:00;2020-06-22 05:30:00;101.5
1071729215;2020-06-22 05:30:00;2020-06-22 06:00:00;109.46666666666667
1071729215;2020-06-22 06:00:00;2020-06-22 06:30:00;106.33333333333333
1071729215;2020-06-22 06:30:00;2020-06-22 07:00:00;96.76666666666667
1071729215;2020-06-22 07:00:00;2020-06-22 07:30:00;101.76666666666667
1071729215;2020-06-22 07:30:00;2020-06-22 08:00:00;116.46666666666667
1071729215;2020-06-22 08:00:00;2020-06-22 08:30:00;103.43333333333334
1071729215;2020-06-22 08:30:00;2020-06-22 09:00:00;107.6
1071729215;2020-06-22 09:00:00;2020-06-22 09:30:00;107.36666666666666
1071729215;2020-06-22 09:30:00;2020-06-22 10:00:00;94.3
1071729215;2020-06-22 10:00:00;2020-06-22 10:30:00;112.16666666666667
1071729215;2020-06-22 10:30:00;2020-06-22 11:00:00;96.33333333333333
1071729215;2020-06-22 11:00:00;2020-06-22 11:30:00;104.7
1071729215;2020-06-22 11:30:00;2020-06-22 12:00:00;102.56666666666666
1071729215;2020-06-22 12:00:00;2020-06-22 12:30:00;101.56666666666666
1071729215;2020-06-22 12:30:00;2020-06-22 13:00:00;98.56666666666666
1071729215;2020-06-22 13:00:00;2020-06-22 13:30:00;96.53333333333333
1071729215;2020-06-22 13:30:00;2020-06-22 14:00:00;98.96666666666667
1071729215;2020-06-22 14:00:00;2020-06-22 14:30:00;98.53333333333333
1071729215;2020-06-22 14:30:00;2020-06-22 15:00:00;94.23333333333333
1071729215;2020-06-22 15:00:00;2020-06-22 15:30:00;107.36666666666666
1071729215;2020-06-22 15:30:00;2020-06-22 16:00:00;83.76666666666667
1071729215;2020-06-22 16:00:00;2020-06-22 16:30:00;111.03333333333333
1071729215;2020-06-22 16:30:00;2020-06-22 17:00:00;97.9
1071729215;2020-06-22 17:00:00;2020-06-22 17:30:00;109.56666666666666
1071729215;2020-06-22 17:30:00;2020-06-22 18:00:00;90.23333333333333
1071729215;2020-06-22 18:00:00;2020-06-22 18:30:00;105.86666666666666
1071729215;2020-06-22 18:30:00;2020-06-22 19:00:00;113.53333333333333
1071729215;2020-06-22 19:00:00;2020-06-22 19:30:00;108.76666666666667
1071729215;2020-06-22 19:30:00;2020-06-22 20:00:00;95.36666666666666
1071729215;2020-06-22 20:00:00;2020-06-22 20:30:00;104.06666666666666
1071729215;2020-06-22 20:30:00;2020-06-22 21:00:00;97.56666666666666
1071729215;2020-06-22 21:00:00;2020-06-22 21:30:00;99.73333333333333
1071729215;2020-06-22 21:30:00;2020-06-22 22:00:00;106.93333333333334
1071729215;2020-06-22 22:00:00;2020-06-22 22:30:00;103.0
1071729215;2020-06-22 22:30:00;2020-06-22 23:00:00;103.0
1071729215;2020-06-22 23:00:00;2020-06-22 23:30:00;103.0
1071729215;2020-06-22 23:30:00;2020-06-22 23:59:59;105.1
1071729215;2020-06-23 00:00:00;2020-06-23 00:30:00;103.0
1071729215;2020-06-23 00:30:00;2020-06-23 01:00:00;103.0
1071729215;2020-06-23 01:00:00;2020-06-23 01:30:00;103.0
1071729215;2020-06-23 01:30:00;2020-06-23 02:00:00;103.0
1071729215;2020-06-23 02:00:00;2020-06-23 02:30:00;99.03333333333333
1071729215;2020-06-23 02:30:00;2020-06-23 03:00:00;100.66666666666667
1071729215;2020-06-23 03:00:00;2020-06-23 03:30:00;99.5
1071729215;2020-06-23 03:30:00;2020-06-23 04:00:00;98.63333333333334
1071729215;2020-06-23 04:00:00;2020-06-23 04:30:00;94.2
1071729215;2020-06-23 04:30:00;2020-06-23 05:00:00;106.56666666666666
1071729215;2020-06-23 05:00:00;2020-06-23 05:30:00;102.8
1071729215;2020-06-23 05:30:00;2020-06-23 06:00:00;101.4
1071729215;2020-06-23 06:00:00;2020-06-23 06:30:00;99.83333333333333
1071729215;2020-06-23 06:30:00;2020-06-23 07:00:00;105.86666666666666
1071729215;2020-06-23 07:00:00;2020-06-23 07:30:00;102.96666666666667
1071729215;2020-06-23 07:30:00;2020-06-23 08:00:00;102.26666666666667
1071729215;2020-06-23 08:00:00;2020-06-23 08:30:00;103.43333333333334
1071729215;2020-06-23 08:30:00;2020-06-23 09:00:00;99.13333333333334
1071729215;2020-06-23 09:00:00;2020-06-23 09:30:00;101.9
1071729215;2020-06-23 09:30:00;2020-06-23 10:00:00;98.56666666666666
1071729215;2020-06-23 10:00:00;2020-06-23 10:30:00;91.7
1071729215;2020-06-23 10:30:00;2020-06-23 11:00:00;101.8
1071729215;2020-06-23 11:00:00;2020-06-23 11:30:00;102.0
1071729215;2020-06-23 11:30:00;2020-06-23 12:00:00;97.7
1071729215;2020-06-23 12:00:00;2020-06-23 12:30:00;96.83333333333333
1071729215;2020-06-23 12:30:00;2020-06-23 13:00:00;98.16666666666667
1071729215;2020-06-23 13:00:00;2020-06-23 13:30:00;89.23333333333333
1071729215;2020-06-23 13:30:00;2020-06-23 14:00:00;91.26666666666667
1071729215;2020-06-23 14:00:00;2020-06-23 14:30:00;100.0
1071729215;2020-06-23 14:30:00;2020-06-23 15:00:00;111.1
1071729215;2020-06-23 15:00:00;2020-06-23 15:30:00;97.86666666666666
1071729215;2020-06-23 15:30:00;2020-06-23 16:00:00;100.76666666666667
1071729215;2020-06-23 16:00:00;2020-06-23 16:30:00;94.06666666666666
1071729215;2020-06-23 16:30:00;2020-06-23 17:00:00;98.96666666666667
1071729215;2020-06-23 17:00:00;2020-06-23 17:30:00;95.1
1071729215;2020-06-23 17:30:00;2020-06-23 18:00:00;101.43333333333334
1071729215;2020-06-23 18:00:00;2020-06-23 18:30:00;102.0
1071729215;2020-06-23 18:30:00;2020-06-23 19:00:00;108.26666666666667
1071729215;2020-06-23 19:00:00;2020-06-23 19:30:00;109.43333333333334
1071729215;2020-06-23 19:30:00;2020-06-23 20:00:00;104.26666666666667
1071729215;2020-06-23 20:00:00;2020-06-23 20:30:00;111.9
1071729215;2020-06-23 20:30:00;2020-06-23 21:00:00;113.3
1071729215;2020-06-23 21:00:00;2020-06-23 21:30:00;109.36666666666666
1071729215;2020-06-23 21:30:00;2020-06-23 22:00:00;103.0
1071729215;2020-06-23 22:00:00;2020-06-23 22:30:00;104.26666666666667
1071729215;2020-06-23 22:30:00;2020-06-23 23:00:00;97.2
1071729215;2020-06-23 23:00:00;2020-06-23 23:30:00;103.0
1071729215;2020-06-23 23:30:00;2020-06-23 23:59:59;101.9
1071729215;2020-06-24 00:00:00;2020-06-24 00:30:00;95.66666666666667
1071729215;2020-06-24 00:30:00;2020-06-24 01:00:00;88.3
1071729215;2020-06-24 01:00:00;2020-06-24 01:30:00;85.7
1071729215;2020-06-24 01:30:00;2020-06-24 02:00:00;101.8
1071729215;2020-06-24 02:00:00;2020-06-24 02:30:00;96.53333333333333
1071729215;2020-06-24 02:30:00;2020-06-24 03:00:00;103.0
1071729215;2020-06-24 03:00:00;2020-06-24 03:30:00;100.5
1071729215;2020-06-24 03:30:00;2020-06-24 04:00:00;100.0
1071729215;2020-06-24 04:00:00;2020-06-24 04:30:00;98.03333333333333
1071729215;2020-06-24 04:30:00;2020-06-24 05:00:00;101.3
1071729215;2020-06-24 05:00:00;2020-06-24 05:30:00;104.4
1071729215;2020-06-24 05:30:00;2020-06-24 06:00:00;107.63333333333334
1071729215;2020-06-24 06:00:00;2020-06-24 06:30:00;113.3
1071729215;2020-06-24 06:30:00;2020-06-24 07:00:00;116.0
1071729215;2020-06-24 07:00:00;2020-06-24 07:30:00;107.86666666666666
1071729215;2020-06-24 07:30:00;2020-06-24 08:00:00;108.56666666666666
1071729215;2020-06-24 08:00:00;2020-06-24 08:30:00;110.06666666666666
1071729215;2020-06-24 08:30:00;2020-06-24 09:00:00;95.0
1071729215;2020-06-24 09:00:00;2020-06-24 09:30:00;98.93333333333334
1071729215;2020-06-24 09:30:00;2020-06-24 10:00:00;95.8
1071729215;2020-06-24 10:00:00;2020-06-24 10:30:00;107.23333333333333
1071729215;2020-06-24 10:30:00;2020-06-24 11:00:00;94.66666666666667
1071729215;2020-06-24 11:00:00;2020-06-24 11:30:00;106.7
1071729215;2020-06-24 11:30:00;2020-06-24 12:00:00;99.43333333333334
1071729215;2020-06-24 12:00:00;2020-06-24 12:30:00;104.03333333333333
1071729215;2020-06-24 12:30:00;2020-06-24 13:00:00;101.7
1071729215;2020-06-24 13:00:00;2020-06-24 13:30:00;105.7
1071729215;2020-06-24 13:30:00;2020-06-24 14:00:00;97.2
1071729215;2020-06-24 14:00:00;2020-06-24 14:30:00;101.93333333333334
1071729215;2020-06-24 14:30:00;2020-06-24 15:00:00;112.06666666666666
1071729215;2020-06-24 15:00:00;2020-06-24 15:30:00;102.63333333333334
1071729215;2020-06-24 15:30:00;2020-06-24 16:00:00;96.46666666666667
1071729215;2020-06-24 16:00:00;2020-06-24 16:30:00;86.1
1071729215;2020-06-24 16:30:00;2020-06-24 17:00:00;91.46666666666667
1071729215;2020-06-24 17:00:00;2020-06-24 17:30:00;88.96666666666667
1071729215;2020-06-24 17:30:00;2020-06-24 18:00:00;103.4
1071729215;2020-06-24 18:00:00;2020-06-24 18:30:00;95.36666666666666
1071729215;2020-06-24 18:30:00;2020-06-24 19:00:00;110.53333333333333
1071729215;2020-06-24 19:00:00;2020-06-24 19:30:00;102.3
1071729215;2020-06-24 19:30:00;2020-06-24 20:00:00;100.43333333333334
1071729215;2020-06-24 20:00:00;2020-06-24 20:30:00;101.7
1071729215;2020-06-24 20:30:00;2020-06-24 21:00:00;106.76666666666667
1071729215;2020-06-24 21:00:00;2020-06-24 21:30:00;106.43333333333334
1071729215;2020-06-24 21:30:00;2020-06-24 22:00:00;95.73333333333333
1071729215;2020-06-24 22:00:00;2020-06-24 22:30:00;101.93333333333334
1071729215;2020-06-24 22:30:00;2020-06-24 23:00:00;93.93333333333334
1071729215;2020-06-24 23:00:00;2020-06-24 23:30:00;93.23333333333333
1071729215;2020-06-24 23:30:00;2020-06-24 23:59:59;99.16666666666667
1071729215;2020-06-25 00:00:00;2020-06-25 00:30:00;80.0
1071729215;2020-06-25 00:30:00;2020-06-25 01:00:00;83.56666666666666
1071729215;2020-06-25 01:00:00;2020-06-25 01:30:00;106.06666666666666
1071729215;2020-06-25 01:30:00;2020-06-25 02:00:00;103.06666666666666
1071729215;2020-06-25 02:00:00;2020-06-25 02:30:00;103.0
1071729215;2020-06-25 02:30:00;2020-06-25 03:00:00;97.66666666666667
1071729215;2020-06-25 03:00:00;2020-06-25 03:30:00;99.93333333333334
1071729215;2020-06-25 03:30:00;2020-06-25 04:00:00;99.93333333333334
1071729215;2020-06-25 04:00:00;2020-06-25 04:30:00;92.86666666666666
1071729215;2020-06-25 04:30:00;2020-06-25 05:00:00;97.1
1071729215;2020-06-25 05:00:00;2020-06-25 05:30:00;108.73333333333333
1071729215;2020-06-25 05:30:00;2020-06-25 06:00:00;90.6
1071729215;2020-06-25 06:00:00;2020-06-25 06:30:00;94.66666666666667
1071729215;2020-06-25 06:30:00;2020-06-25 07:00:00;100.43333333333334
1071729215;2020-06-25 07:00:00;2020-06-25 07:30:00;95.96666666666667
1071729215;2020-06-25 07:30:00;2020-06-25 08:00:00;103.86666666666666
1071729215;2020-06-25 08:00:00;2020-06-25 08:30:00;98.83333333333333
1071729215;2020-06-25 08:30:00;2020-06-25 09:00:00;90.76666666666667
1071729215;2020-06-25 09:00:00;2020-06-25 09:30:00;98.93333333333334
1071729215;2020-06-25 09:30:00;2020-06-25 10:00:00;96.93333333333334
1071729215;2020-06-25 10:00:00;2020-06-25 10:30:00;110.63333333333334
1071729215;2020-06-25 10:30:00;2020-06-25 11:00:00;107.33333333333333
1071729215;2020-06-25 11:00:00;2020-06-25 11:30:00;93.93333333333334
1071729215;2020-06-25 11:30:00;2020-06-25 12:00:00;92.26666666666667
1071729215;2020-06-25 12:00:00;2020-06-25 12:30:00;90.16666666666667
1071729215;2020-06-25 12:30:00;2020-06-25 13:00:00;103.36666666666666
1071729215;2020-06-25 13:00:00;2020-06-25 13:30:00;98.53333333333333
1071729215;2020-06-25 13:30:00;2020-06-25 14:00:00;96.03333333333333
1071729215;2020-06-25 14:00:00;2020-06-25 14:30:00;100.0
1071729215;2020-06-25 14:30:00;2020-06-25 15:00:00;101.53333333333333
1071729215;2020-06-25 15:00:00;2020-06-25 15:30:00;110.93333333333334
1071729215;2020-06-25 15:30:00;2020-06-25 16:00:00;94.8
1071729215;2020-06-25 16:00:00;2020-06-25 16:30:00;72.26666666666667
1071729215;2020-06-25 16:30:00;2020-06-25 17:00:00;79.1
1071729215;2020-06-25 17:00:00;2020-06-25 17:30:00;92.7
1071729215;2020-06-25 17:30:00;2020-06-25 18:00:00;102.36666666666666
1071729215;2020-06-25 18:00:00;2020-06-25 18:30:00;102.3
1071729215;2020-06-25 18:30:00;2020-06-25 19:00:00;116.93333333333334
1071729215;2020-06-25 19:00:00;2020-06-25 19:30:00;103.9
1071729215;2020-06-25 19:30:00;2020-06-25 20:00:00;107.43333333333334
1071729215;2020-06-25 20:00:00;2020-06-25 20:30:00;110.16666666666667
1071729215;2020-06-25 20:30:00;2020-06-25 21:00:00;109.6
1071729215;2020-06-25 21:00:00;2020-06-25 21:30:00;96.46666666666667
1071729215;2020-06-25 21:30:00;2020-06-25 22:00:00;102.9
1071729215;2020-06-25 22:00:00;2020-06-25 22:30:00;90.13333333333334
1071729215;2020-06-25 22:30:00;2020-06-25 23:00:00;110.46666666666667
1071729215;2020-06-25 23:00:00;2020-06-25 23:30:00;114.13333333333334
1071729215;2020-06-25 23:30:00;2020-06-25 23:59:59;118.6
1071729215;2020-06-26 00:00:00;2020-06-26 00:30:00;112.13333333333334
1071729215;2020-06-26 00:30:00;2020-06-26 01:00:00;95.56666666666666
1071729215;2020-06-26 01:00:00;2020-06-26 01:30:00;94.0
1071729215;2020-06-26 01:30:00;2020-06-26 02:00:00;85.8
1071729215;2020-06-26 02:00:00;2020-06-26 02:30:00;93.2
1071729215;2020-06-26 02:30:00;2020-06-26 03:00:00;102.1
1071729215;2020-06-26 03:00:00;2020-06-26 03:30:00;102.06666666666666
1071729215;2020-06-26 03:30:00;2020-06-26 04:00:00;103.73333333333333
1071729215;2020-06-26 04:00:00;2020-06-26 04:30:00;105.0
1071729215;2020-06-26 04:30:00;2020-06-26 05:00:00;116.56666666666666
1071729215;2020-06-26 05:00:00;2020-06-26 05:30:00;95.63333333333334
1071729215;2020-06-26 05:30:00;2020-06-26 06:00:00;99.0
1071729215;2020-06-26 06:00:00;2020-06-26 06:30:00;98.7
1071729215;2020-06-26 06:30:00;2020-06-26 07:00:00;107.36666666666666
1071729215;2020-06-26 07:00:00;2020-06-26 07:30:00;95.1
1071729215;2020-06-26 07:30:00;2020-06-26 08:00:00;102.26666666666667
1071729215;2020-06-26 08:00:00;2020-06-26 08:30:00;105.8
1071729215;2020-06-26 08:30:00;2020-06-26 09:00:00;97.43333333333334
1071729215;2020-06-26 09:00:00;2020-06-26 09:30:00;80.9
1071729215;2020-06-26 09:30:00;2020-06-26 10:00:00;99.53333333333333
1071729215;2020-06-26 10:00:00;2020-06-26 10:30:00;105.8
1071729215;2020-06-26 10:30:00;2020-06-26 11:00:00;110.26666666666667
1071729215;2020-06-26 11:00:00;2020-06-26 11:30:00;92.1
1071729215;2020-06-26 11:30:00;2020-06-26 12:00:00;103.53333333333333
1071729215;2020-06-26 12:00:00;2020-06-26 12:30:00;107.93333333333334
1071729215;2020-06-26 12:30:00;2020-06-26 13:00:00;92.86666666666666
1071729215;2020-06-26 13:00:00;2020-06-26 13:30:00;97.5
1071729215;2020-06-26 13:30:00;2020-06-26 14:00:00;99.66666666666667
1071729215;2020-06-26 14:00:00;2020-06-26 14:30:00;93.93333333333334
1071729215;2020-06-26 14:30:00;2020-06-26 15:00:00;104.9
1071729215;2020-06-26 15:00:00;2020-06-26 15:30:00;95.33333333333333
1071729215;2020-06-26 15:30:00;2020-06-26 16:00:00;95.4
1071729215;2020-06-26 16:00:00;2020-06-26 16:30:00;96.66666666666667
1071729215;2020-06-26 16:30:00;2020-06-26 17:00:00;102.5
1071729215;2020-06-26 17:00:00;2020-06-26 17:30:00;105.8
1071729215;2020-06-26 17:30:00;2020-06-26 18:00:00;97.8
1071729215;2020-06-26 18:00:00;2020-06-26 18:30:00;106.9
1071729215;2020-06-26 18:30:00;2020-06-26 19:00:00;111.9
1071729215;2020-06-26 19:00:00;2020-06-26 19:30:00;103.46666666666667
1071729215;2020-06-26 19:30:00;2020-06-26 20:00:00;93.13333333333334
1071729215;2020-06-26 20:00:00;2020-06-26 20:30:00;105.73333333333333
1071729215;2020-06-26 20:30:00;2020-06-26 21:00:00;107.8
1071729215;2020-06-26 21:00:00;2020-06-26 21:30:00;110.66666666666667
1071729215;2020-06-26 21:30:00;2020-06-26 22:00:00;103.0
1071729215;2020-06-26 22:00:00;2020-06-26 22:30:00;103.0
1071729215;2020-06-26 22:30:00;2020-06-26 23:00:00;103.0
1071729215;2020-06-26 23:00:00;2020-06-26 23:30:00;103.0
1071729215;2020-06-26 23:30:00;2020-06-26 23:59:59;111.63333333333334
1071729215;2020-06-27 00:00:00;2020-06-27 00:30:00;95.16666666666667
1071729215;2020-06-27 00:30:00;2020-06-27 01:00:00;98.56666666666666
1071729215;2020-06-27 01:00:00;2020-06-27 01:30:00;84.0
1071729215;2020-06-27 01:30:00;2020-06-27 02:00:00;89.53333333333333
1071729215;2020-06-27 02:00:00;2020-06-27 02:30:00;94.2
1071729215;2020-06-27 02:30:00;2020-06-27 03:00:00;102.43333333333334
1071729215;2020-06-27 03:00:00;2020-06-27 03:30:00;88.96666666666667
1071729215;2020-06-27 03:30:00;2020-06-27 04:00:00;104.86666666666666
1071729215;2020-06-27 04:00:00;2020-06-27 04:30:00;106.73333333333333
1071729215;2020-06-27 04:30:00;2020-06-27 05:00:00;111.26666666666667
1071729215;2020-06-27 05:00:00;2020-06-27 05:30:00;118.63333333333334
1071729215;2020-06-27 05:30:00;2020-06-27 06:00:00;111.66666666666667
1071729215;2020-06-27 06:00:00;2020-06-27 06:30:00;110.6
1071729215;2020-06-27 06:30:00;2020-06-27 07:00:00;106.0
1071729215;2020-06-27 07:00:00;2020-06-27 07:30:00;94.3
1071729215;2020-06-27 07:30:00;2020-06-27 08:00:00;109.93333333333334
1071729215;2020-06-27 08:00:00;2020-06-27 08:30:00;115.3
1071729215;2020-06-27 08:30:00;2020-06-27 09:00:00;115.3103448275862
1071729215;2020-06-27 09:00:00;2020-06-27 09:30:00;106.03333333333333
1071729215;2020-06-27 09:30:00;2020-06-27 10:00:00;112.1
1071729215;2020-06-27 10:00:00;2020-06-27 10:30:00;104.23333333333333
1071729215;2020-06-27 10:30:00;2020-06-27 11:00:00;103.93333333333334
1071729215;2020-06-27 11:00:00;2020-06-27 11:30:00;99.7
1071729215;2020-06-27 11:30:00;2020-06-27 12:00:00;100.26666666666667
1071729215;2020-06-27 12:00:00;2020-06-27 12:30:00;101.26666666666667
1071729215;2020-06-27 12:30:00;2020-06-27 13:00:00;101.43333333333334
1071729215;2020-06-27 13:00:00;2020-06-27 13:30:00;110.23333333333333
1071729215;2020-06-27 13:30:00;2020-06-27 14:00:00;108.2
1071729215;2020-06-27 14:00:00;2020-06-27 14:30:00;95.9
1071729215;2020-06-27 14:30:00;2020-06-27 15:00:00;108.7
1071729215;2020-06-27 15:00:00;2020-06-27 15:30:00;102.96666666666667
1071729215;2020-06-27 15:30:00;2020-06-27 16:00:00;114.26666666666667
1071729215;2020-06-27 16:00:00;2020-06-27 16:30:00;109.73333333333333
1071729215;2020-06-27 16:30:00;2020-06-27 17:00:00;111.33333333333333
1071729215;2020-06-27 17:00:00;2020-06-27 17:30:00;104.8
1071729215;2020-06-27 17:30:00;2020-06-27 18:00:00;112.96666666666667
1071729215;2020-06-27 18:00:00;2020-06-27 18:30:00;113.43333333333334
1071729215;2020-06-27 18:30:00;2020-06-27 19:00:00;111.56666666666666
1071729215;2020-06-27 19:00:00;2020-06-27 19:30:00;120.2
1071729215;2020-06-27 19:30:00;2020-06-27 20:00:00;109.83333333333333
1071729215;2020-06-27 20:00:00;2020-06-27 20:30:00;111.0
1071729215;2020-06-27 20:30:00;2020-06-27 21:00:00;103.13333333333334
1071729215;2020-06-27 21:00:00;2020-06-27 21:30:00;96.33333333333333
1071729215;2020-06-27 21:30:00;2020-06-27 22:00:00;103.0
1071729215;2020-06-27 22:00:00;2020-06-27 22:30:00;101.4
1071729215;2020-06-27 22:30:00;2020-06-27 23:00:00;97.0
1071729215;2020-06-27 23:00:00;2020-06-27 23:30:00;102.33333333333333
1071729215;2020-06-27 23:30:00;2020-06-27 23:59:59;107.73333333333333
1071729215;2020-06-28 00:00:00;2020-06-28 00:30:00;103.0
1071729215;2020-06-28 00:30:00;2020-06-28 01:00:00;103.0
1071729215;2020-06-28 01:00:00;2020-06-28 01:30:00;103.0
1071729215;2020-06-28 01:30:00;2020-06-28 02:00:00;103.0
1071729215;2020-06-28 02:00:00;2020-06-28 02:30:00;103.0
1071729215;2020-06-28 02:30:00;2020-06-28 03:00:00;103.0
1071729215;2020-06-28 03:00:00;2020-06-28 03:30:00;107.2
1071729215;2020-06-28 03:30:00;2020-06-28 04:00:00;103.6
1071729215;2020-06-28 04:00:00;2020-06-28 04:30:00;122.0
1071729215;2020-06-28 04:30:00;2020-06-28 05:00:00;122.0
1071729215;2020-06-28 05:00:00;2020-06-28 05:30:00;114.0
1071729215;2020-06-28 05:30:00;2020-06-28 06:00:00;114.0
1071729215;2020-06-28 06:00:00;2020-06-28 06:30:00;105.0
1071729215;2020-06-28 06:30:00;2020-06-28 07:00:00;105.5
1071729215;2020-06-28 07:00:00;2020-06-28 07:30:00;105.2
1071729215;2020-06-28 07:30:00;2020-06-28 08:00:00;103.33333333333333
1071729215;2020-06-28 08:00:00;2020-06-28 08:30:00;107.7
1071729215;2020-06-28 08:30:00;2020-06-28 09:00:00;109.9
1071729215;2020-06-28 09:00:00;2020-06-28 09:30:00;100.26666666666667
1071729215;2020-06-28 09:30:00;2020-06-28 10:00:00;111.63333333333334
1071729215;2020-06-28 10:00:00;2020-06-28 10:30:00;95.9
1071729215;2020-06-28 10:30:00;2020-06-28 11:00:00;109.23333333333333
1071729215;2020-06-28 11:00:00;2020-06-28 11:30:00;103.9
1071729215;2020-06-28 11:30:00;2020-06-28 12:00:00;102.7
1071729215;2020-06-28 12:00:00;2020-06-28 12:30:00;93.56666666666666
1071729215;2020-06-28 12:30:00;2020-06-28 13:00:00;92.06666666666666
1071729215;2020-06-28 13:00:00;2020-06-28 13:30:00;99.86666666666666
1071729215;2020-06-28 13:30:00;2020-06-28 14:00:00;91.93333333333334
1071729215;2020-06-28 14:00:00;2020-06-28 14:30:00;88.06666666666666
1071729215;2020-06-28 14:30:00;2020-06-28 15:00:00;90.53333333333333
1071729215;2020-06-28 15:00:00;2020-06-28 15:30:00;100.6
1071729215;2020-06-28 15:30:00;2020-06-28 16:00:00;92.33333333333333
1071729215;2020-06-28 16:00:00;2020-06-28 16:30:00;93.5
1071729215;2020-06-28 16:30:00;2020-06-28 17:00:00;97.1
1071729215;2020-06-28 17:00:00;2020-06-28 17:30:00;104.83333333333333
1071729215;2020-06-28 17:30:00;2020-06-28 18:00:00;98.96666666666667
1071729215;2020-06-28 18:00:00;2020-06-28 18:30:00;92.36666666666666
1071729215;2020-06-28 18:30:00;2020-06-28 19:00:00;111.43333333333334
1071729215;2020-06-28 19:00:00;2020-06-28 19:30:00;117.33333333333333
1071729215;2020-06-28 19:30:00;2020-06-28 20:00:00;99.76666666666667
1071729215;2020-06-28 20:00:00;2020-06-28 20:30:00;116.73333333333333
1071729215;2020-06-28 20:30:00;2020-06-28 21:00:00;115.6
1071729215;2020-06-28 21:00:00;2020-06-28 21:30:00;106.9
1071729215;2020-06-28 21:30:00;2020-06-28 22:00:00;105.66666666666667
1071729215;2020-06-28 22:00:00;2020-06-28 22:30:00;107.26666666666667
1071729215;2020-06-28 22:30:00;2020-06-28 23:00:00;103.0
1071729215;2020-06-28 23:00:00;2020-06-28 23:30:00;103.0
1071729215;2020-06-28 23:30:00;2020-06-28 23:59:59;99.7
1071729215;2020-06-29 00:00:00;2020-06-29 00:30:00;102.6
1071729215;2020-06-29 00:30:00;2020-06-29 01:00:00;103.0
1071729215;2020-06-29 01:00:00;2020-06-29 01:30:00;103.0
1071729215;2020-06-29 01:30:00;2020-06-29 02:00:00;103.0
1071729215;2020-06-29 02:00:00;2020-06-29 02:30:00;103.0
1071729215;2020-06-29 02:30:00;2020-06-29 03:00:00;91.36666666666666
1071729215;2020-06-29 03:00:00;2020-06-29 03:30:00;100.66666666666667
1071729215;2020-06-29 03:30:00;2020-06-29 04:00:00;96.53333333333333
1071729215;2020-06-29 04:00:00;2020-06-29 04:30:00;113.8
1071729215;2020-06-29 04:30:00;2020-06-29 05:00:00;104.83333333333333
1071729215;2020-06-29 05:00:00;2020-06-29 05:30:00;103.1
1071729215;2020-06-29 05:30:00;2020-06-29 06:00:00;110.16666666666667
1071729215;2020-06-29 06:00:00;2020-06-29 06:30:00;108.26666666666667
1071729215;2020-06-29 06:30:00;2020-06-29 07:00:00;92.46666666666667
1071729215;2020-06-29 07:00:00;2020-06-29 07:30:00;105.9
1071729215;2020-06-29 07:30:00;2020-06-29 08:00:00;101.26666666666667
1071729215;2020-06-29 08:00:00;2020-06-29 08:30:00;96.83333333333333
1071729215;2020-06-29 08:30:00;2020-06-29 09:00:00;110.5
1071729215;2020-06-29 09:00:00;2020-06-29 09:30:00;94.86666666666666
1071729215;2020-06-29 09:30:00;2020-06-29 10:00:00;102.76666666666667
1071729215;2020-06-29 10:00:00;2020-06-29 10:30:00;98.8
1071729215;2020-06-29 10:30:00;2020-06-29 11:00:00;101.63333333333334
1071729215;2020-06-29 11:00:00;2020-06-29 11:30:00;95.03333333333333
1071729215;2020-06-29 11:30:00;2020-06-29 12:00:00;99.36666666666666
1071729215;2020-06-29 12:00:00;2020-06-29 12:30:00;102.23333333333333
1071729215;2020-06-29 12:30:00;2020-06-29 13:00:00;95.3
1071729215;2020-06-29 13:00:00;2020-06-29 13:30:00;101.83333333333333
1071729215;2020-06-29 13:30:00;2020-06-29 14:00:00;104.03333333333333
1071729215;2020-06-29 14:00:00;2020-06-29 14:30:00;110.1
1071729215;2020-06-29 14:30:00;2020-06-29 15:00:00;92.63333333333334
1071729215;2020-06-29 15:00:00;2020-06-29 15:30:00;101.56666666666666
1071729215;2020-06-29 15:30:00;2020-06-29 16:00:00;100.7
1071729215;2020-06-29 16:00:00;2020-06-29 16:30:00;93.86666666666666
1071729215;2020-06-29 16:30:00;2020-06-29 17:00:00;103.9
1071729215;2020-06-29 17:00:00;2020-06-29 17:30:00;100.93333333333334
1071729215;2020-06-29 17:30:00;2020-06-29 18:00:00;90.8
1071729215;2020-06-29 18:00:00;2020-06-29 18:30:00;111.0
1071729215;2020-06-29 18:30:00;2020-06-29 19:00:00;96.96666666666667
1071729215;2020-06-29 19:00:00;2020-06-29 19:30:00;107.6
1071729215;2020-06-29 19:30:00;2020-06-29 20:00:00;101.83333333333333
1071729215;2020-06-29 20:00:00;2020-06-29 20:30:00;121.4
1071729215;2020-06-29 20:30:00;2020-06-29 21:00:00;117.03333333333333
1071729215;2020-06-29 21:00:00;2020-06-29 21:30:00;103.6
1071729215;2020-06-29 21:30:00;2020-06-29 22:00:00;135.83333333333334
1071729215;2020-06-29 22:00:00;2020-06-29 22:30:00;123.6
1071729215;2020-06-29 22:30:00;2020-06-29 23:00:00;101.43333333333334
1071729215;2020-06-29 23:00:00;2020-06-29 23:30:00;103.0
1071729215;2020-06-29 23:30:00;2020-06-29 23:59:59;103.0
1071729215;2020-06-30 00:00:00;2020-06-30 00:30:00;103.0
1071729215;2020-06-30 00:30:00;2020-06-30 01:00:00;103.0
1071729215;2020-06-30 01:00:00;2020-06-30 01:30:00;103.0
1071729215;2020-06-30 01:30:00;2020-06-30 02:00:00;117.0
1071729215;2020-06-30 02:00:00;2020-06-30 02:30:00;125.4
1071729215;2020-06-30 02:30:00;2020-06-30 03:00:00;132.9
1071729215;2020-06-30 03:00:00;2020-06-30 03:30:00;115.3
1071729215;2020-06-30 03:30:00;2020-06-30 04:00:00;100.23333333333333
1071729215;2020-06-30 04:00:00;2020-06-30 04:30:00;92.26666666666667
1071729215;2020-06-30 04:30:00;2020-06-30 05:00:00;112.0
1071729215;2020-06-30 05:00:00;2020-06-30 05:30:00;97.7
1071729215;2020-06-30 05:30:00;2020-06-30 06:00:00;101.76666666666667
1071729215;2020-06-30 06:00:00;2020-06-30 06:30:00;94.3
1071729215;2020-06-30 06:30:00;2020-06-30 07:00:00;99.26666666666667
1071729215;2020-06-30 07:00:00;2020-06-30 07:30:00;91.16666666666667
1071729215;2020-06-30 07:30:00;2020-06-30 08:00:00;89.2
1071729215;2020-06-30 08:00:00;2020-06-30 08:30:00;111.16666666666667
1071729215;2020-06-30 08:30:00;2020-06-30 09:00:00;104.36666666666666
1071729215;2020-06-30 09:00:00;2020-06-30 09:30:00;108.33333333333333
1071729215;2020-06-30 09:30:00;2020-06-30 10:00:00;89.23333333333333
1071729215;2020-06-30 10:00:00;2020-06-30 10:30:00;93.9
1071729215;2020-06-30 10:30:00;2020-06-30 11:00:00;103.56666666666666
1071729215;2020-06-30 11:00:00;2020-06-30 11:30:00;92.4
1071729215;2020-06-30 11:30:00;2020-06-30 12:00:00;109.16666666666667
1071729215;2020-06-30 12:00:00;2020-06-30 12:30:00;98.3
1071729215;2020-06-30 12:30:00;2020-06-30 13:00:00;100.26666666666667
1071729215;2020-06-30 13:00:00;2020-06-30 13:30:00;107.2
1071729215;2020-06-30 13:30:00;2020-06-30 14:00:00;96.3
1071729215;2020-06-30 14:00:00;2020-06-30 14:30:00;99.93333333333334
1071729215;2020-06-30 14:30:00;2020-06-30 15:00:00;99.76666666666667
1071729215;2020-06-30 15:00:00;2020-06-30 15:30:00;102.63333333333334
1071729215;2020-06-30 15:30:00;2020-06-30 16:00:00;103.46666666666667
1071729215;2020-06-30 16:00:00;2020-06-30 16:30:00;85.16666666666667
1071729215;2020-06-30 16:30:00;2020-06-30 17:00:00;100.06666666666666
1071729215;2020-06-30 17:00:00;2020-06-30 17:30:00;89.4
1071729215;2020-06-30 17:30:00;2020-06-30 18:00:00;92.56666666666666
1071729215;2020-06-30 18:00:00;2020-06-30 18:30:00;96.63333333333334
1071729215;2020-06-30 18:30:00;2020-06-30 19:00:00;106.66666666666667
1071729215;2020-06-30 19:00:00;2020-06-30 19:30:00;108.23333333333333
1071729215;2020-06-30 19:30:00;2020-06-30 20:00:00;92.56666666666666
1071729215;2020-06-30 20:00:00;2020-06-30 20:30:00;105.73333333333333
1071729215;2020-06-30 20:30:00;2020-06-30 21:00:00;115.43333333333334
1071729215;2020-06-30 21:00:00;2020-06-30 21:30:00;97.13333333333334
1071729215;2020-06-30 21:30:00;2020-06-30 22:00:00;101.9
1071729215;2020-06-30 22:00:00;2020-06-30 22:30:00;105.4
1071729215;2020-06-30 22:30:00;2020-06-30 23:00:00;103.0
1071729215;2020-06-30 23:00:00;2020-06-30 23:30:00;103.0
1071729215;2020-06-30 23:30:00;2020-06-30 23:59:59;103.0
1071729215;2020-07-01 00:00:00;2020-07-01 00:30:00;103.0
1071729215;2020-07-01 00:30:00;2020-07-01 01:00:00;103.0
1071729215;2020-07-01 01:00:00;2020-07-01 01:30:00;93.3
1071729215;2020-07-01 01:30:00;2020-07-01 02:00:00;103.0
1071729215;2020-07-01 02:00:00;2020-07-01 02:30:00;103.0
1071729215;2020-07-01 02:30:00;2020-07-01 03:00:00;103.0
1071729215;2020-07-01 03:00:00;2020-07-01 03:30:00;102.2
1071729215;2020-07-01 03:30:00;2020-07-01 04:00:00;98.63333333333334
1071729215;2020-07-01 04:00:00;2020-07-01 04:30:00;97.16666666666667
1071729215;2020-07-01 04:30:00;2020-07-01 05:00:00;106.26666666666667
1071729215;2020-07-01 05:00:00;2020-07-01 05:30:00;100.83333333333333
1071729215;2020-07-01 05:30:00;2020-07-01 06:00:00;109.16666666666667
1071729215;2020-07-01 06:00:00;2020-07-01 06:30:00;103.0
1071729215;2020-07-01 06:30:00;2020-07-01 07:00:00;89.36666666666666
1071729215;2020-07-01 07:00:00;2020-07-01 07:30:00;113.93333333333334
1071729215;2020-07-01 07:30:00;2020-07-01 08:00:00;96.56666666666666
1071729215;2020-07-01 08:00:00;2020-07-01 08:30:00;88.93333333333334
1071729215;2020-07-01 08:30:00;2020-07-01 09:00:00;91.6
1071729215;2020-07-01 09:00:00;2020-07-01 09:30:00;101.73333333333333
1071729215;2020-07-01 09:30:00;2020-07-01 10:00:00;95.73333333333333
1071729215;2020-07-01 10:00:00;2020-07-01 10:30:00;104.73333333333333
1071729215;2020-07-01 10:30:00;2020-07-01 11:00:00;97.1
1071729215;2020-07-01 11:00:00;2020-07-01 11:30:00;99.33333333333333
1071729215;2020-07-01 11:30:00;2020-07-01 12:00:00;100.1
1071729215;2020-07-01 12:00:00;2020-07-01 12:30:00;103.06666666666666
1071729215;2020-07-01 12:30:00;2020-07-01 13:00:00;105.1
1071729215;2020-07-01 13:00:00;2020-07-01 13:30:00;102.83333333333333
1071729215;2020-07-01 13:30:00;2020-07-01 14:00:00;110.2
1071729215;2020-07-01 14:00:00;2020-07-01 14:30:00;101.0
1071729215;2020-07-01 14:30:00;2020-07-01 15:00:00;94.3
1071729215;2020-07-01 15:00:00;2020-07-01 15:30:00;104.66666666666667
1071729215;2020-07-01 15:30:00;2020-07-01 16:00:00;101.7
1071729215;2020-07-01 16:00:00;2020-07-01 16:30:00;92.13333333333334
1071729215;2020-07-01 16:30:00;2020-07-01 17:00:00;106.1
1071729215;2020-07-01 17:00:00;2020-07-01 17:30:00;101.1
1071729215;2020-07-01 17:30:00;2020-07-01 18:00:00;102.5
1071729215;2020-07-01 18:00:00;2020-07-01 18:30:00;100.9
1071729215;2020-07-01 18:30:00;2020-07-01 19:00:00;96.3
1071729215;2020-07-01 19:00:00;2020-07-01 19:30:00;116.96666666666667
1071729215;2020-07-01 19:30:00;2020-07-01 20:00:00;100.0
1071729215;2020-07-01 20:00:00;2020-07-01 20:30:00;104.56666666666666
1071729215;2020-07-01 20:30:00;2020-07-01 21:00:00;108.53333333333333
1071729215;2020-07-01 21:00:00;2020-07-01 21:30:00;96.23333333333333
1071729215;2020-07-01 21:30:00;2020-07-01 22:00:00;94.2
1071729215;2020-07-01 22:00:00;2020-07-01 22:30:00;103.0
1071729215;2020-07-01 22:30:00;2020-07-01 23:00:00;92.76666666666667
1071729215;2020-07-01 23:00:00;2020-07-01 23:30:00;97.0
1071729215;2020-07-01 23:30:00;2020-07-01 23:59:59;104.03333333333333
1071729215;2020-07-02 00:00:00;2020-07-02 00:30:00;100.63333333333334
1071729215;2020-07-02 00:30:00;2020-07-02 01:00:00;99.26666666666667
1071729215;2020-07-02 01:00:00;2020-07-02 01:30:00;108.16666666666667
1071729215;2020-07-02 01:30:00;2020-07-02 02:00:00;104.66666666666667
1071729215;2020-07-02 02:00:00;2020-07-02 02:30:00;105.0
1071729215;2020-07-02 02:30:00;2020-07-02 03:00:00;104.76666666666667
1071729215;2020-07-02 03:00:00;2020-07-02 03:30:00;107.46666666666667
1071729215;2020-07-02 03:30:00;2020-07-02 04:00:00;97.5
1071729215;2020-07-02 04:00:00;2020-07-02 04:30:00;105.83333333333333
1071729215;2020-07-02 04:30:00;2020-07-02 05:00:00;102.1
1071729215;2020-07-02 05:00:00;2020-07-02 05:30:00;111.83333333333333
1071729215;2020-07-02 05:30:00;2020-07-02 06:00:00;97.13333333333334
1071729215;2020-07-02 06:00:00;2020-07-02 06:30:00;97.93333333333334
1071729215;2020-07-02 06:30:00;2020-07-02 07:00:00;88.83333333333333
1071729215;2020-07-02 07:00:00;2020-07-02 07:30:00;105.83333333333333
1071729215;2020-07-02 07:30:00;2020-07-02 08:00:00;118.46666666666667
1071729215;2020-07-02 08:00:00;2020-07-02 08:30:00;96.46666666666667
1071729215;2020-07-02 08:30:00;2020-07-02 09:00:00;97.6
1071729215;2020-07-02 09:00:00;2020-07-02 09:30:00;102.63333333333334
1071729215;2020-07-02 09:30:00;2020-07-02 10:00:00;92.76666666666667
1071729215;2020-07-02 10:00:00;2020-07-02 10:30:00;98.56666666666666
1071729215;2020-07-02 10:30:00;2020-07-02 11:00:00;94.63333333333334
1071729215;2020-07-02 11:00:00;2020-07-02 11:30:00;86.86666666666666
1071729215;2020-07-02 11:30:00;2020-07-02 12:00:00;93.66666666666667
1071729215;2020-07-02 12:00:00;2020-07-02 12:30:00;101.8
1071729215;2020-07-02 12:30:00;2020-07-02 13:00:00;110.76666666666667
1071729215;2020-07-02 13:00:00;2020-07-02 13:30:00;105.86666666666666
1071729215;2020-07-02 13:30:00;2020-07-02 14:00:00;98.83333333333333
1071729215;2020-07-02 14:00:00;2020-07-02 14:30:00;91.56666666666666
1071729215;2020-07-02 14:30:00;2020-07-02 15:00:00;98.5
1071729215;2020-07-02 15:00:00;2020-07-02 15:30:00;88.73333333333333
1071729215;2020-07-02 15:30:00;2020-07-02 16:00:00;103.03333333333333
1071729215;2020-07-02 16:00:00;2020-07-02 16:30:00;92.4
1071729215;2020-07-02 16:30:00;2020-07-02 17:00:00;102.0
1071729215;2020-07-02 17:00:00;2020-07-02 17:30:00;113.13333333333334
1071729215;2020-07-02 17:30:00;2020-07-02 18:00:00;108.63333333333334
1071729215;2020-07-02 18:00:00;2020-07-02 18:30:00;107.03333333333333
1071729215;2020-07-02 18:30:00;2020-07-02 19:00:00;100.03333333333333
1071729215;2020-07-02 19:00:00;2020-07-02 19:30:00;106.06666666666666
1071729215;2020-07-02 19:30:00;2020-07-02 20:00:00;102.26666666666667
1071729215;2020-07-02 20:00:00;2020-07-02 20:30:00;105.93333333333334
1071729215;2020-07-02 20:30:00;2020-07-02 21:00:00;110.9
1071729215;2020-07-02 21:00:00;2020-07-02 21:30:00;103.16666666666667
1071729215;2020-07-02 21:30:00;2020-07-02 22:00:00;98.6
1071729215;2020-07-02 22:00:00;2020-07-02 22:30:00;103.0
1071729215;2020-07-02 22:30:00;2020-07-02 23:00:00;103.06666666666666
1071729215;2020-07-02 23:00:00;2020-07-02 23:30:00;101.63333333333334
1071729215;2020-07-02 23:30:00;2020-07-02 23:59:59;108.86666666666666
1071729215;2020-07-03 00:00:00;2020-07-03 00:30:00;103.0
1071729215;2020-07-03 00:30:00;2020-07-03 01:00:00;103.0
1071729215;2020-07-03 01:00:00;2020-07-03 01:30:00;103.0
1071729215;2020-07-03 01:30:00;2020-07-03 02:00:00;103.0
1071729215;2020-07-03 02:00:00;2020-07-03 02:30:00;103.0
1071729215;2020-07-03 02:30:00;2020-07-03 03:00:00;103.0
1071729215;2020-07-03 03:00:00;2020-07-03 03:30:00;101.53333333333333
1071729215;2020-07-03 03:30:00;2020-07-03 04:00:00;89.33333333333333
1071729215;2020-07-03 04:00:00;2020-07-03 04:30:00;109.96666666666667
1071729215;2020-07-03 04:30:00;2020-07-03 05:00:00;101.36666666666666
1071729215;2020-07-03 05:00:00;2020-07-03 05:30:00;106.4
1071729215;2020-07-03 05:30:00;2020-07-03 06:00:00;115.5
1071729215;2020-07-03 06:00:00;2020-07-03 06:30:00;106.8
1071729215;2020-07-03 06:30:00;2020-07-03 07:00:00;97.46666666666667
1071729215;2020-07-03 07:00:00;2020-07-03 07:30:00;112.56666666666666
1071729215;2020-07-03 07:30:00;2020-07-03 08:00:00;100.4
1071729215;2020-07-03 08:00:00;2020-07-03 08:30:00;97.5
1071729215;2020-07-03 08:30:00;2020-07-03 09:00:00;103.9
1071729215;2020-07-03 09:00:00;2020-07-03 09:30:00;108.9
1071729215;2020-07-03 09:30:00;2020-07-03 10:00:00;113.93333333333334
1071729215;2020-07-03 10:00:00;2020-07-03 10:30:00;104.23333333333333
1071729215;2020-07-03 10:30:00;2020-07-03 11:00:00;92.93333333333334
1071729215;2020-07-03 11:00:00;2020-07-03 11:30:00;101.13333333333334
1071729215;2020-07-03 11:30:00;2020-07-03 12:00:00;94.1
1071729215;2020-07-03 12:00:00;2020-07-03 12:30:00;90.33333333333333
1071729215;2020-07-03 12:30:00;2020-07-03 13:00:00;102.4
1071729215;2020-07-03 13:00:00;2020-07-03 13:30:00;97.83333333333333
1071729215;2020-07-03 13:30:00;2020-07-03 14:00:00;99.56666666666666
1071729215;2020-07-03 14:00:00;2020-07-03 14:30:00;101.5
1071729215;2020-07-03 14:30:00;2020-07-03 15:00:00;90.6
1071729215;2020-07-03 15:00:00;2020-07-03 15:30:00;104.46666666666667
1071729215;2020-07-03 15:30:00;2020-07-03 16:00:00;105.33333333333333
1071729215;2020-07-03 16:00:00;2020-07-03 16:30:00;100.7
1071729215;2020-07-03 16:30:00;2020-07-03 17:00:00;104.23333333333333
1071729215;2020-07-03 17:00:00;2020-07-03 17:30:00;106.1
1071729215;2020-07-03 17:30:00;2020-07-03 18:00:00;96.53333333333333
1071729215;2020-07-03 18:00:00;2020-07-03 18:30:00;102.43333333333334
1071729215;2020-07-03 18:30:00;2020-07-03 19:00:00;108.16666666666667
1071729215;2020-07-03 19:00:00;2020-07-03 19:30:00;109.86666666666666
1071729215;2020-07-03 19:30:00;2020-07-03 20:00:00;119.9
1071729215;2020-07-03 20:00:00;2020-07-03 20:30:00;114.3
1071729215;2020-07-03 20:30:00;2020-07-03 21:00:00;112.9
1071729215;2020-07-03 21:00:00;2020-07-03 21:30:00;103.46666666666667
1071729215;2020-07-03 21:30:00;2020-07-03 22:00:00;100.56666666666666
1071729215;2020-07-03 22:00:00;2020-07-03 22:30:00;105.06666666666666
1071729215;2020-07-03 22:30:00;2020-07-03 23:00:00;103.0
1071729215;2020-07-03 23:00:00;2020-07-03 23:30:00;103.0
1071729215;2020-07-03 23:30:00;2020-07-03 23:59:59;103.0
1071729215;2020-07-04 00:00:00;2020-07-04 00:30:00;103.0
1071729215;2020-07-04 00:30:00;2020-07-04 01:00:00;103.0
1071729215;2020-07-04 01:00:00;2020-07-04 01:30:00;103.0
1071729215;2020-07-04 01:30:00;2020-07-04 02:00:00;103.0
1071729215;2020-07-04 02:00:00;2020-07-04 02:30:00;103.0
1071729215;2020-07-04 02:30:00;2020-07-04 03:00:00;108.0
1071729215;2020-07-04 03:00:00;2020-07-04 03:30:00;100.86666666666666
1071729215;2020-07-04 03:30:00;2020-07-04 04:00:00;99.03333333333333
1071729215;2020-07-04 04:00:00;2020-07-04 04:30:00;113.6
1071729215;2020-07-04 04:30:00;2020-07-04 05:00:00;107.73333333333333
1071729215;2020-07-04 05:00:00;2020-07-04 05:30:00;112.23333333333333
1071729215;2020-07-04 05:30:00;2020-07-04 06:00:00;107.86666666666666
1071729215;2020-07-04 06:00:00;2020-07-04 06:30:00;100.16666666666667
1071729215;2020-07-04 06:30:00;2020-07-04 07:00:00;110.1
1071729215;2020-07-04 07:00:00;2020-07-04 07:30:00;117.5
1071729215;2020-07-04 07:30:00;2020-07-04 08:00:00;109.0
1071729215;2020-07-04 08:00:00;2020-07-04 08:30:00;100.2
1071729215;2020-07-04 08:30:00;2020-07-04 09:00:00;109.9
1071729215;2020-07-04 09:00:00;2020-07-04 09:30:00;99.76666666666667
1071729215;2020-07-04 09:30:00;2020-07-04 10:00:00;105.8
1071729215;2020-07-04 10:00:00;2020-07-04 10:30:00;107.5
1071729215;2020-07-04 10:30:00;2020-07-04 11:00:00;103.2
1071729215;2020-07-04 11:00:00;2020-07-04 11:30:00;103.2
1071729215;2020-07-04 11:30:00;2020-07-04 12:00:00;105.1
1071729215;2020-07-04 12:00:00;2020-07-04 12:30:00;90.03333333333333
1071729215;2020-07-04 12:30:00;2020-07-04 13:00:00;96.1
1071729215;2020-07-04 13:00:00;2020-07-04 13:30:00;106.9
1071729215;2020-07-04 13:30:00;2020-07-04 14:00:00;112.13333333333334
1071729215;2020-07-04 14:00:00;2020-07-04 14:30:00;107.53333333333333
1071729215;2020-07-04 14:30:00;2020-07-04 15:00:00;111.6
1071729215;2020-07-04 15:00:00;2020-07-04 15:30:00;102.5
1071729215;2020-07-04 15:30:00;2020-07-04 16:00:00;108.13333333333334
1071729215;2020-07-04 16:00:00;2020-07-04 16:30:00;109.16666666666667
1071729215;2020-07-04 16:30:00;2020-07-04 17:00:00;111.4
1071729215;2020-07-04 17:00:00;2020-07-04 17:30:00;105.6
1071729215;2020-07-04 17:30:00;2020-07-04 18:00:00;109.0
1071729215;2020-07-04 18:00:00;2020-07-04 18:30:00;111.63333333333334
1071729215;2020-07-04 18:30:00;2020-07-04 19:00:00;118.0
1071729215;2020-07-04 19:00:00;2020-07-04 19:30:00;116.5
1071729215;2020-07-04 19:30:00;2020-07-04 20:00:00;111.0
1071729215;2020-07-04 20:00:00;2020-07-04 20:30:00;106.93333333333334
1071729215;2020-07-04 20:30:00;2020-07-04 21:00:00;110.6
1071729215;2020-07-04 21:00:00;2020-07-04 21:30:00;105.93333333333334
1071729215;2020-07-04 21:30:00;2020-07-04 22:00:00;103.0
1071729215;2020-07-04 22:00:00;2020-07-04 22:30:00;103.0
1071729215;2020-07-04 22:30:00;2020-07-04 23:00:00;97.86666666666666
1071729215;2020-07-04 23:00:00;2020-07-04 23:30:00;103.0
1071729215;2020-07-04 23:30:00;2020-07-04 23:59:59;97.8
1071729215;2020-07-05 00:00:00;2020-07-05 00:30:00;108.86666666666666
1071729215;2020-07-05 00:30:00;2020-07-05 01:00:00;88.3
1071729215;2020-07-05 01:00:00;2020-07-05 01:30:00;85.7
1071729215;2020-07-05 01:30:00;2020-07-05 02:00:00;100.0
1071729215;2020-07-05 02:00:00;2020-07-05 02:30:00;103.0
1071729215;2020-07-05 02:30:00;2020-07-05 03:00:00;103.0
1071729215;2020-07-05 03:00:00;2020-07-05 03:30:00;109.0
1071729215;2020-07-05 03:30:00;2020-07-05 04:00:00;109.0
1071729215;2020-07-05 04:00:00;2020-07-05 04:30:00;122.0
1071729215;2020-07-05 04:30:00;2020-07-05 05:00:00;122.0
1071729215;2020-07-05 05:00:00;2020-07-05 05:30:00;114.0
1071729215;2020-07-05 05:30:00;2020-07-05 06:00:00;114.0
1071729215;2020-07-05 06:00:00;2020-07-05 06:30:00;105.0
1071729215;2020-07-05 06:30:00;2020-07-05 07:00:00;109.06666666666666
1071729215;2020-07-05 07:00:00;2020-07-05 07:30:00;106.56666666666666
1071729215;2020-07-05 07:30:00;2020-07-05 08:00:00;103.03333333333333
1071729215;2020-07-05 08:00:00;2020-07-05 08:30:00;108.9
1071729215;2020-07-05 08:30:00;2020-07-05 09:00:00;101.96666666666667
1071729215;2020-07-05 09:00:00;2020-07-05 09:30:00;104.63333333333334
1071729215;2020-07-05 09:30:00;2020-07-05 10:00:00;100.66666666666667
1071729215;2020-07-05 10:00:00;2020-07-05 10:30:00;105.56666666666666
1071729215;2020-07-05 10:30:00;2020-07-05 11:00:00;106.26666666666667
1071729215;2020-07-05 11:00:00;2020-07-05 11:30:00;90.1
1071729215;2020-07-05 11:30:00;2020-07-05 12:00:00;101.66666666666667
1071729215;2020-07-05 12:00:00;2020-07-05 12:30:00;81.8
1071729215;2020-07-05 12:30:00;2020-07-05 13:00:00;83.33333333333333
1071729215;2020-07-05 13:00:00;2020-07-05 13:30:00;89.93333333333334
1071729215;2020-07-05 13:30:00;2020-07-05 14:00:00;95.13333333333334
1071729215;2020-07-05 14:00:00;2020-07-05 14:30:00;79.16666666666667
1071729215;2020-07-05 14:30:00;2020-07-05 15:00:00;93.53333333333333
1071729215;2020-07-05 15:00:00;2020-07-05 15:30:00;85.76666666666667
1071729215;2020-07-05 15:30:00;2020-07-05 16:00:00;94.23333333333333
1071729215;2020-07-05 16:00:00;2020-07-05 16:30:00;92.13333333333334
1071729215;2020-07-05 16:30:00;2020-07-05 17:00:00;101.83333333333333
1071729215;2020-07-05 17:00:00;2020-07-05 17:30:00;91.63333333333334
1071729215;2020-07-05 17:30:00;2020-07-05 18:00:00;105.8
1071729215;2020-07-05 18:00:00;2020-07-05 18:30:00;105.66666666666667
1071729215;2020-07-05 18:30:00;2020-07-05 19:00:00;93.56666666666666
1071729215;2020-07-05 19:00:00;2020-07-05 19:30:00;102.5
1071729215;2020-07-05 19:30:00;2020-07-05 20:00:00;97.43333333333334
1071729215;2020-07-05 20:00:00;2020-07-05 20:30:00;111.36666666666666
1071729215;2020-07-05 20:30:00;2020-07-05 21:00:00;102.3
1071729215;2020-07-05 21:00:00;2020-07-05 21:30:00;100.13333333333334
1071729215;2020-07-05 21:30:00;2020-07-05 22:00:00;103.2
1071729215;2020-07-05 22:00:00;2020-07-05 22:30:00;103.6
1071729215;2020-07-05 22:30:00;2020-07-05 23:00:00;103.0
1071729215;2020-07-05 23:00:00;2020-07-05 23:30:00;103.0
1071729215;2020-07-05 23:30:00;2020-07-05 23:59:59;103.0
1071729215;2020-07-06 00:00:00;2020-07-06 00:30:00;103.0
1071729215;2020-07-06 00:30:00;2020-07-06 01:00:00;103.0
1071729215;2020-07-06 01:00:00;2020-07-06 01:30:00;103.0
1071729215;2020-07-06 01:30:00;2020-07-06 02:00:00;103.0
1071729215;2020-07-06 02:00:00;2020-07-06 02:30:00;103.0
1071729215;2020-07-06 02:30:00;2020-07-06 03:00:00;103.06666666666666
1071729215;2020-07-06 03:00:00;2020-07-06 03:30:00;103.26666666666667
1071729215;2020-07-06 03:30:00;2020-07-06 04:00:00;98.6
1071729215;2020-07-06 04:00:00;2020-07-06 04:30:00;116.76666666666667
1071729215;2020-07-06 04:30:00;2020-07-06 05:00:00;106.7
1071729215;2020-07-06 05:00:00;2020-07-06 05:30:00;107.63333333333334
1071729215;2020-07-06 05:30:00;2020-07-06 06:00:00;104.56666666666666
1071729215;2020-07-06 06:00:00;2020-07-06 06:30:00;97.13333333333334
1071729215;2020-07-06 06:30:00;2020-07-06 07:00:00;107.8
1071729215;2020-07-06 07:00:00;2020-07-06 07:30:00;105.73333333333333
1071729215;2020-07-06 07:30:00;2020-07-06 08:00:00;105.16666666666667
1071729215;2020-07-06 08:00:00;2020-07-06 08:30:00;102.4
1071729215;2020-07-06 08:30:00;2020-07-06 09:00:00;101.46666666666667
1071729215;2020-07-06 09:00:00;2020-07-06 09:30:00;117.6
1071729215;2020-07-06 09:30:00;2020-07-06 10:00:00;93.83333333333333
1071729215;2020-07-06 10:00:00;2020-07-06 10:30:00;95.7
1071729215;2020-07-06 10:30:00;2020-07-06 11:00:00;95.03333333333333
1071729215;2020-07-06 11:00:00;2020-07-06 11:30:00;89.93333333333334
1071729215;2020-07-06 11:30:00;2020-07-06 12:00:00;86.16666666666667
1071729215;2020-07-06 12:00:00;2020-07-06 12:30:00;99.33333333333333
1071729215;2020-07-06 12:30:00;2020-07-06 13:00:00;85.23333333333333
1071729215;2020-07-06 13:00:00;2020-07-06 13:30:00;89.9
1071729215;2020-07-06 13:30:00;2020-07-06 14:00:00;99.43333333333334
1071729215;2020-07-06 14:00:00;2020-07-06 14:30:00;92.13333333333334
1071729215;2020-07-06 14:30:00;2020-07-06 15:00:00;94.33333333333333
1071729215;2020-07-06 15:00:00;2020-07-06 15:30:00;99.4
1071729215;2020-07-06 15:30:00;2020-07-06 16:00:00;100.33333333333333
1071729215;2020-07-06 16:00:00;2020-07-06 16:30:00;103.3
1071729215;2020-07-06 16:30:00;2020-07-06 17:00:00;104.03333333333333
1071729215;2020-07-06 17:00:00;2020-07-06 17:30:00;111.53333333333333
1071729215;2020-07-06 17:30:00;2020-07-06 18:00:00;100.66666666666667
1071729215;2020-07-06 18:00:00;2020-07-06 18:30:00;113.66666666666667
1071729215;2020-07-06 18:30:00;2020-07-06 19:00:00;96.6
1071729215;2020-07-06 19:00:00;2020-07-06 19:30:00;100.7
1071729215;2020-07-06 19:30:00;2020-07-06 20:00:00;116.33333333333333
1071729215;2020-07-06 20:00:00;2020-07-06 20:30:00;110.86666666666666
1071729215;2020-07-06 20:30:00;2020-07-06 21:00:00;101.73333333333333
1071729215;2020-07-06 21:00:00;2020-07-06 21:30:00;102.0
1071729215;2020-07-06 21:30:00;2020-07-06 22:00:00;100.13333333333334
1071729215;2020-07-06 22:00:00;2020-07-06 22:30:00;97.7
1071729215;2020-07-06 22:30:00;2020-07-06 23:00:00;87.6
1071729215;2020-07-06 23:00:00;2020-07-06 23:30:00;82.73333333333333
1071729215;2020-07-06 23:30:00;2020-07-06 23:59:59;89.8
1071729215;2020-07-07 00:00:00;2020-07-07 00:30:00;99.16666666666667
1071729215;2020-07-07 00:30:00;2020-07-07 01:00:00;99.4
1071729215;2020-07-07 01:00:00;2020-07-07 01:30:00;103.0
1071729215;2020-07-07 01:30:00;2020-07-07 02:00:00;103.0
1071729215;2020-07-07 02:00:00;2020-07-07 02:30:00;103.0
1071729215;2020-07-07 02:30:00;2020-07-07 03:00:00;103.0
1071729215;2020-07-07 03:00:00;2020-07-07 03:30:00;98.0
1071729215;2020-07-07 03:30:00;2020-07-07 04:00:00;98.0
1071729215;2020-07-07 04:00:00;2020-07-07 04:30:00;100.7
1071729215;2020-07-07 04:30:00;2020-07-07 05:00:00;97.86666666666666
1071729215;2020-07-07 05:00:00;2020-07-07 05:30:00;98.33333333333333
1071729215;2020-07-07 05:30:00;2020-07-07 06:00:00;93.1
1071729215;2020-07-07 06:00:00;2020-07-07 06:30:00;102.3
1071729215;2020-07-07 06:30:00;2020-07-07 07:00:00;102.13333333333334
1071729215;2020-07-07 07:00:00;2020-07-07 07:30:00;97.63333333333334
1071729215;2020-07-07 07:30:00;2020-07-07 08:00:00;106.86206896551724
1071729215;2020-07-07 08:00:00;2020-07-07 08:30:00;106.13333333333334
1071729215;2020-07-07 08:30:00;2020-07-07 09:00:00;101.86666666666666
1071729215;2020-07-07 09:00:00;2020-07-07 09:30:00;101.06896551724138
1071729215;2020-07-07 09:30:00;2020-07-07 10:00:00;96.67857142857143
1071729215;2020-07-07 10:00:00;2020-07-07 10:30:00;98.76666666666667
1071729215;2020-07-07 10:30:00;2020-07-07 11:00:00;89.6
1071729215;2020-07-07 11:00:00;2020-07-07 11:30:00;100.2
1071729215;2020-07-07 11:30:00;2020-07-07 12:00:00;101.36666666666666
1071729215;2020-07-07 12:00:00;2020-07-07 12:30:00;100.2
1071729215;2020-07-07 12:30:00;2020-07-07 13:00:00;108.56666666666666
1071729215;2020-07-07 13:00:00;2020-07-07 13:30:00;93.2
1071729215;2020-07-07 13:30:00;2020-07-07 14:00:00;108.43333333333334
1071729215;2020-07-07 14:00:00;2020-07-07 14:30:00;97.86666666666666
1071729215;2020-07-07 14:30:00;2020-07-07 15:00:00;100.1
1071729215;2020-07-07 15:00:00;2020-07-07 15:30:00;91.3
1071729215;2020-07-07 15:30:00;2020-07-07 16:00:00;98.41379310344827
1071729215;2020-07-07 16:00:00;2020-07-07 16:30:00;91.76666666666667
1071729215;2020-07-07 16:30:00;2020-07-07 17:00:00;104.6
1071729215;2020-07-07 17:00:00;2020-07-07 17:30:00;96.96666666666667
1071729215;2020-07-07 17:30:00;2020-07-07 18:00:00;98.26666666666667
1071729215;2020-07-07 18:00:00;2020-07-07 18:30:00;102.13333333333334
1071729215;2020-07-07 18:30:00;2020-07-07 19:00:00;122.76666666666667
1071729215;2020-07-07 19:00:00;2020-07-07 19:30:00;106.25
1071729215;2020-07-07 19:30:00;2020-07-07 20:00:00;103.5
1071729215;2020-07-07 20:00:00;2020-07-07 20:30:00;109.36666666666666
1071729215;2020-07-07 20:30:00;2020-07-07 21:00:00;108.43333333333334
1071729215;2020-07-07 21:00:00;2020-07-07 21:30:00;99.86666666666666
1071729215;2020-07-07 21:30:00;2020-07-07 22:00:00;89.16666666666667
1071729215;2020-07-07 22:00:00;2020-07-07 22:30:00;93.83333333333333
1071729215;2020-07-07 22:30:00;2020-07-07 23:00:00;100.33333333333333
1071729215;2020-07-07 23:00:00;2020-07-07 23:30:00;103.0
1071729215;2020-07-07 23:30:00;2020-07-07 23:59:59;103.0
1071729215;2020-07-08 00:00:00;2020-07-08 00:30:00;103.0
1071729215;2020-07-08 00:30:00;2020-07-08 01:00:00;103.0
1071729215;2020-07-08 01:00:00;2020-07-08 01:30:00;95.13333333333334
1071729215;2020-07-08 01:30:00;2020-07-08 02:00:00;103.0
1071729215;2020-07-08 02:00:00;2020-07-08 02:30:00;103.0
1071729215;2020-07-08 02:30:00;2020-07-08 03:00:00;103.0
1071729215;2020-07-08 03:00:00;2020-07-08 03:30:00;102.7
1071729215;2020-07-08 03:30:00;2020-07-08 04:00:00;93.93333333333334
1071729215;2020-07-08 04:00:00;2020-07-08 04:30:00;94.9
1071729215;2020-07-08 04:30:00;2020-07-08 05:00:00;100.16666666666667
1071729215;2020-07-08 05:00:00;2020-07-08 05:30:00;94.36666666666666
1071729215;2020-07-08 05:30:00;2020-07-08 06:00:00;94.0
1071729215;2020-07-08 06:00:00;2020-07-08 06:30:00;101.43333333333334
1071729215;2020-07-08 06:30:00;2020-07-08 07:00:00;99.26666666666667
1071729215;2020-07-08 07:00:00;2020-07-08 07:30:00;104.66666666666667
1071729215;2020-07-08 07:30:00;2020-07-08 08:00:00;104.06666666666666
1071729215;2020-07-08 08:00:00;2020-07-08 08:30:00;97.5
1071729215;2020-07-08 08:30:00;2020-07-08 09:00:00;101.73333333333333
1071729215;2020-07-08 09:00:00;2020-07-08 09:30:00;97.83333333333333
1071729215;2020-07-08 09:30:00;2020-07-08 10:00:00;90.13333333333334
1071729215;2020-07-08 10:00:00;2020-07-08 10:30:00;109.76666666666667
1071729215;2020-07-08 10:30:00;2020-07-08 11:00:00;93.93333333333334
1071729215;2020-07-08 11:00:00;2020-07-08 11:30:00;110.63333333333334
1071729215;2020-07-08 11:30:00;2020-07-08 12:00:00;107.9
1071729215;2020-07-08 12:00:00;2020-07-08 12:30:00;96.3
1071729215;2020-07-08 12:30:00;2020-07-08 13:00:00;92.4
1071729215;2020-07-08 13:00:00;2020-07-08 13:30:00;98.03333333333333
1071729215;2020-07-08 13:30:00;2020-07-08 14:00:00;104.73333333333333
1071729215;2020-07-08 14:00:00;2020-07-08 14:30:00;102.53333333333333
1071729215;2020-07-08 14:30:00;2020-07-08 15:00:00;92.83333333333333
1071729215;2020-07-08 15:00:00;2020-07-08 15:30:00;96.46666666666667
1071729215;2020-07-08 15:30:00;2020-07-08 16:00:00;85.83333333333333
1071729215;2020-07-08 16:00:00;2020-07-08 16:30:00;107.8
1071729215;2020-07-08 16:30:00;2020-07-08 17:00:00;103.46666666666667
1071729215;2020-07-08 17:00:00;2020-07-08 17:30:00;109.96666666666667
1071729215;2020-07-08 17:30:00;2020-07-08 18:00:00;102.76666666666667
1071729215;2020-07-08 18:00:00;2020-07-08 18:30:00;94.4
1071729215;2020-07-08 18:30:00;2020-07-08 19:00:00;99.13333333333334
1071729215;2020-07-08 19:00:00;2020-07-08 19:30:00;111.36666666666666
1071729215;2020-07-08 19:30:00;2020-07-08 20:00:00;106.8
1071729215;2020-07-08 20:00:00;2020-07-08 20:30:00;107.06666666666666
1071729215;2020-07-08 20:30:00;2020-07-08 21:00:00;104.3
1071729215;2020-07-08 21:00:00;2020-07-08 21:30:00;104.4
1071729215;2020-07-08 21:30:00;2020-07-08 22:00:00;102.8
1071729215;2020-07-08 22:00:00;2020-07-08 22:30:00;112.33333333333333
1071729215;2020-07-08 22:30:00;2020-07-08 23:00:00;105.86666666666666
1071729215;2020-07-08 23:00:00;2020-07-08 23:30:00;103.0
1071729215;2020-07-08 23:30:00;2020-07-08 23:59:59;103.0
1071729215;2020-07-09 00:00:00;2020-07-09 00:30:00;103.0
1071729215;2020-07-09 00:30:00;2020-07-09 01:00:00;103.0
1071729215;2020-07-09 01:00:00;2020-07-09 01:30:00;103.0
1071729215;2020-07-09 01:30:00;2020-07-09 02:00:00;103.0
1071729215;2020-07-09 02:00:00;2020-07-09 02:30:00;97.4
1071729215;2020-07-09 02:30:00;2020-07-09 03:00:00;103.0
1071729215;2020-07-09 03:00:00;2020-07-09 03:30:00;104.46666666666667
1071729215;2020-07-09 03:30:00;2020-07-09 04:00:00;101.1
1071729215;2020-07-09 04:00:00;2020-07-09 04:30:00;106.0
1071729215;2020-07-09 04:30:00;2020-07-09 05:00:00;102.2
1071729215;2020-07-09 05:00:00;2020-07-09 05:30:00;102.9
1071729215;2020-07-09 05:30:00;2020-07-09 06:00:00;97.3
1071729215;2020-07-09 06:00:00;2020-07-09 06:30:00;98.1
1071729215;2020-07-09 06:30:00;2020-07-09 07:00:00;113.76666666666667
1071729215;2020-07-09 07:00:00;2020-07-09 07:30:00;108.56666666666666
1071729215;2020-07-09 07:30:00;2020-07-09 08:00:00;85.56666666666666
1071729215;2020-07-09 08:00:00;2020-07-09 08:30:00;97.56666666666666
1071729215;2020-07-09 08:30:00;2020-07-09 09:00:00;105.36666666666666
1071729215;2020-07-09 09:00:00;2020-07-09 09:30:00;107.9
1071729215;2020-07-09 09:30:00;2020-07-09 10:00:00;96.86666666666666
1071729215;2020-07-09 10:00:00;2020-07-09 10:30:00;100.23333333333333
1071729215;2020-07-09 10:30:00;2020-07-09 11:00:00;101.7
1071729215;2020-07-09 11:00:00;2020-07-09 11:30:00;103.03333333333333
1071729215;2020-07-09 11:30:00;2020-07-09 12:00:00;100.3
1071729215;2020-07-09 12:00:00;2020-07-09 12:30:00;101.63333333333334
1071729215;2020-07-09 12:30:00;2020-07-09 13:00:00;92.7
1071729215;2020-07-09 13:00:00;2020-07-09 13:30:00;102.4
1071729215;2020-07-09 13:30:00;2020-07-09 14:00:00;91.93333333333334
1071729215;2020-07-09 14:00:00;2020-07-09 14:30:00;107.03333333333333
1071729215;2020-07-09 14:30:00;2020-07-09 15:00:00;97.1
1071729215;2020-07-09 15:00:00;2020-07-09 15:30:00;104.63333333333334
1071729215;2020-07-09 15:30:00;2020-07-09 16:00:00;104.76666666666667
1071729215;2020-07-09 16:00:00;2020-07-09 16:30:00;104.86666666666666
1071729215;2020-07-09 16:30:00;2020-07-09 17:00:00;97.2
1071729215;2020-07-09 17:00:00;2020-07-09 17:30:00;96.2
1071729215;2020-07-09 17:30:00;2020-07-09 18:00:00;99.8
1071729215;2020-07-09 18:00:00;2020-07-09 18:30:00;100.23333333333333
1071729215;2020-07-09 18:30:00;2020-07-09 19:00:00;109.46666666666667
1071729215;2020-07-09 19:00:00;2020-07-09 19:30:00;100.33333333333333
1071729215;2020-07-09 19:30:00;2020-07-09 20:00:00;87.03333333333333
1071729215;2020-07-09 20:00:00;2020-07-09 20:30:00;109.8
1071729215;2020-07-09 20:30:00;2020-07-09 21:00:00;115.1
1071729215;2020-07-09 21:00:00;2020-07-09 21:30:00;95.46666666666667
1071729215;2020-07-09 21:30:00;2020-07-09 22:00:00;96.03333333333333
1071729215;2020-07-09 22:00:00;2020-07-09 22:30:00;113.76666666666667
1071729215;2020-07-09 22:30:00;2020-07-09 23:00:00;103.0
1071729215;2020-07-09 23:00:00;2020-07-09 23:30:00;99.0
1071729215;2020-07-09 23:30:00;2020-07-09 23:59:59;98.13333333333334
1071729215;2020-07-10 00:00:00;2020-07-10 00:30:00;104.16666666666667
1071729215;2020-07-10 00:30:00;2020-07-10 01:00:00;99.26666666666667
1071729215;2020-07-10 01:00:00;2020-07-10 01:30:00;101.36666666666666
1071729215;2020-07-10 01:30:00;2020-07-10 02:00:00;94.13333333333334
1071729215;2020-07-10 02:00:00;2020-07-10 02:30:00;91.6
1071729215;2020-07-10 02:30:00;2020-07-10 03:00:00;84.5
1071729215;2020-07-10 03:00:00;2020-07-10 03:30:00;105.13333333333334
1071729215;2020-07-10 03:30:00;2020-07-10 04:00:00;94.46666666666667
1071729215;2020-07-10 04:00:00;2020-07-10 04:30:00;102.4
1071729215;2020-07-10 04:30:00;2020-07-10 05:00:00;85.0
1071729215;2020-07-10 05:00:00;2020-07-10 05:30:00;89.0
1071729215;2020-07-10 05:30:00;2020-07-10 06:00:00;103.06666666666666
1071729215;2020-07-10 06:00:00;2020-07-10 06:30:00;103.36666666666666
1071729215;2020-07-10 06:30:00;2020-07-10 07:00:00;88.06666666666666
1071729215;2020-07-10 07:00:00;2020-07-10 07:30:00;108.4
1071729215;2020-07-10 07:30:00;2020-07-10 08:00:00;100.86666666666666
1071729215;2020-07-10 08:00:00;2020-07-10 08:30:00;111.56666666666666
1071729215;2020-07-10 08:30:00;2020-07-10 09:00:00;110.13333333333334
1071729215;2020-07-10 09:00:00;2020-07-10 09:30:00;107.83333333333333
1071729215;2020-07-10 09:30:00;2020-07-10 10:00:00;109.9
1071729215;2020-07-10 10:00:00;2020-07-10 10:30:00;82.5
1071729215;2020-07-10 10:30:00;2020-07-10 11:00:00;95.5
1071729215;2020-07-10 11:00:00;2020-07-10 11:30:00;88.6
1071729215;2020-07-10 11:30:00;2020-07-10 12:00:00;83.46666666666667
1071729215;2020-07-10 12:00:00;2020-07-10 12:30:00;93.63333333333334
1071729215;2020-07-10 12:30:00;2020-07-10 13:00:00;106.46666666666667
1071729215;2020-07-10 13:00:00;2020-07-10 13:30:00;107.96666666666667
1071729215;2020-07-10 13:30:00;2020-07-10 14:00:00;97.13333333333334
1071729215;2020-07-10 14:00:00;2020-07-10 14:30:00;101.63333333333334
1071729215;2020-07-10 14:30:00;2020-07-10 15:00:00;96.56666666666666
1071729215;2020-07-10 15:00:00;2020-07-10 15:30:00;84.13333333333334
1071729215;2020-07-10 15:30:00;2020-07-10 16:00:00;100.4
1071729215;2020-07-10 16:00:00;2020-07-10 16:30:00;107.0
1071729215;2020-07-10 16:30:00;2020-07-10 17:00:00;106.6
1071729215;2020-07-10 17:00:00;2020-07-10 17:30:00;104.53333333333333
1071729215;2020-07-10 17:30:00;2020-07-10 18:00:00;90.9
1071729215;2020-07-10 18:00:00;2020-07-10 18:30:00;103.5
1071729215;2020-07-10 18:30:00;2020-07-10 19:00:00;126.23333333333333
1071729215;2020-07-10 19:00:00;2020-07-10 19:30:00;111.93333333333334
1071729215;2020-07-10 19:30:00;2020-07-10 20:00:00;111.36666666666666
1071729215;2020-07-10 20:00:00;2020-07-10 20:30:00;105.3
1071729215;2020-07-10 20:30:00;2020-07-10 21:00:00;111.76666666666667
1071729215;2020-07-10 21:00:00;2020-07-10 21:30:00;95.6
1071729215;2020-07-10 21:30:00;2020-07-10 22:00:00;90.83333333333333
1071729215;2020-07-10 22:00:00;2020-07-10 22:30:00;103.86666666666666
1071729215;2020-07-10 22:30:00;2020-07-10 23:00:00;98.93333333333334
1071729215;2020-07-10 23:00:00;2020-07-10 23:30:00;103.0
1071729215;2020-07-10 23:30:00;2020-07-10 23:59:59;100.73333333333333
1071729215;2020-07-11 00:00:00;2020-07-11 00:30:00;103.0
1071729215;2020-07-11 00:30:00;2020-07-11 01:00:00;103.0
1071729215;2020-07-11 01:00:00;2020-07-11 01:30:00;103.0
1071729215;2020-07-11 01:30:00;2020-07-11 02:00:00;103.0
1071729215;2020-07-11 02:00:00;2020-07-11 02:30:00;103.0
1071729215;2020-07-11 02:30:00;2020-07-11 03:00:00;96.06666666666666
1071729215;2020-07-11 03:00:00;2020-07-11 03:30:00;103.06666666666666
1071729215;2020-07-11 03:30:00;2020-07-11 04:00:00;84.0
1071729215;2020-07-11 04:00:00;2020-07-11 04:30:00;87.66666666666667
1071729215;2020-07-11 04:30:00;2020-07-11 05:00:00;104.83333333333333
1071729215;2020-07-11 05:00:00;2020-07-11 05:30:00;102.66666666666667
1071729215;2020-07-11 05:30:00;2020-07-11 06:00:00;110.43333333333334
1071729215;2020-07-11 06:00:00;2020-07-11 06:30:00;110.46666666666667
1071729215;2020-07-11 06:30:00;2020-07-11 07:00:00;108.06666666666666
1071729215;2020-07-11 07:00:00;2020-07-11 07:30:00;93.26666666666667
1071729215;2020-07-11 07:30:00;2020-07-11 08:00:00;102.56666666666666
1071729215;2020-07-11 08:00:00;2020-07-11 08:30:00;115.53333333333333
1071729215;2020-07-11 08:30:00;2020-07-11 09:00:00;95.53333333333333
1071729215;2020-07-11 09:00:00;2020-07-11 09:30:00;101.73333333333333
1071729215;2020-07-11 09:30:00;2020-07-11 10:00:00;105.93333333333334
1071729215;2020-07-11 10:00:00;2020-07-11 10:30:00;109.46666666666667
1071729215;2020-07-11 10:30:00;2020-07-11 11:00:00;109.66666666666667
1071729215;2020-07-11 11:00:00;2020-07-11 11:30:00;97.36666666666666
1071729215;2020-07-11 11:30:00;2020-07-11 12:00:00;94.23333333333333
1071729215;2020-07-11 12:00:00;2020-07-11 12:30:00;107.86666666666666
1071729215;2020-07-11 12:30:00;2020-07-11 13:00:00;104.3
1071729215;2020-07-11 13:00:00;2020-07-11 13:30:00;103.33333333333333
1071729215;2020-07-11 13:30:00;2020-07-11 14:00:00;96.66666666666667
1071729215;2020-07-11 14:00:00;2020-07-11 14:30:00;99.3
1071729215;2020-07-11 14:30:00;2020-07-11 15:00:00;106.03333333333333
1071729215;2020-07-11 15:00:00;2020-07-11 15:30:00;106.26666666666667
1071729215;2020-07-11 15:30:00;2020-07-11 16:00:00;101.4
1071729215;2020-07-11 16:00:00;2020-07-11 16:30:00;98.9
1071729215;2020-07-11 16:30:00;2020-07-11 17:00:00;103.36666666666666
1071729215;2020-07-11 17:00:00;2020-07-11 17:30:00;109.86666666666666
1071729215;2020-07-11 17:30:00;2020-07-11 18:00:00;109.1
1071729215;2020-07-11 18:00:00;2020-07-11 18:30:00;111.9
1071729215;2020-07-11 18:30:00;2020-07-11 19:00:00;116.5
1071729215;2020-07-11 19:00:00;2020-07-11 19:30:00;115.5
1071729215;2020-07-11 19:30:00;2020-07-11 20:00:00;114.96666666666667
1071729215;2020-07-11 20:00:00;2020-07-11 20:30:00;105.13333333333334
1071729215;2020-07-11 20:30:00;2020-07-11 21:00:00;112.16666666666667
1071729215;2020-07-11 21:00:00;2020-07-11 21:30:00;102.16666666666667
1071729215;2020-07-11 21:30:00;2020-07-11 22:00:00;100.9
1071729215;2020-07-11 22:00:00;2020-07-11 22:30:00;100.76666666666667
1071729215;2020-07-11 22:30:00;2020-07-11 23:00:00;102.73333333333333
1071729215;2020-07-11 23:00:00;2020-07-11 23:30:00;104.0
1071729215;2020-07-11 23:30:00;2020-07-11 23:59:59;103.0
1071729215;2020-07-12 00:00:00;2020-07-12 00:30:00;103.0
1071729215;2020-07-12 00:30:00;2020-07-12 01:00:00;103.0
1071729215;2020-07-12 01:00:00;2020-07-12 01:30:00;103.0
1071729215;2020-07-12 01:30:00;2020-07-12 02:00:00;103.0
1071729215;2020-07-12 02:00:00;2020-07-12 02:30:00;95.63333333333334
1071729215;2020-07-12 02:30:00;2020-07-12 03:00:00;103.13333333333334
1071729215;2020-07-12 03:00:00;2020-07-12 03:30:00;108.13333333333334
1071729215;2020-07-12 03:30:00;2020-07-12 04:00:00;103.0
1071729215;2020-07-12 04:00:00;2020-07-12 04:30:00;116.93333333333334
1071729215;2020-07-12 04:30:00;2020-07-12 05:00:00;122.0
1071729215;2020-07-12 05:00:00;2020-07-12 05:30:00;114.0
1071729215;2020-07-12 05:30:00;2020-07-12 06:00:00;108.8
1071729215;2020-07-12 06:00:00;2020-07-12 06:30:00;120.06666666666666
1071729215;2020-07-12 06:30:00;2020-07-12 07:00:00;108.6
1071729215;2020-07-12 07:00:00;2020-07-12 07:30:00;104.66666666666667
1071729215;2020-07-12 07:30:00;2020-07-12 08:00:00;105.66666666666667
1071729215;2020-07-12 08:00:00;2020-07-12 08:30:00;106.86666666666666
1071729215;2020-07-12 08:30:00;2020-07-12 09:00:00;110.5
1071729215;2020-07-12 09:00:00;2020-07-12 09:30:00;111.63333333333334
1071729215;2020-07-12 09:30:00;2020-07-12 10:00:00;101.5
1071729215;2020-07-12 10:00:00;2020-07-12 10:30:00;97.4
1071729215;2020-07-12 10:30:00;2020-07-12 11:00:00;103.93333333333334
1071729215;2020-07-12 11:00:00;2020-07-12 11:30:00;96.83333333333333
1071729215;2020-07-12 11:30:00;2020-07-12 12:00:00;97.3
1071729215;2020-07-12 12:00:00;2020-07-12 12:30:00;92.86666666666666
1071729215;2020-07-12 12:30:00;2020-07-12 13:00:00;93.66666666666667
1071729215;2020-07-12 13:00:00;2020-07-12 13:30:00;91.33333333333333
1071729215;2020-07-12 13:30:00;2020-07-12 14:00:00;94.9
1071729215;2020-07-12 14:00:00;2020-07-12 14:30:00;87.73333333333333
1071729215;2020-07-12 14:30:00;2020-07-12 15:00:00;109.86666666666666
1071729215;2020-07-12 15:00:00;2020-07-12 15:30:00;95.43333333333334
1071729215;2020-07-12 15:30:00;2020-07-12 16:00:00;91.13333333333334
1071729215;2020-07-12 16:00:00;2020-07-12 16:30:00;89.0
1071729215;2020-07-12 16:30:00;2020-07-12 17:00:00;85.7
1071729215;2020-07-12 17:00:00;2020-07-12 17:30:00;95.23333333333333
1071729215;2020-07-12 17:30:00;2020-07-12 18:00:00;99.66666666666667
1071729215;2020-07-12 18:00:00;2020-07-12 18:30:00;117.4
1071729215;2020-07-12 18:30:00;2020-07-12 19:00:00;115.33333333333333
1071729215;2020-07-12 19:00:00;2020-07-12 19:30:00;113.43333333333334
1071729215;2020-07-12 19:30:00;2020-07-12 20:00:00;111.8
1071729215;2020-07-12 20:00:00;2020-07-12 20:30:00;109.83333333333333
1071729215;2020-07-12 20:30:00;2020-07-12 21:00:00;97.03333333333333
1071729215;2020-07-12 21:00:00;2020-07-12 21:30:00;106.96666666666667
1071729215;2020-07-12 21:30:00;2020-07-12 22:00:00;103.36666666666666
1071729215;2020-07-12 22:00:00;2020-07-12 22:30:00;113.36666666666666
1071729215;2020-07-12 22:30:00;2020-07-12 23:00:00;102.6
1071729215;2020-07-12 23:00:00;2020-07-12 23:30:00;103.0
1071729215;2020-07-12 23:30:00;2020-07-12 23:59:59;103.0
1071729215;2020-07-13 00:00:00;2020-07-13 00:30:00;103.0
1071729215;2020-07-13 00:30:00;2020-07-13 01:00:00;96.93333333333334
1071729215;2020-07-13 01:00:00;2020-07-13 01:30:00;103.0
1071729215;2020-07-13 01:30:00;2020-07-13 02:00:00;103.0
1071729215;2020-07-13 02:00:00;2020-07-13 02:30:00;103.0
1071729215;2020-07-13 02:30:00;2020-07-13 03:00:00;103.0
1071729215;2020-07-13 03:00:00;2020-07-13 03:30:00;103.36666666666666
1071729215;2020-07-13 03:30:00;2020-07-13 04:00:00;111.83333333333333
1071729215;2020-07-13 04:00:00;2020-07-13 04:30:00;106.66666666666667
1071729215;2020-07-13 04:30:00;2020-07-13 05:00:00;109.96666666666667
1071729215;2020-07-13 05:00:00;2020-07-13 05:30:00;112.13333333333334
1071729215;2020-07-13 05:30:00;2020-07-13 06:00:00;99.4
1071729215;2020-07-13 06:00:00;2020-07-13 06:30:00;96.03333333333333
1071729215;2020-07-13 06:30:00;2020-07-13 07:00:00;108.0
1071729215;2020-07-13 07:00:00;2020-07-13 07:30:00;101.36666666666666
1071729215;2020-07-13 07:30:00;2020-07-13 08:00:00;100.8
1071729215;2020-07-13 08:00:00;2020-07-13 08:30:00;98.93333333333334
1071729215;2020-07-13 08:30:00;2020-07-13 09:00:00;111.46666666666667
1071729215;2020-07-13 09:00:00;2020-07-13 09:30:00;105.46666666666667
1071729215;2020-07-13 09:30:00;2020-07-13 10:00:00;112.2
1071729215;2020-07-13 10:00:00;2020-07-13 10:30:00;106.73333333333333
1071729215;2020-07-13 10:30:00;2020-07-13 11:00:00;106.16666666666667
1071729215;2020-07-13 11:00:00;2020-07-13 11:30:00;100.66666666666667
1071729215;2020-07-13 11:30:00;2020-07-13 12:00:00;99.83333333333333
1071729215;2020-07-13 12:00:00;2020-07-13 12:30:00;103.86666666666666
1071729215;2020-07-13 12:30:00;2020-07-13 13:00:00;100.06666666666666
1071729215;2020-07-13 13:00:00;2020-07-13 13:30:00;96.03333333333333
1071729215;2020-07-13 13:30:00;2020-07-13 14:00:00;95.86666666666666
1071729215;2020-07-13 14:00:00;2020-07-13 14:30:00;96.43333333333334
1071729215;2020-07-13 14:30:00;2020-07-13 15:00:00;112.26666666666667
1071729215;2020-07-13 15:00:00;2020-07-13 15:30:00;98.83333333333333
1071729215;2020-07-13 15:30:00;2020-07-13 16:00:00;93.66666666666667
1071729215;2020-07-13 16:00:00;2020-07-13 16:30:00;114.73333333333333
1071729215;2020-07-13 16:30:00;2020-07-13 17:00:00;106.66666666666667
1071729215;2020-07-13 17:00:00;2020-07-13 17:30:00;104.43333333333334
1071729215;2020-07-13 17:30:00;2020-07-13 18:00:00;100.56666666666666
1071729215;2020-07-13 18:00:00;2020-07-13 18:30:00;115.6
1071729215;2020-07-13 18:30:00;2020-07-13 19:00:00;111.63333333333334
1071729215;2020-07-13 19:00:00;2020-07-13 19:30:00;111.43333333333334
1071729215;2020-07-13 19:30:00;2020-07-13 20:00:00;113.13333333333334
1071729215;2020-07-13 20:00:00;2020-07-13 20:30:00;106.4
1071729215;2020-07-13 20:30:00;2020-07-13 21:00:00;100.96666666666667
1071729215;2020-07-13 21:00:00;2020-07-13 21:30:00;114.96666666666667
1071729215;2020-07-13 21:30:00;2020-07-13 22:00:00;105.73333333333333
1071729215;2020-07-13 22:00:00;2020-07-13 22:30:00;110.1
1071729215;2020-07-13 22:30:00;2020-07-13 23:00:00;103.0
1071729215;2020-07-13 23:00:00;2020-07-13 23:30:00;103.0
1071729215;2020-07-13 23:30:00;2020-07-13 23:59:59;103.0
1071729215;2020-07-14 00:00:00;2020-07-14 00:30:00;103.0
1071729215;2020-07-14 00:30:00;2020-07-14 01:00:00;103.0
1071729215;2020-07-14 01:00:00;2020-07-14 01:30:00;114.66666666666667
1071729215;2020-07-14 01:30:00;2020-07-14 02:00:00;114.73333333333333
1071729215;2020-07-14 02:00:00;2020-07-14 02:30:00;123.66666666666667
1071729215;2020-07-14 02:30:00;2020-07-14 03:00:00;98.2
1071729215;2020-07-14 03:00:00;2020-07-14 03:30:00;103.4
1071729215;2020-07-14 03:30:00;2020-07-14 04:00:00;102.26666666666667
1071729215;2020-07-14 04:00:00;2020-07-14 04:30:00;99.63333333333334
1071729215;2020-07-14 04:30:00;2020-07-14 05:00:00;92.1
1071729215;2020-07-14 05:00:00;2020-07-14 05:30:00;103.7
1071729215;2020-07-14 05:30:00;2020-07-14 06:00:00;117.4
1071729215;2020-07-14 06:00:00;2020-07-14 06:30:00;99.76666666666667
1071729215;2020-07-14 06:30:00;2020-07-14 07:00:00;98.7
1071729215;2020-07-14 07:00:00;2020-07-14 07:30:00;101.5
1071729215;2020-07-14 07:30:00;2020-07-14 08:00:00;96.06666666666666
1071729215;2020-07-14 08:00:00;2020-07-14 08:30:00;101.83333333333333
1071729215;2020-07-14 08:30:00;2020-07-14 09:00:00;113.26666666666667
1071729215;2020-07-14 09:00:00;2020-07-14 09:30:00;92.53333333333333
1071729215;2020-07-14 09:30:00;2020-07-14 10:00:00;100.83333333333333
1071729215;2020-07-14 10:00:00;2020-07-14 10:30:00;101.43333333333334
1071729215;2020-07-14 10:30:00;2020-07-14 11:00:00;107.26666666666667
1071729215;2020-07-14 11:00:00;2020-07-14 11:30:00;107.76666666666667
1071729215;2020-07-14 11:30:00;2020-07-14 12:00:00;97.0
1071729215;2020-07-14 12:00:00;2020-07-14 12:30:00;98.5
1071729215;2020-07-14 12:30:00;2020-07-14 13:00:00;96.56666666666666
1071729215;2020-07-14 13:00:00;2020-07-14 13:30:00;95.56666666666666
1071729215;2020-07-14 13:30:00;2020-07-14 14:00:00;93.0
1071729215;2020-07-14 14:00:00;2020-07-14 14:30:00;93.03333333333333
1071729215;2020-07-14 14:30:00;2020-07-14 15:00:00;90.76666666666667
1071729215;2020-07-14 15:00:00;2020-07-14 15:30:00;88.43333333333334
1071729215;2020-07-14 15:30:00;2020-07-14 16:00:00;112.26666666666667
1071729215;2020-07-14 16:00:00;2020-07-14 16:30:00;104.96666666666667
1071729215;2020-07-14 16:30:00;2020-07-14 17:00:00;105.46666666666667
1071729215;2020-07-14 17:00:00;2020-07-14 17:30:00;97.33333333333333
1071729215;2020-07-14 17:30:00;2020-07-14 18:00:00;104.5
1071729215;2020-07-14 18:00:00;2020-07-14 18:30:00;93.7
1071729215;2020-07-14 18:30:00;2020-07-14 19:00:00;94.7
1071729215;2020-07-14 19:00:00;2020-07-14 19:30:00;93.06666666666666
1071729215;2020-07-14 19:30:00;2020-07-14 20:00:00;99.96666666666667
1071729215;2020-07-14 20:00:00;2020-07-14 20:30:00;99.13333333333334
1071729215;2020-07-14 20:30:00;2020-07-14 21:00:00;101.63333333333334
1071729215;2020-07-14 21:00:00;2020-07-14 21:30:00;100.13333333333334
1071729215;2020-07-14 21:30:00;2020-07-14 22:00:00;108.53333333333333
1071729215;2020-07-14 22:00:00;2020-07-14 22:30:00;104.4
1071729215;2020-07-14 22:30:00;2020-07-14 23:00:00;100.86666666666666
1071729215;2020-07-14 23:00:00;2020-07-14 23:30:00;103.0
1071729215;2020-07-14 23:30:00;2020-07-14 23:59:59;103.0
1071729215;2020-07-15 00:00:00;2020-07-15 00:30:00;103.0
1071729215;2020-07-15 00:30:00;2020-07-15 01:00:00;103.0
1071729215;2020-07-15 01:00:00;2020-07-15 01:30:00;103.0
1071729215;2020-07-15 01:30:00;2020-07-15 02:00:00;103.0
1071729215;2020-07-15 02:00:00;2020-07-15 02:30:00;100.53333333333333
1071729215;2020-07-15 02:30:00;2020-07-15 03:00:00;100.96666666666667
1071729215;2020-07-15 03:00:00;2020-07-15 03:30:00;107.63333333333334
1071729215;2020-07-15 03:30:00;2020-07-15 04:00:00;111.26666666666667
1071729215;2020-07-15 04:00:00;2020-07-15 04:30:00;104.66666666666667
1071729215;2020-07-15 04:30:00;2020-07-15 05:00:00;101.73333333333333
1071729215;2020-07-15 05:00:00;2020-07-15 05:30:00;94.36666666666666
1071729215;2020-07-15 05:30:00;2020-07-15 06:00:00;91.5
1071729215;2020-07-15 06:00:00;2020-07-15 06:30:00;99.96666666666667
1071729215;2020-07-15 06:30:00;2020-07-15 07:00:00;103.0
1071729215;2020-07-15 07:00:00;2020-07-15 07:30:00;101.0
1071729215;2020-07-15 07:30:00;2020-07-15 08:00:00;102.63333333333334
1071729215;2020-07-15 08:00:00;2020-07-15 08:30:00;106.13333333333334
1071729215;2020-07-15 08:30:00;2020-07-15 09:00:00;101.96666666666667
1071729215;2020-07-15 09:00:00;2020-07-15 09:30:00;103.3
1071729215;2020-07-15 09:30:00;2020-07-15 10:00:00;95.3
1071729215;2020-07-15 10:00:00;2020-07-15 10:30:00;103.2
1071729215;2020-07-15 10:30:00;2020-07-15 11:00:00;89.93333333333334
1071729215;2020-07-15 11:00:00;2020-07-15 11:30:00;111.4
1071729215;2020-07-15 11:30:00;2020-07-15 12:00:00;99.93333333333334
1071729215;2020-07-15 12:00:00;2020-07-15 12:30:00;102.86666666666666
1071729215;2020-07-15 12:30:00;2020-07-15 13:00:00;91.4
1071729215;2020-07-15 13:00:00;2020-07-15 13:30:00;95.16666666666667
1071729215;2020-07-15 13:30:00;2020-07-15 14:00:00;96.13333333333334
1071729215;2020-07-15 14:00:00;2020-07-15 14:30:00;94.0
1071729215;2020-07-15 14:30:00;2020-07-15 15:00:00;94.63333333333334
1071729215;2020-07-15 15:00:00;2020-07-15 15:30:00;103.66666666666667
1071729215;2020-07-15 15:30:00;2020-07-15 16:00:00;99.9
1071729215;2020-07-15 16:00:00;2020-07-15 16:30:00;99.7
1071729215;2020-07-15 16:30:00;2020-07-15 17:00:00;99.73333333333333
1071729215;2020-07-15 17:00:00;2020-07-15 17:30:00;105.43333333333334
1071729215;2020-07-15 17:30:00;2020-07-15 18:00:00;91.96666666666667
1071729215;2020-07-15 18:00:00;2020-07-15 18:30:00;113.1
1071729215;2020-07-15 18:30:00;2020-07-15 19:00:00;105.43333333333334
1071729215;2020-07-15 19:00:00;2020-07-15 19:30:00;123.33333333333333
1071729215;2020-07-15 19:30:00;2020-07-15 20:00:00;106.86666666666666
1071729215;2020-07-15 20:00:00;2020-07-15 20:30:00;106.53333333333333
1071729215;2020-07-15 20:30:00;2020-07-15 21:00:00;97.63333333333334
1071729215;2020-07-15 21:00:00;2020-07-15 21:30:00;96.93333333333334
1071729215;2020-07-15 21:30:00;2020-07-15 22:00:00;89.0
1071729215;2020-07-15 22:00:00;2020-07-15 22:30:00;93.5
1071729215;2020-07-15 22:30:00;2020-07-15 23:00:00;94.86666666666666
1071729215;2020-07-15 23:00:00;2020-07-15 23:30:00;97.6
1071729215;2020-07-15 23:30:00;2020-07-15 23:59:59;85.0
1071729215;2020-07-16 00:00:00;2020-07-16 00:30:00;88.33333333333333
1071729215;2020-07-16 00:30:00;2020-07-16 01:00:00;94.5
1071729215;2020-07-16 01:00:00;2020-07-16 01:30:00;96.03333333333333
1071729215;2020-07-16 01:30:00;2020-07-16 02:00:00;112.96666666666667
1071729215;2020-07-16 02:00:00;2020-07-16 02:30:00;103.0
1071729215;2020-07-16 02:30:00;2020-07-16 03:00:00;103.0
1071729215;2020-07-16 03:00:00;2020-07-16 03:30:00;102.8
1071729215;2020-07-16 03:30:00;2020-07-16 04:00:00;102.83333333333333
1071729215;2020-07-16 04:00:00;2020-07-16 04:30:00;101.53333333333333
1071729215;2020-07-16 04:30:00;2020-07-16 05:00:00;99.06666666666666
1071729215;2020-07-16 05:00:00;2020-07-16 05:30:00;101.03333333333333
1071729215;2020-07-16 05:30:00;2020-07-16 06:00:00;105.66666666666667
1071729215;2020-07-16 06:00:00;2020-07-16 06:30:00;106.66666666666667
1071729215;2020-07-16 06:30:00;2020-07-16 07:00:00;91.9
1071729215;2020-07-16 07:00:00;2020-07-16 07:30:00;103.63333333333334
1071729215;2020-07-16 07:30:00;2020-07-16 08:00:00;102.06666666666666
1071729215;2020-07-16 08:00:00;2020-07-16 08:30:00;87.23333333333333
1071729215;2020-07-16 08:30:00;2020-07-16 09:00:00;97.03333333333333
1071729215;2020-07-16 09:00:00;2020-07-16 09:30:00;86.9
1071729215;2020-07-16 09:30:00;2020-07-16 10:00:00;107.63333333333334
1071729215;2020-07-16 10:00:00;2020-07-16 10:30:00;105.93333333333334
1071729215;2020-07-16 10:30:00;2020-07-16 11:00:00;106.3
1071729215;2020-07-16 11:00:00;2020-07-16 11:30:00;95.2
1071729215;2020-07-16 11:30:00;2020-07-16 12:00:00;97.96666666666667
1071729215;2020-07-16 12:00:00;2020-07-16 12:30:00;100.86666666666666
1071729215;2020-07-16 12:30:00;2020-07-16 13:00:00;91.8
1071729215;2020-07-16 13:00:00;2020-07-16 13:30:00;103.36666666666666
1071729215;2020-07-16 13:30:00;2020-07-16 14:00:00;93.0
1071729215;2020-07-16 14:00:00;2020-07-16 14:30:00;90.06666666666666
1071729215;2020-07-16 14:30:00;2020-07-16 15:00:00;99.13333333333334
1071729215;2020-07-16 15:00:00;2020-07-16 15:30:00;104.46666666666667
1071729215;2020-07-16 15:30:00;2020-07-16 16:00:00;109.73333333333333
1071729215;2020-07-16 16:00:00;2020-07-16 16:30:00;99.53333333333333
1071729215;2020-07-16 16:30:00;2020-07-16 17:00:00;103.6
1071729215;2020-07-16 17:00:00;2020-07-16 17:30:00;116.36666666666666
1071729215;2020-07-16 17:30:00;2020-07-16 18:00:00;102.66666666666667
1071729215;2020-07-16 18:00:00;2020-07-16 18:30:00;106.7
1071729215;2020-07-16 18:30:00;2020-07-16 19:00:00;107.9
1071729215;2020-07-16 19:00:00;2020-07-16 19:30:00;105.83333333333333
1071729215;2020-07-16 19:30:00;2020-07-16 20:00:00;105.4
1071729215;2020-07-16 20:00:00;2020-07-16 20:30:00;108.3
1071729215;2020-07-16 20:30:00;2020-07-16 21:00:00;113.16666666666667
1071729215;2020-07-16 21:00:00;2020-07-16 21:30:00;108.46666666666667
1071729215;2020-07-16 21:30:00;2020-07-16 22:00:00;100.33333333333333
1071729215;2020-07-16 22:00:00;2020-07-16 22:30:00;105.6
1071729215;2020-07-16 22:30:00;2020-07-16 23:00:00;111.63333333333334
1071729215;2020-07-16 23:00:00;2020-07-16 23:30:00;104.0
1071729215;2020-07-16 23:30:00;2020-07-16 23:59:59;103.26666666666667
1071729215;2020-07-17 00:00:00;2020-07-17 00:30:00;103.66666666666667
1071729215;2020-07-17 00:30:00;2020-07-17 01:00:00;103.0
1071729215;2020-07-17 01:00:00;2020-07-17 01:30:00;103.0
1071729215;2020-07-17 01:30:00;2020-07-17 02:00:00;103.0
1071729215;2020-07-17 02:00:00;2020-07-17 02:30:00;103.0
1071729215;2020-07-17 02:30:00;2020-07-17 03:00:00;103.0
1071729215;2020-07-17 03:00:00;2020-07-17 03:30:00;96.4
1071729215;2020-07-17 03:30:00;2020-07-17 04:00:00;98.53333333333333
1071729215;2020-07-17 04:00:00;2020-07-17 04:30:00;95.53333333333333
1071729215;2020-07-17 04:30:00;2020-07-17 05:00:00;110.83333333333333
1071729215;2020-07-17 05:00:00;2020-07-17 05:30:00;113.53333333333333
1071729215;2020-07-17 05:30:00;2020-07-17 06:00:00;127.36666666666666
1071729215;2020-07-17 06:00:00;2020-07-17 06:30:00;109.86666666666666
1071729215;2020-07-17 06:30:00;2020-07-17 07:00:00;101.0
1071729215;2020-07-17 07:00:00;2020-07-17 07:30:00;107.86666666666666
1071729215;2020-07-17 07:30:00;2020-07-17 08:00:00;111.33333333333333
1071729215;2020-07-17 08:00:00;2020-07-17 08:30:00;102.86666666666666
1071729215;2020-07-17 08:30:00;2020-07-17 09:00:00;104.13333333333334
1071729215;2020-07-17 09:00:00;2020-07-17 09:30:00;106.33333333333333
1071729215;2020-07-17 09:30:00;2020-07-17 10:00:00;112.0
1071729215;2020-07-17 10:00:00;2020-07-17 10:30:00;91.93333333333334
1071729215;2020-07-17 10:30:00;2020-07-17 11:00:00;104.43333333333334
1071729215;2020-07-17 11:00:00;2020-07-17 11:30:00;107.63333333333334
1071729215;2020-07-17 11:30:00;2020-07-17 12:00:00;105.03333333333333
1071729215;2020-07-17 12:00:00;2020-07-17 12:30:00;103.76666666666667
1071729215;2020-07-17 12:30:00;2020-07-17 13:00:00;91.0
1071729215;2020-07-17 13:00:00;2020-07-17 13:30:00;90.03333333333333
1071729215;2020-07-17 13:30:00;2020-07-17 14:00:00;100.6
1071729215;2020-07-17 14:00:00;2020-07-17 14:30:00;103.0
1071729215;2020-07-17 14:30:00;2020-07-17 15:00:00;92.3
1071729215;2020-07-17 15:00:00;2020-07-17 15:30:00;94.3
1071729215;2020-07-17 15:30:00;2020-07-17 16:00:00;98.33333333333333
1071729215;2020-07-17 16:00:00;2020-07-17 16:30:00;99.0
1071729215;2020-07-17 16:30:00;2020-07-17 17:00:00;98.75862068965517
1071729215;2020-07-17 17:00:00;2020-07-17 17:30:00;93.94736842105263
1071729215;2020-07-17 17:30:00;2020-07-17 18:00:00;107.18518518518519
1071729215;2020-07-17 18:00:00;2020-07-17 18:30:00;111.41935483870968
1071729215;2020-07-17 18:30:00;2020-07-17 19:00:00;110.6
1071729215;2020-07-17 19:00:00;2020-07-17 19:30:00;111.03333333333333
1071729215;2020-07-17 19:30:00;2020-07-17 20:00:00;111.93333333333334
1071729215;2020-07-17 20:00:00;2020-07-17 20:30:00;111.93333333333334
1071729215;2020-07-17 20:30:00;2020-07-17 21:00:00;111.03333333333333
1071729215;2020-07-17 21:00:00;2020-07-17 21:30:00;107.9
1071729215;2020-07-17 21:30:00;2020-07-17 22:00:00;102.83333333333333
1071729215;2020-07-17 22:00:00;2020-07-17 22:30:00;99.56666666666666
1071729215;2020-07-17 22:30:00;2020-07-17 23:00:00;103.0
1071729215;2020-07-17 23:00:00;2020-07-17 23:30:00;101.9
1071729215;2020-07-17 23:30:00;2020-07-17 23:59:59;103.0
1071729215;2020-07-18 00:00:00;2020-07-18 00:30:00;108.26666666666667
1071729215;2020-07-18 00:30:00;2020-07-18 01:00:00;103.0
1071729215;2020-07-18 01:00:00;2020-07-18 01:30:00;103.0
1071729215;2020-07-18 01:30:00;2020-07-18 02:00:00;103.0
1071729215;2020-07-18 02:00:00;2020-07-18 02:30:00;103.0
1071729215;2020-07-18 02:30:00;2020-07-18 03:00:00;103.0
1071729215;2020-07-18 03:00:00;2020-07-18 03:30:00;108.0
1071729215;2020-07-18 03:30:00;2020-07-18 04:00:00;108.0
1071729215;2020-07-18 04:00:00;2020-07-18 04:30:00;119.26666666666667
1071729215;2020-07-18 04:30:00;2020-07-18 05:00:00;106.4
1071729215;2020-07-18 05:00:00;2020-07-18 05:30:00;116.36666666666666
1071729215;2020-07-18 05:30:00;2020-07-18 06:00:00;95.83333333333333
1071729215;2020-07-18 06:00:00;2020-07-18 06:30:00;111.0
1071729215;2020-07-18 06:30:00;2020-07-18 07:00:00;105.63333333333334
1071729215;2020-07-18 07:00:00;2020-07-18 07:30:00;107.8
1071729215;2020-07-18 07:30:00;2020-07-18 08:00:00;98.63333333333334
1071729215;2020-07-18 08:00:00;2020-07-18 08:30:00;106.5
1071729215;2020-07-18 08:30:00;2020-07-18 09:00:00;111.5
1071729215;2020-07-18 09:00:00;2020-07-18 09:30:00;117.73333333333333
1071729215;2020-07-18 09:30:00;2020-07-18 10:00:00;109.13333333333334
1071729215;2020-07-18 10:00:00;2020-07-18 10:30:00;105.53333333333333
1071729215;2020-07-18 10:30:00;2020-07-18 11:00:00;100.36666666666666
1071729215;2020-07-18 11:00:00;2020-07-18 11:30:00;105.56666666666666
1071729215;2020-07-18 11:30:00;2020-07-18 12:00:00;101.73333333333333
1071729215;2020-07-18 12:00:00;2020-07-18 12:30:00;94.26666666666667
1071729215;2020-07-18 12:30:00;2020-07-18 13:00:00;104.66666666666667
1071729215;2020-07-18 13:00:00;2020-07-18 13:30:00;105.03333333333333
1071729215;2020-07-18 13:30:00;2020-07-18 14:00:00;107.4
1071729215;2020-07-18 14:00:00;2020-07-18 14:30:00;104.36666666666666
1071729215;2020-07-18 14:30:00;2020-07-18 15:00:00;91.2
1071729215;2020-07-18 15:00:00;2020-07-18 15:30:00;96.56666666666666
1071729215;2020-07-18 15:30:00;2020-07-18 16:00:00;100.1
1071729215;2020-07-18 16:00:00;2020-07-18 16:30:00;99.76666666666667
1071729215;2020-07-18 16:30:00;2020-07-18 17:00:00;110.9
1071729215;2020-07-18 17:00:00;2020-07-18 17:30:00;99.26666666666667
1071729215;2020-07-18 17:30:00;2020-07-18 18:00:00;105.73333333333333
1071729215;2020-07-18 18:00:00;2020-07-18 18:30:00;105.03333333333333
1071729215;2020-07-18 18:30:00;2020-07-18 19:00:00;118.83333333333333
1071729215;2020-07-18 19:00:00;2020-07-18 19:30:00;115.76666666666667
1071729215;2020-07-18 19:30:00;2020-07-18 20:00:00;112.26666666666667
1071729215;2020-07-18 20:00:00;2020-07-18 20:30:00;118.63333333333334
1071729215;2020-07-18 20:30:00;2020-07-18 21:00:00;113.66666666666667
1071729215;2020-07-18 21:00:00;2020-07-18 21:30:00;94.26666666666667
1071729215;2020-07-18 21:30:00;2020-07-18 22:00:00;106.73333333333333
1071729215;2020-07-18 22:00:00;2020-07-18 22:30:00;104.5
1071729215;2020-07-18 22:30:00;2020-07-18 23:00:00;100.16666666666667
1071729215;2020-07-18 23:00:00;2020-07-18 23:30:00;110.5
1071729215;2020-07-18 23:30:00;2020-07-18 23:59:59;103.0
1071729215;2020-07-19 00:00:00;2020-07-19 00:30:00;106.73333333333333
1071729215;2020-07-19 00:30:00;2020-07-19 01:00:00;103.0
1071729215;2020-07-19 01:00:00;2020-07-19 01:30:00;103.0
1071729215;2020-07-19 01:30:00;2020-07-19 02:00:00;103.0
1071729215;2020-07-19 02:00:00;2020-07-19 02:30:00;114.73333333333333
1071729215;2020-07-19 02:30:00;2020-07-19 03:00:00;122.26666666666667
1071729215;2020-07-19 03:00:00;2020-07-19 03:30:00;136.0
1071729215;2020-07-19 03:30:00;2020-07-19 04:00:00;129.5
1071729215;2020-07-19 04:00:00;2020-07-19 04:30:00;121.5
1071729215;2020-07-19 04:30:00;2020-07-19 05:00:00;122.0
1071729215;2020-07-19 05:00:00;2020-07-19 05:30:00;114.0
1071729215;2020-07-19 05:30:00;2020-07-19 06:00:00;111.63333333333334
1071729215;2020-07-19 06:00:00;2020-07-19 06:30:00;116.06666666666666
1071729215;2020-07-19 06:30:00;2020-07-19 07:00:00;109.83333333333333
1071729215;2020-07-19 07:00:00;2020-07-19 07:30:00;106.06666666666666
1071729215;2020-07-19 07:30:00;2020-07-19 08:00:00;111.86666666666666
1071729215;2020-07-19 08:00:00;2020-07-19 08:30:00;99.93333333333334
1071729215;2020-07-19 08:30:00;2020-07-19 09:00:00;96.03333333333333
1071729215;2020-07-19 09:00:00;2020-07-19 09:30:00;96.13333333333334
1071729215;2020-07-19 09:30:00;2020-07-19 10:00:00;106.23333333333333
1071729215;2020-07-19 10:00:00;2020-07-19 10:30:00;94.43333333333334
1071729215;2020-07-19 10:30:00;2020-07-19 11:00:00;111.7
1071729215;2020-07-19 11:00:00;2020-07-19 11:30:00;93.3
1071729215;2020-07-19 11:30:00;2020-07-19 12:00:00;89.63333333333334
1071729215;2020-07-19 12:00:00;2020-07-19 12:30:00;96.6
1071729215;2020-07-19 12:30:00;2020-07-19 13:00:00;94.83333333333333
1071729215;2020-07-19 13:00:00;2020-07-19 13:30:00;95.06666666666666
1071729215;2020-07-19 13:30:00;2020-07-19 14:00:00;84.23333333333333
1071729215;2020-07-19 14:00:00;2020-07-19 14:30:00;91.33333333333333
1071729215;2020-07-19 14:30:00;2020-07-19 15:00:00;98.1
1071729215;2020-07-19 15:00:00;2020-07-19 15:30:00;83.8
1071729215;2020-07-19 15:30:00;2020-07-19 16:00:00;89.72413793103448
1071729215;2020-07-19 16:00:00;2020-07-19 16:30:00;98.33333333333333
1071729215;2020-07-19 16:30:00;2020-07-19 17:00:00;88.8
1071729215;2020-07-19 17:00:00;2020-07-19 17:30:00;93.0
1071729215;2020-07-19 17:30:00;2020-07-19 18:00:00;107.83333333333333
1071729215;2020-07-19 18:00:00;2020-07-19 18:30:00;119.13333333333334
1071729215;2020-07-19 18:30:00;2020-07-19 19:00:00;111.56666666666666
1071729215;2020-07-19 19:00:00;2020-07-19 19:30:00;101.16666666666667
1071729215;2020-07-19 19:30:00;2020-07-19 20:00:00;100.06666666666666
1071729215;2020-07-19 20:00:00;2020-07-19 20:30:00;102.63333333333334
1071729215;2020-07-19 20:30:00;2020-07-19 21:00:00;99.53333333333333
1071729215;2020-07-19 21:00:00;2020-07-19 21:30:00;110.36666666666666
1071729215;2020-07-19 21:30:00;2020-07-19 22:00:00;101.96666666666667
1071729215;2020-07-19 22:00:00;2020-07-19 22:30:00;76.0
1071729215;2020-07-19 22:30:00;2020-07-19 23:00:00;79.0
1071729215;2020-07-19 23:00:00;2020-07-19 23:30:00;96.16666666666667
1071729215;2020-07-19 23:30:00;2020-07-19 23:59:59;103.66666666666667
1071729215;2020-07-20 00:00:00;2020-07-20 00:30:00;112.8
1071729215;2020-07-20 00:30:00;2020-07-20 01:00:00;109.33333333333333
1071729215;2020-07-20 01:00:00;2020-07-20 01:30:00;122.0
1071729215;2020-07-20 01:30:00;2020-07-20 02:00:00;117.83333333333333
1071729215;2020-07-20 02:00:00;2020-07-20 02:30:00;104.23333333333333
1071729215;2020-07-20 02:30:00;2020-07-20 03:00:00;102.53333333333333
1071729215;2020-07-20 03:00:00;2020-07-20 03:30:00;108.73333333333333
1071729215;2020-07-20 03:30:00;2020-07-20 04:00:00;108.5
1071729215;2020-07-20 04:00:00;2020-07-20 04:30:00;117.53333333333333
1071729215;2020-07-20 04:30:00;2020-07-20 05:00:00;107.4
1071729215;2020-07-20 05:00:00;2020-07-20 05:30:00;100.9
1071729215;2020-07-20 05:30:00;2020-07-20 06:00:00;113.76666666666667
1071729215;2020-07-20 06:00:00;2020-07-20 06:30:00;103.06666666666666
1071729215;2020-07-20 06:30:00;2020-07-20 07:00:00;105.96666666666667
1071729215;2020-07-20 07:00:00;2020-07-20 07:30:00;109.43333333333334
1071729215;2020-07-20 07:30:00;2020-07-20 08:00:00;109.6
1071729215;2020-07-20 08:00:00;2020-07-20 08:30:00;115.63333333333334
1071729215;2020-07-20 08:30:00;2020-07-20 09:00:00;111.23333333333333
1071729215;2020-07-20 09:00:00;2020-07-20 09:30:00;91.86666666666666
1071729215;2020-07-20 09:30:00;2020-07-20 10:00:00;111.3
1071729215;2020-07-20 10:00:00;2020-07-20 10:30:00;96.33333333333333
1071729215;2020-07-20 10:30:00;2020-07-20 11:00:00;90.36666666666666
1071729215;2020-07-20 11:00:00;2020-07-20 11:30:00;96.36666666666666
1071729215;2020-07-20 11:30:00;2020-07-20 12:00:00;93.4
1071729215;2020-07-20 12:00:00;2020-07-20 12:30:00;81.46666666666667
1071729215;2020-07-20 12:30:00;2020-07-20 13:00:00;82.83333333333333
1071729215;2020-07-20 13:00:00;2020-07-20 13:30:00;84.03333333333333
1071729215;2020-07-20 13:30:00;2020-07-20 14:00:00;88.36666666666666
1071729215;2020-07-20 14:00:00;2020-07-20 14:30:00;91.03333333333333
1071729215;2020-07-20 14:30:00;2020-07-20 15:00:00;95.5
1071729215;2020-07-20 15:00:00;2020-07-20 15:30:00;86.26666666666667
1071729215;2020-07-20 15:30:00;2020-07-20 16:00:00;105.53333333333333
1071729215;2020-07-20 16:00:00;2020-07-20 16:30:00;105.26666666666667
1071729215;2020-07-20 16:30:00;2020-07-20 17:00:00;99.6
1071729215;2020-07-20 17:00:00;2020-07-20 17:30:00;107.36666666666666
1071729215;2020-07-20 17:30:00;2020-07-20 18:00:00;110.2
1071729215;2020-07-20 18:00:00;2020-07-20 18:30:00;119.1
1071729215;2020-07-20 18:30:00;2020-07-20 19:00:00;104.0
1071729215;2020-07-20 19:00:00;2020-07-20 19:30:00;109.96666666666667
1071729215;2020-07-20 19:30:00;2020-07-20 20:00:00;116.63333333333334
1071729215;2020-07-20 20:00:00;2020-07-20 20:30:00;103.46666666666667
1071729215;2020-07-20 20:30:00;2020-07-20 21:00:00;104.3
1071729215;2020-07-20 21:00:00;2020-07-20 21:30:00;100.06666666666666
1071729215;2020-07-20 21:30:00;2020-07-20 22:00:00;103.0
1071729215;2020-07-20 22:00:00;2020-07-20 22:30:00;112.73333333333333
1071729215;2020-07-20 22:30:00;2020-07-20 23:00:00;103.0
1071729215;2020-07-20 23:00:00;2020-07-20 23:30:00;103.0
1071729215;2020-07-20 23:30:00;2020-07-20 23:59:59;103.0
1071729215;2020-07-21 00:00:00;2020-07-21 00:30:00;103.0
1071729215;2020-07-21 00:30:00;2020-07-21 01:00:00;103.0
1071729215;2020-07-21 01:00:00;2020-07-21 01:30:00;107.4
1071729215;2020-07-21 01:30:00;2020-07-21 02:00:00;103.0
1071729215;2020-07-21 02:00:00;2020-07-21 02:30:00;90.93333333333334
1071729215;2020-07-21 02:30:00;2020-07-21 03:00:00;102.7
1071729215;2020-07-21 03:00:00;2020-07-21 03:30:00;97.0
1071729215;2020-07-21 03:30:00;2020-07-21 04:00:00;102.8
1071729215;2020-07-21 04:00:00;2020-07-21 04:30:00;100.7
1071729215;2020-07-21 04:30:00;2020-07-21 05:00:00;102.7
1071729215;2020-07-21 05:00:00;2020-07-21 05:30:00;105.36666666666666
1071729215;2020-07-21 05:30:00;2020-07-21 06:00:00;120.43333333333334
1071729215;2020-07-21 06:00:00;2020-07-21 06:30:00;106.16666666666667
1071729215;2020-07-21 06:30:00;2020-07-21 07:00:00;92.33333333333333
1071729215;2020-07-21 07:00:00;2020-07-21 07:30:00;100.36666666666666
1071729215;2020-07-21 07:30:00;2020-07-21 08:00:00;92.3
1071729215;2020-07-21 08:00:00;2020-07-21 08:30:00;93.66666666666667
1071729215;2020-07-21 08:30:00;2020-07-21 09:00:00;103.23333333333333
1071729215;2020-07-21 09:00:00;2020-07-21 09:30:00;102.3
1071729215;2020-07-21 09:30:00;2020-07-21 10:00:00;93.2
1071729215;2020-07-21 10:00:00;2020-07-21 10:30:00;93.7
1071729215;2020-07-21 10:30:00;2020-07-21 11:00:00;92.7
1071729215;2020-07-21 11:00:00;2020-07-21 11:30:00;100.56666666666666
1071729215;2020-07-21 11:30:00;2020-07-21 12:00:00;101.56666666666666
1071729215;2020-07-21 12:00:00;2020-07-21 12:30:00;94.73333333333333
1071729215;2020-07-21 12:30:00;2020-07-21 13:00:00;98.2
1071729215;2020-07-21 13:00:00;2020-07-21 13:30:00;98.2
1071729215;2020-07-21 13:30:00;2020-07-21 14:00:00;97.2
1071729215;2020-07-21 14:00:00;2020-07-21 14:30:00;87.76666666666667
1071729215;2020-07-21 14:30:00;2020-07-21 15:00:00;84.66666666666667
1071729215;2020-07-21 15:00:00;2020-07-21 15:30:00;99.36666666666666
1071729215;2020-07-21 15:30:00;2020-07-21 16:00:00;85.43333333333334
1071729215;2020-07-21 16:00:00;2020-07-21 16:30:00;101.5
1071729215;2020-07-21 16:30:00;2020-07-21 17:00:00;93.2
1071729215;2020-07-21 17:00:00;2020-07-21 17:30:00;100.6
1071729215;2020-07-21 17:30:00;2020-07-21 18:00:00;124.1
1071729215;2020-07-21 18:00:00;2020-07-21 18:30:00;101.9
1071729215;2020-07-21 18:30:00;2020-07-21 19:00:00;109.03333333333333
1071729215;2020-07-21 19:00:00;2020-07-21 19:30:00;113.46666666666667
1071729215;2020-07-21 19:30:00;2020-07-21 20:00:00;113.73333333333333
1071729215;2020-07-21 20:00:00;2020-07-21 20:30:00;106.6
1071729215;2020-07-21 20:30:00;2020-07-21 21:00:00;106.2
1071729215;2020-07-21 21:00:00;2020-07-21 21:30:00;121.8
1071729215;2020-07-21 21:30:00;2020-07-21 22:00:00;105.4
1071729215;2020-07-21 22:00:00;2020-07-21 22:30:00;103.0
1071729215;2020-07-21 22:30:00;2020-07-21 23:00:00;103.0
1071729215;2020-07-21 23:00:00;2020-07-21 23:30:00;103.0
1071729215;2020-07-21 23:30:00;2020-07-21 23:59:59;103.0
1071729215;2020-07-22 00:00:00;2020-07-22 00:30:00;103.0
1071729215;2020-07-22 00:30:00;2020-07-22 01:00:00;107.96666666666667
1071729215;2020-07-22 01:00:00;2020-07-22 01:30:00;103.0
1071729215;2020-07-22 01:30:00;2020-07-22 02:00:00;103.0
1071729215;2020-07-22 02:00:00;2020-07-22 02:30:00;103.0
1071729215;2020-07-22 02:30:00;2020-07-22 03:00:00;102.93333333333334
1071729215;2020-07-22 03:00:00;2020-07-22 03:30:00;100.0
1071729215;2020-07-22 03:30:00;2020-07-22 04:00:00;100.0
1071729215;2020-07-22 04:00:00;2020-07-22 04:30:00;101.0
1071729215;2020-07-22 04:30:00;2020-07-22 05:00:00;101.0
1071729215;2020-07-22 05:00:00;2020-07-22 05:30:00;104.2
1071729215;2020-07-22 05:30:00;2020-07-22 06:00:00;89.96666666666667
1071729215;2020-07-22 06:00:00;2020-07-22 06:30:00;108.16666666666667
1071729215;2020-07-22 06:30:00;2020-07-22 07:00:00;99.73333333333333
1071729215;2020-07-22 07:00:00;2020-07-22 07:30:00;104.23333333333333
1071729215;2020-07-22 07:30:00;2020-07-22 08:00:00;108.1
1071729215;2020-07-22 08:00:00;2020-07-22 08:30:00;112.76666666666667
1071729215;2020-07-22 08:30:00;2020-07-22 09:00:00;97.06666666666666
1071729215;2020-07-22 09:00:00;2020-07-22 09:30:00;109.73333333333333
1071729215;2020-07-22 09:30:00;2020-07-22 10:00:00;100.93333333333334
1071729215;2020-07-22 10:00:00;2020-07-22 10:30:00;99.83333333333333
1071729215;2020-07-22 10:30:00;2020-07-22 11:00:00;101.43333333333334
1071729215;2020-07-22 11:00:00;2020-07-22 11:30:00;105.46666666666667
1071729215;2020-07-22 11:30:00;2020-07-22 12:00:00;110.13333333333334
1071729215;2020-07-22 12:00:00;2020-07-22 12:30:00;93.2
1071729215;2020-07-22 12:30:00;2020-07-22 13:00:00;95.53333333333333
1071729215;2020-07-22 13:00:00;2020-07-22 13:30:00;99.6
1071729215;2020-07-22 13:30:00;2020-07-22 14:00:00;104.96666666666667
1071729215;2020-07-22 14:00:00;2020-07-22 14:30:00;103.9
1071729215;2020-07-22 14:30:00;2020-07-22 15:00:00;93.63333333333334
1071729215;2020-07-22 15:00:00;2020-07-22 15:30:00;99.86666666666666
1071729215;2020-07-22 15:30:00;2020-07-22 16:00:00;97.96666666666667
1071729215;2020-07-22 16:00:00;2020-07-22 16:30:00;91.63333333333334
1071729215;2020-07-22 16:30:00;2020-07-22 17:00:00;107.13333333333334
1071729215;2020-07-22 17:00:00;2020-07-22 17:30:00;94.26666666666667
1071729215;2020-07-22 17:30:00;2020-07-22 18:00:00;90.23333333333333
1071729215;2020-07-22 18:00:00;2020-07-22 18:30:00;100.9
1071729215;2020-07-22 18:30:00;2020-07-22 19:00:00;92.16666666666667
1071729215;2020-07-22 19:00:00;2020-07-22 19:30:00;100.86666666666666
1071729215;2020-07-22 19:30:00;2020-07-22 20:00:00;101.3
1071729215;2020-07-22 20:00:00;2020-07-22 20:30:00;99.76666666666667
1071729215;2020-07-22 20:30:00;2020-07-22 21:00:00;102.03333333333333
1071729215;2020-07-22 21:00:00;2020-07-22 21:30:00;95.16666666666667
1071729215;2020-07-22 21:30:00;2020-07-22 22:00:00;112.06666666666666
1071729215;2020-07-22 22:00:00;2020-07-22 22:30:00;106.8
1071729215;2020-07-22 22:30:00;2020-07-22 23:00:00;99.26666666666667
1071729215;2020-07-22 23:00:00;2020-07-22 23:30:00;103.0
1071729215;2020-07-22 23:30:00;2020-07-22 23:59:59;102.26666666666667
1071729215;2020-07-23 00:00:00;2020-07-23 00:30:00;106.9
1071729215;2020-07-23 00:30:00;2020-07-23 01:00:00;103.0
1071729215;2020-07-23 01:00:00;2020-07-23 01:30:00;103.0
1071729215;2020-07-23 01:30:00;2020-07-23 02:00:00;103.0
1071729215;2020-07-23 02:00:00;2020-07-23 02:30:00;103.0
1071729215;2020-07-23 02:30:00;2020-07-23 03:00:00;103.0
1071729215;2020-07-23 03:00:00;2020-07-23 03:30:00;107.73333333333333
1071729215;2020-07-23 03:30:00;2020-07-23 04:00:00;101.2
1071729215;2020-07-23 04:00:00;2020-07-23 04:30:00;106.0
1071729215;2020-07-23 04:30:00;2020-07-23 05:00:00;98.96666666666667
1071729215;2020-07-23 05:00:00;2020-07-23 05:30:00;102.66666666666667
1071729215;2020-07-23 05:30:00;2020-07-23 06:00:00;110.26666666666667
1071729215;2020-07-23 06:00:00;2020-07-23 06:30:00;103.96666666666667
1071729215;2020-07-23 06:30:00;2020-07-23 07:00:00;86.0
1071729215;2020-07-23 07:00:00;2020-07-23 07:30:00;89.36666666666666
1071729215;2020-07-23 07:30:00;2020-07-23 08:00:00;109.9
1071729215;2020-07-23 08:00:00;2020-07-23 08:30:00;91.83333333333333
1071729215;2020-07-23 08:30:00;2020-07-23 09:00:00;105.86666666666666
1071729215;2020-07-23 09:00:00;2020-07-23 09:30:00;113.96666666666667
1071729215;2020-07-23 09:30:00;2020-07-23 10:00:00;102.9
1071729215;2020-07-23 10:00:00;2020-07-23 10:30:00;98.16666666666667
1071729215;2020-07-23 10:30:00;2020-07-23 11:00:00;93.46666666666667
1071729215;2020-07-23 11:00:00;2020-07-23 11:30:00;93.4
1071729215;2020-07-23 11:30:00;2020-07-23 12:00:00;85.23333333333333
1071729215;2020-07-23 12:00:00;2020-07-23 12:30:00;90.8
1071729215;2020-07-23 12:30:00;2020-07-23 13:00:00;99.63333333333334
1071729215;2020-07-23 13:00:00;2020-07-23 13:30:00;94.7
1071729215;2020-07-23 13:30:00;2020-07-23 14:00:00;91.8
1071729215;2020-07-23 14:00:00;2020-07-23 14:30:00;101.76666666666667
1071729215;2020-07-23 14:30:00;2020-07-23 15:00:00;104.83333333333333
1071729215;2020-07-23 15:00:00;2020-07-23 15:30:00;93.8
1071729215;2020-07-23 15:30:00;2020-07-23 16:00:00;94.83333333333333
1071729215;2020-07-23 16:00:00;2020-07-23 16:30:00;102.66666666666667
1071729215;2020-07-23 16:30:00;2020-07-23 17:00:00;94.6
1071729215;2020-07-23 17:00:00;2020-07-23 17:30:00;102.16666666666667
1071729215;2020-07-23 17:30:00;2020-07-23 18:00:00;96.13333333333334
1071729215;2020-07-23 18:00:00;2020-07-23 18:30:00;103.73333333333333
1071729215;2020-07-23 18:30:00;2020-07-23 19:00:00;94.06666666666666
1071729215;2020-07-23 19:00:00;2020-07-23 19:30:00;109.46666666666667
1071729215;2020-07-23 19:30:00;2020-07-23 20:00:00;112.73333333333333
1071729215;2020-07-23 20:00:00;2020-07-23 20:30:00;109.66666666666667
1071729215;2020-07-23 20:30:00;2020-07-23 21:00:00;105.36666666666666
1071729215;2020-07-23 21:00:00;2020-07-23 21:30:00;102.8
1071729215;2020-07-23 21:30:00;2020-07-23 22:00:00;106.06666666666666
1071729215;2020-07-23 22:00:00;2020-07-23 22:30:00;103.0
1071729215;2020-07-23 22:30:00;2020-07-23 23:00:00;103.0
1071729215;2020-07-23 23:00:00;2020-07-23 23:30:00;103.0
1071729215;2020-07-23 23:30:00;2020-07-23 23:59:59;97.33333333333333
1071729215;2020-07-24 00:00:00;2020-07-24 00:30:00;102.86666666666666
1071729215;2020-07-24 00:30:00;2020-07-24 01:00:00;103.4
1071729215;2020-07-24 01:00:00;2020-07-24 01:30:00;103.6
1071729215;2020-07-24 01:30:00;2020-07-24 02:00:00;103.0
1071729215;2020-07-24 02:00:00;2020-07-24 02:30:00;103.0
1071729215;2020-07-24 02:30:00;2020-07-24 03:00:00;103.0
1071729215;2020-07-24 03:00:00;2020-07-24 03:30:00;101.0
1071729215;2020-07-24 03:30:00;2020-07-24 04:00:00;101.0
1071729215;2020-07-24 04:00:00;2020-07-24 04:30:00;105.0
1071729215;2020-07-24 04:30:00;2020-07-24 05:00:00;104.56666666666666
1071729215;2020-07-24 05:00:00;2020-07-24 05:30:00;110.46666666666667
1071729215;2020-07-24 05:30:00;2020-07-24 06:00:00;91.53333333333333
1071729215;2020-07-24 06:00:00;2020-07-24 06:30:00;95.33333333333333
1071729215;2020-07-24 06:30:00;2020-07-24 07:00:00;100.56666666666666
1071729215;2020-07-24 07:00:00;2020-07-24 07:30:00;106.36666666666666
1071729215;2020-07-24 07:30:00;2020-07-24 08:00:00;108.33333333333333
1071729215;2020-07-24 08:00:00;2020-07-24 08:30:00;114.26666666666667
1071729215;2020-07-24 08:30:00;2020-07-24 09:00:00;106.0
1071729215;2020-07-24 09:00:00;2020-07-24 09:30:00;94.7
1071729215;2020-07-24 09:30:00;2020-07-24 10:00:00;94.53333333333333
1071729215;2020-07-24 10:00:00;2020-07-24 10:30:00;81.83333333333333
1071729215;2020-07-24 10:30:00;2020-07-24 11:00:00;93.73333333333333
1071729215;2020-07-24 11:00:00;2020-07-24 11:30:00;108.53333333333333
1071729215;2020-07-24 11:30:00;2020-07-24 12:00:00;89.5
1071729215;2020-07-24 12:00:00;2020-07-24 12:30:00;95.56666666666666
1071729215;2020-07-24 12:30:00;2020-07-24 13:00:00;88.1
1071729215;2020-07-24 13:00:00;2020-07-24 13:30:00;91.83333333333333
1071729215;2020-07-24 13:30:00;2020-07-24 14:00:00;91.5
1071729215;2020-07-24 14:00:00;2020-07-24 14:30:00;102.16666666666667
1071729215;2020-07-24 14:30:00;2020-07-24 15:00:00;97.33333333333333
1071729215;2020-07-24 15:00:00;2020-07-24 15:30:00;89.36666666666666
1071729215;2020-07-24 15:30:00;2020-07-24 16:00:00;111.1
1071729215;2020-07-24 16:00:00;2020-07-24 16:30:00;91.06666666666666
1071729215;2020-07-24 16:30:00;2020-07-24 17:00:00;111.9
1071729215;2020-07-24 17:00:00;2020-07-24 17:30:00;104.2
1071729215;2020-07-24 17:30:00;2020-07-24 18:00:00;116.06666666666666
1071729215;2020-07-24 18:00:00;2020-07-24 18:30:00;114.7
1071729215;2020-07-24 18:30:00;2020-07-24 19:00:00;102.2
1071729215;2020-07-24 19:00:00;2020-07-24 19:30:00;108.06666666666666
1071729215;2020-07-24 19:30:00;2020-07-24 20:00:00;112.46666666666667
1071729215;2020-07-24 20:00:00;2020-07-24 20:30:00;113.73333333333333
1071729215;2020-07-24 20:30:00;2020-07-24 21:00:00;109.13333333333334
1071729215;2020-07-24 21:00:00;2020-07-24 21:30:00;106.2
1071729215;2020-07-24 21:30:00;2020-07-24 22:00:00;104.86666666666666
1071729215;2020-07-24 22:00:00;2020-07-24 22:30:00;105.6
1071729215;2020-07-24 22:30:00;2020-07-24 23:00:00;103.0
1071729215;2020-07-24 23:00:00;2020-07-24 23:30:00;103.0
1071729215;2020-07-24 23:30:00;2020-07-24 23:59:59;103.0
1071729215;2020-07-25 00:00:00;2020-07-25 00:30:00;109.66666666666667
1071729215;2020-07-25 00:30:00;2020-07-25 01:00:00;103.0
1071729215;2020-07-25 01:00:00;2020-07-25 01:30:00;103.0
1071729215;2020-07-25 01:30:00;2020-07-25 02:00:00;103.0
1071729215;2020-07-25 02:00:00;2020-07-25 02:30:00;103.0
1071729215;2020-07-25 02:30:00;2020-07-25 03:00:00;103.0
1071729215;2020-07-25 03:00:00;2020-07-25 03:30:00;108.0
1071729215;2020-07-25 03:30:00;2020-07-25 04:00:00;108.0
1071729215;2020-07-25 04:00:00;2020-07-25 04:30:00;100.6
1071729215;2020-07-25 04:30:00;2020-07-25 05:00:00;109.6
1071729215;2020-07-25 05:00:00;2020-07-25 05:30:00;98.13333333333334
1071729215;2020-07-25 05:30:00;2020-07-25 06:00:00;100.03333333333333
1071729215;2020-07-25 06:00:00;2020-07-25 06:30:00;107.8
1071729215;2020-07-25 06:30:00;2020-07-25 07:00:00;99.5
1071729215;2020-07-25 07:00:00;2020-07-25 07:30:00;113.5
1071729215;2020-07-25 07:30:00;2020-07-25 08:00:00;111.96666666666667
1071729215;2020-07-25 08:00:00;2020-07-25 08:30:00;109.8
1071729215;2020-07-25 08:30:00;2020-07-25 09:00:00;116.0
1071729215;2020-07-25 09:00:00;2020-07-25 09:30:00;102.3
1071729215;2020-07-25 09:30:00;2020-07-25 10:00:00;99.76666666666667
1071729215;2020-07-25 10:00:00;2020-07-25 10:30:00;98.53333333333333
1071729215;2020-07-25 10:30:00;2020-07-25 11:00:00;103.03333333333333
1071729215;2020-07-25 11:00:00;2020-07-25 11:30:00;104.73333333333333
1071729215;2020-07-25 11:30:00;2020-07-25 12:00:00;93.2
1071729215;2020-07-25 12:00:00;2020-07-25 12:30:00;95.26666666666667
1071729215;2020-07-25 12:30:00;2020-07-25 13:00:00;99.63333333333334
1071729215;2020-07-25 13:00:00;2020-07-25 13:30:00;106.23333333333333
1071729215;2020-07-25 13:30:00;2020-07-25 14:00:00;96.5
1071729215;2020-07-25 14:00:00;2020-07-25 14:30:00;105.13333333333334
1071729215;2020-07-25 14:30:00;2020-07-25 15:00:00;97.1
1071729215;2020-07-25 15:00:00;2020-07-25 15:30:00;107.8
1071729215;2020-07-25 15:30:00;2020-07-25 16:00:00;101.93333333333334
1071729215;2020-07-25 16:00:00;2020-07-25 16:30:00;102.9
1071729215;2020-07-25 16:30:00;2020-07-25 17:00:00;109.93333333333334
1071729215;2020-07-25 17:00:00;2020-07-25 17:30:00;100.76666666666667
1071729215;2020-07-25 17:30:00;2020-07-25 18:00:00;115.4
1071729215;2020-07-25 18:00:00;2020-07-25 18:30:00;114.3
1071729215;2020-07-25 18:30:00;2020-07-25 19:00:00;112.46666666666667
1071729215;2020-07-25 19:00:00;2020-07-25 19:30:00;109.0
1071729215;2020-07-25 19:30:00;2020-07-25 20:00:00;114.03333333333333
1071729215;2020-07-25 20:00:00;2020-07-25 20:30:00;109.26666666666667
1071729215;2020-07-25 20:30:00;2020-07-25 21:00:00;111.5
1071729215;2020-07-25 21:00:00;2020-07-25 21:30:00;109.73333333333333
1071729215;2020-07-25 21:30:00;2020-07-25 22:00:00;100.93333333333334
1071729215;2020-07-25 22:00:00;2020-07-25 22:30:00;105.46666666666667
1071729215;2020-07-25 22:30:00;2020-07-25 23:00:00;103.0
1071729215;2020-07-25 23:00:00;2020-07-25 23:30:00;103.0
1071729215;2020-07-25 23:30:00;2020-07-25 23:59:59;103.0
1071729215;2020-07-26 00:00:00;2020-07-26 00:30:00;104.5
1071729215;2020-07-26 00:30:00;2020-07-26 01:00:00;103.0
1071729215;2020-07-26 01:00:00;2020-07-26 01:30:00;106.73333333333333
1071729215;2020-07-26 01:30:00;2020-07-26 02:00:00;103.0
1071729215;2020-07-26 02:00:00;2020-07-26 02:30:00;103.0
1071729215;2020-07-26 02:30:00;2020-07-26 03:00:00;103.0
1071729215;2020-07-26 03:00:00;2020-07-26 03:30:00;109.0
1071729215;2020-07-26 03:30:00;2020-07-26 04:00:00;109.0
1071729215;2020-07-26 04:00:00;2020-07-26 04:30:00;122.0
1071729215;2020-07-26 04:30:00;2020-07-26 05:00:00;122.0
1071729215;2020-07-26 05:00:00;2020-07-26 05:30:00;114.0
1071729215;2020-07-26 05:30:00;2020-07-26 06:00:00;118.26666666666667
1071729215;2020-07-26 06:00:00;2020-07-26 06:30:00;116.43333333333334
1071729215;2020-07-26 06:30:00;2020-07-26 07:00:00;114.5
1071729215;2020-07-26 07:00:00;2020-07-26 07:30:00;97.76666666666667
1071729215;2020-07-26 07:30:00;2020-07-26 08:00:00;104.1
1071729215;2020-07-26 08:00:00;2020-07-26 08:30:00;108.53333333333333
1071729215;2020-07-26 08:30:00;2020-07-26 09:00:00;100.23333333333333
1071729215;2020-07-26 09:00:00;2020-07-26 09:30:00;98.23333333333333
1071729215;2020-07-26 09:30:00;2020-07-26 10:00:00;107.16666666666667
1071729215;2020-07-26 10:00:00;2020-07-26 10:30:00;109.43333333333334
1071729215;2020-07-26 10:30:00;2020-07-26 11:00:00;95.8
1071729215;2020-07-26 11:00:00;2020-07-26 11:30:00;106.4
1071729215;2020-07-26 11:30:00;2020-07-26 12:00:00;110.86666666666666
1071729215;2020-07-26 12:00:00;2020-07-26 12:30:00;102.56666666666666
1071729215;2020-07-26 12:30:00;2020-07-26 13:00:00;93.13333333333334
1071729215;2020-07-26 13:00:00;2020-07-26 13:30:00;95.83333333333333
1071729215;2020-07-26 13:30:00;2020-07-26 14:00:00;95.3
1071729215;2020-07-26 14:00:00;2020-07-26 14:30:00;84.9
1071729215;2020-07-26 14:30:00;2020-07-26 15:00:00;84.06666666666666
1071729215;2020-07-26 15:00:00;2020-07-26 15:30:00;91.8
1071729215;2020-07-26 15:30:00;2020-07-26 16:00:00;94.96666666666667
1071729215;2020-07-26 16:00:00;2020-07-26 16:30:00;81.16666666666667
1071729215;2020-07-26 16:30:00;2020-07-26 17:00:00;119.03333333333333
1071729215;2020-07-26 17:00:00;2020-07-26 17:30:00;94.66666666666667
1071729215;2020-07-26 17:30:00;2020-07-26 18:00:00;92.26666666666667
1071729215;2020-07-26 18:00:00;2020-07-26 18:30:00;109.8
1071729215;2020-07-26 18:30:00;2020-07-26 19:00:00;115.86666666666666
1071729215;2020-07-26 19:00:00;2020-07-26 19:30:00;114.43333333333334
1071729215;2020-07-26 19:30:00;2020-07-26 20:00:00;113.4
1071729215;2020-07-26 20:00:00;2020-07-26 20:30:00;123.6
1071729215;2020-07-26 20:30:00;2020-07-26 21:00:00;108.1
1071729215;2020-07-26 21:00:00;2020-07-26 21:30:00;103.0
1071729215;2020-07-26 21:30:00;2020-07-26 22:00:00;110.03333333333333
1071729215;2020-07-26 22:00:00;2020-07-26 22:30:00;103.66666666666667
1071729215;2020-07-26 22:30:00;2020-07-26 23:00:00;116.8
1071729215;2020-07-26 23:00:00;2020-07-26 23:30:00;109.8
1071729215;2020-07-26 23:30:00;2020-07-26 23:59:59;136.66666666666666
1071729215;2020-07-27 00:00:00;2020-07-27 00:30:00;129.33333333333334
1071729215;2020-07-27 00:30:00;2020-07-27 01:00:00;108.83333333333333
1071729215;2020-07-27 01:00:00;2020-07-27 01:30:00;103.0
1071729215;2020-07-27 01:30:00;2020-07-27 02:00:00;102.93333333333334
1071729215;2020-07-27 02:00:00;2020-07-27 02:30:00;100.53333333333333
1071729215;2020-07-27 02:30:00;2020-07-27 03:00:00;103.0
1071729215;2020-07-27 03:00:00;2020-07-27 03:30:00;111.6
1071729215;2020-07-27 03:30:00;2020-07-27 04:00:00;103.33333333333333
1071729215;2020-07-27 04:00:00;2020-07-27 04:30:00;107.5
1071729215;2020-07-27 04:30:00;2020-07-27 05:00:00;104.0
1071729215;2020-07-27 05:00:00;2020-07-27 05:30:00;109.5
1071729215;2020-07-27 05:30:00;2020-07-27 06:00:00;109.16666666666667
1071729215;2020-07-27 06:00:00;2020-07-27 06:30:00;110.16666666666667
1071729215;2020-07-27 06:30:00;2020-07-27 07:00:00;111.76666666666667
1071729215;2020-07-27 07:00:00;2020-07-27 07:30:00;95.8
1071729215;2020-07-27 07:30:00;2020-07-27 08:00:00;98.16666666666667
1071729215;2020-07-27 08:00:00;2020-07-27 08:30:00;102.16666666666667
1071729215;2020-07-27 08:30:00;2020-07-27 09:00:00;106.3076923076923
1071729215;2020-07-27 09:00:00;2020-07-27 09:30:00;110.8
1071729215;2020-07-27 09:30:00;2020-07-27 10:00:00;105.6
1071729215;2020-07-27 10:00:00;2020-07-27 10:30:00;101.53333333333333
1071729215;2020-07-27 10:30:00;2020-07-27 11:00:00;102.0
1071729215;2020-07-27 11:00:00;2020-07-27 11:30:00;88.03333333333333
1071729215;2020-07-27 11:30:00;2020-07-27 12:00:00;88.46666666666667
1071729215;2020-07-27 12:00:00;2020-07-27 12:30:00;100.53333333333333
1071729215;2020-07-27 12:30:00;2020-07-27 13:00:00;100.53333333333333
1071729215;2020-07-27 13:00:00;2020-07-27 13:30:00;100.56666666666666
1071729215;2020-07-27 13:30:00;2020-07-27 14:00:00;100.93333333333334
1071729215;2020-07-27 14:00:00;2020-07-27 14:30:00;99.76666666666667
1071729215;2020-07-27 14:30:00;2020-07-27 15:00:00;95.66666666666667
1071729215;2020-07-27 15:00:00;2020-07-27 15:30:00;105.16666666666667
1071729215;2020-07-27 15:30:00;2020-07-27 16:00:00;104.86666666666666
1071729215;2020-07-27 16:00:00;2020-07-27 16:30:00;93.06666666666666
1071729215;2020-07-27 16:30:00;2020-07-27 17:00:00;112.5
1071729215;2020-07-27 17:00:00;2020-07-27 17:30:00;93.13333333333334
1071729215;2020-07-27 17:30:00;2020-07-27 18:00:00;110.66666666666667
1071729215;2020-07-27 18:00:00;2020-07-27 18:30:00;117.43333333333334
1071729215;2020-07-27 18:30:00;2020-07-27 19:00:00;107.36666666666666
1071729215;2020-07-27 19:00:00;2020-07-27 19:30:00;109.6
1071729215;2020-07-27 19:30:00;2020-07-27 20:00:00;110.86666666666666
1071729215;2020-07-27 20:00:00;2020-07-27 20:30:00;109.6
1071729215;2020-07-27 20:30:00;2020-07-27 21:00:00;99.96666666666667
1071729215;2020-07-27 21:00:00;2020-07-27 21:30:00;97.93333333333334
1071729215;2020-07-27 21:30:00;2020-07-27 22:00:00;95.36666666666666
1071729215;2020-07-27 22:00:00;2020-07-27 22:30:00;88.43333333333334
1071729215;2020-07-27 22:30:00;2020-07-27 23:00:00;88.83333333333333
1071729215;2020-07-27 23:00:00;2020-07-27 23:30:00;107.6
1071729215;2020-07-27 23:30:00;2020-07-27 23:59:59;101.13333333333334
1071729215;2020-07-28 00:00:00;2020-07-28 00:30:00;103.0
1071729215;2020-07-28 00:30:00;2020-07-28 01:00:00;103.0
1071729215;2020-07-28 01:00:00;2020-07-28 01:30:00;103.0
1071729215;2020-07-28 01:30:00;2020-07-28 02:00:00;103.0
1071729215;2020-07-28 02:00:00;2020-07-28 02:30:00;103.0
1071729215;2020-07-28 02:30:00;2020-07-28 03:00:00;103.0
1071729215;2020-07-28 03:00:00;2020-07-28 03:30:00;98.0
1071729215;2020-07-28 03:30:00;2020-07-28 04:00:00;98.16666666666667
1071729215;2020-07-28 04:00:00;2020-07-28 04:30:00;106.2
1071729215;2020-07-28 04:30:00;2020-07-28 05:00:00;106.23333333333333
1071729215;2020-07-28 05:00:00;2020-07-28 05:30:00;98.16666666666667
1071729215;2020-07-28 05:30:00;2020-07-28 06:00:00;103.4
1071729215;2020-07-28 06:00:00;2020-07-28 06:30:00;102.86666666666666
1071729215;2020-07-28 06:30:00;2020-07-28 07:00:00;102.46666666666667
1071729215;2020-07-28 07:00:00;2020-07-28 07:30:00;102.13333333333334
1071729215;2020-07-28 07:30:00;2020-07-28 08:00:00;97.03333333333333
1071729215;2020-07-28 08:00:00;2020-07-28 08:30:00;107.6
1071729215;2020-07-28 08:30:00;2020-07-28 09:00:00;93.76666666666667
1071729215;2020-07-28 09:00:00;2020-07-28 09:30:00;92.8
1071729215;2020-07-28 09:30:00;2020-07-28 10:00:00;93.56666666666666
1071729215;2020-07-28 10:00:00;2020-07-28 10:30:00;102.2
1071729215;2020-07-28 10:30:00;2020-07-28 11:00:00;90.1
1071729215;2020-07-28 11:00:00;2020-07-28 11:30:00;99.06666666666666
1071729215;2020-07-28 11:30:00;2020-07-28 12:00:00;106.13333333333334
1071729215;2020-07-28 12:00:00;2020-07-28 12:30:00;108.43333333333334
1071729215;2020-07-28 12:30:00;2020-07-28 13:00:00;89.83333333333333
1071729215;2020-07-28 13:00:00;2020-07-28 13:30:00;108.06666666666666
1071729215;2020-07-28 13:30:00;2020-07-28 14:00:00;108.46666666666667
1071729215;2020-07-28 14:00:00;2020-07-28 14:30:00;96.03333333333333
1071729215;2020-07-28 14:30:00;2020-07-28 15:00:00;85.13333333333334
1071729215;2020-07-28 15:00:00;2020-07-28 15:30:00;99.26666666666667
1071729215;2020-07-28 15:30:00;2020-07-28 16:00:00;105.5
1071729215;2020-07-28 16:00:00;2020-07-28 16:30:00;103.06666666666666
1071729215;2020-07-28 16:30:00;2020-07-28 17:00:00;109.43333333333334
1071729215;2020-07-28 17:00:00;2020-07-28 17:30:00;100.03333333333333
1071729215;2020-07-28 17:30:00;2020-07-28 18:00:00;105.9
1071729215;2020-07-28 18:00:00;2020-07-28 18:30:00;98.63333333333334
1071729215;2020-07-28 18:30:00;2020-07-28 19:00:00;99.3
1071729215;2020-07-28 19:00:00;2020-07-28 19:30:00;114.0
1071729215;2020-07-28 19:30:00;2020-07-28 20:00:00;105.2
1071729215;2020-07-28 20:00:00;2020-07-28 20:30:00;94.06666666666666
1071729215;2020-07-28 20:30:00;2020-07-28 21:00:00;106.23333333333333
1071729215;2020-07-28 21:00:00;2020-07-28 21:30:00;95.7
1071729215;2020-07-28 21:30:00;2020-07-28 22:00:00;88.3
1071729215;2020-07-28 22:00:00;2020-07-28 22:30:00;82.6
1071729215;2020-07-28 22:30:00;2020-07-28 23:00:00;90.9
1071729215;2020-07-28 23:00:00;2020-07-28 23:30:00;100.8
1071729215;2020-07-28 23:30:00;2020-07-28 23:59:59;103.0
1071729215;2020-07-29 00:00:00;2020-07-29 00:30:00;96.96666666666667
1071729215;2020-07-29 00:30:00;2020-07-29 01:00:00;103.0
1071729215;2020-07-29 01:00:00;2020-07-29 01:30:00;108.26666666666667
1071729215;2020-07-29 01:30:00;2020-07-29 02:00:00;103.0
1071729215;2020-07-29 02:00:00;2020-07-29 02:30:00;103.0
1071729215;2020-07-29 02:30:00;2020-07-29 03:00:00;102.46666666666667
1071729215;2020-07-29 03:00:00;2020-07-29 03:30:00;100.23333333333333
1071729215;2020-07-29 03:30:00;2020-07-29 04:00:00;97.26666666666667
1071729215;2020-07-29 04:00:00;2020-07-29 04:30:00;99.73333333333333
1071729215;2020-07-29 04:30:00;2020-07-29 05:00:00;114.83333333333333
1071729215;2020-07-29 05:00:00;2020-07-29 05:30:00;102.4
1071729215;2020-07-29 05:30:00;2020-07-29 06:00:00;95.1
1071729215;2020-07-29 06:00:00;2020-07-29 06:30:00;116.66666666666667
1071729215;2020-07-29 06:30:00;2020-07-29 07:00:00;96.7
1071729215;2020-07-29 07:00:00;2020-07-29 07:30:00;94.13333333333334
1071729215;2020-07-29 07:30:00;2020-07-29 08:00:00;94.63333333333334
1071729215;2020-07-29 08:00:00;2020-07-29 08:30:00;96.4
1071729215;2020-07-29 08:30:00;2020-07-29 09:00:00;76.43333333333334
1071729215;2020-07-29 09:00:00;2020-07-29 09:30:00;111.56666666666666
1071729215;2020-07-29 09:30:00;2020-07-29 10:00:00;85.33333333333333
1071729215;2020-07-29 10:00:00;2020-07-29 10:30:00;99.53333333333333
1071729215;2020-07-29 10:30:00;2020-07-29 11:00:00;99.0
1071729215;2020-07-29 11:00:00;2020-07-29 11:30:00;104.8
1071729215;2020-07-29 11:30:00;2020-07-29 12:00:00;76.1
1071729215;2020-07-29 12:00:00;2020-07-29 12:30:00;82.33333333333333
1071729215;2020-07-29 12:30:00;2020-07-29 13:00:00;86.5
1071729215;2020-07-29 13:00:00;2020-07-29 13:30:00;97.43333333333334
1071729215;2020-07-29 13:30:00;2020-07-29 14:00:00;93.23333333333333
1071729215;2020-07-29 14:00:00;2020-07-29 14:30:00;90.76666666666667
1071729215;2020-07-29 14:30:00;2020-07-29 15:00:00;91.56666666666666
1071729215;2020-07-29 15:00:00;2020-07-29 15:30:00;90.96666666666667
1071729215;2020-07-29 15:30:00;2020-07-29 16:00:00;93.73333333333333
1071729215;2020-07-29 16:00:00;2020-07-29 16:30:00;110.8
1071729215;2020-07-29 16:30:00;2020-07-29 17:00:00;105.16666666666667
1071729215;2020-07-29 17:00:00;2020-07-29 17:30:00;90.53333333333333
1071729215;2020-07-29 17:30:00;2020-07-29 18:00:00;100.55555555555556
1071729215;2020-07-29 18:00:00;2020-07-29 18:30:00;100.06666666666666
1071729215;2020-07-29 18:30:00;2020-07-29 19:00:00;100.13333333333334
1071729215;2020-07-29 19:00:00;2020-07-29 19:30:00;98.13333333333334
1071729215;2020-07-29 19:30:00;2020-07-29 20:00:00;104.3
1071729215;2020-07-29 20:00:00;2020-07-29 20:30:00;97.26666666666667
1071729215;2020-07-29 20:30:00;2020-07-29 21:00:00;109.8
1071729215;2020-07-29 21:00:00;2020-07-29 21:30:00;97.46666666666667
1071729215;2020-07-29 21:30:00;2020-07-29 22:00:00;104.6
1071729215;2020-07-29 22:00:00;2020-07-29 22:30:00;102.5
1071729215;2020-07-29 22:30:00;2020-07-29 23:00:00;103.0
1071729215;2020-07-29 23:00:00;2020-07-29 23:30:00;102.26666666666667
1071729215;2020-07-29 23:30:00;2020-07-29 23:59:59;103.0
1071729215;2020-07-30 00:00:00;2020-07-30 00:30:00;103.0
1071729215;2020-07-30 00:30:00;2020-07-30 01:00:00;103.0
1071729215;2020-07-30 01:00:00;2020-07-30 01:30:00;103.0
1071729215;2020-07-30 01:30:00;2020-07-30 02:00:00;103.0
1071729215;2020-07-30 02:00:00;2020-07-30 02:30:00;103.0
1071729215;2020-07-30 02:30:00;2020-07-30 03:00:00;103.0
1071729215;2020-07-30 03:00:00;2020-07-30 03:30:00;100.0
1071729215;2020-07-30 03:30:00;2020-07-30 04:00:00;100.0
1071729215;2020-07-30 04:00:00;2020-07-30 04:30:00;108.26666666666667
1071729215;2020-07-30 04:30:00;2020-07-30 05:00:00;100.2
1071729215;2020-07-30 05:00:00;2020-07-30 05:30:00;103.3
1071729215;2020-07-30 05:30:00;2020-07-30 06:00:00;104.53333333333333
1071729215;2020-07-30 06:00:00;2020-07-30 06:30:00;97.06666666666666
1071729215;2020-07-30 06:30:00;2020-07-30 07:00:00;100.03333333333333
1071729215;2020-07-30 07:00:00;2020-07-30 07:30:00;106.1
1071729215;2020-07-30 07:30:00;2020-07-30 08:00:00;107.0
1071729215;2020-07-30 08:00:00;2020-07-30 08:30:00;105.63333333333334
1071729215;2020-07-30 08:30:00;2020-07-30 09:00:00;107.1
1071729215;2020-07-30 09:00:00;2020-07-30 09:30:00;100.46666666666667
1071729215;2020-07-30 09:30:00;2020-07-30 10:00:00;93.3
1071729215;2020-07-30 10:00:00;2020-07-30 10:30:00;91.5
1071729215;2020-07-30 10:30:00;2020-07-30 11:00:00;95.26666666666667
1071729215;2020-07-30 11:00:00;2020-07-30 11:30:00;99.5
1071729215;2020-07-30 11:30:00;2020-07-30 12:00:00;98.0
1071729215;2020-07-30 12:00:00;2020-07-30 12:30:00;93.2
1071729215;2020-07-30 12:30:00;2020-07-30 13:00:00;88.36666666666666
1071729215;2020-07-30 13:00:00;2020-07-30 13:30:00;88.03333333333333
1071729215;2020-07-30 13:30:00;2020-07-30 14:00:00;91.96666666666667
1071729215;2020-07-30 14:00:00;2020-07-30 14:30:00;92.83333333333333
1071729215;2020-07-30 14:30:00;2020-07-30 15:00:00;83.23333333333333
1071729215;2020-07-30 15:00:00;2020-07-30 15:30:00;89.36666666666666
1071729215;2020-07-30 15:30:00;2020-07-30 16:00:00;88.36666666666666
1071729215;2020-07-30 16:00:00;2020-07-30 16:30:00;98.6
1071729215;2020-07-30 16:30:00;2020-07-30 17:00:00;81.26666666666667
1071729215;2020-07-30 17:00:00;2020-07-30 17:30:00;105.86666666666666
1071729215;2020-07-30 17:30:00;2020-07-30 18:00:00;107.86666666666666
1071729215;2020-07-30 18:00:00;2020-07-30 18:30:00;108.7
1071729215;2020-07-30 18:30:00;2020-07-30 19:00:00;113.83333333333333
1071729215;2020-07-30 19:00:00;2020-07-30 19:30:00;114.6
1071729215;2020-07-30 19:30:00;2020-07-30 20:00:00;106.1
1071729215;2020-07-30 20:00:00;2020-07-30 20:30:00;108.8
1071729215;2020-07-30 20:30:00;2020-07-30 21:00:00;115.96666666666667
1071729215;2020-07-30 21:00:00;2020-07-30 21:30:00;113.36666666666666
1071729215;2020-07-30 21:30:00;2020-07-30 22:00:00;103.0
1071729215;2020-07-30 22:00:00;2020-07-30 22:30:00;103.0
1071729215;2020-07-30 22:30:00;2020-07-30 23:00:00;94.83333333333333
1071729215;2020-07-30 23:00:00;2020-07-30 23:30:00;93.63333333333334
1071729215;2020-07-30 23:30:00;2020-07-30 23:59:59;93.5
1071729215;2020-07-31 00:00:00;2020-07-31 00:30:00;84.4
1071729215;2020-07-31 00:30:00;2020-07-31 01:00:00;92.86666666666666
1071729215;2020-07-31 01:00:00;2020-07-31 01:30:00;103.26666666666667
1071729215;2020-07-31 01:30:00;2020-07-31 02:00:00;103.0
1071729215;2020-07-31 02:00:00;2020-07-31 02:30:00;103.0
1071729215;2020-07-31 02:30:00;2020-07-31 03:00:00;103.0
1071729215;2020-07-31 03:00:00;2020-07-31 03:30:00;101.0
1071729215;2020-07-31 03:30:00;2020-07-31 04:00:00;102.0
1071729215;2020-07-31 04:00:00;2020-07-31 04:30:00;99.93333333333334
1071729215;2020-07-31 04:30:00;2020-07-31 05:00:00;107.73333333333333
1071729215;2020-07-31 05:00:00;2020-07-31 05:30:00;111.93333333333334
1071729215;2020-07-31 05:30:00;2020-07-31 06:00:00;112.93333333333334
1071729215;2020-07-31 06:00:00;2020-07-31 06:30:00;102.4
1071729215;2020-07-31 06:30:00;2020-07-31 07:00:00;110.1
1071729215;2020-07-31 07:00:00;2020-07-31 07:30:00;110.63333333333334
1071729215;2020-07-31 07:30:00;2020-07-31 08:00:00;106.3
1071729215;2020-07-31 08:00:00;2020-07-31 08:30:00;97.96666666666667
1071729215;2020-07-31 08:30:00;2020-07-31 09:00:00;91.9
1071729215;2020-07-31 09:00:00;2020-07-31 09:30:00;93.9
1071729215;2020-07-31 09:30:00;2020-07-31 10:00:00;92.5
1071729215;2020-07-31 10:00:00;2020-07-31 10:30:00;99.2
1071729215;2020-07-31 10:30:00;2020-07-31 11:00:00;96.8
1071729215;2020-07-31 11:00:00;2020-07-31 11:30:00;104.56666666666666
1071729215;2020-07-31 11:30:00;2020-07-31 12:00:00;99.53333333333333
1071729215;2020-07-31 12:00:00;2020-07-31 12:30:00;101.63333333333334
1071729215;2020-07-31 12:30:00;2020-07-31 13:00:00;104.03333333333333
1071729215;2020-07-31 13:00:00;2020-07-31 13:30:00;96.4
1071729215;2020-07-31 13:30:00;2020-07-31 14:00:00;104.2
1071729215;2020-07-31 14:00:00;2020-07-31 14:30:00;100.4
1071729215;2020-07-31 14:30:00;2020-07-31 15:00:00;99.86666666666666
1071729215;2020-07-31 15:00:00;2020-07-31 15:30:00;94.53333333333333
1071729215;2020-07-31 15:30:00;2020-07-31 16:00:00;91.56666666666666
1071729215;2020-07-31 16:00:00;2020-07-31 16:30:00;97.36666666666666
1071729215;2020-07-31 16:30:00;2020-07-31 17:00:00;91.23333333333333
1071729215;2020-07-31 17:00:00;2020-07-31 17:30:00;103.16666666666667
1071729215;2020-07-31 17:30:00;2020-07-31 18:00:00;114.6
1071729215;2020-07-31 18:00:00;2020-07-31 18:30:00;117.63333333333334
1071729215;2020-07-31 18:30:00;2020-07-31 19:00:00;111.13333333333334
1071729215;2020-07-31 19:00:00;2020-07-31 19:30:00;115.66666666666667
1071729215;2020-07-31 19:30:00;2020-07-31 20:00:00;120.7
1071729215;2020-07-31 20:00:00;2020-07-31 20:30:00;112.23333333333333
1071729215;2020-07-31 20:30:00;2020-07-31 21:00:00;108.53333333333333
1071729215;2020-07-31 21:00:00;2020-07-31 21:30:00;103.0
1071729215;2020-07-31 21:30:00;2020-07-31 22:00:00;109.46666666666667
1071729215;2020-07-31 22:00:00;2020-07-31 22:30:00;113.36666666666666
1071729215;2020-07-31 22:30:00;2020-07-31 23:00:00;103.0
1071729215;2020-07-31 23:00:00;2020-07-31 23:30:00;103.0
1071729215;2020-07-31 23:30:00;2020-07-31 23:59:59;103.0
1071729215;2020-08-01 00:00:00;2020-08-01 00:30:00;98.86666666666666
1071729215;2020-08-01 00:30:00;2020-08-01 01:00:00;102.3
1071729215;2020-08-01 01:00:00;2020-08-01 01:30:00;100.0
1071729215;2020-08-01 01:30:00;2020-08-01 02:00:00;101.4
1071729215;2020-08-01 02:00:00;2020-08-01 02:30:00;107.0
1071729215;2020-08-01 02:30:00;2020-08-01 03:00:00;104.0
1071729215;2020-08-01 03:00:00;2020-08-01 03:30:00;108.0
1071729215;2020-08-01 03:30:00;2020-08-01 04:00:00;109.4
1071729215;2020-08-01 04:00:00;2020-08-01 04:30:00;109.16666666666667
1071729215;2020-08-01 04:30:00;2020-08-01 05:00:00;102.43333333333334
1071729215;2020-08-01 05:00:00;2020-08-01 05:30:00;107.33333333333333
1071729215;2020-08-01 05:30:00;2020-08-01 06:00:00;111.4
1071729215;2020-08-01 06:00:00;2020-08-01 06:30:00;115.06666666666666
1071729215;2020-08-01 06:30:00;2020-08-01 07:00:00;107.4
1071729215;2020-08-01 07:00:00;2020-08-01 07:30:00;114.56666666666666
1071729215;2020-08-01 07:30:00;2020-08-01 08:00:00;109.96666666666667
1071729215;2020-08-01 08:00:00;2020-08-01 08:30:00;111.2
1071729215;2020-08-01 08:30:00;2020-08-01 09:00:00;106.16666666666667
1071729215;2020-08-01 09:00:00;2020-08-01 09:30:00;109.56666666666666
1071729215;2020-08-01 09:30:00;2020-08-01 10:00:00;95.83333333333333
1071729215;2020-08-01 10:00:00;2020-08-01 10:30:00;96.43333333333334
1071729215;2020-08-01 10:30:00;2020-08-01 11:00:00;109.06666666666666
1071729215;2020-08-01 11:00:00;2020-08-01 11:30:00;104.03333333333333
1071729215;2020-08-01 11:30:00;2020-08-01 12:00:00;100.8
1071729215;2020-08-01 12:00:00;2020-08-01 12:30:00;100.76666666666667
1071729215;2020-08-01 12:30:00;2020-08-01 13:00:00;105.8
1071729215;2020-08-01 13:00:00;2020-08-01 13:30:00;104.26666666666667
1071729215;2020-08-01 13:30:00;2020-08-01 14:00:00;100.66666666666667
1071729215;2020-08-01 14:00:00;2020-08-01 14:30:00;118.13333333333334
1071729215;2020-08-01 14:30:00;2020-08-01 15:00:00;102.2
1071729215;2020-08-01 15:00:00;2020-08-01 15:30:00;117.16666666666667
1071729215;2020-08-01 15:30:00;2020-08-01 16:00:00;103.9
1071729215;2020-08-01 16:00:00;2020-08-01 16:30:00;103.6
1071729215;2020-08-01 16:30:00;2020-08-01 17:00:00;100.83333333333333
1071729215;2020-08-01 17:00:00;2020-08-01 17:30:00;109.16666666666667
1071729215;2020-08-01 17:30:00;2020-08-01 18:00:00;121.26666666666667
1071729215;2020-08-01 18:00:00;2020-08-01 18:30:00;113.6
1071729215;2020-08-01 18:30:00;2020-08-01 19:00:00;114.5
1071729215;2020-08-01 19:00:00;2020-08-01 19:30:00;113.9
1071729215;2020-08-01 19:30:00;2020-08-01 20:00:00;110.3
1071729215;2020-08-01 20:00:00;2020-08-01 20:30:00;111.8
1071729215;2020-08-01 20:30:00;2020-08-01 21:00:00;111.53333333333333
1071729215;2020-08-01 21:00:00;2020-08-01 21:30:00;106.73333333333333
1071729215;2020-08-01 21:30:00;2020-08-01 22:00:00;103.0
1071729215;2020-08-01 22:00:00;2020-08-01 22:30:00;103.0
1071729215;2020-08-01 22:30:00;2020-08-01 23:00:00;102.03333333333333
1071729215;2020-08-01 23:00:00;2020-08-01 23:30:00;107.13333333333334
1071729215;2020-08-01 23:30:00;2020-08-01 23:59:59;100.1
1071729215;2020-08-02 00:00:00;2020-08-02 00:30:00;102.66666666666667
1071729215;2020-08-02 00:30:00;2020-08-02 01:00:00;101.93333333333334
1071729215;2020-08-02 01:00:00;2020-08-02 01:30:00;103.0
1071729215;2020-08-02 01:30:00;2020-08-02 02:00:00;104.53333333333333
1071729215;2020-08-02 02:00:00;2020-08-02 02:30:00;102.93333333333334
1071729215;2020-08-02 02:30:00;2020-08-02 03:00:00;107.03333333333333
1071729215;2020-08-02 03:00:00;2020-08-02 03:30:00;106.07142857142857
1071729215;2020-08-02 03:30:00;2020-08-02 04:00:00;110.46666666666667
1071729215;2020-08-02 04:00:00;2020-08-02 04:30:00;122.0
1071729215;2020-08-02 04:30:00;2020-08-02 05:00:00;122.0
1071729215;2020-08-02 05:00:00;2020-08-02 05:30:00;114.0
1071729215;2020-08-02 05:30:00;2020-08-02 06:00:00;114.0
1071729215;2020-08-02 06:00:00;2020-08-02 06:30:00;116.86666666666666
1071729215;2020-08-02 06:30:00;2020-08-02 07:00:00;110.9
1071729215;2020-08-02 07:00:00;2020-08-02 07:30:00;113.1
1071729215;2020-08-02 07:30:00;2020-08-02 08:00:00;98.96666666666667
1071729215;2020-08-02 08:00:00;2020-08-02 08:30:00;105.0
1071729215;2020-08-02 08:30:00;2020-08-02 09:00:00;113.3
1071729215;2020-08-02 09:00:00;2020-08-02 09:30:00;98.23333333333333
1071729215;2020-08-02 09:30:00;2020-08-02 10:00:00;110.6
1071729215;2020-08-02 10:00:00;2020-08-02 10:30:00;94.3
1071729215;2020-08-02 10:30:00;2020-08-02 11:00:00;96.96666666666667
1071729215;2020-08-02 11:00:00;2020-08-02 11:30:00;106.66666666666667
1071729215;2020-08-02 11:30:00;2020-08-02 12:00:00;103.66666666666667
1071729215;2020-08-02 12:00:00;2020-08-02 12:30:00;101.16666666666667
1071729215;2020-08-02 12:30:00;2020-08-02 13:00:00;96.26666666666667
1071729215;2020-08-02 13:00:00;2020-08-02 13:30:00;96.8
1071729215;2020-08-02 13:30:00;2020-08-02 14:00:00;91.26666666666667
1071729215;2020-08-02 14:00:00;2020-08-02 14:30:00;88.56666666666666
1071729215;2020-08-02 14:30:00;2020-08-02 15:00:00;98.76666666666667
1071729215;2020-08-02 15:00:00;2020-08-02 15:30:00;94.83333333333333
1071729215;2020-08-02 15:30:00;2020-08-02 16:00:00;87.3
1071729215;2020-08-02 16:00:00;2020-08-02 16:30:00;89.03333333333333
1071729215;2020-08-02 16:30:00;2020-08-02 17:00:00;97.7
1071729215;2020-08-02 17:00:00;2020-08-02 17:30:00;92.43333333333334
1071729215;2020-08-02 17:30:00;2020-08-02 18:00:00;94.86666666666666
1071729215;2020-08-02 18:00:00;2020-08-02 18:30:00;91.4
1071729215;2020-08-02 18:30:00;2020-08-02 19:00:00;90.1
1071729215;2020-08-02 19:00:00;2020-08-02 19:30:00;91.73333333333333
1071729215;2020-08-02 19:30:00;2020-08-02 20:00:00;104.63333333333334
1071729215;2020-08-02 20:00:00;2020-08-02 20:30:00;120.7
1071729215;2020-08-02 20:30:00;2020-08-02 21:00:00;108.26666666666667
1071729215;2020-08-02 21:00:00;2020-08-02 21:30:00;102.0
1071729215;2020-08-02 21:30:00;2020-08-02 22:00:00;105.4
1071729215;2020-08-02 22:00:00;2020-08-02 22:30:00;103.0
1071729215;2020-08-02 22:30:00;2020-08-02 23:00:00;103.0
1071729215;2020-08-02 23:00:00;2020-08-02 23:30:00;103.0
1071729215;2020-08-02 23:30:00;2020-08-02 23:59:59;103.0
1071729215;2020-08-03 00:00:00;2020-08-03 00:30:00;103.0
1071729215;2020-08-03 00:30:00;2020-08-03 01:00:00;103.0
1071729215;2020-08-03 01:00:00;2020-08-03 01:30:00;103.0
1071729215;2020-08-03 01:30:00;2020-08-03 02:00:00;100.03333333333333
1071729215;2020-08-03 02:00:00;2020-08-03 02:30:00;96.07407407407408
1071729215;2020-08-03 02:30:00;2020-08-03 03:00:00;91.43333333333334
1071729215;2020-08-03 03:00:00;2020-08-03 03:30:00;89.11111111111111
1071729215;2020-08-03 03:30:00;2020-08-03 04:00:00;99.2
1071729215;2020-08-03 04:00:00;2020-08-03 04:30:00;111.6
1071729215;2020-08-03 04:30:00;2020-08-03 05:00:00;114.13333333333334
1071729215;2020-08-03 05:00:00;2020-08-03 05:30:00;99.76666666666667
1071729215;2020-08-03 05:30:00;2020-08-03 06:00:00;110.6
1071729215;2020-08-03 06:00:00;2020-08-03 06:30:00;111.6
1071729215;2020-08-03 06:30:00;2020-08-03 07:00:00;96.3
1071729215;2020-08-03 07:00:00;2020-08-03 07:30:00;110.5
1071729215;2020-08-03 07:30:00;2020-08-03 08:00:00;105.33333333333333
1071729215;2020-08-03 08:00:00;2020-08-03 08:30:00;91.9
1071729215;2020-08-03 08:30:00;2020-08-03 09:00:00;107.56666666666666
1071729215;2020-08-03 09:00:00;2020-08-03 09:30:00;104.3
1071729215;2020-08-03 09:30:00;2020-08-03 10:00:00;97.93333333333334
1071729215;2020-08-03 10:00:00;2020-08-03 10:30:00;101.13333333333334
1071729215;2020-08-03 10:30:00;2020-08-03 11:00:00;98.73333333333333
1071729215;2020-08-03 11:00:00;2020-08-03 11:30:00;93.03333333333333
1071729215;2020-08-03 11:30:00;2020-08-03 12:00:00;97.1
1071729215;2020-08-03 12:00:00;2020-08-03 12:30:00;102.23333333333333
1071729215;2020-08-03 12:30:00;2020-08-03 13:00:00;96.66666666666667
1071729215;2020-08-03 13:00:00;2020-08-03 13:30:00;92.53333333333333
1071729215;2020-08-03 13:30:00;2020-08-03 14:00:00;98.33333333333333
1071729215;2020-08-03 14:00:00;2020-08-03 14:30:00;104.36666666666666
1071729215;2020-08-03 14:30:00;2020-08-03 15:00:00;105.33333333333333
1071729215;2020-08-03 15:00:00;2020-08-03 15:30:00;95.13333333333334
1071729215;2020-08-03 15:30:00;2020-08-03 16:00:00;114.73333333333333
1071729215;2020-08-03 16:00:00;2020-08-03 16:30:00;105.5
1071729215;2020-08-03 16:30:00;2020-08-03 17:00:00;99.7
1071729215;2020-08-03 17:00:00;2020-08-03 17:30:00;102.96666666666667
1071729215;2020-08-03 17:30:00;2020-08-03 18:00:00;97.66666666666667
1071729215;2020-08-03 18:00:00;2020-08-03 18:30:00;97.8
1071729215;2020-08-03 18:30:00;2020-08-03 19:00:00;115.26666666666667
1071729215;2020-08-03 19:00:00;2020-08-03 19:30:00;100.06666666666666
1071729215;2020-08-03 19:30:00;2020-08-03 20:00:00;103.66666666666667
1071729215;2020-08-03 20:00:00;2020-08-03 20:30:00;117.2
1071729215;2020-08-03 20:30:00;2020-08-03 21:00:00;107.0
1071729215;2020-08-03 21:00:00;2020-08-03 21:30:00;104.46666666666667
1071729215;2020-08-03 21:30:00;2020-08-03 22:00:00;111.83333333333333
1071729215;2020-08-03 22:00:00;2020-08-03 22:30:00;105.93333333333334
1071729215;2020-08-03 22:30:00;2020-08-03 23:00:00;103.0
1071729215;2020-08-03 23:00:00;2020-08-03 23:30:00;103.0
1071729215;2020-08-03 23:30:00;2020-08-03 23:59:59;103.0
1071729215;2020-08-04 00:00:00;2020-08-04 00:30:00;103.0
1071729215;2020-08-04 00:30:00;2020-08-04 01:00:00;103.0
1071729215;2020-08-04 01:00:00;2020-08-04 01:30:00;103.0
1071729215;2020-08-04 01:30:00;2020-08-04 02:00:00;103.0
1071729215;2020-08-04 02:00:00;2020-08-04 02:30:00;103.0
1071729215;2020-08-04 02:30:00;2020-08-04 03:00:00;103.0
1071729215;2020-08-04 03:00:00;2020-08-04 03:30:00;98.0
1071729215;2020-08-04 03:30:00;2020-08-04 04:00:00;98.33333333333333
1071729215;2020-08-04 04:00:00;2020-08-04 04:30:00;98.6
1071729215;2020-08-04 04:30:00;2020-08-04 05:00:00;105.36666666666666
1071729215;2020-08-04 05:00:00;2020-08-04 05:30:00;113.83333333333333
1071729215;2020-08-04 05:30:00;2020-08-04 06:00:00;111.1
1071729215;2020-08-04 06:00:00;2020-08-04 06:30:00;107.7
1071729215;2020-08-04 06:30:00;2020-08-04 07:00:00;106.16666666666667
1071729215;2020-08-04 07:00:00;2020-08-04 07:30:00;101.16666666666667
1071729215;2020-08-04 07:30:00;2020-08-04 08:00:00;95.63333333333334
1071729215;2020-08-04 08:00:00;2020-08-04 08:30:00;97.6
1071729215;2020-08-04 08:30:00;2020-08-04 09:00:00;105.4
1071729215;2020-08-04 09:00:00;2020-08-04 09:30:00;96.2
1071729215;2020-08-04 09:30:00;2020-08-04 10:00:00;105.13333333333334
1071729215;2020-08-04 10:00:00;2020-08-04 10:30:00;103.76666666666667
1071729215;2020-08-04 10:30:00;2020-08-04 11:00:00;104.56666666666666
1071729215;2020-08-04 11:00:00;2020-08-04 11:30:00;90.66666666666667
1071729215;2020-08-04 11:30:00;2020-08-04 12:00:00;96.06666666666666
1071729215;2020-08-04 12:00:00;2020-08-04 12:30:00;98.06666666666666
1071729215;2020-08-04 12:30:00;2020-08-04 13:00:00;85.2
1071729215;2020-08-04 13:00:00;2020-08-04 13:30:00;94.5
1071729215;2020-08-04 13:30:00;2020-08-04 14:00:00;92.0
1071729215;2020-08-04 14:00:00;2020-08-04 14:30:00;96.83333333333333
1071729215;2020-08-04 14:30:00;2020-08-04 15:00:00;88.0
1071729215;2020-08-04 15:00:00;2020-08-04 15:30:00;91.7
1071729215;2020-08-04 15:30:00;2020-08-04 16:00:00;106.76666666666667
1071729215;2020-08-04 16:00:00;2020-08-04 16:30:00;115.4
1071729215;2020-08-04 16:30:00;2020-08-04 17:00:00;104.2
1071729215;2020-08-04 17:00:00;2020-08-04 17:30:00;100.0
1071729215;2020-08-04 17:30:00;2020-08-04 18:00:00;112.33333333333333
1071729215;2020-08-04 18:00:00;2020-08-04 18:30:00;113.86666666666666
1071729215;2020-08-04 18:30:00;2020-08-04 19:00:00;112.36666666666666
1071729215;2020-08-04 19:00:00;2020-08-04 19:30:00;91.1
1071729215;2020-08-04 19:30:00;2020-08-04 20:00:00;104.86666666666666
1071729215;2020-08-04 20:00:00;2020-08-04 20:30:00;113.53333333333333
1071729215;2020-08-04 20:30:00;2020-08-04 21:00:00;114.23333333333333
1071729215;2020-08-04 21:00:00;2020-08-04 21:30:00;98.73333333333333
1071729215;2020-08-04 21:30:00;2020-08-04 22:00:00;116.36666666666666
1071729215;2020-08-04 22:00:00;2020-08-04 22:30:00;104.36666666666666
1071729215;2020-08-04 22:30:00;2020-08-04 23:00:00;118.83333333333333
1071729215;2020-08-04 23:00:00;2020-08-04 23:30:00;103.66666666666667
1071729215;2020-08-04 23:30:00;2020-08-04 23:59:59;105.23333333333333
1071729215;2020-08-05 00:00:00;2020-08-05 00:30:00;104.1
1071729215;2020-08-05 00:30:00;2020-08-05 01:00:00;103.0
1071729215;2020-08-05 01:00:00;2020-08-05 01:30:00;103.0
1071729215;2020-08-05 01:30:00;2020-08-05 02:00:00;103.0
1071729215;2020-08-05 02:00:00;2020-08-05 02:30:00;100.1
1071729215;2020-08-05 02:30:00;2020-08-05 03:00:00;97.1
1071729215;2020-08-05 03:00:00;2020-08-05 03:30:00;95.5
1071729215;2020-08-05 03:30:00;2020-08-05 04:00:00;98.46666666666667
1071729215;2020-08-05 04:00:00;2020-08-05 04:30:00;93.66666666666667
1071729215;2020-08-05 04:30:00;2020-08-05 05:00:00;115.93333333333334
1071729215;2020-08-05 05:00:00;2020-08-05 05:30:00;105.46666666666667
1071729215;2020-08-05 05:30:00;2020-08-05 06:00:00;104.66666666666667
1071729215;2020-08-05 06:00:00;2020-08-05 06:30:00;105.76666666666667
1071729215;2020-08-05 06:30:00;2020-08-05 07:00:00;92.65517241379311
1071729215;2020-08-05 07:00:00;2020-08-05 07:30:00;100.76666666666667
1071729215;2020-08-05 07:30:00;2020-08-05 08:00:00;104.7
1071729215;2020-08-05 08:00:00;2020-08-05 08:30:00;107.56666666666666
1071729215;2020-08-05 08:30:00;2020-08-05 09:00:00;108.9
1071729215;2020-08-05 09:00:00;2020-08-05 09:30:00;102.76666666666667
1071729215;2020-08-05 09:30:00;2020-08-05 10:00:00;105.2
1071729215;2020-08-05 10:00:00;2020-08-05 10:30:00;109.0
1071729215;2020-08-05 10:30:00;2020-08-05 11:00:00;86.76666666666667
1071729215;2020-08-05 11:00:00;2020-08-05 11:30:00;88.53333333333333
1071729215;2020-08-05 11:30:00;2020-08-05 12:00:00;96.13333333333334
1071729215;2020-08-05 12:00:00;2020-08-05 12:30:00;100.96666666666667
1071729215;2020-08-05 12:30:00;2020-08-05 13:00:00;100.96666666666667
1071729215;2020-08-05 13:00:00;2020-08-05 13:30:00;95.53333333333333
1071729215;2020-08-05 13:30:00;2020-08-05 14:00:00;104.36666666666666
1071729215;2020-08-05 14:00:00;2020-08-05 14:30:00;87.46666666666667
1071729215;2020-08-05 14:30:00;2020-08-05 15:00:00;92.83333333333333
1071729215;2020-08-05 15:00:00;2020-08-05 15:30:00;100.5
1071729215;2020-08-05 15:30:00;2020-08-05 16:00:00;105.93333333333334
1071729215;2020-08-05 16:00:00;2020-08-05 16:30:00;108.3
1071729215;2020-08-05 16:30:00;2020-08-05 17:00:00;98.86666666666666
1071729215;2020-08-05 17:00:00;2020-08-05 17:30:00;104.33333333333333
1071729215;2020-08-05 17:30:00;2020-08-05 18:00:00;105.2
1071729215;2020-08-05 18:00:00;2020-08-05 18:30:00;113.13333333333334
1071729215;2020-08-05 18:30:00;2020-08-05 19:00:00;113.73333333333333
1071729215;2020-08-05 19:00:00;2020-08-05 19:30:00;97.5
1071729215;2020-08-05 19:30:00;2020-08-05 20:00:00;114.26666666666667
1071729215;2020-08-05 20:00:00;2020-08-05 20:30:00;115.7
1071729215;2020-08-05 20:30:00;2020-08-05 21:00:00;114.5
1071729215;2020-08-05 21:00:00;2020-08-05 21:30:00;103.0
1071729215;2020-08-05 21:30:00;2020-08-05 22:00:00;103.0
1071729215;2020-08-05 22:00:00;2020-08-05 22:30:00;103.0
1071729215;2020-08-05 22:30:00;2020-08-05 23:00:00;103.0
1071729215;2020-08-05 23:00:00;2020-08-05 23:30:00;103.0
1071729215;2020-08-05 23:30:00;2020-08-05 23:59:59;103.0
1071729215;2020-08-06 00:00:00;2020-08-06 00:30:00;103.0
1071729215;2020-08-06 00:30:00;2020-08-06 01:00:00;103.0
1071729215;2020-08-06 01:00:00;2020-08-06 01:30:00;103.0
1071729215;2020-08-06 01:30:00;2020-08-06 02:00:00;103.0
1071729215;2020-08-06 02:00:00;2020-08-06 02:30:00;103.0
1071729215;2020-08-06 02:30:00;2020-08-06 03:00:00;103.0
1071729215;2020-08-06 03:00:00;2020-08-06 03:30:00;100.5
1071729215;2020-08-06 03:30:00;2020-08-06 04:00:00;96.23333333333333
1071729215;2020-08-06 04:00:00;2020-08-06 04:30:00;109.3
1071729215;2020-08-06 04:30:00;2020-08-06 05:00:00;104.8
1071729215;2020-08-06 05:00:00;2020-08-06 05:30:00;108.9
1071729215;2020-08-06 05:30:00;2020-08-06 06:00:00;106.5
1071729215;2020-08-06 06:00:00;2020-08-06 06:30:00;105.16666666666667
1071729215;2020-08-06 06:30:00;2020-08-06 07:00:00;101.93333333333334
1071729215;2020-08-06 07:00:00;2020-08-06 07:30:00;105.46666666666667
1071729215;2020-08-06 07:30:00;2020-08-06 08:00:00;96.56666666666666
1071729215;2020-08-06 08:00:00;2020-08-06 08:30:00;92.56666666666666
1071729215;2020-08-06 08:30:00;2020-08-06 09:00:00;83.5
1071729215;2020-08-06 09:00:00;2020-08-06 09:30:00;100.63333333333334
1071729215;2020-08-06 09:30:00;2020-08-06 10:00:00;97.7
1071729215;2020-08-06 10:00:00;2020-08-06 10:30:00;113.93333333333334
1071729215;2020-08-06 10:30:00;2020-08-06 11:00:00;96.53333333333333
1071729215;2020-08-06 11:00:00;2020-08-06 11:30:00;111.76666666666667
1071729215;2020-08-06 11:30:00;2020-08-06 12:00:00;98.0
1071729215;2020-08-06 12:00:00;2020-08-06 12:30:00;98.5
1071729215;2020-08-06 12:30:00;2020-08-06 13:00:00;100.93333333333334
1071729215;2020-08-06 13:00:00;2020-08-06 13:30:00;95.13333333333334
1071729215;2020-08-06 13:30:00;2020-08-06 14:00:00;90.2
1071729215;2020-08-06 14:00:00;2020-08-06 14:30:00;96.26666666666667
1071729215;2020-08-06 14:30:00;2020-08-06 15:00:00;90.06666666666666
1071729215;2020-08-06 15:00:00;2020-08-06 15:30:00;95.2
1071729215;2020-08-06 15:30:00;2020-08-06 16:00:00;97.06666666666666
1071729215;2020-08-06 16:00:00;2020-08-06 16:30:00;99.53333333333333
1071729215;2020-08-06 16:30:00;2020-08-06 17:00:00;98.2
1071729215;2020-08-06 17:00:00;2020-08-06 17:30:00;94.83333333333333
1071729215;2020-08-06 17:30:00;2020-08-06 18:00:00;98.3
1071729215;2020-08-06 18:00:00;2020-08-06 18:30:00;99.96666666666667
1071729215;2020-08-06 18:30:00;2020-08-06 19:00:00;106.66666666666667
1071729215;2020-08-06 19:00:00;2020-08-06 19:30:00;110.73333333333333
1071729215;2020-08-06 19:30:00;2020-08-06 20:00:00;111.83333333333333
1071729215;2020-08-06 20:00:00;2020-08-06 20:30:00;112.5
1071729215;2020-08-06 20:30:00;2020-08-06 21:00:00;109.33333333333333
1071729215;2020-08-06 21:00:00;2020-08-06 21:30:00;102.6
1071729215;2020-08-06 21:30:00;2020-08-06 22:00:00;100.63333333333334
1071729215;2020-08-06 22:00:00;2020-08-06 22:30:00;103.06666666666666
1071729215;2020-08-06 22:30:00;2020-08-06 23:00:00;103.0
1071729215;2020-08-06 23:00:00;2020-08-06 23:30:00;103.0
1071729215;2020-08-06 23:30:00;2020-08-06 23:59:59;103.0
1071729215;2020-08-07 00:00:00;2020-08-07 00:30:00;103.0
1071729215;2020-08-07 00:30:00;2020-08-07 01:00:00;103.0
1071729215;2020-08-07 01:00:00;2020-08-07 01:30:00;103.0
1071729215;2020-08-07 01:30:00;2020-08-07 02:00:00;103.0
1071729215;2020-08-07 02:00:00;2020-08-07 02:30:00;103.0
1071729215;2020-08-07 02:30:00;2020-08-07 03:00:00;103.0
1071729215;2020-08-07 03:00:00;2020-08-07 03:30:00;101.0
1071729215;2020-08-07 03:30:00;2020-08-07 04:00:00;101.0
1071729215;2020-08-07 04:00:00;2020-08-07 04:30:00;115.56666666666666
1071729215;2020-08-07 04:30:00;2020-08-07 05:00:00;114.73333333333333
1071729215;2020-08-07 05:00:00;2020-08-07 05:30:00;104.5
1071729215;2020-08-07 05:30:00;2020-08-07 06:00:00;109.3
1071729215;2020-08-07 06:00:00;2020-08-07 06:30:00;107.93333333333334
1071729215;2020-08-07 06:30:00;2020-08-07 07:00:00;112.4
1071729215;2020-08-07 07:00:00;2020-08-07 07:30:00;96.76666666666667
1071729215;2020-08-07 07:30:00;2020-08-07 08:00:00;103.43333333333334
1071729215;2020-08-07 08:00:00;2020-08-07 08:30:00;102.66666666666667
1071729215;2020-08-07 08:30:00;2020-08-07 09:00:00;94.7
1071729215;2020-08-07 09:00:00;2020-08-07 09:30:00;96.36666666666666
1071729215;2020-08-07 09:30:00;2020-08-07 10:00:00;104.43333333333334
1071729215;2020-08-07 10:00:00;2020-08-07 10:30:00;112.66666666666667
1071729215;2020-08-07 10:30:00;2020-08-07 11:00:00;108.63333333333334
1071729215;2020-08-07 11:00:00;2020-08-07 11:30:00;108.36666666666666
1071729215;2020-08-07 11:30:00;2020-08-07 12:00:00;98.46666666666667
1071729215;2020-08-07 12:00:00;2020-08-07 12:30:00;93.13333333333334
1071729215;2020-08-07 12:30:00;2020-08-07 13:00:00;101.46666666666667
1071729215;2020-08-07 13:00:00;2020-08-07 13:30:00;103.4
1071729215;2020-08-07 13:30:00;2020-08-07 14:00:00;121.86666666666666
1071729215;2020-08-07 14:00:00;2020-08-07 14:30:00;108.56666666666666
1071729215;2020-08-07 14:30:00;2020-08-07 15:00:00;93.66666666666667
1071729215;2020-08-07 15:00:00;2020-08-07 15:30:00;100.13333333333334
1071729215;2020-08-07 15:30:00;2020-08-07 16:00:00;104.9
1071729215;2020-08-07 16:00:00;2020-08-07 16:30:00;102.1
1071729215;2020-08-07 16:30:00;2020-08-07 17:00:00;101.66666666666667
1071729215;2020-08-07 17:00:00;2020-08-07 17:30:00;102.6
1071729215;2020-08-07 17:30:00;2020-08-07 18:00:00;106.26666666666667
1071729215;2020-08-07 18:00:00;2020-08-07 18:30:00;114.53333333333333
1071729215;2020-08-07 18:30:00;2020-08-07 19:00:00;109.63333333333334
1071729215;2020-08-07 19:00:00;2020-08-07 19:30:00;107.03333333333333
1071729215;2020-08-07 19:30:00;2020-08-07 20:00:00;94.06666666666666
1071729215;2020-08-07 20:00:00;2020-08-07 20:30:00;95.23333333333333
1071729215;2020-08-07 20:30:00;2020-08-07 21:00:00;111.53333333333333
1071729215;2020-08-07 21:00:00;2020-08-07 21:30:00;113.1
1071729215;2020-08-07 21:30:00;2020-08-07 22:00:00;97.36666666666666
1071729215;2020-08-07 22:00:00;2020-08-07 22:30:00;103.0
1071729215;2020-08-07 22:30:00;2020-08-07 23:00:00;84.63333333333334
1071729215;2020-08-07 23:00:00;2020-08-07 23:30:00;86.0
1071729215;2020-08-07 23:30:00;2020-08-07 23:59:59;99.0
1071729215;2020-08-08 00:00:00;2020-08-08 00:30:00;100.96666666666667
1071729215;2020-08-08 00:30:00;2020-08-08 01:00:00;103.0
1071729215;2020-08-08 01:00:00;2020-08-08 01:30:00;103.0
1071729215;2020-08-08 01:30:00;2020-08-08 02:00:00;103.0
1071729215;2020-08-08 02:00:00;2020-08-08 02:30:00;103.0
1071729215;2020-08-08 02:30:00;2020-08-08 03:00:00;103.0
1071729215;2020-08-08 03:00:00;2020-08-08 03:30:00;91.6
1071729215;2020-08-08 03:30:00;2020-08-08 04:00:00;103.0
1071729215;2020-08-08 04:00:00;2020-08-08 04:30:00;101.43333333333334
1071729215;2020-08-08 04:30:00;2020-08-08 05:00:00;102.1
1071729215;2020-08-08 05:00:00;2020-08-08 05:30:00;96.33333333333333
1071729215;2020-08-08 05:30:00;2020-08-08 06:00:00;99.5
1071729215;2020-08-08 06:00:00;2020-08-08 06:30:00;108.33333333333333
1071729215;2020-08-08 06:30:00;2020-08-08 07:00:00;99.4
1071729215;2020-08-08 07:00:00;2020-08-08 07:30:00;102.46666666666667
1071729215;2020-08-08 07:30:00;2020-08-08 08:00:00;114.3
1071729215;2020-08-08 08:00:00;2020-08-08 08:30:00;114.7
1071729215;2020-08-08 08:30:00;2020-08-08 09:00:00;109.43333333333334
1071729215;2020-08-08 09:00:00;2020-08-08 09:30:00;117.3
1071729215;2020-08-08 09:30:00;2020-08-08 10:00:00;117.26666666666667
1071729215;2020-08-08 10:00:00;2020-08-08 10:30:00;111.8
1071729215;2020-08-08 10:30:00;2020-08-08 11:00:00;108.8
1071729215;2020-08-08 11:00:00;2020-08-08 11:30:00;101.16666666666667
1071729215;2020-08-08 11:30:00;2020-08-08 12:00:00;99.2
1071729215;2020-08-08 12:00:00;2020-08-08 12:30:00;90.26666666666667
1071729215;2020-08-08 12:30:00;2020-08-08 13:00:00;106.23333333333333
1071729215;2020-08-08 13:00:00;2020-08-08 13:30:00;108.5
1071729215;2020-08-08 13:30:00;2020-08-08 14:00:00;107.7
1071729215;2020-08-08 14:00:00;2020-08-08 14:30:00;107.9
1071729215;2020-08-08 14:30:00;2020-08-08 15:00:00;99.76666666666667
1071729215;2020-08-08 15:00:00;2020-08-08 15:30:00;105.0
1071729215;2020-08-08 15:30:00;2020-08-08 16:00:00;110.13333333333334
1071729215;2020-08-08 16:00:00;2020-08-08 16:30:00;108.8
1071729215;2020-08-08 16:30:00;2020-08-08 17:00:00;103.86206896551724
1071729215;2020-08-08 17:00:00;2020-08-08 17:30:00;113.6
1071729215;2020-08-08 17:30:00;2020-08-08 18:00:00;101.8
1071729215;2020-08-08 18:00:00;2020-08-08 18:30:00;119.7
1071729215;2020-08-08 18:30:00;2020-08-08 19:00:00;102.6
1071729215;2020-08-08 19:00:00;2020-08-08 19:30:00;104.53333333333333
1071729215;2020-08-08 19:30:00;2020-08-08 20:00:00;104.23333333333333
1071729215;2020-08-08 20:00:00;2020-08-08 20:30:00;106.36666666666666
1071729215;2020-08-08 20:30:00;2020-08-08 21:00:00;104.8
1071729215;2020-08-08 21:00:00;2020-08-08 21:30:00;113.1
1071729215;2020-08-08 21:30:00;2020-08-08 22:00:00;103.0
1071729215;2020-08-08 22:00:00;2020-08-08 22:30:00;103.0
1071729215;2020-08-08 22:30:00;2020-08-08 23:00:00;117.93333333333334
1071729215;2020-08-08 23:00:00;2020-08-08 23:30:00;113.2
1071729215;2020-08-08 23:30:00;2020-08-08 23:59:59;136.33333333333334
1071729215;2020-08-09 00:00:00;2020-08-09 00:30:00;130.83333333333334
1071729215;2020-08-09 00:30:00;2020-08-09 01:00:00;111.4
1071729215;2020-08-09 01:00:00;2020-08-09 01:30:00;103.0
1071729215;2020-08-09 01:30:00;2020-08-09 02:00:00;103.0
1071729215;2020-08-09 02:00:00;2020-08-09 02:30:00;109.5
1071729215;2020-08-09 02:30:00;2020-08-09 03:00:00;103.0
1071729215;2020-08-09 03:00:00;2020-08-09 03:30:00;105.6
1071729215;2020-08-09 03:30:00;2020-08-09 04:00:00;104.8
1071729215;2020-08-09 04:00:00;2020-08-09 04:30:00;113.33333333333333
1071729215;2020-08-09 04:30:00;2020-08-09 05:00:00;113.66666666666667
1071729215;2020-08-09 05:00:00;2020-08-09 05:30:00;118.5
1071729215;2020-08-09 05:30:00;2020-08-09 06:00:00;115.06666666666666
1071729215;2020-08-09 06:00:00;2020-08-09 06:30:00;104.6
1071729215;2020-08-09 06:30:00;2020-08-09 07:00:00;111.26666666666667
1071729215;2020-08-09 07:00:00;2020-08-09 07:30:00;100.93333333333334
1071729215;2020-08-09 07:30:00;2020-08-09 08:00:00;98.03333333333333
1071729215;2020-08-09 08:00:00;2020-08-09 08:30:00;110.53333333333333
1071729215;2020-08-09 08:30:00;2020-08-09 09:00:00;107.3
1071729215;2020-08-09 09:00:00;2020-08-09 09:30:00;91.56666666666666
1071729215;2020-08-09 09:30:00;2020-08-09 10:00:00;108.53333333333333
1071729215;2020-08-09 10:00:00;2020-08-09 10:30:00;99.96666666666667
1071729215;2020-08-09 10:30:00;2020-08-09 11:00:00;102.73333333333333
1071729215;2020-08-09 11:00:00;2020-08-09 11:30:00;101.3
1071729215;2020-08-09 11:30:00;2020-08-09 12:00:00;99.03333333333333
1071729215;2020-08-09 12:00:00;2020-08-09 12:30:00;87.63333333333334
1071729215;2020-08-09 12:30:00;2020-08-09 13:00:00;88.1
1071729215;2020-08-09 13:00:00;2020-08-09 13:30:00;85.6
1071729215;2020-08-09 13:30:00;2020-08-09 14:00:00;87.26666666666667
1071729215;2020-08-09 14:00:00;2020-08-09 14:30:00;85.56666666666666
1071729215;2020-08-09 14:30:00;2020-08-09 15:00:00;86.4
1071729215;2020-08-09 15:00:00;2020-08-09 15:30:00;87.83333333333333
1071729215;2020-08-09 15:30:00;2020-08-09 16:00:00;87.73333333333333
1071729215;2020-08-09 16:00:00;2020-08-09 16:30:00;92.2
1071729215;2020-08-09 16:30:00;2020-08-09 17:00:00;97.56666666666666
1071729215;2020-08-09 17:00:00;2020-08-09 17:30:00;100.1
1071729215;2020-08-09 17:30:00;2020-08-09 18:00:00;96.43333333333334
1071729215;2020-08-09 18:00:00;2020-08-09 18:30:00;94.9
1071729215;2020-08-09 18:30:00;2020-08-09 19:00:00;96.16666666666667
1071729215;2020-08-09 19:00:00;2020-08-09 19:30:00;107.5
1071729215;2020-08-09 19:30:00;2020-08-09 20:00:00;110.7
1071729215;2020-08-09 20:00:00;2020-08-09 20:30:00;98.7
1071729215;2020-08-09 20:30:00;2020-08-09 21:00:00;111.93333333333334
1071729215;2020-08-09 21:00:00;2020-08-09 21:30:00;110.46666666666667
1071729215;2020-08-09 21:30:00;2020-08-09 22:00:00;103.5
1071729215;2020-08-09 22:00:00;2020-08-09 22:30:00;103.76666666666667
1071729215;2020-08-09 22:30:00;2020-08-09 23:00:00;103.0
1071729215;2020-08-09 23:00:00;2020-08-09 23:30:00;103.0
1071729215;2020-08-09 23:30:00;2020-08-09 23:59:59;103.86666666666666
1071729215;2020-08-10 00:00:00;2020-08-10 00:30:00;103.0
1071729215;2020-08-10 00:30:00;2020-08-10 01:00:00;103.0
1071729215;2020-08-10 01:00:00;2020-08-10 01:30:00;103.0
1071729215;2020-08-10 01:30:00;2020-08-10 02:00:00;103.0
1071729215;2020-08-10 02:00:00;2020-08-10 02:30:00;103.0
1071729215;2020-08-10 02:30:00;2020-08-10 03:00:00;103.0
1071729215;2020-08-10 03:00:00;2020-08-10 03:30:00;112.53333333333333
1071729215;2020-08-10 03:30:00;2020-08-10 04:00:00;107.26666666666667
1071729215;2020-08-10 04:00:00;2020-08-10 04:30:00;107.06666666666666
1071729215;2020-08-10 04:30:00;2020-08-10 05:00:00;105.0
1071729215;2020-08-10 05:00:00;2020-08-10 05:30:00;113.76666666666667
1071729215;2020-08-10 05:30:00;2020-08-10 06:00:00;105.96666666666667
1071729215;2020-08-10 06:00:00;2020-08-10 06:30:00;97.56666666666666
1071729215;2020-08-10 06:30:00;2020-08-10 07:00:00;102.93333333333334
1071729215;2020-08-10 07:00:00;2020-08-10 07:30:00;102.83333333333333
1071729215;2020-08-10 07:30:00;2020-08-10 08:00:00;110.1
1071729215;2020-08-10 08:00:00;2020-08-10 08:30:00;100.7
1071729215;2020-08-10 08:30:00;2020-08-10 09:00:00;106.86666666666666
1071729215;2020-08-10 09:00:00;2020-08-10 09:30:00;101.76666666666667
1071729215;2020-08-10 09:30:00;2020-08-10 10:00:00;90.93333333333334
1071729215;2020-08-10 10:00:00;2020-08-10 10:30:00;102.36666666666666
1071729215;2020-08-10 10:30:00;2020-08-10 11:00:00;107.33333333333333
1071729215;2020-08-10 11:00:00;2020-08-10 11:30:00;99.3
1071729215;2020-08-10 11:30:00;2020-08-10 12:00:00;95.73333333333333
1071729215;2020-08-10 12:00:00;2020-08-10 12:30:00;101.63333333333334
1071729215;2020-08-10 12:30:00;2020-08-10 13:00:00;94.13333333333334
1071729215;2020-08-10 13:00:00;2020-08-10 13:30:00;95.1
1071729215;2020-08-10 13:30:00;2020-08-10 14:00:00;99.06666666666666
1071729215;2020-08-10 14:00:00;2020-08-10 14:30:00;113.13333333333334
1071729215;2020-08-10 14:30:00;2020-08-10 15:00:00;104.43333333333334
1071729215;2020-08-10 15:00:00;2020-08-10 15:30:00;101.76666666666667
1071729215;2020-08-10 15:30:00;2020-08-10 16:00:00;103.53333333333333
1071729215;2020-08-10 16:00:00;2020-08-10 16:30:00;97.5
1071729215;2020-08-10 16:30:00;2020-08-10 17:00:00;105.13333333333334
1071729215;2020-08-10 17:00:00;2020-08-10 17:30:00;90.56666666666666
1071729215;2020-08-10 17:30:00;2020-08-10 18:00:00;99.76666666666667
1071729215;2020-08-10 18:00:00;2020-08-10 18:30:00;103.6
1071729215;2020-08-10 18:30:00;2020-08-10 19:00:00;110.1
1071729215;2020-08-10 19:00:00;2020-08-10 19:30:00;97.8
1071729215;2020-08-10 19:30:00;2020-08-10 20:00:00;113.9
1071729215;2020-08-10 20:00:00;2020-08-10 20:30:00;106.33333333333333
1071729215;2020-08-10 20:30:00;2020-08-10 21:00:00;106.06666666666666
1071729215;2020-08-10 21:00:00;2020-08-10 21:30:00;92.96666666666667
1071729215;2020-08-10 21:30:00;2020-08-10 22:00:00;104.86666666666666
1071729215;2020-08-10 22:00:00;2020-08-10 22:30:00;102.4
1071729215;2020-08-10 22:30:00;2020-08-10 23:00:00;97.0
1071729215;2020-08-10 23:00:00;2020-08-10 23:30:00;94.0
1071729215;2020-08-10 23:30:00;2020-08-10 23:59:59;99.66666666666667
1071729215;2020-08-11 00:00:00;2020-08-11 00:30:00;103.0
1071729215;2020-08-11 00:30:00;2020-08-11 01:00:00;103.0
1071729215;2020-08-11 01:00:00;2020-08-11 01:30:00;103.0
1071729215;2020-08-11 01:30:00;2020-08-11 02:00:00;103.0
1071729215;2020-08-11 02:00:00;2020-08-11 02:30:00;103.0
1071729215;2020-08-11 02:30:00;2020-08-11 03:00:00;103.0
1071729215;2020-08-11 03:00:00;2020-08-11 03:30:00;98.0
1071729215;2020-08-11 03:30:00;2020-08-11 04:00:00;100.83333333333333
1071729215;2020-08-11 04:00:00;2020-08-11 04:30:00;106.6
1071729215;2020-08-11 04:30:00;2020-08-11 05:00:00;94.1
1071729215;2020-08-11 05:00:00;2020-08-11 05:30:00;106.03333333333333
1071729215;2020-08-11 05:30:00;2020-08-11 06:00:00;100.96666666666667
1071729215;2020-08-11 06:00:00;2020-08-11 06:30:00;97.16666666666667
1071729215;2020-08-11 06:30:00;2020-08-11 07:00:00;103.3
1071729215;2020-08-11 07:00:00;2020-08-11 07:30:00;102.63333333333334
1071729215;2020-08-11 07:30:00;2020-08-11 08:00:00;95.86666666666666
1071729215;2020-08-11 08:00:00;2020-08-11 08:30:00;99.8
1071729215;2020-08-11 08:30:00;2020-08-11 09:00:00;110.26666666666667
1071729215;2020-08-11 09:00:00;2020-08-11 09:30:00;100.56666666666666
1071729215;2020-08-11 09:30:00;2020-08-11 10:00:00;84.16666666666667
1071729215;2020-08-11 10:00:00;2020-08-11 10:30:00;94.76666666666667
1071729215;2020-08-11 10:30:00;2020-08-11 11:00:00;94.06666666666666
1071729215;2020-08-11 11:00:00;2020-08-11 11:30:00;97.5
1071729215;2020-08-11 11:30:00;2020-08-11 12:00:00;96.56666666666666
1071729215;2020-08-11 12:00:00;2020-08-11 12:30:00;112.86666666666666
1071729215;2020-08-11 12:30:00;2020-08-11 13:00:00;95.56666666666666
1071729215;2020-08-11 13:00:00;2020-08-11 13:30:00;90.6
1071729215;2020-08-11 13:30:00;2020-08-11 14:00:00;92.2
1071729215;2020-08-11 14:00:00;2020-08-11 14:30:00;96.43333333333334
1071729215;2020-08-11 14:30:00;2020-08-11 15:00:00;99.86666666666666
1071729215;2020-08-11 15:00:00;2020-08-11 15:30:00;108.86666666666666
1071729215;2020-08-11 15:30:00;2020-08-11 16:00:00;89.4
1071729215;2020-08-11 16:00:00;2020-08-11 16:30:00;96.66666666666667
1071729215;2020-08-11 16:30:00;2020-08-11 17:00:00;102.82758620689656
1071729215;2020-08-11 17:00:00;2020-08-11 17:30:00;101.73333333333333
1071729215;2020-08-11 17:30:00;2020-08-11 18:00:00;88.96666666666667
1071729215;2020-08-11 18:00:00;2020-08-11 18:30:00;103.3
1071729215;2020-08-11 18:30:00;2020-08-11 19:00:00;114.7
1071729215;2020-08-11 19:00:00;2020-08-11 19:30:00;114.76666666666667
1071729215;2020-08-11 19:30:00;2020-08-11 20:00:00;107.10344827586206
1071729215;2020-08-11 20:00:00;2020-08-11 20:30:00;101.0
1071729215;2020-08-11 20:30:00;2020-08-11 21:00:00;114.0
1071729215;2020-08-11 21:00:00;2020-08-11 21:30:00;104.6
1071729215;2020-08-11 21:30:00;2020-08-11 22:00:00;100.16666666666667
1071729215;2020-08-11 22:00:00;2020-08-11 22:30:00;101.0
1071729215;2020-08-11 22:30:00;2020-08-11 23:00:00;103.0
1071729215;2020-08-11 23:00:00;2020-08-11 23:30:00;103.0
1071729215;2020-08-11 23:30:00;2020-08-11 23:59:59;103.0
1071729215;2020-08-12 00:00:00;2020-08-12 00:30:00;103.0
1071729215;2020-08-12 00:30:00;2020-08-12 01:00:00;103.0
1071729215;2020-08-12 01:00:00;2020-08-12 01:30:00;103.0
1071729215;2020-08-12 01:30:00;2020-08-12 02:00:00;103.0
1071729215;2020-08-12 02:00:00;2020-08-12 02:30:00;103.0
1071729215;2020-08-12 02:30:00;2020-08-12 03:00:00;94.4
1071729215;2020-08-12 03:00:00;2020-08-12 03:30:00;103.06666666666666
1071729215;2020-08-12 03:30:00;2020-08-12 04:00:00;103.9
1071729215;2020-08-12 04:00:00;2020-08-12 04:30:00;112.5
1071729215;2020-08-12 04:30:00;2020-08-12 05:00:00;114.76666666666667
1071729215;2020-08-12 05:00:00;2020-08-12 05:30:00;107.33333333333333
1071729215;2020-08-12 05:30:00;2020-08-12 06:00:00;99.7
1071729215;2020-08-12 06:00:00;2020-08-12 06:30:00;114.06666666666666
1071729215;2020-08-12 06:30:00;2020-08-12 07:00:00;103.93333333333334
1071729215;2020-08-12 07:00:00;2020-08-12 07:30:00;105.43333333333334
1071729215;2020-08-12 07:30:00;2020-08-12 08:00:00;97.96666666666667
1071729215;2020-08-12 08:00:00;2020-08-12 08:30:00;105.9
1071729215;2020-08-12 08:30:00;2020-08-12 09:00:00;105.53333333333333
1071729215;2020-08-12 09:00:00;2020-08-12 09:30:00;103.13333333333334
1071729215;2020-08-12 09:30:00;2020-08-12 10:00:00;95.8
1071729215;2020-08-12 10:00:00;2020-08-12 10:30:00;101.9
1071729215;2020-08-12 10:30:00;2020-08-12 11:00:00;93.73333333333333
1071729215;2020-08-12 11:00:00;2020-08-12 11:30:00;100.53333333333333
1071729215;2020-08-12 11:30:00;2020-08-12 12:00:00;100.53333333333333
1071729215;2020-08-12 12:00:00;2020-08-12 12:30:00;105.76666666666667
1071729215;2020-08-12 12:30:00;2020-08-12 13:00:00;97.13333333333334
1071729215;2020-08-12 13:00:00;2020-08-12 13:30:00;103.06666666666666
1071729215;2020-08-12 13:30:00;2020-08-12 14:00:00;90.33333333333333
1071729215;2020-08-12 14:00:00;2020-08-12 14:30:00;101.3
1071729215;2020-08-12 14:30:00;2020-08-12 15:00:00;93.43333333333334
1071729215;2020-08-12 15:00:00;2020-08-12 15:30:00;103.63333333333334
1071729215;2020-08-12 15:30:00;2020-08-12 16:00:00;97.86666666666666
1071729215;2020-08-12 16:00:00;2020-08-12 16:30:00;104.13333333333334
1071729215;2020-08-12 16:30:00;2020-08-12 17:00:00;98.43333333333334
1071729215;2020-08-12 17:00:00;2020-08-12 17:30:00;91.73333333333333
1071729215;2020-08-12 17:30:00;2020-08-12 18:00:00;109.93333333333334
1071729215;2020-08-12 18:00:00;2020-08-12 18:30:00;104.53333333333333
1071729215;2020-08-12 18:30:00;2020-08-12 19:00:00;98.16666666666667
1071729215;2020-08-12 19:00:00;2020-08-12 19:30:00;105.7
1071729215;2020-08-12 19:30:00;2020-08-12 20:00:00;111.6
1071729215;2020-08-12 20:00:00;2020-08-12 20:30:00;95.26666666666667
1071729215;2020-08-12 20:30:00;2020-08-12 21:00:00;98.46666666666667
1071729215;2020-08-12 21:00:00;2020-08-12 21:30:00;103.1
1071729215;2020-08-12 21:30:00;2020-08-12 22:00:00;100.66666666666667
1071729215;2020-08-12 22:00:00;2020-08-12 22:30:00;94.76666666666667
1071729215;2020-08-12 22:30:00;2020-08-12 23:00:00;102.8
1071729215;2020-08-12 23:00:00;2020-08-12 23:30:00;103.0
1071729215;2020-08-12 23:30:00;2020-08-12 23:59:59;103.0
1071729215;2020-08-13 00:00:00;2020-08-13 00:30:00;103.0
1071729215;2020-08-13 00:30:00;2020-08-13 01:00:00;100.13333333333334
1071729215;2020-08-13 01:00:00;2020-08-13 01:30:00;103.0
1071729215;2020-08-13 01:30:00;2020-08-13 02:00:00;103.0
1071729215;2020-08-13 02:00:00;2020-08-13 02:30:00;103.0
1071729215;2020-08-13 02:30:00;2020-08-13 03:00:00;103.0
1071729215;2020-08-13 03:00:00;2020-08-13 03:30:00;100.0
1071729215;2020-08-13 03:30:00;2020-08-13 04:00:00;100.0
1071729215;2020-08-13 04:00:00;2020-08-13 04:30:00;105.23333333333333
1071729215;2020-08-13 04:30:00;2020-08-13 05:00:00;106.7
1071729215;2020-08-13 05:00:00;2020-08-13 05:30:00;99.2
1071729215;2020-08-13 05:30:00;2020-08-13 06:00:00;111.46666666666667
1071729215;2020-08-13 06:00:00;2020-08-13 06:30:00;96.63333333333334
1071729215;2020-08-13 06:30:00;2020-08-13 07:00:00;109.76666666666667
1071729215;2020-08-13 07:00:00;2020-08-13 07:30:00;106.66666666666667
1071729215;2020-08-13 07:30:00;2020-08-13 08:00:00;97.9
1071729215;2020-08-13 08:00:00;2020-08-13 08:30:00;83.8
1071729215;2020-08-13 08:30:00;2020-08-13 09:00:00;101.13333333333334
1071729215;2020-08-13 09:00:00;2020-08-13 09:30:00;103.86666666666666
1071729215;2020-08-13 09:30:00;2020-08-13 10:00:00;107.36666666666666
1071729215;2020-08-13 10:00:00;2020-08-13 10:30:00;104.03333333333333
1071729215;2020-08-13 10:30:00;2020-08-13 11:00:00;96.9
1071729215;2020-08-13 11:00:00;2020-08-13 11:30:00;94.7
1071729215;2020-08-13 11:30:00;2020-08-13 12:00:00;102.66666666666667
1071729215;2020-08-13 12:00:00;2020-08-13 12:30:00;95.26666666666667
1071729215;2020-08-13 12:30:00;2020-08-13 13:00:00;93.06666666666666
1071729215;2020-08-13 13:00:00;2020-08-13 13:30:00;97.63333333333334
1071729215;2020-08-13 13:30:00;2020-08-13 14:00:00;105.26666666666667
1071729215;2020-08-13 14:00:00;2020-08-13 14:30:00;107.1
1071729215;2020-08-13 14:30:00;2020-08-13 15:00:00;94.63333333333334
1071729215;2020-08-13 15:00:00;2020-08-13 15:30:00;90.43333333333334
1071729215;2020-08-13 15:30:00;2020-08-13 16:00:00;96.13333333333334
1071729215;2020-08-13 16:00:00;2020-08-13 16:30:00;88.8
1071729215;2020-08-13 16:30:00;2020-08-13 17:00:00;102.8
1071729215;2020-08-13 17:00:00;2020-08-13 17:30:00;95.53333333333333
1071729215;2020-08-13 17:30:00;2020-08-13 18:00:00;96.93333333333334
1071729215;2020-08-13 18:00:00;2020-08-13 18:30:00;117.76666666666667
1071729215;2020-08-13 18:30:00;2020-08-13 19:00:00;101.96666666666667
1071729215;2020-08-13 19:00:00;2020-08-13 19:30:00;110.66666666666667
1071729215;2020-08-13 19:30:00;2020-08-13 20:00:00;105.53333333333333
1071729215;2020-08-13 20:00:00;2020-08-13 20:30:00;94.13333333333334
1071729215;2020-08-13 20:30:00;2020-08-13 21:00:00;112.86666666666666
1071729215;2020-08-13 21:00:00;2020-08-13 21:30:00;108.86666666666666
1071729215;2020-08-13 21:30:00;2020-08-13 22:00:00;95.5
1071729215;2020-08-13 22:00:00;2020-08-13 22:30:00;97.2
1071729215;2020-08-13 22:30:00;2020-08-13 23:00:00;102.93333333333334
1071729215;2020-08-13 23:00:00;2020-08-13 23:30:00;103.0
1071729215;2020-08-13 23:30:00;2020-08-13 23:59:59;103.0
1071729215;2020-08-14 00:00:00;2020-08-14 00:30:00;103.0
1071729215;2020-08-14 00:30:00;2020-08-14 01:00:00;103.0
1071729215;2020-08-14 01:00:00;2020-08-14 01:30:00;103.0
1071729215;2020-08-14 01:30:00;2020-08-14 02:00:00;103.0
1071729215;2020-08-14 02:00:00;2020-08-14 02:30:00;103.0
1071729215;2020-08-14 02:30:00;2020-08-14 03:00:00;103.0
1071729215;2020-08-14 03:00:00;2020-08-14 03:30:00;101.0
1071729215;2020-08-14 03:30:00;2020-08-14 04:00:00;101.0
1071729215;2020-08-14 04:00:00;2020-08-14 04:30:00;100.86666666666666
1071729215;2020-08-14 04:30:00;2020-08-14 05:00:00;114.56666666666666
1071729215;2020-08-14 05:00:00;2020-08-14 05:30:00;97.0
1071729215;2020-08-14 05:30:00;2020-08-14 06:00:00;110.23333333333333
1071729215;2020-08-14 06:00:00;2020-08-14 06:30:00;112.03333333333333
1071729215;2020-08-14 06:30:00;2020-08-14 07:00:00;106.43333333333334
1071729215;2020-08-14 07:00:00;2020-08-14 07:30:00;106.5
1071729215;2020-08-14 07:30:00;2020-08-14 08:00:00;93.96666666666667
1071729215;2020-08-14 08:00:00;2020-08-14 08:30:00;96.26666666666667
1071729215;2020-08-14 08:30:00;2020-08-14 09:00:00;105.73333333333333
1071729215;2020-08-14 09:00:00;2020-08-14 09:30:00;107.2
1071729215;2020-08-14 09:30:00;2020-08-14 10:00:00;94.23333333333333
1071729215;2020-08-14 10:00:00;2020-08-14 10:30:00;111.13333333333334
1071729215;2020-08-14 10:30:00;2020-08-14 11:00:00;108.7
1071729215;2020-08-14 11:00:00;2020-08-14 11:30:00;95.7
1071729215;2020-08-14 11:30:00;2020-08-14 12:00:00;86.1
1071729215;2020-08-14 12:00:00;2020-08-14 12:30:00;89.8
1071729215;2020-08-14 12:30:00;2020-08-14 13:00:00;89.36666666666666
1071729215;2020-08-14 13:00:00;2020-08-14 13:30:00;98.36666666666666
1071729215;2020-08-14 13:30:00;2020-08-14 14:00:00;95.03333333333333
1071729215;2020-08-14 14:00:00;2020-08-14 14:30:00;102.4
1071729215;2020-08-14 14:30:00;2020-08-14 15:00:00;110.43333333333334
1071729215;2020-08-14 15:00:00;2020-08-14 15:30:00;99.93333333333334
1071729215;2020-08-14 15:30:00;2020-08-14 16:00:00;106.93333333333334
1071729215;2020-08-14 16:00:00;2020-08-14 16:30:00;94.76666666666667
1071729215;2020-08-14 16:30:00;2020-08-14 17:00:00;103.7
1071729215;2020-08-14 17:00:00;2020-08-14 17:30:00;101.3
1071729215;2020-08-14 17:30:00;2020-08-14 18:00:00;93.96666666666667
1071729215;2020-08-14 18:00:00;2020-08-14 18:30:00;106.06666666666666
1071729215;2020-08-14 18:30:00;2020-08-14 19:00:00;98.23333333333333
1071729215;2020-08-14 19:00:00;2020-08-14 19:30:00;113.8
1071729215;2020-08-14 19:30:00;2020-08-14 20:00:00;107.2
1071729215;2020-08-14 20:00:00;2020-08-14 20:30:00;108.53333333333333
1071729215;2020-08-14 20:30:00;2020-08-14 21:00:00;109.96666666666667
1071729215;2020-08-14 21:00:00;2020-08-14 21:30:00;103.2
1071729215;2020-08-14 21:30:00;2020-08-14 22:00:00;98.5
1071729215;2020-08-14 22:00:00;2020-08-14 22:30:00;103.0
1071729215;2020-08-14 22:30:00;2020-08-14 23:00:00;103.0
1071729215;2020-08-14 23:00:00;2020-08-14 23:30:00;102.66666666666667
1071729215;2020-08-14 23:30:00;2020-08-14 23:59:59;97.0
1071729215;2020-08-15 00:00:00;2020-08-15 00:30:00;103.0
1071729215;2020-08-15 00:30:00;2020-08-15 01:00:00;103.0
1071729215;2020-08-15 01:00:00;2020-08-15 01:30:00;103.0
1071729215;2020-08-15 01:30:00;2020-08-15 02:00:00;103.0
1071729215;2020-08-15 02:00:00;2020-08-15 02:30:00;103.0
1071729215;2020-08-15 02:30:00;2020-08-15 03:00:00;103.0
1071729215;2020-08-15 03:00:00;2020-08-15 03:30:00;108.0
1071729215;2020-08-15 03:30:00;2020-08-15 04:00:00;108.0
1071729215;2020-08-15 04:00:00;2020-08-15 04:30:00;113.0
1071729215;2020-08-15 04:30:00;2020-08-15 05:00:00;111.93333333333334
1071729215;2020-08-15 05:00:00;2020-08-15 05:30:00;99.73333333333333
1071729215;2020-08-15 05:30:00;2020-08-15 06:00:00;109.06666666666666
1071729215;2020-08-15 06:00:00;2020-08-15 06:30:00;109.13333333333334
1071729215;2020-08-15 06:30:00;2020-08-15 07:00:00;102.7
1071729215;2020-08-15 07:00:00;2020-08-15 07:30:00;100.66666666666667
1071729215;2020-08-15 07:30:00;2020-08-15 08:00:00;103.53333333333333
1071729215;2020-08-15 08:00:00;2020-08-15 08:30:00;114.4
1071729215;2020-08-15 08:30:00;2020-08-15 09:00:00;104.46666666666667
1071729215;2020-08-15 09:00:00;2020-08-15 09:30:00;109.93333333333334
1071729215;2020-08-15 09:30:00;2020-08-15 10:00:00;102.76666666666667
1071729215;2020-08-15 10:00:00;2020-08-15 10:30:00;102.8
1071729215;2020-08-15 10:30:00;2020-08-15 11:00:00;101.26666666666667
1071729215;2020-08-15 11:00:00;2020-08-15 11:30:00;99.26666666666667
1071729215;2020-08-15 11:30:00;2020-08-15 12:00:00;114.0
1071729215;2020-08-15 12:00:00;2020-08-15 12:30:00;95.46666666666667
1071729215;2020-08-15 12:30:00;2020-08-15 13:00:00;106.3
1071729215;2020-08-15 13:00:00;2020-08-15 13:30:00;101.46666666666667
1071729215;2020-08-15 13:30:00;2020-08-15 14:00:00;99.6
1071729215;2020-08-15 14:00:00;2020-08-15 14:30:00;108.0
1071729215;2020-08-15 14:30:00;2020-08-15 15:00:00;99.76666666666667
1071729215;2020-08-15 15:00:00;2020-08-15 15:30:00;108.86666666666666
1071729215;2020-08-15 15:30:00;2020-08-15 16:00:00;113.36666666666666
1071729215;2020-08-15 16:00:00;2020-08-15 16:30:00;105.96666666666667
1071729215;2020-08-15 16:30:00;2020-08-15 17:00:00;97.2
1071729215;2020-08-15 17:00:00;2020-08-15 17:30:00;97.93333333333334
1071729215;2020-08-15 17:30:00;2020-08-15 18:00:00;93.73333333333333
1071729215;2020-08-15 18:00:00;2020-08-15 18:30:00;109.56666666666666
1071729215;2020-08-15 18:30:00;2020-08-15 19:00:00;115.36666666666666
1071729215;2020-08-15 19:00:00;2020-08-15 19:30:00;109.83333333333333
1071729215;2020-08-15 19:30:00;2020-08-15 20:00:00;113.23333333333333
1071729215;2020-08-15 20:00:00;2020-08-15 20:30:00;110.4
1071729215;2020-08-15 20:30:00;2020-08-15 21:00:00;109.46666666666667
1071729215;2020-08-15 21:00:00;2020-08-15 21:30:00;96.23333333333333
1071729215;2020-08-15 21:30:00;2020-08-15 22:00:00;97.86666666666666
1071729215;2020-08-15 22:00:00;2020-08-15 22:30:00;102.83333333333333
1071729215;2020-08-15 22:30:00;2020-08-15 23:00:00;103.73333333333333
1071729215;2020-08-15 23:00:00;2020-08-15 23:30:00;95.83333333333333
1071729215;2020-08-15 23:30:00;2020-08-15 23:59:59;101.53333333333333
1071729215;2020-08-16 00:00:00;2020-08-16 00:30:00;102.93333333333334
1071729215;2020-08-16 00:30:00;2020-08-16 01:00:00;98.86666666666666
1071729215;2020-08-16 01:00:00;2020-08-16 01:30:00;101.36666666666666
1071729215;2020-08-16 01:30:00;2020-08-16 02:00:00;101.06666666666666
1071729215;2020-08-16 02:00:00;2020-08-16 02:30:00;103.0
1071729215;2020-08-16 02:30:00;2020-08-16 03:00:00;103.0
1071729215;2020-08-16 03:00:00;2020-08-16 03:30:00;109.0
1071729215;2020-08-16 03:30:00;2020-08-16 04:00:00;107.6
1071729215;2020-08-16 04:00:00;2020-08-16 04:30:00;104.9
1071729215;2020-08-16 04:30:00;2020-08-16 05:00:00;118.2
1071729215;2020-08-16 05:00:00;2020-08-16 05:30:00;106.3
1071729215;2020-08-16 05:30:00;2020-08-16 06:00:00;121.53333333333333
1071729215;2020-08-16 06:00:00;2020-08-16 06:30:00;121.0
1071729215;2020-08-16 06:30:00;2020-08-16 07:00:00;107.46666666666667
1071729215;2020-08-16 07:00:00;2020-08-16 07:30:00;88.2
1071729215;2020-08-16 07:30:00;2020-08-16 08:00:00;111.06666666666666
1071729215;2020-08-16 08:00:00;2020-08-16 08:30:00;114.86666666666666
1071729215;2020-08-16 08:30:00;2020-08-16 09:00:00;105.53333333333333
1071729215;2020-08-16 09:00:00;2020-08-16 09:30:00;106.6
1071729215;2020-08-16 09:30:00;2020-08-16 10:00:00;107.7
1071729215;2020-08-16 10:00:00;2020-08-16 10:30:00;96.46666666666667
1071729215;2020-08-16 10:30:00;2020-08-16 11:00:00;102.56666666666666
1071729215;2020-08-16 11:00:00;2020-08-16 11:30:00;97.0
1071729215;2020-08-16 11:30:00;2020-08-16 12:00:00;72.9
1071729215;2020-08-16 12:00:00;2020-08-16 12:30:00;68.73333333333333
1071729215;2020-08-16 12:30:00;2020-08-16 13:00:00;103.36666666666666
1071729215;2020-08-16 13:00:00;2020-08-16 13:30:00;99.26666666666667
1071729215;2020-08-16 13:30:00;2020-08-16 14:00:00;97.96666666666667
1071729215;2020-08-16 14:00:00;2020-08-16 14:30:00;97.43333333333334
1071729215;2020-08-16 14:30:00;2020-08-16 15:00:00;88.46666666666667
1071729215;2020-08-16 15:00:00;2020-08-16 15:30:00;93.3
1071729215;2020-08-16 15:30:00;2020-08-16 16:00:00;88.33333333333333
1071729215;2020-08-16 16:00:00;2020-08-16 16:30:00;101.03333333333333
1071729215;2020-08-16 16:30:00;2020-08-16 17:00:00;89.83333333333333
1071729215;2020-08-16 17:00:00;2020-08-16 17:30:00;104.23333333333333
1071729215;2020-08-16 17:30:00;2020-08-16 18:00:00;96.4
1071729215;2020-08-16 18:00:00;2020-08-16 18:30:00;108.2
1071729215;2020-08-16 18:30:00;2020-08-16 19:00:00;92.96666666666667
1071729215;2020-08-16 19:00:00;2020-08-16 19:30:00;101.1
1071729215;2020-08-16 19:30:00;2020-08-16 20:00:00;104.13333333333334
1071729215;2020-08-16 20:00:00;2020-08-16 20:30:00;113.63333333333334
1071729215;2020-08-16 20:30:00;2020-08-16 21:00:00;112.96666666666667
1071729215;2020-08-16 21:00:00;2020-08-16 21:30:00;107.53333333333333
1071729215;2020-08-16 21:30:00;2020-08-16 22:00:00;103.36666666666666
1071729215;2020-08-16 22:00:00;2020-08-16 22:30:00;111.46666666666667
1071729215;2020-08-16 22:30:00;2020-08-16 23:00:00;103.0
1071729215;2020-08-16 23:00:00;2020-08-16 23:30:00;103.0
1071729215;2020-08-16 23:30:00;2020-08-16 23:59:59;103.0
1071729215;2020-08-17 00:00:00;2020-08-17 00:30:00;104.2
1071729215;2020-08-17 00:30:00;2020-08-17 01:00:00;103.56666666666666
1071729215;2020-08-17 01:00:00;2020-08-17 01:30:00;101.2
1071729215;2020-08-17 01:30:00;2020-08-17 02:00:00;102.5
1071729215;2020-08-17 02:00:00;2020-08-17 02:30:00;103.0
1071729215;2020-08-17 02:30:00;2020-08-17 03:00:00;103.96666666666667
1071729215;2020-08-17 03:00:00;2020-08-17 03:30:00;116.26666666666667
1071729215;2020-08-17 03:30:00;2020-08-17 04:00:00;114.53333333333333
1071729215;2020-08-17 04:00:00;2020-08-17 04:30:00;106.26666666666667
1071729215;2020-08-17 04:30:00;2020-08-17 05:00:00;113.33333333333333
1071729215;2020-08-17 05:00:00;2020-08-17 05:30:00;112.9
1071729215;2020-08-17 05:30:00;2020-08-17 06:00:00;101.7
1071729215;2020-08-17 06:00:00;2020-08-17 06:30:00;119.63333333333334
1071729215;2020-08-17 06:30:00;2020-08-17 07:00:00;111.83333333333333
1071729215;2020-08-17 07:00:00;2020-08-17 07:30:00;111.26666666666667
1071729215;2020-08-17 07:30:00;2020-08-17 08:00:00;107.6
1071729215;2020-08-17 08:00:00;2020-08-17 08:30:00;110.16666666666667
1071729215;2020-08-17 08:30:00;2020-08-17 09:00:00;98.3
1071729215;2020-08-17 09:00:00;2020-08-17 09:30:00;102.03333333333333
1071729215;2020-08-17 09:30:00;2020-08-17 10:00:00;105.6
1071729215;2020-08-17 10:00:00;2020-08-17 10:30:00;90.1
1071729215;2020-08-17 10:30:00;2020-08-17 11:00:00;81.83333333333333
1071729215;2020-08-17 11:00:00;2020-08-17 11:30:00;106.23333333333333
1071729215;2020-08-17 11:30:00;2020-08-17 12:00:00;103.3
1071729215;2020-08-17 12:00:00;2020-08-17 12:30:00;104.9
1071729215;2020-08-17 12:30:00;2020-08-17 13:00:00;94.63333333333334
1071729215;2020-08-17 13:00:00;2020-08-17 13:30:00;103.7
1071729215;2020-08-17 13:30:00;2020-08-17 14:00:00;100.53333333333333
1071729215;2020-08-17 14:00:00;2020-08-17 14:30:00;102.26666666666667
1071729215;2020-08-17 14:30:00;2020-08-17 15:00:00;98.13333333333334
1071729215;2020-08-17 15:00:00;2020-08-17 15:30:00;98.2
1071729215;2020-08-17 15:30:00;2020-08-17 16:00:00;110.86666666666666
1071729215;2020-08-17 16:00:00;2020-08-17 16:30:00;107.73333333333333
1071729215;2020-08-17 16:30:00;2020-08-17 17:00:00;93.93103448275862
1071729215;2020-08-17 17:00:00;2020-08-17 17:30:00;102.8
1071729215;2020-08-17 17:30:00;2020-08-17 18:00:00;105.6
1071729215;2020-08-17 18:00:00;2020-08-17 18:30:00;116.46666666666667
1071729215;2020-08-17 18:30:00;2020-08-17 19:00:00;111.66666666666667
1071729215;2020-08-17 19:00:00;2020-08-17 19:30:00;101.13333333333334
1071729215;2020-08-17 19:30:00;2020-08-17 20:00:00;98.06666666666666
1071729215;2020-08-17 20:00:00;2020-08-17 20:30:00;91.96666666666667
1071729215;2020-08-17 20:30:00;2020-08-17 21:00:00;94.63333333333334
1071729215;2020-08-17 21:00:00;2020-08-17 21:30:00;102.86666666666666
1071729215;2020-08-17 21:30:00;2020-08-17 22:00:00;104.86666666666666
1071729215;2020-08-17 22:00:00;2020-08-17 22:30:00;103.73333333333333
1071729215;2020-08-17 22:30:00;2020-08-17 23:00:00;108.7
1071729215;2020-08-17 23:00:00;2020-08-17 23:30:00;103.0
1071729215;2020-08-17 23:30:00;2020-08-17 23:59:59;103.0
1071729215;2020-08-18 00:00:00;2020-08-18 00:30:00;100.2
1071729215;2020-08-18 00:30:00;2020-08-18 01:00:00;101.8
1071729215;2020-08-18 01:00:00;2020-08-18 01:30:00;95.46666666666667
1071729215;2020-08-18 01:30:00;2020-08-18 02:00:00;103.0
1071729215;2020-08-18 02:00:00;2020-08-18 02:30:00;103.0
1071729215;2020-08-18 02:30:00;2020-08-18 03:00:00;103.0
1071729215;2020-08-18 03:00:00;2020-08-18 03:30:00;98.0
1071729215;2020-08-18 03:30:00;2020-08-18 04:00:00;98.0
1071729215;2020-08-18 04:00:00;2020-08-18 04:30:00;110.9
1071729215;2020-08-18 04:30:00;2020-08-18 05:00:00;112.56666666666666
1071729215;2020-08-18 05:00:00;2020-08-18 05:30:00;107.86666666666666
1071729215;2020-08-18 05:30:00;2020-08-18 06:00:00;100.3
1071729215;2020-08-18 06:00:00;2020-08-18 06:30:00;95.6
1071729215;2020-08-18 06:30:00;2020-08-18 07:00:00;99.0
1071729215;2020-08-18 07:00:00;2020-08-18 07:30:00;101.7
1071729215;2020-08-18 07:30:00;2020-08-18 08:00:00;110.16666666666667
1071729215;2020-08-18 08:00:00;2020-08-18 08:30:00;98.73333333333333
1071729215;2020-08-18 08:30:00;2020-08-18 09:00:00;100.26666666666667
1071729215;2020-08-18 09:00:00;2020-08-18 09:30:00;95.23333333333333
1071729215;2020-08-18 09:30:00;2020-08-18 10:00:00;98.7
1071729215;2020-08-18 10:00:00;2020-08-18 10:30:00;95.33333333333333
1071729215;2020-08-18 10:30:00;2020-08-18 11:00:00;100.43333333333334
1071729215;2020-08-18 11:00:00;2020-08-18 11:30:00;86.0
1071729215;2020-08-18 11:30:00;2020-08-18 12:00:00;94.73333333333333
1071729215;2020-08-18 12:00:00;2020-08-18 12:30:00;96.46666666666667
1071729215;2020-08-18 12:30:00;2020-08-18 13:00:00;94.6
1071729215;2020-08-18 13:00:00;2020-08-18 13:30:00;87.73333333333333
1071729215;2020-08-18 13:30:00;2020-08-18 14:00:00;104.16666666666667
1071729215;2020-08-18 14:00:00;2020-08-18 14:30:00;97.93333333333334
1071729215;2020-08-18 14:30:00;2020-08-18 15:00:00;105.4
1071729215;2020-08-18 15:00:00;2020-08-18 15:30:00;109.16666666666667
1071729215;2020-08-18 15:30:00;2020-08-18 16:00:00;93.36666666666666
1071729215;2020-08-18 16:00:00;2020-08-18 16:30:00;115.73333333333333
1071729215;2020-08-18 16:30:00;2020-08-18 17:00:00;99.63333333333334
1071729215;2020-08-18 17:00:00;2020-08-18 17:30:00;88.06666666666666
1071729215;2020-08-18 17:30:00;2020-08-18 18:00:00;99.73333333333333
1071729215;2020-08-18 18:00:00;2020-08-18 18:30:00;92.66666666666667
1071729215;2020-08-18 18:30:00;2020-08-18 19:00:00;111.3
1071729215;2020-08-18 19:00:00;2020-08-18 19:30:00;109.26666666666667
1071729215;2020-08-18 19:30:00;2020-08-18 20:00:00;98.16666666666667
1071729215;2020-08-18 20:00:00;2020-08-18 20:30:00;115.23333333333333
1071729215;2020-08-18 20:30:00;2020-08-18 21:00:00;94.5
1071729215;2020-08-18 21:00:00;2020-08-18 21:30:00;97.33333333333333
1071729215;2020-08-18 21:30:00;2020-08-18 22:00:00;104.56666666666666
1071729215;2020-08-18 22:00:00;2020-08-18 22:30:00;105.1
1071729215;2020-08-18 22:30:00;2020-08-18 23:00:00;107.93333333333334
1071729215;2020-08-18 23:00:00;2020-08-18 23:30:00;104.16666666666667
1071729215;2020-08-18 23:30:00;2020-08-18 23:59:59;94.73333333333333
1071729215;2020-08-19 00:00:00;2020-08-19 00:30:00;103.0
1071729215;2020-08-19 00:30:00;2020-08-19 01:00:00;84.6
1071729215;2020-08-19 01:00:00;2020-08-19 01:30:00;81.66666666666667
1071729215;2020-08-19 01:30:00;2020-08-19 02:00:00;88.56666666666666
1071729215;2020-08-19 02:00:00;2020-08-19 02:30:00;99.33333333333333
1071729215;2020-08-19 02:30:00;2020-08-19 03:00:00;103.0
1071729215;2020-08-19 03:00:00;2020-08-19 03:30:00;102.5
1071729215;2020-08-19 03:30:00;2020-08-19 04:00:00;102.1
1071729215;2020-08-19 04:00:00;2020-08-19 04:30:00;94.96666666666667
1071729215;2020-08-19 04:30:00;2020-08-19 05:00:00;101.46666666666667
1071729215;2020-08-19 05:00:00;2020-08-19 05:30:00;95.0
1071729215;2020-08-19 05:30:00;2020-08-19 06:00:00;104.66666666666667
1071729215;2020-08-19 06:00:00;2020-08-19 06:30:00;91.46666666666667
1071729215;2020-08-19 06:30:00;2020-08-19 07:00:00;100.16666666666667
1071729215;2020-08-19 07:00:00;2020-08-19 07:30:00;96.16666666666667
1071729215;2020-08-19 07:30:00;2020-08-19 08:00:00;90.3
1071729215;2020-08-19 08:00:00;2020-08-19 08:30:00;95.3
1071729215;2020-08-19 08:30:00;2020-08-19 09:00:00;84.86666666666666
1071729215;2020-08-19 09:00:00;2020-08-19 09:30:00;91.4
1071729215;2020-08-19 09:30:00;2020-08-19 10:00:00;104.73333333333333
1071729215;2020-08-19 10:00:00;2020-08-19 10:30:00;103.66666666666667
1071729215;2020-08-19 10:30:00;2020-08-19 11:00:00;106.83333333333333
1071729215;2020-08-19 11:00:00;2020-08-19 11:30:00;101.16666666666667
1071729215;2020-08-19 11:30:00;2020-08-19 12:00:00;101.16666666666667
1071729215;2020-08-19 12:00:00;2020-08-19 12:30:00;98.8
1071729215;2020-08-19 12:30:00;2020-08-19 13:00:00;115.16666666666667
1071729215;2020-08-19 13:00:00;2020-08-19 13:30:00;106.56666666666666
1071729215;2020-08-19 13:30:00;2020-08-19 14:00:00;94.93333333333334
1071729215;2020-08-19 14:00:00;2020-08-19 14:30:00;89.26666666666667
1071729215;2020-08-19 14:30:00;2020-08-19 15:00:00;94.03333333333333
1071729215;2020-08-19 15:00:00;2020-08-19 15:30:00;117.66666666666667
1071729215;2020-08-19 15:30:00;2020-08-19 16:00:00;94.5
1071729215;2020-08-19 16:00:00;2020-08-19 16:30:00;102.0
1071729215;2020-08-19 16:30:00;2020-08-19 17:00:00;95.96666666666667
1071729215;2020-08-19 17:00:00;2020-08-19 17:30:00;91.1
1071729215;2020-08-19 17:30:00;2020-08-19 18:00:00;104.23333333333333
1071729215;2020-08-19 18:00:00;2020-08-19 18:30:00;106.13333333333334
1071729215;2020-08-19 18:30:00;2020-08-19 19:00:00;105.96666666666667
1071729215;2020-08-19 19:00:00;2020-08-19 19:30:00;107.93333333333334
1071729215;2020-08-19 19:30:00;2020-08-19 20:00:00;105.5
1071729215;2020-08-19 20:00:00;2020-08-19 20:30:00;99.86666666666666
1071729215;2020-08-19 20:30:00;2020-08-19 21:00:00;108.2
1071729215;2020-08-19 21:00:00;2020-08-19 21:30:00;101.56666666666666
1071729215;2020-08-19 21:30:00;2020-08-19 22:00:00;100.4
1071729215;2020-08-19 22:00:00;2020-08-19 22:30:00;102.1
1071729215;2020-08-19 22:30:00;2020-08-19 23:00:00;101.0
1071729215;2020-08-19 23:00:00;2020-08-19 23:30:00;100.0
1071729215;2020-08-19 23:30:00;2020-08-19 23:59:59;100.6
1071729215;2020-08-20 00:00:00;2020-08-20 00:30:00;103.0
1071729215;2020-08-20 00:30:00;2020-08-20 01:00:00;103.6
1071729215;2020-08-20 01:00:00;2020-08-20 01:30:00;103.0
1071729215;2020-08-20 01:30:00;2020-08-20 02:00:00;103.0
1071729215;2020-08-20 02:00:00;2020-08-20 02:30:00;104.66666666666667
1071729215;2020-08-20 02:30:00;2020-08-20 03:00:00;111.8
1071729215;2020-08-20 03:00:00;2020-08-20 03:30:00;95.66666666666667
1071729215;2020-08-20 03:30:00;2020-08-20 04:00:00;104.33333333333333
1071729215;2020-08-20 04:00:00;2020-08-20 04:30:00;103.76666666666667
1071729215;2020-08-20 04:30:00;2020-08-20 05:00:00;109.9
1071729215;2020-08-20 05:00:00;2020-08-20 05:30:00;95.86666666666666
1071729215;2020-08-20 05:30:00;2020-08-20 06:00:00;107.06666666666666
1071729215;2020-08-20 06:00:00;2020-08-20 06:30:00;101.66666666666667
1071729215;2020-08-20 06:30:00;2020-08-20 07:00:00;110.06666666666666
1071729215;2020-08-20 07:00:00;2020-08-20 07:30:00;93.93333333333334
1071729215;2020-08-20 07:30:00;2020-08-20 08:00:00;92.0
1071729215;2020-08-20 08:00:00;2020-08-20 08:30:00;92.9
1071729215;2020-08-20 08:30:00;2020-08-20 09:00:00;89.3
1071729215;2020-08-20 09:00:00;2020-08-20 09:30:00;90.0
1071729215;2020-08-20 09:30:00;2020-08-20 10:00:00;112.46666666666667
1071729215;2020-08-20 10:00:00;2020-08-20 10:30:00;89.5
1071729215;2020-08-20 10:30:00;2020-08-20 11:00:00;92.83333333333333
1071729215;2020-08-20 11:00:00;2020-08-20 11:30:00;98.13333333333334
1071729215;2020-08-20 11:30:00;2020-08-20 12:00:00;97.46666666666667
1071729215;2020-08-20 12:00:00;2020-08-20 12:30:00;96.3
1071729215;2020-08-20 12:30:00;2020-08-20 13:00:00;101.0
1071729215;2020-08-20 13:00:00;2020-08-20 13:30:00;98.66666666666667
1071729215;2020-08-20 13:30:00;2020-08-20 14:00:00;109.7
1071729215;2020-08-20 14:00:00;2020-08-20 14:30:00;102.83333333333333
1071729215;2020-08-20 14:30:00;2020-08-20 15:00:00;106.16666666666667
1071729215;2020-08-20 15:00:00;2020-08-20 15:30:00;101.36666666666666
1071729215;2020-08-20 15:30:00;2020-08-20 16:00:00;104.96666666666667
1071729215;2020-08-20 16:00:00;2020-08-20 16:30:00;88.53333333333333
1071729215;2020-08-20 16:30:00;2020-08-20 17:00:00;86.23333333333333
1071729215;2020-08-20 17:00:00;2020-08-20 17:30:00;95.83333333333333
1071729215;2020-08-20 17:30:00;2020-08-20 18:00:00;107.83333333333333
1071729215;2020-08-20 18:00:00;2020-08-20 18:30:00;102.53333333333333
1071729215;2020-08-20 18:30:00;2020-08-20 19:00:00;94.23333333333333
1071729215;2020-08-20 19:00:00;2020-08-20 19:30:00;105.96666666666667
1071729215;2020-08-20 19:30:00;2020-08-20 20:00:00;109.5
1071729215;2020-08-20 20:00:00;2020-08-20 20:30:00;110.26666666666667
1071729215;2020-08-20 20:30:00;2020-08-20 21:00:00;105.36666666666666
1071729215;2020-08-20 21:00:00;2020-08-20 21:30:00;94.53333333333333
1071729215;2020-08-20 21:30:00;2020-08-20 22:00:00;94.2
1071729215;2020-08-20 22:00:00;2020-08-20 22:30:00;81.4
1071729215;2020-08-20 22:30:00;2020-08-20 23:00:00;106.96666666666667
1071729215;2020-08-20 23:00:00;2020-08-20 23:30:00;102.8
1071729215;2020-08-20 23:30:00;2020-08-20 23:59:59;102.86666666666666
1071729215;2020-08-21 00:00:00;2020-08-21 00:30:00;103.0
1071729215;2020-08-21 00:30:00;2020-08-21 01:00:00;103.0
1071729215;2020-08-21 01:00:00;2020-08-21 01:30:00;103.0
1071729215;2020-08-21 01:30:00;2020-08-21 02:00:00;103.0
1071729215;2020-08-21 02:00:00;2020-08-21 02:30:00;95.53333333333333
1071729215;2020-08-21 02:30:00;2020-08-21 03:00:00;101.3
1071729215;2020-08-21 03:00:00;2020-08-21 03:30:00;102.56666666666666
1071729215;2020-08-21 03:30:00;2020-08-21 04:00:00;89.93333333333334
1071729215;2020-08-21 04:00:00;2020-08-21 04:30:00;106.96666666666667
1071729215;2020-08-21 04:30:00;2020-08-21 05:00:00;117.33333333333333
1071729215;2020-08-21 05:00:00;2020-08-21 05:30:00;113.13333333333334
1071729215;2020-08-21 05:30:00;2020-08-21 06:00:00;104.86666666666666
1071729215;2020-08-21 06:00:00;2020-08-21 06:30:00;105.5
1071729215;2020-08-21 06:30:00;2020-08-21 07:00:00;106.93333333333334
1071729215;2020-08-21 07:00:00;2020-08-21 07:30:00;109.7
1071729215;2020-08-21 07:30:00;2020-08-21 08:00:00;98.1
1071729215;2020-08-21 08:00:00;2020-08-21 08:30:00;95.26666666666667
1071729215;2020-08-21 08:30:00;2020-08-21 09:00:00;107.7
1071729215;2020-08-21 09:00:00;2020-08-21 09:30:00;104.53333333333333
1071729215;2020-08-21 09:30:00;2020-08-21 10:00:00;110.7
1071729215;2020-08-21 10:00:00;2020-08-21 10:30:00;104.66666666666667
1071729215;2020-08-21 10:30:00;2020-08-21 11:00:00;100.56666666666666
1071729215;2020-08-21 11:00:00;2020-08-21 11:30:00;94.93333333333334
1071729215;2020-08-21 11:30:00;2020-08-21 12:00:00;97.26666666666667
1071729215;2020-08-21 12:00:00;2020-08-21 12:30:00;106.66666666666667
1071729215;2020-08-21 12:30:00;2020-08-21 13:00:00;106.53333333333333
1071729215;2020-08-21 13:00:00;2020-08-21 13:30:00;92.4
1071729215;2020-08-21 13:30:00;2020-08-21 14:00:00;100.93333333333334
1071729215;2020-08-21 14:00:00;2020-08-21 14:30:00;106.6
1071729215;2020-08-21 14:30:00;2020-08-21 15:00:00;108.26666666666667
1071729215;2020-08-21 15:00:00;2020-08-21 15:30:00;108.43333333333334
1071729215;2020-08-21 15:30:00;2020-08-21 16:00:00;111.26666666666667
1071729215;2020-08-21 16:00:00;2020-08-21 16:30:00;111.33333333333333
1071729215;2020-08-21 16:30:00;2020-08-21 17:00:00;98.63333333333334
1071729215;2020-08-21 17:00:00;2020-08-21 17:30:00;93.56666666666666
1071729215;2020-08-21 17:30:00;2020-08-21 18:00:00;111.13333333333334
1071729215;2020-08-21 18:00:00;2020-08-21 18:30:00;110.1
1071729215;2020-08-21 18:30:00;2020-08-21 19:00:00;112.16666666666667
1071729215;2020-08-21 19:00:00;2020-08-21 19:30:00;109.23333333333333
1071729215;2020-08-21 19:30:00;2020-08-21 20:00:00;102.53333333333333
1071729215;2020-08-21 20:00:00;2020-08-21 20:30:00;112.93333333333334
1071729215;2020-08-21 20:30:00;2020-08-21 21:00:00;103.0
1071729215;2020-08-21 21:00:00;2020-08-21 21:30:00;103.0
1071729215;2020-08-21 21:30:00;2020-08-21 22:00:00;103.0
1071729215;2020-08-21 22:00:00;2020-08-21 22:30:00;103.0
1071729215;2020-08-21 22:30:00;2020-08-21 23:00:00;95.83333333333333
1071729215;2020-08-21 23:00:00;2020-08-21 23:30:00;89.96666666666667
1071729215;2020-08-21 23:30:00;2020-08-21 23:59:59;80.93333333333334
1071729215;2020-08-22 00:00:00;2020-08-22 00:30:00;95.4
1071729215;2020-08-22 00:30:00;2020-08-22 01:00:00;102.9
1071729215;2020-08-22 01:00:00;2020-08-22 01:30:00;100.0
1071729215;2020-08-22 01:30:00;2020-08-22 02:00:00;100.06666666666666
1071729215;2020-08-22 02:00:00;2020-08-22 02:30:00;102.26666666666667
1071729215;2020-08-22 02:30:00;2020-08-22 03:00:00;103.86666666666666
1071729215;2020-08-22 03:00:00;2020-08-22 03:30:00;107.5
1071729215;2020-08-22 03:30:00;2020-08-22 04:00:00;93.66666666666667
1071729215;2020-08-22 04:00:00;2020-08-22 04:30:00;100.56666666666666
1071729215;2020-08-22 04:30:00;2020-08-22 05:00:00;99.86666666666666
1071729215;2020-08-22 05:00:00;2020-08-22 05:30:00;100.73333333333333
1071729215;2020-08-22 05:30:00;2020-08-22 06:00:00;98.56666666666666
1071729215;2020-08-22 06:00:00;2020-08-22 06:30:00;114.5
1071729215;2020-08-22 06:30:00;2020-08-22 07:00:00;111.46666666666667
1071729215;2020-08-22 07:00:00;2020-08-22 07:30:00;94.83333333333333
1071729215;2020-08-22 07:30:00;2020-08-22 08:00:00;102.43333333333334
1071729215;2020-08-22 08:00:00;2020-08-22 08:30:00;90.56666666666666
1071729215;2020-08-22 08:30:00;2020-08-22 09:00:00;90.06666666666666
1071729215;2020-08-22 09:00:00;2020-08-22 09:30:00;105.63333333333334
1071729215;2020-08-22 09:30:00;2020-08-22 10:00:00;101.16666666666667
1071729215;2020-08-22 10:00:00;2020-08-22 10:30:00;113.06666666666666
1071729215;2020-08-22 10:30:00;2020-08-22 11:00:00;96.33333333333333
1071729215;2020-08-22 11:00:00;2020-08-22 11:30:00;97.5
1071729215;2020-08-22 11:30:00;2020-08-22 12:00:00;96.06666666666666
1071729215;2020-08-22 12:00:00;2020-08-22 12:30:00;98.6
1071729215;2020-08-22 12:30:00;2020-08-22 13:00:00;105.4
1071729215;2020-08-22 13:00:00;2020-08-22 13:30:00;106.03333333333333
1071729215;2020-08-22 13:30:00;2020-08-22 14:00:00;116.83333333333333
1071729215;2020-08-22 14:00:00;2020-08-22 14:30:00;111.7
1071729215;2020-08-22 14:30:00;2020-08-22 15:00:00;97.36666666666666
1071729215;2020-08-22 15:00:00;2020-08-22 15:30:00;101.06666666666666
1071729215;2020-08-22 15:30:00;2020-08-22 16:00:00;107.9
1071729215;2020-08-22 16:00:00;2020-08-22 16:30:00;113.06666666666666
1071729215;2020-08-22 16:30:00;2020-08-22 17:00:00;108.46666666666667
1071729215;2020-08-22 17:00:00;2020-08-22 17:30:00;109.43333333333334
1071729215;2020-08-22 17:30:00;2020-08-22 18:00:00;104.26666666666667
1071729215;2020-08-22 18:00:00;2020-08-22 18:30:00;113.93333333333334
1071729215;2020-08-22 18:30:00;2020-08-22 19:00:00;100.2
1071729215;2020-08-22 19:00:00;2020-08-22 19:30:00;109.53333333333333
1071729215;2020-08-22 19:30:00;2020-08-22 20:00:00;111.16666666666667
1071729215;2020-08-22 20:00:00;2020-08-22 20:30:00;115.43333333333334
1071729215;2020-08-22 20:30:00;2020-08-22 21:00:00;103.36666666666666
1071729215;2020-08-22 21:00:00;2020-08-22 21:30:00;105.76666666666667
1071729215;2020-08-22 21:30:00;2020-08-22 22:00:00;113.3
1071729215;2020-08-22 22:00:00;2020-08-22 22:30:00;101.56666666666666
1071729215;2020-08-22 22:30:00;2020-08-22 23:00:00;95.66666666666667
1071729215;2020-08-22 23:00:00;2020-08-22 23:30:00;101.33333333333333
1071729215;2020-08-22 23:30:00;2020-08-22 23:59:59;79.6
1071729215;2020-08-23 00:00:00;2020-08-23 00:30:00;78.5
1071729215;2020-08-23 00:30:00;2020-08-23 01:00:00;100.53333333333333
1071729215;2020-08-23 01:00:00;2020-08-23 01:30:00;112.46666666666667
1071729215;2020-08-23 01:30:00;2020-08-23 02:00:00;103.0
1071729215;2020-08-23 02:00:00;2020-08-23 02:30:00;103.0
1071729215;2020-08-23 02:30:00;2020-08-23 03:00:00;103.0
1071729215;2020-08-23 03:00:00;2020-08-23 03:30:00;109.0
1071729215;2020-08-23 03:30:00;2020-08-23 04:00:00;109.0
1071729215;2020-08-23 04:00:00;2020-08-23 04:30:00;122.0
1071729215;2020-08-23 04:30:00;2020-08-23 05:00:00;122.0
1071729215;2020-08-23 05:00:00;2020-08-23 05:30:00;114.0
1071729215;2020-08-23 05:30:00;2020-08-23 06:00:00;114.0
1071729215;2020-08-23 06:00:00;2020-08-23 06:30:00;105.0
1071729215;2020-08-23 06:30:00;2020-08-23 07:00:00;90.76666666666667
1071729215;2020-08-23 07:00:00;2020-08-23 07:30:00;103.53333333333333
1071729215;2020-08-23 07:30:00;2020-08-23 08:00:00;103.03333333333333
1071729215;2020-08-23 08:00:00;2020-08-23 08:30:00;111.2
1071729215;2020-08-23 08:30:00;2020-08-23 09:00:00;106.03333333333333
1071729215;2020-08-23 09:00:00;2020-08-23 09:30:00;99.96666666666667
1071729215;2020-08-23 09:30:00;2020-08-23 10:00:00;97.8
1071729215;2020-08-23 10:00:00;2020-08-23 10:30:00;106.0
1071729215;2020-08-23 10:30:00;2020-08-23 11:00:00;90.2
1071729215;2020-08-23 11:00:00;2020-08-23 11:30:00;98.3
1071729215;2020-08-23 11:30:00;2020-08-23 12:00:00;90.83333333333333
1071729215;2020-08-23 12:00:00;2020-08-23 12:30:00;96.36666666666666
1071729215;2020-08-23 12:30:00;2020-08-23 13:00:00;101.7
1071729215;2020-08-23 13:00:00;2020-08-23 13:30:00;103.2
1071729215;2020-08-23 13:30:00;2020-08-23 14:00:00;90.23333333333333
1071729215;2020-08-23 14:00:00;2020-08-23 14:30:00;92.66666666666667
1071729215;2020-08-23 14:30:00;2020-08-23 15:00:00;86.66666666666667
1071729215;2020-08-23 15:00:00;2020-08-23 15:30:00;81.06666666666666
1071729215;2020-08-23 15:30:00;2020-08-23 16:00:00;92.5
1071729215;2020-08-23 16:00:00;2020-08-23 16:30:00;94.9
1071729215;2020-08-23 16:30:00;2020-08-23 17:00:00;109.3
1071729215;2020-08-23 17:00:00;2020-08-23 17:30:00;93.9
1071729215;2020-08-23 17:30:00;2020-08-23 18:00:00;95.56666666666666
1071729215;2020-08-23 18:00:00;2020-08-23 18:30:00;101.9
1071729215;2020-08-23 18:30:00;2020-08-23 19:00:00;108.96666666666667
1071729215;2020-08-23 19:00:00;2020-08-23 19:30:00;114.76666666666667
1071729215;2020-08-23 19:30:00;2020-08-23 20:00:00;103.8
1071729215;2020-08-23 20:00:00;2020-08-23 20:30:00;99.53333333333333
1071729215;2020-08-23 20:30:00;2020-08-23 21:00:00;113.73333333333333
1071729215;2020-08-23 21:00:00;2020-08-23 21:30:00;97.63333333333334
1071729215;2020-08-23 21:30:00;2020-08-23 22:00:00;95.4
1071729215;2020-08-23 22:00:00;2020-08-23 22:30:00;103.2
1071729215;2020-08-23 22:30:00;2020-08-23 23:00:00;108.23333333333333
1071729215;2020-08-23 23:00:00;2020-08-23 23:30:00;105.16666666666667
1071729215;2020-08-23 23:30:00;2020-08-23 23:59:59;106.43333333333334
1071729215;2020-08-24 00:00:00;2020-08-24 00:30:00;103.43333333333334
1071729215;2020-08-24 00:30:00;2020-08-24 01:00:00;103.0
1071729215;2020-08-24 01:00:00;2020-08-24 01:30:00;103.0
1071729215;2020-08-24 01:30:00;2020-08-24 02:00:00;103.0
1071729215;2020-08-24 02:00:00;2020-08-24 02:30:00;105.2
1071729215;2020-08-24 02:30:00;2020-08-24 03:00:00;102.13333333333334
1071729215;2020-08-24 03:00:00;2020-08-24 03:30:00;103.8
1071729215;2020-08-24 03:30:00;2020-08-24 04:00:00;104.86666666666666
1071729215;2020-08-24 04:00:00;2020-08-24 04:30:00;117.9
1071729215;2020-08-24 04:30:00;2020-08-24 05:00:00;101.83333333333333
1071729215;2020-08-24 05:00:00;2020-08-24 05:30:00;105.23333333333333
1071729215;2020-08-24 05:30:00;2020-08-24 06:00:00;93.6
1071729215;2020-08-24 06:00:00;2020-08-24 06:30:00;104.23333333333333
1071729215;2020-08-24 06:30:00;2020-08-24 07:00:00;103.43333333333334
1071729215;2020-08-24 07:00:00;2020-08-24 07:30:00;110.33333333333333
1071729215;2020-08-24 07:30:00;2020-08-24 08:00:00;106.86666666666666
1071729215;2020-08-24 08:00:00;2020-08-24 08:30:00;101.15384615384616
1071729215;2020-08-24 08:30:00;2020-08-24 09:00:00;96.16666666666667
1071729215;2020-08-24 09:00:00;2020-08-24 09:30:00;100.83333333333333
1071729215;2020-08-24 09:30:00;2020-08-24 10:00:00;102.3
1071729215;2020-08-24 10:00:00;2020-08-24 10:30:00;89.56666666666666
1071729215;2020-08-24 10:30:00;2020-08-24 11:00:00;107.86666666666666
1071729215;2020-08-24 11:00:00;2020-08-24 11:30:00;100.26666666666667
1071729215;2020-08-24 11:30:00;2020-08-24 12:00:00;97.9
1071729215;2020-08-24 12:00:00;2020-08-24 12:30:00;116.3
1071729215;2020-08-24 12:30:00;2020-08-24 13:00:00;95.96666666666667
1071729215;2020-08-24 13:00:00;2020-08-24 13:30:00;91.66666666666667
1071729215;2020-08-24 13:30:00;2020-08-24 14:00:00;94.13333333333334
1071729215;2020-08-24 14:00:00;2020-08-24 14:30:00;102.03333333333333
1071729215;2020-08-24 14:30:00;2020-08-24 15:00:00;109.23333333333333
1071729215;2020-08-24 15:00:00;2020-08-24 15:30:00;93.73333333333333
1071729215;2020-08-24 15:30:00;2020-08-24 16:00:00;95.73333333333333
1071729215;2020-08-24 16:00:00;2020-08-24 16:30:00;95.43333333333334
1071729215;2020-08-24 16:30:00;2020-08-24 17:00:00;102.2
1071729215;2020-08-24 17:00:00;2020-08-24 17:30:00;108.03333333333333
1071729215;2020-08-24 17:30:00;2020-08-24 18:00:00;95.6
1071729215;2020-08-24 18:00:00;2020-08-24 18:30:00;103.76666666666667
1071729215;2020-08-24 18:30:00;2020-08-24 19:00:00;96.96666666666667
1071729215;2020-08-24 19:00:00;2020-08-24 19:30:00;119.03333333333333
1071729215;2020-08-24 19:30:00;2020-08-24 20:00:00;110.76666666666667
1071729215;2020-08-24 20:00:00;2020-08-24 20:30:00;102.43333333333334
1071729215;2020-08-24 20:30:00;2020-08-24 21:00:00;109.2
1071729215;2020-08-24 21:00:00;2020-08-24 21:30:00;102.93333333333334
1071729215;2020-08-24 21:30:00;2020-08-24 22:00:00;97.0
1071729215;2020-08-24 22:00:00;2020-08-24 22:30:00;86.13333333333334
1071729215;2020-08-24 22:30:00;2020-08-24 23:00:00;81.46666666666667
1071729215;2020-08-24 23:00:00;2020-08-24 23:30:00;86.7
1071729215;2020-08-24 23:30:00;2020-08-24 23:59:59;97.26666666666667
1071729215;2020-08-25 00:00:00;2020-08-25 00:30:00;103.0
1071729215;2020-08-25 00:30:00;2020-08-25 01:00:00;113.56666666666666
1071729215;2020-08-25 01:00:00;2020-08-25 01:30:00;103.0
1071729215;2020-08-25 01:30:00;2020-08-25 02:00:00;103.0
1071729215;2020-08-25 02:00:00;2020-08-25 02:30:00;103.0
1071729215;2020-08-25 02:30:00;2020-08-25 03:00:00;103.0
1071729215;2020-08-25 03:00:00;2020-08-25 03:30:00;98.0
1071729215;2020-08-25 03:30:00;2020-08-25 04:00:00;97.63333333333334
1071729215;2020-08-25 04:00:00;2020-08-25 04:30:00;94.46666666666667
1071729215;2020-08-25 04:30:00;2020-08-25 05:00:00;98.06666666666666
1071729215;2020-08-25 05:00:00;2020-08-25 05:30:00;104.7
1071729215;2020-08-25 05:30:00;2020-08-25 06:00:00;114.13333333333334
1071729215;2020-08-25 06:00:00;2020-08-25 06:30:00;113.9
1071729215;2020-08-25 06:30:00;2020-08-25 07:00:00;102.66666666666667
1071729215;2020-08-25 07:00:00;2020-08-25 07:30:00;108.66666666666667
1071729215;2020-08-25 07:30:00;2020-08-25 08:00:00;111.33333333333333
1071729215;2020-08-25 08:00:00;2020-08-25 08:30:00;96.57142857142857
1071729215;2020-08-25 08:30:00;2020-08-25 09:00:00;94.53333333333333
1071729215;2020-08-25 09:00:00;2020-08-25 09:30:00;106.1
1071729215;2020-08-25 09:30:00;2020-08-25 10:00:00;102.36666666666666
1071729215;2020-08-25 10:00:00;2020-08-25 10:30:00;106.8
1071729215;2020-08-25 10:30:00;2020-08-25 11:00:00;118.26666666666667
1071729215;2020-08-25 11:00:00;2020-08-25 11:30:00;107.83333333333333
1071729215;2020-08-25 11:30:00;2020-08-25 12:00:00;91.96666666666667
1071729215;2020-08-25 12:00:00;2020-08-25 12:30:00;95.4
1071729215;2020-08-25 12:30:00;2020-08-25 13:00:00;93.0
1071729215;2020-08-25 13:00:00;2020-08-25 13:30:00;99.4
1071729215;2020-08-25 13:30:00;2020-08-25 14:00:00;106.6
1071729215;2020-08-25 14:00:00;2020-08-25 14:30:00;107.23333333333333
1071729215;2020-08-25 14:30:00;2020-08-25 15:00:00;90.96666666666667
1071729215;2020-08-25 15:00:00;2020-08-25 15:30:00;99.66666666666667
1071729215;2020-08-25 15:30:00;2020-08-25 16:00:00;98.5
1071729215;2020-08-25 16:00:00;2020-08-25 16:30:00;96.73333333333333
1071729215;2020-08-25 16:30:00;2020-08-25 17:00:00;96.66666666666667
1071729215;2020-08-25 17:00:00;2020-08-25 17:30:00;109.03333333333333
1071729215;2020-08-25 17:30:00;2020-08-25 18:00:00;108.46666666666667
1071729215;2020-08-25 18:00:00;2020-08-25 18:30:00;113.2
1071729215;2020-08-25 18:30:00;2020-08-25 19:00:00;110.63333333333334
1071729215;2020-08-25 19:00:00;2020-08-25 19:30:00;105.4
1071729215;2020-08-25 19:30:00;2020-08-25 20:00:00;108.6
1071729215;2020-08-25 20:00:00;2020-08-25 20:30:00;106.3
1071729215;2020-08-25 20:30:00;2020-08-25 21:00:00;109.86666666666666
1071729215;2020-08-25 21:00:00;2020-08-25 21:30:00;103.26666666666667
1071729215;2020-08-25 21:30:00;2020-08-25 22:00:00;111.9
1071729215;2020-08-25 22:00:00;2020-08-25 22:30:00;106.83333333333333
1071729215;2020-08-25 22:30:00;2020-08-25 23:00:00;112.2
1071729215;2020-08-25 23:00:00;2020-08-25 23:30:00;105.06666666666666
1071729215;2020-08-25 23:30:00;2020-08-25 23:59:59;110.43333333333334
1071729215;2020-08-26 00:00:00;2020-08-26 00:30:00;104.1
1071729215;2020-08-26 00:30:00;2020-08-26 01:00:00;103.0
1071729215;2020-08-26 01:00:00;2020-08-26 01:30:00;103.0
1071729215;2020-08-26 01:30:00;2020-08-26 02:00:00;103.0
1071729215;2020-08-26 02:00:00;2020-08-26 02:30:00;103.0
1071729215;2020-08-26 02:30:00;2020-08-26 03:00:00;103.0
1071729215;2020-08-26 03:00:00;2020-08-26 03:30:00;98.86666666666666
1071729215;2020-08-26 03:30:00;2020-08-26 04:00:00;96.13333333333334
1071729215;2020-08-26 04:00:00;2020-08-26 04:30:00;99.9
1071729215;2020-08-26 04:30:00;2020-08-26 05:00:00;98.8
1071729215;2020-08-26 05:00:00;2020-08-26 05:30:00;102.4
1071729215;2020-08-26 05:30:00;2020-08-26 06:00:00;95.7
1071729215;2020-08-26 06:00:00;2020-08-26 06:30:00;93.1
1071729215;2020-08-26 06:30:00;2020-08-26 07:00:00;100.13333333333334
1071729215;2020-08-26 07:00:00;2020-08-26 07:30:00;94.66666666666667
1071729215;2020-08-26 07:30:00;2020-08-26 08:00:00;106.93333333333334
1071729215;2020-08-26 08:00:00;2020-08-26 08:30:00;104.7
1071729215;2020-08-26 08:30:00;2020-08-26 09:00:00;113.96666666666667
1071729215;2020-08-26 09:00:00;2020-08-26 09:30:00;90.13333333333334
1071729215;2020-08-26 09:30:00;2020-08-26 10:00:00;95.4
1071729215;2020-08-26 10:00:00;2020-08-26 10:30:00;85.43333333333334
1071729215;2020-08-26 10:30:00;2020-08-26 11:00:00;93.36666666666666
1071729215;2020-08-26 11:00:00;2020-08-26 11:30:00;85.96666666666667
1071729215;2020-08-26 11:30:00;2020-08-26 12:00:00;113.66666666666667
1071729215;2020-08-26 12:00:00;2020-08-26 12:30:00;101.56666666666666
1071729215;2020-08-26 12:30:00;2020-08-26 13:00:00;95.96666666666667
1071729215;2020-08-26 13:00:00;2020-08-26 13:30:00;102.5
1071729215;2020-08-26 13:30:00;2020-08-26 14:00:00;90.36666666666666
1071729215;2020-08-26 14:00:00;2020-08-26 14:30:00;99.93333333333334
1071729215;2020-08-26 14:30:00;2020-08-26 15:00:00;99.63333333333334
1071729215;2020-08-26 15:00:00;2020-08-26 15:30:00;110.96666666666667
1071729215;2020-08-26 15:30:00;2020-08-26 16:00:00;102.5
1071729215;2020-08-26 16:00:00;2020-08-26 16:30:00;101.43333333333334
1071729215;2020-08-26 16:30:00;2020-08-26 17:00:00;101.33333333333333
1071729215;2020-08-26 17:00:00;2020-08-26 17:30:00;94.6
1071729215;2020-08-26 17:30:00;2020-08-26 18:00:00;110.6
1071729215;2020-08-26 18:00:00;2020-08-26 18:30:00;94.7
1071729215;2020-08-26 18:30:00;2020-08-26 19:00:00;94.6
1071729215;2020-08-26 19:00:00;2020-08-26 19:30:00;101.5
1071729215;2020-08-26 19:30:00;2020-08-26 20:00:00;107.56666666666666
1071729215;2020-08-26 20:00:00;2020-08-26 20:30:00;110.5
1071729215;2020-08-26 20:30:00;2020-08-26 21:00:00;98.43333333333334
1071729215;2020-08-26 21:00:00;2020-08-26 21:30:00;97.56666666666666
1071729215;2020-08-26 21:30:00;2020-08-26 22:00:00;111.53333333333333
1071729215;2020-08-26 22:00:00;2020-08-26 22:30:00;103.0
1071729215;2020-08-26 22:30:00;2020-08-26 23:00:00;103.0
1071729215;2020-08-26 23:00:00;2020-08-26 23:30:00;103.0
1071729215;2020-08-26 23:30:00;2020-08-26 23:59:59;98.83333333333333
1071729215;2020-08-27 00:00:00;2020-08-27 00:30:00;97.83333333333333
1071729215;2020-08-27 00:30:00;2020-08-27 01:00:00;100.8
1071729215;2020-08-27 01:00:00;2020-08-27 01:30:00;100.0
1071729215;2020-08-27 01:30:00;2020-08-27 02:00:00;100.3
1071729215;2020-08-27 02:00:00;2020-08-27 02:30:00;101.6
1071729215;2020-08-27 02:30:00;2020-08-27 03:00:00;103.0
1071729215;2020-08-27 03:00:00;2020-08-27 03:30:00;90.83333333333333
1071729215;2020-08-27 03:30:00;2020-08-27 04:00:00;108.1
1071729215;2020-08-27 04:00:00;2020-08-27 04:30:00;95.46666666666667
1071729215;2020-08-27 04:30:00;2020-08-27 05:00:00;105.3
1071729215;2020-08-27 05:00:00;2020-08-27 05:30:00;99.5
1071729215;2020-08-27 05:30:00;2020-08-27 06:00:00;113.2
1071729215;2020-08-27 06:00:00;2020-08-27 06:30:00;99.3
1071729215;2020-08-27 06:30:00;2020-08-27 07:00:00;97.46666666666667
1071729215;2020-08-27 07:00:00;2020-08-27 07:30:00;96.16666666666667
1071729215;2020-08-27 07:30:00;2020-08-27 08:00:00;95.16666666666667
1071729215;2020-08-27 08:00:00;2020-08-27 08:30:00;88.43333333333334
1071729215;2020-08-27 08:30:00;2020-08-27 09:00:00;104.33333333333333
1071729215;2020-08-27 09:00:00;2020-08-27 09:30:00;99.7
1071729215;2020-08-27 09:30:00;2020-08-27 10:00:00;108.9
1071729215;2020-08-27 10:00:00;2020-08-27 10:30:00;93.5
1071729215;2020-08-27 10:30:00;2020-08-27 11:00:00;105.36666666666666
1071729215;2020-08-27 11:00:00;2020-08-27 11:30:00;98.2
1071729215;2020-08-27 11:30:00;2020-08-27 12:00:00;112.0
1071729215;2020-08-27 12:00:00;2020-08-27 12:30:00;99.3
1071729215;2020-08-27 12:30:00;2020-08-27 13:00:00;100.93333333333334
1071729215;2020-08-27 13:00:00;2020-08-27 13:30:00;94.86666666666666
1071729215;2020-08-27 13:30:00;2020-08-27 14:00:00;97.86666666666666
1071729215;2020-08-27 14:00:00;2020-08-27 14:30:00;102.26666666666667
1071729215;2020-08-27 14:30:00;2020-08-27 15:00:00;94.3
1071729215;2020-08-27 15:00:00;2020-08-27 15:30:00;96.83333333333333
1071729215;2020-08-27 15:30:00;2020-08-27 16:00:00;109.82758620689656
1071729215;2020-08-27 16:00:00;2020-08-27 16:30:00;107.73333333333333
1071729215;2020-08-27 16:30:00;2020-08-27 17:00:00;97.2
1071729215;2020-08-27 17:00:00;2020-08-27 17:30:00;96.2
1071729215;2020-08-27 17:30:00;2020-08-27 18:00:00;104.63333333333334
1071729215;2020-08-27 18:00:00;2020-08-27 18:30:00;94.43333333333334
1071729215;2020-08-27 18:30:00;2020-08-27 19:00:00;108.03333333333333
1071729215;2020-08-27 19:00:00;2020-08-27 19:30:00;99.66666666666667
1071729215;2020-08-27 19:30:00;2020-08-27 20:00:00;97.23333333333333
1071729215;2020-08-27 20:00:00;2020-08-27 20:30:00;110.73333333333333
1071729215;2020-08-27 20:30:00;2020-08-27 21:00:00;98.4
1071729215;2020-08-27 21:00:00;2020-08-27 21:30:00;98.03333333333333
1071729215;2020-08-27 21:30:00;2020-08-27 22:00:00;106.46666666666667
1071729215;2020-08-27 22:00:00;2020-08-27 22:30:00;97.56666666666666
1071729215;2020-08-27 22:30:00;2020-08-27 23:00:00;102.1
1071729215;2020-08-27 23:00:00;2020-08-27 23:30:00;103.06666666666666
1071729215;2020-08-27 23:30:00;2020-08-27 23:59:59;101.26666666666667
1071729215;2020-08-28 00:00:00;2020-08-28 00:30:00;100.06666666666666
1071729215;2020-08-28 00:30:00;2020-08-28 01:00:00;99.26666666666667
1071729215;2020-08-28 01:00:00;2020-08-28 01:30:00;103.0
1071729215;2020-08-28 01:30:00;2020-08-28 02:00:00;103.0
1071729215;2020-08-28 02:00:00;2020-08-28 02:30:00;103.0
1071729215;2020-08-28 02:30:00;2020-08-28 03:00:00;93.33333333333333
1071729215;2020-08-28 03:00:00;2020-08-28 03:30:00;94.76666666666667
1071729215;2020-08-28 03:30:00;2020-08-28 04:00:00;103.0
1071729215;2020-08-28 04:00:00;2020-08-28 04:30:00;108.2
1071729215;2020-08-28 04:30:00;2020-08-28 05:00:00;109.63333333333334
1071729215;2020-08-28 05:00:00;2020-08-28 05:30:00;103.4
1071729215;2020-08-28 05:30:00;2020-08-28 06:00:00;116.76666666666667
1071729215;2020-08-28 06:00:00;2020-08-28 06:30:00;116.46666666666667
1071729215;2020-08-28 06:30:00;2020-08-28 07:00:00;104.5
1071729215;2020-08-28 07:00:00;2020-08-28 07:30:00;99.96666666666667
1071729215;2020-08-28 07:30:00;2020-08-28 08:00:00;97.73333333333333
1071729215;2020-08-28 08:00:00;2020-08-28 08:30:00;113.7
1071729215;2020-08-28 08:30:00;2020-08-28 09:00:00;96.6
1071729215;2020-08-28 09:00:00;2020-08-28 09:30:00;104.83333333333333
1071729215;2020-08-28 09:30:00;2020-08-28 10:00:00;115.93333333333334
1071729215;2020-08-28 10:00:00;2020-08-28 10:30:00;101.93333333333334
1071729215;2020-08-28 10:30:00;2020-08-28 11:00:00;104.8
1071729215;2020-08-28 11:00:00;2020-08-28 11:30:00;101.43333333333334
1071729215;2020-08-28 11:30:00;2020-08-28 12:00:00;101.43333333333334
1071729215;2020-08-28 12:00:00;2020-08-28 12:30:00;106.9
1071729215;2020-08-28 12:30:00;2020-08-28 13:00:00;106.93103448275862
1071729215;2020-08-28 13:00:00;2020-08-28 13:30:00;102.43333333333334
1071729215;2020-08-28 13:30:00;2020-08-28 14:00:00;104.13333333333334
1071729215;2020-08-28 14:00:00;2020-08-28 14:30:00;102.1
1071729215;2020-08-28 14:30:00;2020-08-28 15:00:00;108.9
1071729215;2020-08-28 15:00:00;2020-08-28 15:30:00;104.0
1071729215;2020-08-28 15:30:00;2020-08-28 16:00:00;98.73333333333333
1071729215;2020-08-28 16:00:00;2020-08-28 16:30:00;93.16666666666667
1071729215;2020-08-28 16:30:00;2020-08-28 17:00:00;107.56666666666666
1071729215;2020-08-28 17:00:00;2020-08-28 17:30:00;102.8
1071729215;2020-08-28 17:30:00;2020-08-28 18:00:00;98.7
1071729215;2020-08-28 18:00:00;2020-08-28 18:30:00;110.8
1071729215;2020-08-28 18:30:00;2020-08-28 19:00:00;109.83333333333333
1071729215;2020-08-28 19:00:00;2020-08-28 19:30:00;105.96666666666667
1071729215;2020-08-28 19:30:00;2020-08-28 20:00:00;114.46666666666667
1071729215;2020-08-28 20:00:00;2020-08-28 20:30:00;120.53333333333333
1071729215;2020-08-28 20:30:00;2020-08-28 21:00:00;107.66666666666667
1071729215;2020-08-28 21:00:00;2020-08-28 21:30:00;103.0
1071729215;2020-08-28 21:30:00;2020-08-28 22:00:00;103.0
1071729215;2020-08-28 22:00:00;2020-08-28 22:30:00;100.73333333333333
1071729215;2020-08-28 22:30:00;2020-08-28 23:00:00;103.0
1071729215;2020-08-28 23:00:00;2020-08-28 23:30:00;103.0
1071729215;2020-08-28 23:30:00;2020-08-28 23:59:59;103.0
1071729215;2020-08-29 00:00:00;2020-08-29 00:30:00;103.0
1071729215;2020-08-29 00:30:00;2020-08-29 01:00:00;103.0
1071729215;2020-08-29 01:00:00;2020-08-29 01:30:00;103.0
1071729215;2020-08-29 01:30:00;2020-08-29 02:00:00;105.16666666666667
1071729215;2020-08-29 02:00:00;2020-08-29 02:30:00;103.0
1071729215;2020-08-29 02:30:00;2020-08-29 03:00:00;103.0
1071729215;2020-08-29 03:00:00;2020-08-29 03:30:00;113.2
1071729215;2020-08-29 03:30:00;2020-08-29 04:00:00;104.5
1071729215;2020-08-29 04:00:00;2020-08-29 04:30:00;113.0
1071729215;2020-08-29 04:30:00;2020-08-29 05:00:00;99.63333333333334
1071729215;2020-08-29 05:00:00;2020-08-29 05:30:00;96.86666666666666
1071729215;2020-08-29 05:30:00;2020-08-29 06:00:00;91.03333333333333
1071729215;2020-08-29 06:00:00;2020-08-29 06:30:00;96.13333333333334
1071729215;2020-08-29 06:30:00;2020-08-29 07:00:00;107.96666666666667
1071729215;2020-08-29 07:00:00;2020-08-29 07:30:00;104.33333333333333
1071729215;2020-08-29 07:30:00;2020-08-29 08:00:00;92.63333333333334
1071729215;2020-08-29 08:00:00;2020-08-29 08:30:00;102.66666666666667
1071729215;2020-08-29 08:30:00;2020-08-29 09:00:00;98.43333333333334
1071729215;2020-08-29 09:00:00;2020-08-29 09:30:00;84.73333333333333
1071729215;2020-08-29 09:30:00;2020-08-29 10:00:00;95.86666666666666
1071729215;2020-08-29 10:00:00;2020-08-29 10:30:00;102.16666666666667
1071729215;2020-08-29 10:30:00;2020-08-29 11:00:00;100.43333333333334
1071729215;2020-08-29 11:00:00;2020-08-29 11:30:00;111.73333333333333
1071729215;2020-08-29 11:30:00;2020-08-29 12:00:00;99.96666666666667
1071729215;2020-08-29 12:00:00;2020-08-29 12:30:00;99.16666666666667
1071729215;2020-08-29 12:30:00;2020-08-29 13:00:00;115.76666666666667
1071729215;2020-08-29 13:00:00;2020-08-29 13:30:00;109.3
1071729215;2020-08-29 13:30:00;2020-08-29 14:00:00;109.5
1071729215;2020-08-29 14:00:00;2020-08-29 14:30:00;105.93333333333334
1071729215;2020-08-29 14:30:00;2020-08-29 15:00:00;105.0
1071729215;2020-08-29 15:00:00;2020-08-29 15:30:00;107.43333333333334
1071729215;2020-08-29 15:30:00;2020-08-29 16:00:00;111.6
1071729215;2020-08-29 16:00:00;2020-08-29 16:30:00;116.43333333333334
1071729215;2020-08-29 16:30:00;2020-08-29 17:00:00;100.13333333333334
1071729215;2020-08-29 17:00:00;2020-08-29 17:30:00;113.13333333333334
1071729215;2020-08-29 17:30:00;2020-08-29 18:00:00;99.03333333333333
1071729215;2020-08-29 18:00:00;2020-08-29 18:30:00;101.7
1071729215;2020-08-29 18:30:00;2020-08-29 19:00:00;114.66666666666667
1071729215;2020-08-29 19:00:00;2020-08-29 19:30:00;113.06666666666666
1071729215;2020-08-29 19:30:00;2020-08-29 20:00:00;111.8
1071729215;2020-08-29 20:00:00;2020-08-29 20:30:00;105.93333333333334
1071729215;2020-08-29 20:30:00;2020-08-29 21:00:00;110.2
1071729215;2020-08-29 21:00:00;2020-08-29 21:30:00;103.0
1071729215;2020-08-29 21:30:00;2020-08-29 22:00:00;103.53333333333333
1071729215;2020-08-29 22:00:00;2020-08-29 22:30:00;98.93333333333334
1071729215;2020-08-29 22:30:00;2020-08-29 23:00:00;100.9
1071729215;2020-08-29 23:00:00;2020-08-29 23:30:00;100.0
1071729215;2020-08-29 23:30:00;2020-08-29 23:59:59;94.96666666666667
1071729215;2020-08-30 00:00:00;2020-08-30 00:30:00;101.1
1071729215;2020-08-30 00:30:00;2020-08-30 01:00:00;100.0
1071729215;2020-08-30 01:00:00;2020-08-30 01:30:00;101.93333333333334
1071729215;2020-08-30 01:30:00;2020-08-30 02:00:00;105.56666666666666
1071729215;2020-08-30 02:00:00;2020-08-30 02:30:00;102.93333333333334
1071729215;2020-08-30 02:30:00;2020-08-30 03:00:00;101.93333333333334
1071729215;2020-08-30 03:00:00;2020-08-30 03:30:00;108.4
1071729215;2020-08-30 03:30:00;2020-08-30 04:00:00;103.0
1071729215;2020-08-30 04:00:00;2020-08-30 04:30:00;103.63333333333334
1071729215;2020-08-30 04:30:00;2020-08-30 05:00:00;117.4
1071729215;2020-08-30 05:00:00;2020-08-30 05:30:00;118.33333333333333
1071729215;2020-08-30 05:30:00;2020-08-30 06:00:00;114.0
1071729215;2020-08-30 06:00:00;2020-08-30 06:30:00;107.53333333333333
1071729215;2020-08-30 06:30:00;2020-08-30 07:00:00;99.63333333333334
1071729215;2020-08-30 07:00:00;2020-08-30 07:30:00;119.5
1071729215;2020-08-30 07:30:00;2020-08-30 08:00:00;100.1
1071729215;2020-08-30 08:00:00;2020-08-30 08:30:00;97.76666666666667
1071729215;2020-08-30 08:30:00;2020-08-30 09:00:00;102.73333333333333
1071729215;2020-08-30 09:00:00;2020-08-30 09:30:00;112.0
1071729215;2020-08-30 09:30:00;2020-08-30 10:00:00;97.1
1071729215;2020-08-30 10:00:00;2020-08-30 10:30:00;106.36666666666666
1071729215;2020-08-30 10:30:00;2020-08-30 11:00:00;90.96666666666667
1071729215;2020-08-30 11:00:00;2020-08-30 11:30:00;104.83333333333333
1071729215;2020-08-30 11:30:00;2020-08-30 12:00:00;91.63333333333334
1071729215;2020-08-30 12:00:00;2020-08-30 12:30:00;96.6
1071729215;2020-08-30 12:30:00;2020-08-30 13:00:00;98.9
1071729215;2020-08-30 13:00:00;2020-08-30 13:30:00;102.13333333333334
1071729215;2020-08-30 13:30:00;2020-08-30 14:00:00;102.2
1071729215;2020-08-30 14:00:00;2020-08-30 14:30:00;91.83333333333333
1071729215;2020-08-30 14:30:00;2020-08-30 15:00:00;88.36666666666666
1071729215;2020-08-30 15:00:00;2020-08-30 15:30:00;85.23333333333333
1071729215;2020-08-30 15:30:00;2020-08-30 16:00:00;86.4
1071729215;2020-08-30 16:00:00;2020-08-30 16:30:00;84.26666666666667
1071729215;2020-08-30 16:30:00;2020-08-30 17:00:00;107.73333333333333
1071729215;2020-08-30 17:00:00;2020-08-30 17:30:00;98.96666666666667
1071729215;2020-08-30 17:30:00;2020-08-30 18:00:00;90.53333333333333
1071729215;2020-08-30 18:00:00;2020-08-30 18:30:00;84.8
1071729215;2020-08-30 18:30:00;2020-08-30 19:00:00;94.83333333333333
1071729215;2020-08-30 19:00:00;2020-08-30 19:30:00;86.9
1071729215;2020-08-30 19:30:00;2020-08-30 20:00:00;98.66666666666667
1071729215;2020-08-30 20:00:00;2020-08-30 20:30:00;104.16666666666667
1071729215;2020-08-30 20:30:00;2020-08-30 21:00:00;114.06666666666666
1071729215;2020-08-30 21:00:00;2020-08-30 21:30:00;107.13333333333334
1071729215;2020-08-30 21:30:00;2020-08-30 22:00:00;103.86666666666666
1071729215;2020-08-30 22:00:00;2020-08-30 22:30:00;103.06666666666666
1071729215;2020-08-30 22:30:00;2020-08-30 23:00:00;103.0
1071729215;2020-08-30 23:00:00;2020-08-30 23:30:00;103.0
1071729215;2020-08-30 23:30:00;2020-08-30 23:59:59;103.0
1071729215;2020-08-31 00:00:00;2020-08-31 00:30:00;103.0
1071729215;2020-08-31 00:30:00;2020-08-31 01:00:00;103.0
1071729215;2020-08-31 01:00:00;2020-08-31 01:30:00;103.0
1071729215;2020-08-31 01:30:00;2020-08-31 02:00:00;103.0
1071729215;2020-08-31 02:00:00;2020-08-31 02:30:00;103.0
1071729215;2020-08-31 02:30:00;2020-08-31 03:00:00;103.0
1071729215;2020-08-31 03:00:00;2020-08-31 03:30:00;100.9
1071729215;2020-08-31 03:30:00;2020-08-31 04:00:00;106.66666666666667
1071729215;2020-08-31 04:00:00;2020-08-31 04:30:00;118.3
1071729215;2020-08-31 04:30:00;2020-08-31 05:00:00;103.5
1071729215;2020-08-31 05:00:00;2020-08-31 05:30:00;106.96666666666667
1071729215;2020-08-31 05:30:00;2020-08-31 06:00:00;96.26666666666667
1071729215;2020-08-31 06:00:00;2020-08-31 06:30:00;107.03333333333333
1071729215;2020-08-31 06:30:00;2020-08-31 07:00:00;105.26666666666667
1071729215;2020-08-31 07:00:00;2020-08-31 07:30:00;102.0
1071729215;2020-08-31 07:30:00;2020-08-31 08:00:00;110.96666666666667
1071729215;2020-08-31 08:00:00;2020-08-31 08:30:00;98.76666666666667
1071729215;2020-08-31 08:30:00;2020-08-31 09:00:00;106.73333333333333
1071729215;2020-08-31 09:00:00;2020-08-31 09:30:00;108.43333333333334
1071729215;2020-08-31 09:30:00;2020-08-31 10:00:00;102.63333333333334
1071729215;2020-08-31 10:00:00;2020-08-31 10:30:00;96.7
1071729215;2020-08-31 10:30:00;2020-08-31 11:00:00;94.7
1071729215;2020-08-31 11:00:00;2020-08-31 11:30:00;86.3
1071729215;2020-08-31 11:30:00;2020-08-31 12:00:00;98.4
1071729215;2020-08-31 12:00:00;2020-08-31 12:30:00;107.53333333333333
1071729215;2020-08-31 12:30:00;2020-08-31 13:00:00;100.56666666666666
1071729215;2020-08-31 13:00:00;2020-08-31 13:30:00;88.9
1071729215;2020-08-31 13:30:00;2020-08-31 14:00:00;98.63333333333334
1071729215;2020-08-31 14:00:00;2020-08-31 14:30:00;103.7
1071729215;2020-08-31 14:30:00;2020-08-31 15:00:00;103.46666666666667
1071729215;2020-08-31 15:00:00;2020-08-31 15:30:00;97.86666666666666
1071729215;2020-08-31 15:30:00;2020-08-31 16:00:00;91.86666666666666
1071729215;2020-08-31 16:00:00;2020-08-31 16:30:00;95.76666666666667
1071729215;2020-08-31 16:30:00;2020-08-31 17:00:00;107.2
1071729215;2020-08-31 17:00:00;2020-08-31 17:30:00;105.33333333333333
1071729215;2020-08-31 17:30:00;2020-08-31 18:00:00;103.0
1071729215;2020-08-31 18:00:00;2020-08-31 18:30:00;105.8
1071729215;2020-08-31 18:30:00;2020-08-31 19:00:00;104.2
1071729215;2020-08-31 19:00:00;2020-08-31 19:30:00;113.33333333333333
1071729215;2020-08-31 19:30:00;2020-08-31 20:00:00;109.8
1071729215;2020-08-31 20:00:00;2020-08-31 20:30:00;104.16666666666667
1071729215;2020-08-31 20:30:00;2020-08-31 21:00:00;103.0
1071729215;2020-08-31 21:00:00;2020-08-31 21:30:00;103.0
1071729215;2020-08-31 21:30:00;2020-08-31 22:00:00;103.0
1071729215;2020-08-31 22:00:00;2020-08-31 22:30:00;99.53333333333333
1071729215;2020-08-31 22:30:00;2020-08-31 23:00:00;101.5
1071729215;2020-08-31 23:00:00;2020-08-31 23:30:00;103.0
1071729215;2020-08-31 23:30:00;2020-08-31 23:59:59;103.0
1071729215;2020-09-01 00:00:00;2020-09-01 00:30:00;103.0
1071729215;2020-09-01 00:30:00;2020-09-01 01:00:00;103.0
1071729215;2020-09-01 01:00:00;2020-09-01 01:30:00;103.0
1071729215;2020-09-01 01:30:00;2020-09-01 02:00:00;105.73333333333333
1071729215;2020-09-01 02:00:00;2020-09-01 02:30:00;103.0
1071729215;2020-09-01 02:30:00;2020-09-01 03:00:00;103.0
1071729215;2020-09-01 03:00:00;2020-09-01 03:30:00;98.0
1071729215;2020-09-01 03:30:00;2020-09-01 04:00:00;95.93333333333334
1071729215;2020-09-01 04:00:00;2020-09-01 04:30:00;96.13333333333334
1071729215;2020-09-01 04:30:00;2020-09-01 05:00:00;103.73333333333333
1071729215;2020-09-01 05:00:00;2020-09-01 05:30:00;107.9
1071729215;2020-09-01 05:30:00;2020-09-01 06:00:00;114.8
1071729215;2020-09-01 06:00:00;2020-09-01 06:30:00;93.36666666666666
1071729215;2020-09-01 06:30:00;2020-09-01 07:00:00;104.33333333333333
1071729215;2020-09-01 07:00:00;2020-09-01 07:30:00;104.4
1071729215;2020-09-01 07:30:00;2020-09-01 08:00:00;97.66666666666667
1071729215;2020-09-01 08:00:00;2020-09-01 08:30:00;97.56666666666666
1071729215;2020-09-01 08:30:00;2020-09-01 09:00:00;106.16666666666667
1071729215;2020-09-01 09:00:00;2020-09-01 09:30:00;100.83333333333333
1071729215;2020-09-01 09:30:00;2020-09-01 10:00:00;87.86666666666666
1071729215;2020-09-01 10:00:00;2020-09-01 10:30:00;96.06666666666666
1071729215;2020-09-01 10:30:00;2020-09-01 11:00:00;108.23333333333333
1071729215;2020-09-01 11:00:00;2020-09-01 11:30:00;108.53333333333333
1071729215;2020-09-01 11:30:00;2020-09-01 12:00:00;106.36666666666666
1071729215;2020-09-01 12:00:00;2020-09-01 12:30:00;96.03333333333333
1071729215;2020-09-01 12:30:00;2020-09-01 13:00:00;94.83333333333333
1071729215;2020-09-01 13:00:00;2020-09-01 13:30:00;107.7
1071729215;2020-09-01 13:30:00;2020-09-01 14:00:00;113.3
1071729215;2020-09-01 14:00:00;2020-09-01 14:30:00;88.63333333333334
1071729215;2020-09-01 14:30:00;2020-09-01 15:00:00;100.2
1071729215;2020-09-01 15:00:00;2020-09-01 15:30:00;99.7
1071729215;2020-09-01 15:30:00;2020-09-01 16:00:00;86.56666666666666
1071729215;2020-09-01 16:00:00;2020-09-01 16:30:00;105.6
1071729215;2020-09-01 16:30:00;2020-09-01 17:00:00;91.96666666666667
1071729215;2020-09-01 17:00:00;2020-09-01 17:30:00;102.16666666666667
1071729215;2020-09-01 17:30:00;2020-09-01 18:00:00;97.66666666666667
1071729215;2020-09-01 18:00:00;2020-09-01 18:30:00;104.5
1071729215;2020-09-01 18:30:00;2020-09-01 19:00:00;109.4
1071729215;2020-09-01 19:00:00;2020-09-01 19:30:00;105.4
1071729215;2020-09-01 19:30:00;2020-09-01 20:00:00;113.0
1071729215;2020-09-01 20:00:00;2020-09-01 20:30:00;110.06666666666666
1071729215;2020-09-01 20:30:00;2020-09-01 21:00:00;108.8
1071729215;2020-09-01 21:00:00;2020-09-01 21:30:00;101.96666666666667
1071729215;2020-09-01 21:30:00;2020-09-01 22:00:00;99.03333333333333
1071729215;2020-09-01 22:00:00;2020-09-01 22:30:00;100.03333333333333
1071729215;2020-09-01 22:30:00;2020-09-01 23:00:00;97.66666666666667
1071729215;2020-09-01 23:00:00;2020-09-01 23:30:00;107.96666666666667
1071729215;2020-09-01 23:30:00;2020-09-01 23:59:59;119.8
1071729215;2020-09-02 00:00:00;2020-09-02 00:30:00;104.76666666666667
1071729215;2020-09-02 00:30:00;2020-09-02 01:00:00;105.73333333333333
1071729215;2020-09-02 01:00:00;2020-09-02 01:30:00;113.83333333333333
1071729215;2020-09-02 01:30:00;2020-09-02 02:00:00;106.66666666666667
1071729215;2020-09-02 02:00:00;2020-09-02 02:30:00;102.46666666666667
1071729215;2020-09-02 02:30:00;2020-09-02 03:00:00;101.53333333333333
1071729215;2020-09-02 03:00:00;2020-09-02 03:30:00;102.9
1071729215;2020-09-02 03:30:00;2020-09-02 04:00:00;104.6
1071729215;2020-09-02 04:00:00;2020-09-02 04:30:00;90.7
1071729215;2020-09-02 04:30:00;2020-09-02 05:00:00;102.16666666666667
1071729215;2020-09-02 05:00:00;2020-09-02 05:30:00;96.16666666666667
1071729215;2020-09-02 05:30:00;2020-09-02 06:00:00;99.73333333333333
1071729215;2020-09-02 06:00:00;2020-09-02 06:30:00;104.93333333333334
1071729215;2020-09-02 06:30:00;2020-09-02 07:00:00;103.03333333333333
1071729215;2020-09-02 07:00:00;2020-09-02 07:30:00;113.06666666666666
1071729215;2020-09-02 07:30:00;2020-09-02 08:00:00;92.5
1071729215;2020-09-02 08:00:00;2020-09-02 08:30:00;115.36666666666666
1071729215;2020-09-02 08:30:00;2020-09-02 09:00:00;97.43333333333334
1071729215;2020-09-02 09:00:00;2020-09-02 09:30:00;102.76666666666667
1071729215;2020-09-02 09:30:00;2020-09-02 10:00:00;95.93333333333334
1071729215;2020-09-02 10:00:00;2020-09-02 10:30:00;97.86666666666666
1071729215;2020-09-02 10:30:00;2020-09-02 11:00:00;100.46666666666667
1071729215;2020-09-02 11:00:00;2020-09-02 11:30:00;96.8
1071729215;2020-09-02 11:30:00;2020-09-02 12:00:00;104.5
1071729215;2020-09-02 12:00:00;2020-09-02 12:30:00;102.96666666666667
1071729215;2020-09-02 12:30:00;2020-09-02 13:00:00;90.6
1071729215;2020-09-02 13:00:00;2020-09-02 13:30:00;105.63333333333334
1071729215;2020-09-02 13:30:00;2020-09-02 14:00:00;115.83333333333333
1071729215;2020-09-02 14:00:00;2020-09-02 14:30:00;87.9
1071729215;2020-09-02 14:30:00;2020-09-02 15:00:00;109.96666666666667
1071729215;2020-09-02 15:00:00;2020-09-02 15:30:00;96.36666666666666
1071729215;2020-09-02 15:30:00;2020-09-02 16:00:00;100.63333333333334
1071729215;2020-09-02 16:00:00;2020-09-02 16:30:00;103.43333333333334
1071729215;2020-09-02 16:30:00;2020-09-02 17:00:00;111.9
1071729215;2020-09-02 17:00:00;2020-09-02 17:30:00;93.46666666666667
1071729215;2020-09-02 17:30:00;2020-09-02 18:00:00;111.6
1071729215;2020-09-02 18:00:00;2020-09-02 18:30:00;93.16666666666667
1071729215;2020-09-02 18:30:00;2020-09-02 19:00:00;103.1
1071729215;2020-09-02 19:00:00;2020-09-02 19:30:00;102.7
1071729215;2020-09-02 19:30:00;2020-09-02 20:00:00;105.93333333333334
1071729215;2020-09-02 20:00:00;2020-09-02 20:30:00;117.73333333333333
1071729215;2020-09-02 20:30:00;2020-09-02 21:00:00;109.26666666666667
1071729215;2020-09-02 21:00:00;2020-09-02 21:30:00;108.46666666666667
1071729215;2020-09-02 21:30:00;2020-09-02 22:00:00;103.0
1071729215;2020-09-02 22:00:00;2020-09-02 22:30:00;102.26666666666667
1071729215;2020-09-02 22:30:00;2020-09-02 23:00:00;93.23333333333333
1071729215;2020-09-02 23:00:00;2020-09-02 23:30:00;94.76666666666667
1071729215;2020-09-02 23:30:00;2020-09-02 23:59:59;84.0
1071729215;2020-09-03 00:00:00;2020-09-03 00:30:00;86.1
1071729215;2020-09-03 00:30:00;2020-09-03 01:00:00;92.3
1071729215;2020-09-03 01:00:00;2020-09-03 01:30:00;100.66666666666667
1071729215;2020-09-03 01:30:00;2020-09-03 02:00:00;103.0
1071729215;2020-09-03 02:00:00;2020-09-03 02:30:00;103.0
1071729215;2020-09-03 02:30:00;2020-09-03 03:00:00;105.1
1071729215;2020-09-03 03:00:00;2020-09-03 03:30:00;106.1
1071729215;2020-09-03 03:30:00;2020-09-03 04:00:00;101.83333333333333
1071729215;2020-09-03 04:00:00;2020-09-03 04:30:00;84.36666666666666
1071729215;2020-09-03 04:30:00;2020-09-03 05:00:00;107.76666666666667
1071729215;2020-09-03 05:00:00;2020-09-03 05:30:00;101.33333333333333
1071729215;2020-09-03 05:30:00;2020-09-03 06:00:00;96.5
1071729215;2020-09-03 06:00:00;2020-09-03 06:30:00;106.4
1071729215;2020-09-03 06:30:00;2020-09-03 07:00:00;101.86666666666666
1071729215;2020-09-03 07:00:00;2020-09-03 07:30:00;82.46666666666667
1071729215;2020-09-03 07:30:00;2020-09-03 08:00:00;110.2
1071729215;2020-09-03 08:00:00;2020-09-03 08:30:00;109.26666666666667
1071729215;2020-09-03 08:30:00;2020-09-03 09:00:00;103.3
1071729215;2020-09-03 09:00:00;2020-09-03 09:30:00;100.93333333333334
1071729215;2020-09-03 09:30:00;2020-09-03 10:00:00;97.83333333333333
1071729215;2020-09-03 10:00:00;2020-09-03 10:30:00;101.3
1071729215;2020-09-03 10:30:00;2020-09-03 11:00:00;102.4
1071729215;2020-09-03 11:00:00;2020-09-03 11:30:00;98.43333333333334
1071729215;2020-09-03 11:30:00;2020-09-03 12:00:00;104.2
1071729215;2020-09-03 12:00:00;2020-09-03 12:30:00;92.7
1071729215;2020-09-03 12:30:00;2020-09-03 13:00:00;88.9
1071729215;2020-09-03 13:00:00;2020-09-03 13:30:00;93.6
1071729215;2020-09-03 13:30:00;2020-09-03 14:00:00;89.56666666666666
1071729215;2020-09-03 14:00:00;2020-09-03 14:30:00;102.56666666666666
1071729215;2020-09-03 14:30:00;2020-09-03 15:00:00;93.9
1071729215;2020-09-03 15:00:00;2020-09-03 15:30:00;97.66666666666667
1071729215;2020-09-03 15:30:00;2020-09-03 16:00:00;98.5
1071729215;2020-09-03 16:00:00;2020-09-03 16:30:00;80.76666666666667
1071729215;2020-09-03 16:30:00;2020-09-03 17:00:00;99.83333333333333
1071729215;2020-09-03 17:00:00;2020-09-03 17:30:00;91.1
1071729215;2020-09-03 17:30:00;2020-09-03 18:00:00;96.06666666666666
1071729215;2020-09-03 18:00:00;2020-09-03 18:30:00;104.06666666666666
1071729215;2020-09-03 18:30:00;2020-09-03 19:00:00;100.73333333333333
1071729215;2020-09-03 19:00:00;2020-09-03 19:30:00;107.66666666666667
1071729215;2020-09-03 19:30:00;2020-09-03 20:00:00;100.53333333333333
1071729215;2020-09-03 20:00:00;2020-09-03 20:30:00;112.0
1071729215;2020-09-03 20:30:00;2020-09-03 21:00:00;107.93333333333334
1071729215;2020-09-03 21:00:00;2020-09-03 21:30:00;93.8
1071729215;2020-09-03 21:30:00;2020-09-03 22:00:00;99.73333333333333
1071729215;2020-09-03 22:00:00;2020-09-03 22:30:00;89.8
1071729215;2020-09-03 22:30:00;2020-09-03 23:00:00;100.6
1071729215;2020-09-03 23:00:00;2020-09-03 23:30:00;89.13333333333334
1071729215;2020-09-03 23:30:00;2020-09-03 23:59:59;104.6
1071729215;2020-09-04 00:00:00;2020-09-04 00:30:00;99.13333333333334
1071729215;2020-09-04 00:30:00;2020-09-04 01:00:00;100.1
1071729215;2020-09-04 01:00:00;2020-09-04 01:30:00;83.0
1071729215;2020-09-04 01:30:00;2020-09-04 02:00:00;80.2
1071729215;2020-09-04 02:00:00;2020-09-04 02:30:00;91.5
1071729215;2020-09-04 02:30:00;2020-09-04 03:00:00;101.4
1071729215;2020-09-04 03:00:00;2020-09-04 03:30:00;101.26666666666667
1071729215;2020-09-04 03:30:00;2020-09-04 04:00:00;102.56666666666666
1071729215;2020-09-04 04:00:00;2020-09-04 04:30:00;102.16666666666667
1071729215;2020-09-04 04:30:00;2020-09-04 05:00:00;104.1
1071729215;2020-09-04 05:00:00;2020-09-04 05:30:00;99.76666666666667
1071729215;2020-09-04 05:30:00;2020-09-04 06:00:00;101.4
1071729215;2020-09-04 06:00:00;2020-09-04 06:30:00;100.96666666666667
1071729215;2020-09-04 06:30:00;2020-09-04 07:00:00;111.53333333333333
1071729215;2020-09-04 07:00:00;2020-09-04 07:30:00;118.43333333333334
1071729215;2020-09-04 07:30:00;2020-09-04 08:00:00;103.63333333333334
1071729215;2020-09-04 08:00:00;2020-09-04 08:30:00;102.6
1071729215;2020-09-04 08:30:00;2020-09-04 09:00:00;111.26666666666667
1071729215;2020-09-04 09:00:00;2020-09-04 09:30:00;116.53333333333333
1071729215;2020-09-04 09:30:00;2020-09-04 10:00:00;93.9
1071729215;2020-09-04 10:00:00;2020-09-04 10:30:00;95.86666666666666
1071729215;2020-09-04 10:30:00;2020-09-04 11:00:00;95.53333333333333
1071729215;2020-09-04 11:00:00;2020-09-04 11:30:00;91.36666666666666
1071729215;2020-09-04 11:30:00;2020-09-04 12:00:00;91.23333333333333
1071729215;2020-09-04 12:00:00;2020-09-04 12:30:00;102.43333333333334
1071729215;2020-09-04 12:30:00;2020-09-04 13:00:00;103.6
1071729215;2020-09-04 13:00:00;2020-09-04 13:30:00;93.03333333333333
1071729215;2020-09-04 13:30:00;2020-09-04 14:00:00;88.1
1071729215;2020-09-04 14:00:00;2020-09-04 14:30:00;100.66666666666667
1071729215;2020-09-04 14:30:00;2020-09-04 15:00:00;101.0
1071729215;2020-09-04 15:00:00;2020-09-04 15:30:00;104.83333333333333
1071729215;2020-09-04 15:30:00;2020-09-04 16:00:00;111.63333333333334
1071729215;2020-09-04 16:00:00;2020-09-04 16:30:00;102.13333333333334
1071729215;2020-09-04 16:30:00;2020-09-04 17:00:00;100.5
1071729215;2020-09-04 17:00:00;2020-09-04 17:30:00;109.5
1071729215;2020-09-04 17:30:00;2020-09-04 18:00:00;102.5
1071729215;2020-09-04 18:00:00;2020-09-04 18:30:00;100.4
1071729215;2020-09-04 18:30:00;2020-09-04 19:00:00;111.9
1071729215;2020-09-04 19:00:00;2020-09-04 19:30:00;103.66666666666667
1071729215;2020-09-04 19:30:00;2020-09-04 20:00:00;116.26666666666667
1071729215;2020-09-04 20:00:00;2020-09-04 20:30:00;108.26666666666667
1071729215;2020-09-04 20:30:00;2020-09-04 21:00:00;102.8
1071729215;2020-09-04 21:00:00;2020-09-04 21:30:00;99.73333333333333
1071729215;2020-09-04 21:30:00;2020-09-04 22:00:00;89.1
1071729215;2020-09-04 22:00:00;2020-09-04 22:30:00;93.6
1071729215;2020-09-04 22:30:00;2020-09-04 23:00:00;103.2
1071729215;2020-09-04 23:00:00;2020-09-04 23:30:00;103.0
1071729215;2020-09-04 23:30:00;2020-09-04 23:59:59;105.4
1071729215;2020-09-05 00:00:00;2020-09-05 00:30:00;104.96666666666667
1071729215;2020-09-05 00:30:00;2020-09-05 01:00:00;103.86666666666666
1071729215;2020-09-05 01:00:00;2020-09-05 01:30:00;103.0
1071729215;2020-09-05 01:30:00;2020-09-05 02:00:00;103.0
1071729215;2020-09-05 02:00:00;2020-09-05 02:30:00;103.0
1071729215;2020-09-05 02:30:00;2020-09-05 03:00:00;99.2
1071729215;2020-09-05 03:00:00;2020-09-05 03:30:00;98.93333333333334
1071729215;2020-09-05 03:30:00;2020-09-05 04:00:00;89.2
1071729215;2020-09-05 04:00:00;2020-09-05 04:30:00;86.73333333333333
1071729215;2020-09-05 04:30:00;2020-09-05 05:00:00;107.96666666666667
1071729215;2020-09-05 05:00:00;2020-09-05 05:30:00;113.33333333333333
1071729215;2020-09-05 05:30:00;2020-09-05 06:00:00;113.13333333333334
1071729215;2020-09-05 06:00:00;2020-09-05 06:30:00;96.3
1071729215;2020-09-05 06:30:00;2020-09-05 07:00:00;102.13333333333334
1071729215;2020-09-05 07:00:00;2020-09-05 07:30:00;97.96666666666667
1071729215;2020-09-05 07:30:00;2020-09-05 08:00:00;111.46666666666667
1071729215;2020-09-05 08:00:00;2020-09-05 08:30:00;108.4
1071729215;2020-09-05 08:30:00;2020-09-05 09:00:00;107.26666666666667
1071729215;2020-09-05 09:00:00;2020-09-05 09:30:00;100.4
1071729215;2020-09-05 09:30:00;2020-09-05 10:00:00;106.2
1071729215;2020-09-05 10:00:00;2020-09-05 10:30:00;104.3
1071729215;2020-09-05 10:30:00;2020-09-05 11:00:00;105.9
1071729215;2020-09-05 11:00:00;2020-09-05 11:30:00;110.7
1071729215;2020-09-05 11:30:00;2020-09-05 12:00:00;104.26666666666667
1071729215;2020-09-05 12:00:00;2020-09-05 12:30:00;106.93333333333334
1071729215;2020-09-05 12:30:00;2020-09-05 13:00:00;102.6
1071729215;2020-09-05 13:00:00;2020-09-05 13:30:00;105.06666666666666
1071729215;2020-09-05 13:30:00;2020-09-05 14:00:00;114.66666666666667
1071729215;2020-09-05 14:00:00;2020-09-05 14:30:00;102.03333333333333
1071729215;2020-09-05 14:30:00;2020-09-05 15:00:00;98.8
1071729215;2020-09-05 15:00:00;2020-09-05 15:30:00;97.33333333333333
1071729215;2020-09-05 15:30:00;2020-09-05 16:00:00;107.46666666666667
1071729215;2020-09-05 16:00:00;2020-09-05 16:30:00;113.73333333333333
1071729215;2020-09-05 16:30:00;2020-09-05 17:00:00;107.7
1071729215;2020-09-05 17:00:00;2020-09-05 17:30:00;105.93333333333334
1071729215;2020-09-05 17:30:00;2020-09-05 18:00:00;117.0
1071729215;2020-09-05 18:00:00;2020-09-05 18:30:00;99.36666666666666
1071729215;2020-09-05 18:30:00;2020-09-05 19:00:00;102.2
1071729215;2020-09-05 19:00:00;2020-09-05 19:30:00;112.53333333333333
1071729215;2020-09-05 19:30:00;2020-09-05 20:00:00;112.06666666666666
1071729215;2020-09-05 20:00:00;2020-09-05 20:30:00;114.63333333333334
1071729215;2020-09-05 20:30:00;2020-09-05 21:00:00;110.36666666666666
1071729215;2020-09-05 21:00:00;2020-09-05 21:30:00;109.63333333333334
1071729215;2020-09-05 21:30:00;2020-09-05 22:00:00;107.23333333333333
1071729215;2020-09-05 22:00:00;2020-09-05 22:30:00;103.0
1071729215;2020-09-05 22:30:00;2020-09-05 23:00:00;103.0
1071729215;2020-09-05 23:00:00;2020-09-05 23:30:00;103.0
1071729215;2020-09-05 23:30:00;2020-09-05 23:59:59;103.0
1071729215;2020-09-06 00:00:00;2020-09-06 00:30:00;95.3
1071729215;2020-09-06 00:30:00;2020-09-06 01:00:00;103.0
1071729215;2020-09-06 01:00:00;2020-09-06 01:30:00;89.53333333333333
1071729215;2020-09-06 01:30:00;2020-09-06 02:00:00;96.06666666666666
1071729215;2020-09-06 02:00:00;2020-09-06 02:30:00;97.66666666666667
1071729215;2020-09-06 02:30:00;2020-09-06 03:00:00;87.0
1071729215;2020-09-06 03:00:00;2020-09-06 03:30:00;91.46666666666667
1071729215;2020-09-06 03:30:00;2020-09-06 04:00:00;110.6
1071729215;2020-09-06 04:00:00;2020-09-06 04:30:00;97.73333333333333
1071729215;2020-09-06 04:30:00;2020-09-06 05:00:00;114.46666666666667
1071729215;2020-09-06 05:00:00;2020-09-06 05:30:00;103.8
1071729215;2020-09-06 05:30:00;2020-09-06 06:00:00;121.03333333333333
1071729215;2020-09-06 06:00:00;2020-09-06 06:30:00;111.16666666666667
1071729215;2020-09-06 06:30:00;2020-09-06 07:00:00;103.83333333333333
1071729215;2020-09-06 07:00:00;2020-09-06 07:30:00;96.83333333333333
1071729215;2020-09-06 07:30:00;2020-09-06 08:00:00;107.6
1071729215;2020-09-06 08:00:00;2020-09-06 08:30:00;119.36666666666666
1071729215;2020-09-06 08:30:00;2020-09-06 09:00:00;107.06666666666666
1071729215;2020-09-06 09:00:00;2020-09-06 09:30:00;105.03333333333333
1071729215;2020-09-06 09:30:00;2020-09-06 10:00:00;114.33333333333333
1071729215;2020-09-06 10:00:00;2020-09-06 10:30:00;112.3
1071729215;2020-09-06 10:30:00;2020-09-06 11:00:00;111.63333333333334
1071729215;2020-09-06 11:00:00;2020-09-06 11:30:00;102.6
1071729215;2020-09-06 11:30:00;2020-09-06 12:00:00;99.2
1071729215;2020-09-06 12:00:00;2020-09-06 12:30:00;98.86666666666666
1071729215;2020-09-06 12:30:00;2020-09-06 13:00:00;101.06666666666666
1071729215;2020-09-06 13:00:00;2020-09-06 13:30:00;101.26666666666667
1071729215;2020-09-06 13:30:00;2020-09-06 14:00:00;90.56666666666666
1071729215;2020-09-06 14:00:00;2020-09-06 14:30:00;87.56666666666666
1071729215;2020-09-06 14:30:00;2020-09-06 15:00:00;94.86666666666666
1071729215;2020-09-06 15:00:00;2020-09-06 15:30:00;90.63333333333334
1071729215;2020-09-06 15:30:00;2020-09-06 16:00:00;95.96666666666667
1071729215;2020-09-06 16:00:00;2020-09-06 16:30:00;97.9
1071729215;2020-09-06 16:30:00;2020-09-06 17:00:00;98.56666666666666
1071729215;2020-09-06 17:00:00;2020-09-06 17:30:00;90.8
1071729215;2020-09-06 17:30:00;2020-09-06 18:00:00;105.86666666666666
1071729215;2020-09-06 18:00:00;2020-09-06 18:30:00;114.86666666666666
1071729215;2020-09-06 18:30:00;2020-09-06 19:00:00;95.27586206896552
1071729215;2020-09-06 19:00:00;2020-09-06 19:30:00;108.86666666666666
1071729215;2020-09-06 19:30:00;2020-09-06 20:00:00;108.0
1071729215;2020-09-06 20:00:00;2020-09-06 20:30:00;114.16666666666667
1071729215;2020-09-06 20:30:00;2020-09-06 21:00:00;110.66666666666667
1071729215;2020-09-06 21:00:00;2020-09-06 21:30:00;104.0
1071729215;2020-09-06 21:30:00;2020-09-06 22:00:00;103.0
1071729215;2020-09-06 22:00:00;2020-09-06 22:30:00;107.76666666666667
1071729215;2020-09-06 22:30:00;2020-09-06 23:00:00;103.0
1071729215;2020-09-06 23:00:00;2020-09-06 23:30:00;94.93333333333334
1071729215;2020-09-06 23:30:00;2020-09-06 23:59:59;90.86666666666666
1071729215;2020-09-07 00:00:00;2020-09-07 00:30:00;77.3
1071729215;2020-09-07 00:30:00;2020-09-07 01:00:00;85.2
1071729215;2020-09-07 01:00:00;2020-09-07 01:30:00;100.6
1071729215;2020-09-07 01:30:00;2020-09-07 02:00:00;103.0
1071729215;2020-09-07 02:00:00;2020-09-07 02:30:00;103.13333333333334
1071729215;2020-09-07 02:30:00;2020-09-07 03:00:00;103.0
1071729215;2020-09-07 03:00:00;2020-09-07 03:30:00;113.36666666666666
1071729215;2020-09-07 03:30:00;2020-09-07 04:00:00;99.73333333333333
1071729215;2020-09-07 04:00:00;2020-09-07 04:30:00;122.63333333333334
1071729215;2020-09-07 04:30:00;2020-09-07 05:00:00;106.0
1071729215;2020-09-07 05:00:00;2020-09-07 05:30:00;114.6
1071729215;2020-09-07 05:30:00;2020-09-07 06:00:00;118.53333333333333
1071729215;2020-09-07 06:00:00;2020-09-07 06:30:00;98.8
1071729215;2020-09-07 06:30:00;2020-09-07 07:00:00;99.33333333333333
1071729215;2020-09-07 07:00:00;2020-09-07 07:30:00;112.33333333333333
1071729215;2020-09-07 07:30:00;2020-09-07 08:00:00;100.1
1071729215;2020-09-07 08:00:00;2020-09-07 08:30:00;97.42857142857143
1071729215;2020-09-07 08:30:00;2020-09-07 09:00:00;107.07142857142857
1071729215;2020-09-07 09:00:00;2020-09-07 09:30:00;105.7
1071729215;2020-09-07 09:30:00;2020-09-07 10:00:00;94.16666666666667
1071729215;2020-09-07 10:00:00;2020-09-07 10:30:00;105.43333333333334
1071729215;2020-09-07 10:30:00;2020-09-07 11:00:00;101.8
1071729215;2020-09-07 11:00:00;2020-09-07 11:30:00;104.03333333333333
1071729215;2020-09-07 11:30:00;2020-09-07 12:00:00;102.83333333333333
1071729215;2020-09-07 12:00:00;2020-09-07 12:30:00;104.43333333333334
1071729215;2020-09-07 12:30:00;2020-09-07 13:00:00;103.86666666666666
1071729215;2020-09-07 13:00:00;2020-09-07 13:30:00;108.66666666666667
1071729215;2020-09-07 13:30:00;2020-09-07 14:00:00;96.2
1071729215;2020-09-07 14:00:00;2020-09-07 14:30:00;102.1
1071729215;2020-09-07 14:30:00;2020-09-07 15:00:00;93.23333333333333
1071729215;2020-09-07 15:00:00;2020-09-07 15:30:00;101.1
1071729215;2020-09-07 15:30:00;2020-09-07 16:00:00;94.76666666666667
1071729215;2020-09-07 16:00:00;2020-09-07 16:30:00;110.46666666666667
1071729215;2020-09-07 16:30:00;2020-09-07 17:00:00;96.36666666666666
1071729215;2020-09-07 17:00:00;2020-09-07 17:30:00;97.63333333333334
1071729215;2020-09-07 17:30:00;2020-09-07 18:00:00;102.2
1071729215;2020-09-07 18:00:00;2020-09-07 18:30:00;105.5
1071729215;2020-09-07 18:30:00;2020-09-07 19:00:00;96.8
1071729215;2020-09-07 19:00:00;2020-09-07 19:30:00;101.6
1071729215;2020-09-07 19:30:00;2020-09-07 20:00:00;92.66666666666667
1071729215;2020-09-07 20:00:00;2020-09-07 20:30:00;110.9
1071729215;2020-09-07 20:30:00;2020-09-07 21:00:00;94.63333333333334
1071729215;2020-09-07 21:00:00;2020-09-07 21:30:00;100.7
1071729215;2020-09-07 21:30:00;2020-09-07 22:00:00;113.0
1071729215;2020-09-07 22:00:00;2020-09-07 22:30:00;108.16666666666667
1071729215;2020-09-07 22:30:00;2020-09-07 23:00:00;103.0
1071729215;2020-09-07 23:00:00;2020-09-07 23:30:00;103.0
1071729215;2020-09-07 23:30:00;2020-09-07 23:59:59;103.0
1071729215;2020-09-08 00:00:00;2020-09-08 00:30:00;102.66666666666667
1071729215;2020-09-08 00:30:00;2020-09-08 01:00:00;94.76666666666667
1071729215;2020-09-08 01:00:00;2020-09-08 01:30:00;92.23333333333333
1071729215;2020-09-08 01:30:00;2020-09-08 02:00:00;84.26666666666667
1071729215;2020-09-08 02:00:00;2020-09-08 02:30:00;89.63333333333334
1071729215;2020-09-08 02:30:00;2020-09-08 03:00:00;97.66666666666667
1071729215;2020-09-08 03:00:00;2020-09-08 03:30:00;103.0
1071729215;2020-09-08 03:30:00;2020-09-08 04:00:00;99.9
1071729215;2020-09-08 04:00:00;2020-09-08 04:30:00;101.26666666666667
1071729215;2020-09-08 04:30:00;2020-09-08 05:00:00;104.53333333333333
1071729215;2020-09-08 05:00:00;2020-09-08 05:30:00;105.03333333333333
1071729215;2020-09-08 05:30:00;2020-09-08 06:00:00;97.8
1071729215;2020-09-08 06:00:00;2020-09-08 06:30:00;102.76666666666667
1071729215;2020-09-08 06:30:00;2020-09-08 07:00:00;98.83333333333333
1071729215;2020-09-08 07:00:00;2020-09-08 07:30:00;108.6
1071729215;2020-09-08 07:30:00;2020-09-08 08:00:00;103.53333333333333
1071729215;2020-09-08 08:00:00;2020-09-08 08:30:00;110.0
1071729215;2020-09-08 08:30:00;2020-09-08 09:00:00;101.56666666666666
1071729215;2020-09-08 09:00:00;2020-09-08 09:30:00;94.3
1071729215;2020-09-08 09:30:00;2020-09-08 10:00:00;93.96666666666667
1071729215;2020-09-08 10:00:00;2020-09-08 10:30:00;95.26666666666667
1071729215;2020-09-08 10:30:00;2020-09-08 11:00:00;102.73333333333333
1071729215;2020-09-08 11:00:00;2020-09-08 11:30:00;105.03333333333333
1071729215;2020-09-08 11:30:00;2020-09-08 12:00:00;91.76666666666667
1071729215;2020-09-08 12:00:00;2020-09-08 12:30:00;95.76666666666667
1071729215;2020-09-08 12:30:00;2020-09-08 13:00:00;91.36666666666666
1071729215;2020-09-08 13:00:00;2020-09-08 13:30:00;107.23333333333333
1071729215;2020-09-08 13:30:00;2020-09-08 14:00:00;110.96666666666667
1071729215;2020-09-08 14:00:00;2020-09-08 14:30:00;111.2
1071729215;2020-09-08 14:30:00;2020-09-08 15:00:00;94.16666666666667
1071729215;2020-09-08 15:00:00;2020-09-08 15:30:00;95.4
1071729215;2020-09-08 15:30:00;2020-09-08 16:00:00;108.1
1071729215;2020-09-08 16:00:00;2020-09-08 16:30:00;108.36666666666666
1071729215;2020-09-08 16:30:00;2020-09-08 17:00:00;94.93333333333334
1071729215;2020-09-08 17:00:00;2020-09-08 17:30:00;97.7
1071729215;2020-09-08 17:30:00;2020-09-08 18:00:00;98.1
1071729215;2020-09-08 18:00:00;2020-09-08 18:30:00;91.86666666666666
1071729215;2020-09-08 18:30:00;2020-09-08 19:00:00;110.1
1071729215;2020-09-08 19:00:00;2020-09-08 19:30:00;105.66666666666667
1071729215;2020-09-08 19:30:00;2020-09-08 20:00:00;113.76666666666667
1071729215;2020-09-08 20:00:00;2020-09-08 20:30:00;98.7
1071729215;2020-09-08 20:30:00;2020-09-08 21:00:00;109.0
1071729215;2020-09-08 21:00:00;2020-09-08 21:30:00;84.0
1071729215;2020-09-08 21:30:00;2020-09-08 22:00:00;92.93333333333334
1071729215;2020-09-08 22:00:00;2020-09-08 22:30:00;97.4
1071729215;2020-09-08 22:30:00;2020-09-08 23:00:00;79.0
1071729215;2020-09-08 23:00:00;2020-09-08 23:30:00;84.76666666666667
1071729215;2020-09-08 23:30:00;2020-09-08 23:59:59;101.03333333333333
1071729215;2020-09-09 00:00:00;2020-09-09 00:30:00;103.0
1071729215;2020-09-09 00:30:00;2020-09-09 01:00:00;103.0
1071729215;2020-09-09 01:00:00;2020-09-09 01:30:00;101.66666666666667
1071729215;2020-09-09 01:30:00;2020-09-09 02:00:00;91.03333333333333
1071729215;2020-09-09 02:00:00;2020-09-09 02:30:00;96.43333333333334
1071729215;2020-09-09 02:30:00;2020-09-09 03:00:00;95.0
1071729215;2020-09-09 03:00:00;2020-09-09 03:30:00;103.8
1071729215;2020-09-09 03:30:00;2020-09-09 04:00:00;99.16666666666667
1071729215;2020-09-09 04:00:00;2020-09-09 04:30:00;95.0
1071729215;2020-09-09 04:30:00;2020-09-09 05:00:00;100.83333333333333
1071729215;2020-09-09 05:00:00;2020-09-09 05:30:00;105.26666666666667
1071729215;2020-09-09 05:30:00;2020-09-09 06:00:00;99.96666666666667
1071729215;2020-09-09 06:00:00;2020-09-09 06:30:00;98.9
1071729215;2020-09-09 06:30:00;2020-09-09 07:00:00;102.63333333333334
1071729215;2020-09-09 07:00:00;2020-09-09 07:30:00;102.76666666666667
1071729215;2020-09-09 07:30:00;2020-09-09 08:00:00;99.2
1071729215;2020-09-09 08:00:00;2020-09-09 08:30:00;95.73333333333333
1071729215;2020-09-09 08:30:00;2020-09-09 09:00:00;102.6
1071729215;2020-09-09 09:00:00;2020-09-09 09:30:00;109.13333333333334
1071729215;2020-09-09 09:30:00;2020-09-09 10:00:00;93.53333333333333
1071729215;2020-09-09 10:00:00;2020-09-09 10:30:00;87.8
1071729215;2020-09-09 10:30:00;2020-09-09 11:00:00;92.53333333333333
1071729215;2020-09-09 11:00:00;2020-09-09 11:30:00;100.23333333333333
1071729215;2020-09-09 11:30:00;2020-09-09 12:00:00;102.0
1071729215;2020-09-09 12:00:00;2020-09-09 12:30:00;91.76666666666667
1071729215;2020-09-09 12:30:00;2020-09-09 13:00:00;103.4
1071729215;2020-09-09 13:00:00;2020-09-09 13:30:00;102.13333333333334
1071729215;2020-09-09 13:30:00;2020-09-09 14:00:00;89.03333333333333
1071729215;2020-09-09 14:00:00;2020-09-09 14:30:00;102.23333333333333
1071729215;2020-09-09 14:30:00;2020-09-09 15:00:00;99.13333333333334
1071729215;2020-09-09 15:00:00;2020-09-09 15:30:00;92.36666666666666
1071729215;2020-09-09 15:30:00;2020-09-09 16:00:00;97.9
1071729215;2020-09-09 16:00:00;2020-09-09 16:30:00;103.6
1071729215;2020-09-09 16:30:00;2020-09-09 17:00:00;102.63333333333334
1071729215;2020-09-09 17:00:00;2020-09-09 17:30:00;95.16666666666667
1071729215;2020-09-09 17:30:00;2020-09-09 18:00:00;95.0
1071729215;2020-09-09 18:00:00;2020-09-09 18:30:00;92.6
1071729215;2020-09-09 18:30:00;2020-09-09 19:00:00;99.6
1071729215;2020-09-09 19:00:00;2020-09-09 19:30:00;102.8
1071729215;2020-09-09 19:30:00;2020-09-09 20:00:00;109.63333333333334
1071729215;2020-09-09 20:00:00;2020-09-09 20:30:00;101.23333333333333
1071729215;2020-09-09 20:30:00;2020-09-09 21:00:00;106.06666666666666
1071729215;2020-09-09 21:00:00;2020-09-09 21:30:00;89.73333333333333
1071729215;2020-09-09 21:30:00;2020-09-09 22:00:00;109.96666666666667
1071729215;2020-09-09 22:00:00;2020-09-09 22:30:00;102.66666666666667
1071729215;2020-09-09 22:30:00;2020-09-09 23:00:00;93.66666666666667
1071729215;2020-09-09 23:00:00;2020-09-09 23:30:00;94.66666666666667
1071729215;2020-09-09 23:30:00;2020-09-09 23:59:59;92.23333333333333
1071729215;2020-09-10 00:00:00;2020-09-10 00:30:00;84.1
1071729215;2020-09-10 00:30:00;2020-09-10 01:00:00;103.06666666666666
1071729215;2020-09-10 01:00:00;2020-09-10 01:30:00;101.9
1071729215;2020-09-10 01:30:00;2020-09-10 02:00:00;103.0
1071729215;2020-09-10 02:00:00;2020-09-10 02:30:00;103.0
1071729215;2020-09-10 02:30:00;2020-09-10 03:00:00;103.0
1071729215;2020-09-10 03:00:00;2020-09-10 03:30:00;113.43333333333334
1071729215;2020-09-10 03:30:00;2020-09-10 04:00:00;103.93333333333334
1071729215;2020-09-10 04:00:00;2020-09-10 04:30:00;106.33333333333333
1071729215;2020-09-10 04:30:00;2020-09-10 05:00:00;106.53333333333333
1071729215;2020-09-10 05:00:00;2020-09-10 05:30:00;105.6
1071729215;2020-09-10 05:30:00;2020-09-10 06:00:00;107.7
1071729215;2020-09-10 06:00:00;2020-09-10 06:30:00;105.36666666666666
1071729215;2020-09-10 06:30:00;2020-09-10 07:00:00;105.4
1071729215;2020-09-10 07:00:00;2020-09-10 07:30:00;106.33333333333333
1071729215;2020-09-10 07:30:00;2020-09-10 08:00:00;93.43333333333334
1071729215;2020-09-10 08:00:00;2020-09-10 08:30:00;100.63333333333334
1071729215;2020-09-10 08:30:00;2020-09-10 09:00:00;99.46666666666667
1071729215;2020-09-10 09:00:00;2020-09-10 09:30:00;94.13333333333334
1071729215;2020-09-10 09:30:00;2020-09-10 10:00:00;92.43333333333334
1071729215;2020-09-10 10:00:00;2020-09-10 10:30:00;98.7
1071729215;2020-09-10 10:30:00;2020-09-10 11:00:00;98.26666666666667
1071729215;2020-09-10 11:00:00;2020-09-10 11:30:00;110.13333333333334
1071729215;2020-09-10 11:30:00;2020-09-10 12:00:00;98.73333333333333
1071729215;2020-09-10 12:00:00;2020-09-10 12:30:00;106.0
1071729215;2020-09-10 12:30:00;2020-09-10 13:00:00;96.6
1071729215;2020-09-10 13:00:00;2020-09-10 13:30:00;94.76666666666667
1071729215;2020-09-10 13:30:00;2020-09-10 14:00:00;103.4
1071729215;2020-09-10 14:00:00;2020-09-10 14:30:00;92.93333333333334
1071729215;2020-09-10 14:30:00;2020-09-10 15:00:00;101.1
1071729215;2020-09-10 15:00:00;2020-09-10 15:30:00;90.0
1071729215;2020-09-10 15:30:00;2020-09-10 16:00:00;96.26666666666667
1071729215;2020-09-10 16:00:00;2020-09-10 16:30:00;101.3
1071729215;2020-09-10 16:30:00;2020-09-10 17:00:00;98.6
1071729215;2020-09-10 17:00:00;2020-09-10 17:30:00;114.2
1071729215;2020-09-10 17:30:00;2020-09-10 18:00:00;102.7
1071729215;2020-09-10 18:00:00;2020-09-10 18:30:00;96.93333333333334
1071729215;2020-09-10 18:30:00;2020-09-10 19:00:00;104.8
1071729215;2020-09-10 19:00:00;2020-09-10 19:30:00;103.43333333333334
1071729215;2020-09-10 19:30:00;2020-09-10 20:00:00;112.23333333333333
1071729215;2020-09-10 20:00:00;2020-09-10 20:30:00;108.73333333333333
1071729215;2020-09-10 20:30:00;2020-09-10 21:00:00;103.76666666666667
1071729215;2020-09-10 21:00:00;2020-09-10 21:30:00;107.66666666666667
1071729215;2020-09-10 21:30:00;2020-09-10 22:00:00;98.6
1071729215;2020-09-10 22:00:00;2020-09-10 22:30:00;91.83333333333333
1071729215;2020-09-10 22:30:00;2020-09-10 23:00:00;100.73333333333333
1071729215;2020-09-10 23:00:00;2020-09-10 23:30:00;89.66666666666667
1071729215;2020-09-10 23:30:00;2020-09-10 23:59:59;89.3
1071729215;2020-09-11 00:00:00;2020-09-11 00:30:00;99.13333333333334
1071729215;2020-09-11 00:30:00;2020-09-11 01:00:00;101.7
1071729215;2020-09-11 01:00:00;2020-09-11 01:30:00;103.0
1071729215;2020-09-11 01:30:00;2020-09-11 02:00:00;103.0
1071729215;2020-09-11 02:00:00;2020-09-11 02:30:00;103.0
1071729215;2020-09-11 02:30:00;2020-09-11 03:00:00;103.0
1071729215;2020-09-11 03:00:00;2020-09-11 03:30:00;96.26666666666667
1071729215;2020-09-11 03:30:00;2020-09-11 04:00:00;104.33333333333333
1071729215;2020-09-11 04:00:00;2020-09-11 04:30:00;97.13333333333334
1071729215;2020-09-11 04:30:00;2020-09-11 05:00:00;111.63333333333334
1071729215;2020-09-11 05:00:00;2020-09-11 05:30:00;106.13333333333334
1071729215;2020-09-11 05:30:00;2020-09-11 06:00:00;93.53333333333333
1071729215;2020-09-11 06:00:00;2020-09-11 06:30:00;112.33333333333333
1071729215;2020-09-11 06:30:00;2020-09-11 07:00:00;100.53333333333333
1071729215;2020-09-11 07:00:00;2020-09-11 07:30:00;102.63333333333334
1071729215;2020-09-11 07:30:00;2020-09-11 08:00:00;99.2
1071729215;2020-09-11 08:00:00;2020-09-11 08:30:00;98.76666666666667
1071729215;2020-09-11 08:30:00;2020-09-11 09:00:00;87.93333333333334
1071729215;2020-09-11 09:00:00;2020-09-11 09:30:00;103.1
1071729215;2020-09-11 09:30:00;2020-09-11 10:00:00;99.13333333333334
1071729215;2020-09-11 10:00:00;2020-09-11 10:30:00;102.3
1071729215;2020-09-11 10:30:00;2020-09-11 11:00:00;96.93333333333334
1071729215;2020-09-11 11:00:00;2020-09-11 11:30:00;102.16666666666667
1071729215;2020-09-11 11:30:00;2020-09-11 12:00:00;102.9
1071729215;2020-09-11 12:00:00;2020-09-11 12:30:00;97.6
1071729215;2020-09-11 12:30:00;2020-09-11 13:00:00;98.06666666666666
1071729215;2020-09-11 13:00:00;2020-09-11 13:30:00;104.9
1071729215;2020-09-11 13:30:00;2020-09-11 14:00:00;98.5
1071729215;2020-09-11 14:00:00;2020-09-11 14:30:00;109.36666666666666
1071729215;2020-09-11 14:30:00;2020-09-11 15:00:00;101.36666666666666
1071729215;2020-09-11 15:00:00;2020-09-11 15:30:00;109.3
1071729215;2020-09-11 15:30:00;2020-09-11 16:00:00;105.83333333333333
1071729215;2020-09-11 16:00:00;2020-09-11 16:30:00;100.73333333333333
1071729215;2020-09-11 16:30:00;2020-09-11 17:00:00;101.4
1071729215;2020-09-11 17:00:00;2020-09-11 17:30:00;98.66666666666667
1071729215;2020-09-11 17:30:00;2020-09-11 18:00:00;104.56666666666666
1071729215;2020-09-11 18:00:00;2020-09-11 18:30:00;104.33333333333333
1071729215;2020-09-11 18:30:00;2020-09-11 19:00:00;89.36666666666666
1071729215;2020-09-11 19:00:00;2020-09-11 19:30:00;105.3
1071729215;2020-09-11 19:30:00;2020-09-11 20:00:00;101.96666666666667
1071729215;2020-09-11 20:00:00;2020-09-11 20:30:00;105.375
1071729215;2020-09-11 20:30:00;2020-09-11 21:00:00;
1071729215;2020-09-11 21:00:00;2020-09-11 21:30:00;104.9090909090909
1071729215;2020-09-11 21:30:00;2020-09-11 22:00:00;94.91176470588235
1071729215;2020-09-11 22:00:00;2020-09-11 22:30:00;107.84210526315789
1071729215;2020-09-11 22:30:00;2020-09-11 23:00:00;122.33333333333333
1071729215;2020-09-11 23:00:00;2020-09-11 23:30:00;110.33333333333333
1071729215;2020-09-11 23:30:00;2020-09-11 23:59:59;103.66666666666667
1071729215;2020-09-12 00:00:00;2020-09-12 00:30:00;103.0
1071729215;2020-09-12 00:30:00;2020-09-12 01:00:00;103.0
1071729215;2020-09-12 01:00:00;2020-09-12 01:30:00;103.0
1071729215;2020-09-12 01:30:00;2020-09-12 02:00:00;103.0
1071729215;2020-09-12 02:00:00;2020-09-12 02:30:00;103.0
1071729215;2020-09-12 02:30:00;2020-09-12 03:00:00;96.9
1071729215;2020-09-12 03:00:00;2020-09-12 03:30:00;105.16666666666667
1071729215;2020-09-12 03:30:00;2020-09-12 04:00:00;99.5
1071729215;2020-09-12 04:00:00;2020-09-12 04:30:00;101.6
1071729215;2020-09-12 04:30:00;2020-09-12 05:00:00;98.0
1071729215;2020-09-12 05:00:00;2020-09-12 05:30:00;108.53333333333333
1071729215;2020-09-12 05:30:00;2020-09-12 06:00:00;98.96666666666667
1071729215;2020-09-12 06:00:00;2020-09-12 06:30:00;89.66666666666667
1071729215;2020-09-12 06:30:00;2020-09-12 07:00:00;87.1
1071729215;2020-09-12 07:00:00;2020-09-12 07:30:00;113.5
1071729215;2020-09-12 07:30:00;2020-09-12 08:00:00;104.93333333333334
1071729215;2020-09-12 08:00:00;2020-09-12 08:30:00;93.46666666666667
1071729215;2020-09-12 08:30:00;2020-09-12 09:00:00;100.53333333333333
1071729215;2020-09-12 09:00:00;2020-09-12 09:30:00;104.8
1071729215;2020-09-12 09:30:00;2020-09-12 10:00:00;105.86666666666666
1071729215;2020-09-12 10:00:00;2020-09-12 10:30:00;105.5
1071729215;2020-09-12 10:30:00;2020-09-12 11:00:00;103.5
1071729215;2020-09-12 11:00:00;2020-09-12 11:30:00;104.13333333333334
1071729215;2020-09-12 11:30:00;2020-09-12 12:00:00;103.2
1071729215;2020-09-12 12:00:00;2020-09-12 12:30:00;106.56666666666666
1071729215;2020-09-12 12:30:00;2020-09-12 13:00:00;92.66666666666667
1071729215;2020-09-12 13:00:00;2020-09-12 13:30:00;102.8
1071729215;2020-09-12 13:30:00;2020-09-12 14:00:00;103.16666666666667
1071729215;2020-09-12 14:00:00;2020-09-12 14:30:00;104.86666666666666
1071729215;2020-09-12 14:30:00;2020-09-12 15:00:00;107.8
1071729215;2020-09-12 15:00:00;2020-09-12 15:30:00;98.86666666666666
1071729215;2020-09-12 15:30:00;2020-09-12 16:00:00;100.5
1071729215;2020-09-12 16:00:00;2020-09-12 16:30:00;107.03333333333333
1071729215;2020-09-12 16:30:00;2020-09-12 17:00:00;102.53333333333333
1071729215;2020-09-12 17:00:00;2020-09-12 17:30:00;111.73333333333333
1071729215;2020-09-12 17:30:00;2020-09-12 18:00:00;110.9
1071729215;2020-09-12 18:00:00;2020-09-12 18:30:00;101.36666666666666
1071729215;2020-09-12 18:30:00;2020-09-12 19:00:00;105.8
1071729215;2020-09-12 19:00:00;2020-09-12 19:30:00;112.06666666666666
1071729215;2020-09-12 19:30:00;2020-09-12 20:00:00;99.66666666666667
1071729215;2020-09-12 20:00:00;2020-09-12 20:30:00;104.7
1071729215;2020-09-12 20:30:00;2020-09-12 21:00:00;90.6
1071729215;2020-09-12 21:00:00;2020-09-12 21:30:00;95.46666666666667
1071729215;2020-09-12 21:30:00;2020-09-12 22:00:00;85.76666666666667
1071729215;2020-09-12 22:00:00;2020-09-12 22:30:00;102.23333333333333
1071729215;2020-09-12 22:30:00;2020-09-12 23:00:00;95.33333333333333
1071729215;2020-09-12 23:00:00;2020-09-12 23:30:00;103.0
1071729215;2020-09-12 23:30:00;2020-09-12 23:59:59;102.4
1071729215;2020-09-13 00:00:00;2020-09-13 00:30:00;93.16666666666667
1071729215;2020-09-13 00:30:00;2020-09-13 01:00:00;108.7
1071729215;2020-09-13 01:00:00;2020-09-13 01:30:00;85.2
1071729215;2020-09-13 01:30:00;2020-09-13 02:00:00;87.66666666666667
1071729215;2020-09-13 02:00:00;2020-09-13 02:30:00;96.3
1071729215;2020-09-13 02:30:00;2020-09-13 03:00:00;103.06666666666666
1071729215;2020-09-13 03:00:00;2020-09-13 03:30:00;109.0
1071729215;2020-09-13 03:30:00;2020-09-13 04:00:00;100.53333333333333
1071729215;2020-09-13 04:00:00;2020-09-13 04:30:00;101.03333333333333
1071729215;2020-09-13 04:30:00;2020-09-13 05:00:00;108.6
1071729215;2020-09-13 05:00:00;2020-09-13 05:30:00;101.86666666666666
1071729215;2020-09-13 05:30:00;2020-09-13 06:00:00;112.53333333333333
1071729215;2020-09-13 06:00:00;2020-09-13 06:30:00;113.36666666666666
1071729215;2020-09-13 06:30:00;2020-09-13 07:00:00;112.46666666666667
1071729215;2020-09-13 07:00:00;2020-09-13 07:30:00;112.23333333333333
1071729215;2020-09-13 07:30:00;2020-09-13 08:00:00;98.63333333333334
1071729215;2020-09-13 08:00:00;2020-09-13 08:30:00;120.93333333333334
1071729215;2020-09-13 08:30:00;2020-09-13 09:00:00;111.13333333333334
1071729215;2020-09-13 09:00:00;2020-09-13 09:30:00;88.33333333333333
1071729215;2020-09-13 09:30:00;2020-09-13 10:00:00;100.5
1071729215;2020-09-13 10:00:00;2020-09-13 10:30:00;122.03333333333333
1071729215;2020-09-13 10:30:00;2020-09-13 11:00:00;103.7
1071729215;2020-09-13 11:00:00;2020-09-13 11:30:00;102.73333333333333
1071729215;2020-09-13 11:30:00;2020-09-13 12:00:00;110.16666666666667
1071729215;2020-09-13 12:00:00;2020-09-13 12:30:00;92.8
1071729215;2020-09-13 12:30:00;2020-09-13 13:00:00;95.83333333333333
1071729215;2020-09-13 13:00:00;2020-09-13 13:30:00;90.53333333333333
1071729215;2020-09-13 13:30:00;2020-09-13 14:00:00;95.8
1071729215;2020-09-13 14:00:00;2020-09-13 14:30:00;85.86666666666666
1071729215;2020-09-13 14:30:00;2020-09-13 15:00:00;90.93333333333334
1071729215;2020-09-13 15:00:00;2020-09-13 15:30:00;103.03333333333333
1071729215;2020-09-13 15:30:00;2020-09-13 16:00:00;98.86666666666666
1071729215;2020-09-13 16:00:00;2020-09-13 16:30:00;102.33333333333333
1071729215;2020-09-13 16:30:00;2020-09-13 17:00:00;95.06666666666666
1071729215;2020-09-13 17:00:00;2020-09-13 17:30:00;87.53333333333333
1071729215;2020-09-13 17:30:00;2020-09-13 18:00:00;91.96666666666667
1071729215;2020-09-13 18:00:00;2020-09-13 18:30:00;88.0
1071729215;2020-09-13 18:30:00;2020-09-13 19:00:00;95.56666666666666
1071729215;2020-09-13 19:00:00;2020-09-13 19:30:00;107.33333333333333
1071729215;2020-09-13 19:30:00;2020-09-13 20:00:00;108.13333333333334
1071729215;2020-09-13 20:00:00;2020-09-13 20:30:00;114.16666666666667
1071729215;2020-09-13 20:30:00;2020-09-13 21:00:00;114.76666666666667
1071729215;2020-09-13 21:00:00;2020-09-13 21:30:00;103.43333333333334
1071729215;2020-09-13 21:30:00;2020-09-13 22:00:00;94.33333333333333
1071729215;2020-09-13 22:00:00;2020-09-13 22:30:00;93.86666666666666
1071729215;2020-09-13 22:30:00;2020-09-13 23:00:00;103.5
1071729215;2020-09-13 23:00:00;2020-09-13 23:30:00;104.73333333333333
1071729215;2020-09-13 23:30:00;2020-09-13 23:59:59;89.43333333333334
1071729215;2020-09-14 00:00:00;2020-09-14 00:30:00;98.7
1071729215;2020-09-14 00:30:00;2020-09-14 01:00:00;82.3
1071729215;2020-09-14 01:00:00;2020-09-14 01:30:00;77.5
1071729215;2020-09-14 01:30:00;2020-09-14 02:00:00;94.5
1071729215;2020-09-14 02:00:00;2020-09-14 02:30:00;99.23333333333333
1071729215;2020-09-14 02:30:00;2020-09-14 03:00:00;100.96666666666667
1071729215;2020-09-14 03:00:00;2020-09-14 03:30:00;105.06666666666666
1071729215;2020-09-14 03:30:00;2020-09-14 04:00:00;103.0
1071729215;2020-09-14 04:00:00;2020-09-14 04:30:00;106.36666666666666
1071729215;2020-09-14 04:30:00;2020-09-14 05:00:00;121.46666666666667
1071729215;2020-09-14 05:00:00;2020-09-14 05:30:00;102.23333333333333
1071729215;2020-09-14 05:30:00;2020-09-14 06:00:00;110.0
1071729215;2020-09-14 06:00:00;2020-09-14 06:30:00;105.16666666666667
1071729215;2020-09-14 06:30:00;2020-09-14 07:00:00;99.93333333333334
1071729215;2020-09-14 07:00:00;2020-09-14 07:30:00;93.06666666666666
1071729215;2020-09-14 07:30:00;2020-09-14 08:00:00;99.36666666666666
1071729215;2020-09-14 08:00:00;2020-09-14 08:30:00;96.4
1071729215;2020-09-14 08:30:00;2020-09-14 09:00:00;92.73333333333333
1071729215;2020-09-14 09:00:00;2020-09-14 09:30:00;110.0
1071729215;2020-09-14 09:30:00;2020-09-14 10:00:00;102.6
1071729215;2020-09-14 10:00:00;2020-09-14 10:30:00;102.2
1071729215;2020-09-14 10:30:00;2020-09-14 11:00:00;92.06666666666666
1071729215;2020-09-14 11:00:00;2020-09-14 11:30:00;86.03333333333333
1071729215;2020-09-14 11:30:00;2020-09-14 12:00:00;102.8
1071729215;2020-09-14 12:00:00;2020-09-14 12:30:00;96.13333333333334
1071729215;2020-09-14 12:30:00;2020-09-14 13:00:00;105.33333333333333
1071729215;2020-09-14 13:00:00;2020-09-14 13:30:00;101.4
1071729215;2020-09-14 13:30:00;2020-09-14 14:00:00;99.2
1071729215;2020-09-14 14:00:00;2020-09-14 14:30:00;93.73333333333333
1071729215;2020-09-14 14:30:00;2020-09-14 15:00:00;87.4
1071729215;2020-09-14 15:00:00;2020-09-14 15:30:00;97.96666666666667
1071729215;2020-09-14 15:30:00;2020-09-14 16:00:00;111.1
1071729215;2020-09-14 16:00:00;2020-09-14 16:30:00;103.8
1071729215;2020-09-14 16:30:00;2020-09-14 17:00:00;108.03333333333333
1071729215;2020-09-14 17:00:00;2020-09-14 17:30:00;93.36666666666666
1071729215;2020-09-14 17:30:00;2020-09-14 18:00:00;94.23333333333333
1071729215;2020-09-14 18:00:00;2020-09-14 18:30:00;89.26666666666667
1071729215;2020-09-14 18:30:00;2020-09-14 19:00:00;98.43333333333334
1071729215;2020-09-14 19:00:00;2020-09-14 19:30:00;95.83333333333333
1071729215;2020-09-14 19:30:00;2020-09-14 20:00:00;103.46666666666667
1071729215;2020-09-14 20:00:00;2020-09-14 20:30:00;103.96666666666667
1071729215;2020-09-14 20:30:00;2020-09-14 21:00:00;102.5
1071729215;2020-09-14 21:00:00;2020-09-14 21:30:00;96.7
1071729215;2020-09-14 21:30:00;2020-09-14 22:00:00;109.5
1071729215;2020-09-14 22:00:00;2020-09-14 22:30:00;97.13333333333334
1071729215;2020-09-14 22:30:00;2020-09-14 23:00:00;100.26666666666667
1071729215;2020-09-14 23:00:00;2020-09-14 23:30:00;89.73333333333333
1071729215;2020-09-14 23:30:00;2020-09-14 23:59:59;100.7
1071729215;2020-09-15 00:00:00;2020-09-15 00:30:00;94.9
1071729215;2020-09-15 00:30:00;2020-09-15 01:00:00;103.06666666666666
1071729215;2020-09-15 01:00:00;2020-09-15 01:30:00;103.33333333333333
1071729215;2020-09-15 01:30:00;2020-09-15 02:00:00;84.23333333333333
1071729215;2020-09-15 02:00:00;2020-09-15 02:30:00;94.96666666666667
1071729215;2020-09-15 02:30:00;2020-09-15 03:00:00;103.0
1071729215;2020-09-15 03:00:00;2020-09-15 03:30:00;93.93333333333334
1071729215;2020-09-15 03:30:00;2020-09-15 04:00:00;102.9
1071729215;2020-09-15 04:00:00;2020-09-15 04:30:00;111.46666666666667
1071729215;2020-09-15 04:30:00;2020-09-15 05:00:00;113.0
1071729215;2020-09-15 05:00:00;2020-09-15 05:30:00;100.23333333333333
1071729215;2020-09-15 05:30:00;2020-09-15 06:00:00;92.73333333333333
1071729215;2020-09-15 06:00:00;2020-09-15 06:30:00;103.93333333333334
1071729215;2020-09-15 06:30:00;2020-09-15 07:00:00;99.1
1071729215;2020-09-15 07:00:00;2020-09-15 07:30:00;95.36666666666666
1071729215;2020-09-15 07:30:00;2020-09-15 08:00:00;107.2
1071729215;2020-09-15 08:00:00;2020-09-15 08:30:00;75.7
1071729215;2020-09-15 08:30:00;2020-09-15 09:00:00;97.33333333333333
1071729215;2020-09-15 09:00:00;2020-09-15 09:30:00;90.83333333333333
1071729215;2020-09-15 09:30:00;2020-09-15 10:00:00;94.76666666666667
1071729215;2020-09-15 10:00:00;2020-09-15 10:30:00;91.3
1071729215;2020-09-15 10:30:00;2020-09-15 11:00:00;102.6
1071729215;2020-09-15 11:00:00;2020-09-15 11:30:00;96.43333333333334
1071729215;2020-09-15 11:30:00;2020-09-15 12:00:00;99.0
1071729215;2020-09-15 12:00:00;2020-09-15 12:30:00;91.86666666666666
1071729215;2020-09-15 12:30:00;2020-09-15 13:00:00;99.0
1071729215;2020-09-15 13:00:00;2020-09-15 13:30:00;85.26666666666667
1071729215;2020-09-15 13:30:00;2020-09-15 14:00:00;87.93333333333334
1071729215;2020-09-15 14:00:00;2020-09-15 14:30:00;97.66666666666667
1071729215;2020-09-15 14:30:00;2020-09-15 15:00:00;100.53333333333333
1071729215;2020-09-15 15:00:00;2020-09-15 15:30:00;86.83333333333333
1071729215;2020-09-15 15:30:00;2020-09-15 16:00:00;87.8
1071729215;2020-09-15 16:00:00;2020-09-15 16:30:00;103.66666666666667
1071729215;2020-09-15 16:30:00;2020-09-15 17:00:00;100.26666666666667
1071729215;2020-09-15 17:00:00;2020-09-15 17:30:00;106.9
1071729215;2020-09-15 17:30:00;2020-09-15 18:00:00;103.83333333333333
1071729215;2020-09-15 18:00:00;2020-09-15 18:30:00;109.73333333333333
1071729215;2020-09-15 18:30:00;2020-09-15 19:00:00;96.2
1071729215;2020-09-15 19:00:00;2020-09-15 19:30:00;92.7
1071729215;2020-09-15 19:30:00;2020-09-15 20:00:00;110.4
1071729215;2020-09-15 20:00:00;2020-09-15 20:30:00;106.03333333333333
1071729215;2020-09-15 20:30:00;2020-09-15 21:00:00;109.93333333333334
1071729215;2020-09-15 21:00:00;2020-09-15 21:30:00;112.13333333333334
1071729215;2020-09-15 21:30:00;2020-09-15 22:00:00;100.0
1071729215;2020-09-15 22:00:00;2020-09-15 22:30:00;97.43333333333334
1071729215;2020-09-15 22:30:00;2020-09-15 23:00:00;89.8
1071729215;2020-09-15 23:00:00;2020-09-15 23:30:00;90.5
1071729215;2020-09-15 23:30:00;2020-09-15 23:59:59;102.53333333333333
1071729215;2020-09-16 00:00:00;2020-09-16 00:30:00;82.83333333333333
1071729215;2020-09-16 00:30:00;2020-09-16 01:00:00;94.7
1071729215;2020-09-16 01:00:00;2020-09-16 01:30:00;93.03333333333333
1071729215;2020-09-16 01:30:00;2020-09-16 02:00:00;80.26666666666667
1071729215;2020-09-16 02:00:00;2020-09-16 02:30:00;85.83333333333333
1071729215;2020-09-16 02:30:00;2020-09-16 03:00:00;92.33333333333333
1071729215;2020-09-16 03:00:00;2020-09-16 03:30:00;91.8
1071729215;2020-09-16 03:30:00;2020-09-16 04:00:00;106.36666666666666
1071729215;2020-09-16 04:00:00;2020-09-16 04:30:00;93.53333333333333
1071729215;2020-09-16 04:30:00;2020-09-16 05:00:00;102.93333333333334
1071729215;2020-09-16 05:00:00;2020-09-16 05:30:00;110.06666666666666
1071729215;2020-09-16 05:30:00;2020-09-16 06:00:00;103.83333333333333
1071729215;2020-09-16 06:00:00;2020-09-16 06:30:00;99.9
1071729215;2020-09-16 06:30:00;2020-09-16 07:00:00;110.23333333333333
1071729215;2020-09-16 07:00:00;2020-09-16 07:30:00;108.26666666666667
1071729215;2020-09-16 07:30:00;2020-09-16 08:00:00;103.43333333333334
1071729215;2020-09-16 08:00:00;2020-09-16 08:30:00;100.6
1071729215;2020-09-16 08:30:00;2020-09-16 09:00:00;85.43333333333334
1071729215;2020-09-16 09:00:00;2020-09-16 09:30:00;111.56666666666666
1071729215;2020-09-16 09:30:00;2020-09-16 10:00:00;99.53333333333333
1071729215;2020-09-16 10:00:00;2020-09-16 10:30:00;98.8
1071729215;2020-09-16 10:30:00;2020-09-16 11:00:00;87.66666666666667
1071729215;2020-09-16 11:00:00;2020-09-16 11:30:00;102.56666666666666
1071729215;2020-09-16 11:30:00;2020-09-16 12:00:00;102.33333333333333
1071729215;2020-09-16 12:00:00;2020-09-16 12:30:00;109.43333333333334
1071729215;2020-09-16 12:30:00;2020-09-16 13:00:00;100.36666666666666
1071729215;2020-09-16 13:00:00;2020-09-16 13:30:00;100.53333333333333
1071729215;2020-09-16 13:30:00;2020-09-16 14:00:00;93.73333333333333
1071729215;2020-09-16 14:00:00;2020-09-16 14:30:00;95.93333333333334
1071729215;2020-09-16 14:30:00;2020-09-16 15:00:00;96.8
1071729215;2020-09-16 15:00:00;2020-09-16 15:30:00;94.2
1071729215;2020-09-16 15:30:00;2020-09-16 16:00:00;108.43333333333334
1071729215;2020-09-16 16:00:00;2020-09-16 16:30:00;95.8
1071729215;2020-09-16 16:30:00;2020-09-16 17:00:00;96.56666666666666
1071729215;2020-09-16 17:00:00;2020-09-16 17:30:00;107.8
1071729215;2020-09-16 17:30:00;2020-09-16 18:00:00;104.86666666666666
1071729215;2020-09-16 18:00:00;2020-09-16 18:30:00;111.43333333333334
1071729215;2020-09-16 18:30:00;2020-09-16 19:00:00;104.9
1071729215;2020-09-16 19:00:00;2020-09-16 19:30:00;102.93333333333334
1071729215;2020-09-16 19:30:00;2020-09-16 20:00:00;105.36666666666666
1071729215;2020-09-16 20:00:00;2020-09-16 20:30:00;107.8
1071729215;2020-09-16 20:30:00;2020-09-16 21:00:00;100.83333333333333
1071729215;2020-09-16 21:00:00;2020-09-16 21:30:00;102.66666666666667
1071729215;2020-09-16 21:30:00;2020-09-16 22:00:00;100.26666666666667
1071729215;2020-09-16 22:00:00;2020-09-16 22:30:00;94.8
1071729215;2020-09-16 22:30:00;2020-09-16 23:00:00;90.66666666666667
1071729215;2020-09-16 23:00:00;2020-09-16 23:30:00;101.33333333333333
1071729215;2020-09-16 23:30:00;2020-09-16 23:59:59;100.13333333333334
1071729215;2020-09-17 00:00:00;2020-09-17 00:30:00;104.06666666666666
1071729215;2020-09-17 00:30:00;2020-09-17 01:00:00;97.33333333333333
1071729215;2020-09-17 01:00:00;2020-09-17 01:30:00;103.0
1071729215;2020-09-17 01:30:00;2020-09-17 02:00:00;103.0
1071729215;2020-09-17 02:00:00;2020-09-17 02:30:00;95.3
1071729215;2020-09-17 02:30:00;2020-09-17 03:00:00;103.0
1071729215;2020-09-17 03:00:00;2020-09-17 03:30:00;99.53333333333333
1071729215;2020-09-17 03:30:00;2020-09-17 04:00:00;86.33333333333333
1071729215;2020-09-17 04:00:00;2020-09-17 04:30:00;103.36666666666666
1071729215;2020-09-17 04:30:00;2020-09-17 05:00:00;100.73333333333333
1071729215;2020-09-17 05:00:00;2020-09-17 05:30:00;109.26666666666667
1071729215;2020-09-17 05:30:00;2020-09-17 06:00:00;111.13333333333334
1071729215;2020-09-17 06:00:00;2020-09-17 06:30:00;98.4
1071729215;2020-09-17 06:30:00;2020-09-17 07:00:00;101.53333333333333
1071729215;2020-09-17 07:00:00;2020-09-17 07:30:00;107.86666666666666
1071729215;2020-09-17 07:30:00;2020-09-17 08:00:00;95.5
1071729215;2020-09-17 08:00:00;2020-09-17 08:30:00;101.83333333333333
1071729215;2020-09-17 08:30:00;2020-09-17 09:00:00;108.0
1071729215;2020-09-17 09:00:00;2020-09-17 09:30:00;94.46666666666667
1071729215;2020-09-17 09:30:00;2020-09-17 10:00:00;90.73333333333333
1071729215;2020-09-17 10:00:00;2020-09-17 10:30:00;101.7
1071729215;2020-09-17 10:30:00;2020-09-17 11:00:00;95.03333333333333
1071729215;2020-09-17 11:00:00;2020-09-17 11:30:00;89.16666666666667
1071729215;2020-09-17 11:30:00;2020-09-17 12:00:00;100.03333333333333
1071729215;2020-09-17 12:00:00;2020-09-17 12:30:00;89.53333333333333
1071729215;2020-09-17 12:30:00;2020-09-17 13:00:00;91.1
1071729215;2020-09-17 13:00:00;2020-09-17 13:30:00;93.8
1071729215;2020-09-17 13:30:00;2020-09-17 14:00:00;99.46666666666667
1071729215;2020-09-17 14:00:00;2020-09-17 14:30:00;82.76666666666667
1071729215;2020-09-17 14:30:00;2020-09-17 15:00:00;96.06666666666666
1071729215;2020-09-17 15:00:00;2020-09-17 15:30:00;87.3
1071729215;2020-09-17 15:30:00;2020-09-17 16:00:00;102.76666666666667
1071729215;2020-09-17 16:00:00;2020-09-17 16:30:00;103.46666666666667
1071729215;2020-09-17 16:30:00;2020-09-17 17:00:00;98.2
1071729215;2020-09-17 17:00:00;2020-09-17 17:30:00;96.86666666666666
1071729215;2020-09-17 17:30:00;2020-09-17 18:00:00;101.76666666666667
1071729215;2020-09-17 18:00:00;2020-09-17 18:30:00;95.36666666666666
1071729215;2020-09-17 18:30:00;2020-09-17 19:00:00;103.46666666666667
1071729215;2020-09-17 19:00:00;2020-09-17 19:30:00;96.0
1071729215;2020-09-17 19:30:00;2020-09-17 20:00:00;116.9
1071729215;2020-09-17 20:00:00;2020-09-17 20:30:00;109.26666666666667
1071729215;2020-09-17 20:30:00;2020-09-17 21:00:00;110.93333333333334
1071729215;2020-09-17 21:00:00;2020-09-17 21:30:00;101.3
1071729215;2020-09-17 21:30:00;2020-09-17 22:00:00;97.06666666666666
1071729215;2020-09-17 22:00:00;2020-09-17 22:30:00;105.16666666666667
1071729215;2020-09-17 22:30:00;2020-09-17 23:00:00;96.2
1071729215;2020-09-17 23:00:00;2020-09-17 23:30:00;90.96666666666667
1071729215;2020-09-17 23:30:00;2020-09-17 23:59:59;84.23333333333333
1071729215;2020-09-18 00:00:00;2020-09-18 00:30:00;92.73333333333333
1071729215;2020-09-18 00:30:00;2020-09-18 01:00:00;103.96666666666667
1071729215;2020-09-18 01:00:00;2020-09-18 01:30:00;101.53333333333333
1071729215;2020-09-18 01:30:00;2020-09-18 02:00:00;96.86666666666666
1071729215;2020-09-18 02:00:00;2020-09-18 02:30:00;86.9
1071729215;2020-09-18 02:30:00;2020-09-18 03:00:00;81.6
1071729215;2020-09-18 03:00:00;2020-09-18 03:30:00;92.43333333333334
1071729215;2020-09-18 03:30:00;2020-09-18 04:00:00;94.73333333333333
1071729215;2020-09-18 04:00:00;2020-09-18 04:30:00;93.96666666666667
1071729215;2020-09-18 04:30:00;2020-09-18 05:00:00;102.93333333333334
1071729215;2020-09-18 05:00:00;2020-09-18 05:30:00;102.73333333333333
1071729215;2020-09-18 05:30:00;2020-09-18 06:00:00;118.66666666666667
1071729215;2020-09-18 06:00:00;2020-09-18 06:30:00;96.86666666666666
1071729215;2020-09-18 06:30:00;2020-09-18 07:00:00;100.86666666666666
1071729215;2020-09-18 07:00:00;2020-09-18 07:30:00;106.96666666666667
1071729215;2020-09-18 07:30:00;2020-09-18 08:00:00;93.43333333333334
1071729215;2020-09-18 08:00:00;2020-09-18 08:30:00;104.23333333333333
1071729215;2020-09-18 08:30:00;2020-09-18 09:00:00;95.63333333333334
1071729215;2020-09-18 09:00:00;2020-09-18 09:30:00;99.8
1071729215;2020-09-18 09:30:00;2020-09-18 10:00:00;97.03333333333333
1071729215;2020-09-18 10:00:00;2020-09-18 10:30:00;92.06666666666666
1071729215;2020-09-18 10:30:00;2020-09-18 11:00:00;99.13333333333334
1071729215;2020-09-18 11:00:00;2020-09-18 11:30:00;96.86666666666666
1071729215;2020-09-18 11:30:00;2020-09-18 12:00:00;105.66666666666667
1071729215;2020-09-18 12:00:00;2020-09-18 12:30:00;94.46666666666667
1071729215;2020-09-18 12:30:00;2020-09-18 13:00:00;93.7
1071729215;2020-09-18 13:00:00;2020-09-18 13:30:00;95.03333333333333
1071729215;2020-09-18 13:30:00;2020-09-18 14:00:00;91.63333333333334
1071729215;2020-09-18 14:00:00;2020-09-18 14:30:00;102.43333333333334
1071729215;2020-09-18 14:30:00;2020-09-18 15:00:00;98.36666666666666
1071729215;2020-09-18 15:00:00;2020-09-18 15:30:00;104.16666666666667
1071729215;2020-09-18 15:30:00;2020-09-18 16:00:00;104.13333333333334
1071729215;2020-09-18 16:00:00;2020-09-18 16:30:00;97.76666666666667
1071729215;2020-09-18 16:30:00;2020-09-18 17:00:00;100.86666666666666
1071729215;2020-09-18 17:00:00;2020-09-18 17:30:00;101.8
1071729215;2020-09-18 17:30:00;2020-09-18 18:00:00;99.46666666666667
1071729215;2020-09-18 18:00:00;2020-09-18 18:30:00;104.23333333333333
1071729215;2020-09-18 18:30:00;2020-09-18 19:00:00;108.6
1071729215;2020-09-18 19:00:00;2020-09-18 19:30:00;93.5
1071729215;2020-09-18 19:30:00;2020-09-18 20:00:00;106.53333333333333
1071729215;2020-09-18 20:00:00;2020-09-18 20:30:00;95.5
1071729215;2020-09-18 20:30:00;2020-09-18 21:00:00;107.2
1071729215;2020-09-18 21:00:00;2020-09-18 21:30:00;94.03333333333333
1071729215;2020-09-18 21:30:00;2020-09-18 22:00:00;97.63333333333334
1071729215;2020-09-18 22:00:00;2020-09-18 22:30:00;98.93333333333334
1071729215;2020-09-18 22:30:00;2020-09-18 23:00:00;87.9
1071729215;2020-09-18 23:00:00;2020-09-18 23:30:00;86.73333333333333
1071729215;2020-09-18 23:30:00;2020-09-18 23:59:59;96.53333333333333
1071729215;2020-09-19 00:00:00;2020-09-19 00:30:00;106.86666666666666
1071729215;2020-09-19 00:30:00;2020-09-19 01:00:00;103.0
1071729215;2020-09-19 01:00:00;2020-09-19 01:30:00;101.06666666666666
1071729215;2020-09-19 01:30:00;2020-09-19 02:00:00;103.0
1071729215;2020-09-19 02:00:00;2020-09-19 02:30:00;102.8
1071729215;2020-09-19 02:30:00;2020-09-19 03:00:00;101.46666666666667
1071729215;2020-09-19 03:00:00;2020-09-19 03:30:00;106.66666666666667
1071729215;2020-09-19 03:30:00;2020-09-19 04:00:00;104.86666666666666
1071729215;2020-09-19 04:00:00;2020-09-19 04:30:00;109.0
1071729215;2020-09-19 04:30:00;2020-09-19 05:00:00;113.0
1071729215;2020-09-19 05:00:00;2020-09-19 05:30:00;106.0
1071729215;2020-09-19 05:30:00;2020-09-19 06:00:00;112.06666666666666
1071729215;2020-09-19 06:00:00;2020-09-19 06:30:00;101.93333333333334
1071729215;2020-09-19 06:30:00;2020-09-19 07:00:00;100.8
1071729215;2020-09-19 07:00:00;2020-09-19 07:30:00;116.5
1071729215;2020-09-19 07:30:00;2020-09-19 08:00:00;96.03333333333333
1071729215;2020-09-19 08:00:00;2020-09-19 08:30:00;90.06666666666666
1071729215;2020-09-19 08:30:00;2020-09-19 09:00:00;104.83333333333333
1071729215;2020-09-19 09:00:00;2020-09-19 09:30:00;98.0
1071729215;2020-09-19 09:30:00;2020-09-19 10:00:00;110.3
1071729215;2020-09-19 10:00:00;2020-09-19 10:30:00;110.1
1071729215;2020-09-19 10:30:00;2020-09-19 11:00:00;96.23333333333333
1071729215;2020-09-19 11:00:00;2020-09-19 11:30:00;94.86666666666666
1071729215;2020-09-19 11:30:00;2020-09-19 12:00:00;104.26666666666667
1071729215;2020-09-19 12:00:00;2020-09-19 12:30:00;113.06666666666666
1071729215;2020-09-19 12:30:00;2020-09-19 13:00:00;111.26666666666667
1071729215;2020-09-19 13:00:00;2020-09-19 13:30:00;100.46666666666667
1071729215;2020-09-19 13:30:00;2020-09-19 14:00:00;103.13333333333334
1071729215;2020-09-19 14:00:00;2020-09-19 14:30:00;98.56666666666666
1071729215;2020-09-19 14:30:00;2020-09-19 15:00:00;110.1
1071729215;2020-09-19 15:00:00;2020-09-19 15:30:00;97.9
1071729215;2020-09-19 15:30:00;2020-09-19 16:00:00;108.93333333333334
1071729215;2020-09-19 16:00:00;2020-09-19 16:30:00;110.2
1071729215;2020-09-19 16:30:00;2020-09-19 17:00:00;110.2
1071729215;2020-09-19 17:00:00;2020-09-19 17:30:00;115.03333333333333
1071729215;2020-09-19 17:30:00;2020-09-19 18:00:00;101.63333333333334
1071729215;2020-09-19 18:00:00;2020-09-19 18:30:00;107.86666666666666
1071729215;2020-09-19 18:30:00;2020-09-19 19:00:00;97.46666666666667
1071729215;2020-09-19 19:00:00;2020-09-19 19:30:00;112.6
1071729215;2020-09-19 19:30:00;2020-09-19 20:00:00;105.46666666666667
1071729215;2020-09-19 20:00:00;2020-09-19 20:30:00;106.56666666666666
1071729215;2020-09-19 20:30:00;2020-09-19 21:00:00;105.2
1071729215;2020-09-19 21:00:00;2020-09-19 21:30:00;104.2
1071729215;2020-09-19 21:30:00;2020-09-19 22:00:00;103.0
1071729215;2020-09-19 22:00:00;2020-09-19 22:30:00;103.0
1071729215;2020-09-19 22:30:00;2020-09-19 23:00:00;103.0
1071729215;2020-09-19 23:00:00;2020-09-19 23:30:00;103.0
1071729215;2020-09-19 23:30:00;2020-09-19 23:59:59;103.3
1071729215;2020-09-20 00:00:00;2020-09-20 00:30:00;104.23333333333333
1071729215;2020-09-20 00:30:00;2020-09-20 01:00:00;103.0
1071729215;2020-09-20 01:00:00;2020-09-20 01:30:00;103.0
1071729215;2020-09-20 01:30:00;2020-09-20 02:00:00;103.0
1071729215;2020-09-20 02:00:00;2020-09-20 02:30:00;103.0
1071729215;2020-09-20 02:30:00;2020-09-20 03:00:00;103.0
1071729215;2020-09-20 03:00:00;2020-09-20 03:30:00;109.0
1071729215;2020-09-20 03:30:00;2020-09-20 04:00:00;96.93333333333334
1071729215;2020-09-20 04:00:00;2020-09-20 04:30:00;102.2
1071729215;2020-09-20 04:30:00;2020-09-20 05:00:00;100.0
1071729215;2020-09-20 05:00:00;2020-09-20 05:30:00;113.73333333333333
1071729215;2020-09-20 05:30:00;2020-09-20 06:00:00;116.83333333333333
1071729215;2020-09-20 06:00:00;2020-09-20 06:30:00;119.56666666666666
1071729215;2020-09-20 06:30:00;2020-09-20 07:00:00;106.96666666666667
1071729215;2020-09-20 07:00:00;2020-09-20 07:30:00;116.93333333333334
1071729215;2020-09-20 07:30:00;2020-09-20 08:00:00;114.6
1071729215;2020-09-20 08:00:00;2020-09-20 08:30:00;114.5
1071729215;2020-09-20 08:30:00;2020-09-20 09:00:00;92.9
1071729215;2020-09-20 09:00:00;2020-09-20 09:30:00;112.0
1071729215;2020-09-20 09:30:00;2020-09-20 10:00:00;104.86666666666666
1071729215;2020-09-20 10:00:00;2020-09-20 10:30:00;105.3
1071729215;2020-09-20 10:30:00;2020-09-20 11:00:00;100.73333333333333
1071729215;2020-09-20 11:00:00;2020-09-20 11:30:00;100.23333333333333
1071729215;2020-09-20 11:30:00;2020-09-20 12:00:00;98.3
1071729215;2020-09-20 12:00:00;2020-09-20 12:30:00;94.13333333333334
1071729215;2020-09-20 12:30:00;2020-09-20 13:00:00;101.13333333333334
1071729215;2020-09-20 13:00:00;2020-09-20 13:30:00;91.53333333333333
1071729215;2020-09-20 13:30:00;2020-09-20 14:00:00;95.33333333333333
1071729215;2020-09-20 14:00:00;2020-09-20 14:30:00;84.46666666666667
1071729215;2020-09-20 14:30:00;2020-09-20 15:00:00;94.4
1071729215;2020-09-20 15:00:00;2020-09-20 15:30:00;93.9
1071729215;2020-09-20 15:30:00;2020-09-20 16:00:00;90.36666666666666
1071729215;2020-09-20 16:00:00;2020-09-20 16:30:00;89.36666666666666
1071729215;2020-09-20 16:30:00;2020-09-20 17:00:00;99.7
1071729215;2020-09-20 17:00:00;2020-09-20 17:30:00;92.8
1071729215;2020-09-20 17:30:00;2020-09-20 18:00:00;99.83333333333333
1071729215;2020-09-20 18:00:00;2020-09-20 18:30:00;97.63333333333334
1071729215;2020-09-20 18:30:00;2020-09-20 19:00:00;109.1
1071729215;2020-09-20 19:00:00;2020-09-20 19:30:00;102.46666666666667
1071729215;2020-09-20 19:30:00;2020-09-20 20:00:00;109.23333333333333
1071729215;2020-09-20 20:00:00;2020-09-20 20:30:00;102.9
1071729215;2020-09-20 20:30:00;2020-09-20 21:00:00;100.83333333333333
1071729215;2020-09-20 21:00:00;2020-09-20 21:30:00;100.06666666666666
1071729215;2020-09-20 21:30:00;2020-09-20 22:00:00;92.0
1071729215;2020-09-20 22:00:00;2020-09-20 22:30:00;93.33333333333333
1071729215;2020-09-20 22:30:00;2020-09-20 23:00:00;99.56666666666666
1071729215;2020-09-20 23:00:00;2020-09-20 23:30:00;99.06666666666666
1071729215;2020-09-20 23:30:00;2020-09-20 23:59:59;92.53333333333333
1071729215;2020-09-21 00:00:00;2020-09-21 00:30:00;96.66666666666667
1071729215;2020-09-21 00:30:00;2020-09-21 01:00:00;84.0
1071729215;2020-09-21 01:00:00;2020-09-21 01:30:00;89.4
1071729215;2020-09-21 01:30:00;2020-09-21 02:00:00;102.2
1071729215;2020-09-21 02:00:00;2020-09-21 02:30:00;100.8
1071729215;2020-09-21 02:30:00;2020-09-21 03:00:00;97.36666666666666
1071729215;2020-09-21 03:00:00;2020-09-21 03:30:00;112.16666666666667
1071729215;2020-09-21 03:30:00;2020-09-21 04:00:00;108.96666666666667
1071729215;2020-09-21 04:00:00;2020-09-21 04:30:00;114.76666666666667
1071729215;2020-09-21 04:30:00;2020-09-21 05:00:00;107.23333333333333
1071729215;2020-09-21 05:00:00;2020-09-21 05:30:00;109.6
1071729215;2020-09-21 05:30:00;2020-09-21 06:00:00;101.93333333333334
1071729215;2020-09-21 06:00:00;2020-09-21 06:30:00;112.8
1071729215;2020-09-21 06:30:00;2020-09-21 07:00:00;105.83333333333333
1071729215;2020-09-21 07:00:00;2020-09-21 07:30:00;114.16666666666667
1071729215;2020-09-21 07:30:00;2020-09-21 08:00:00;90.6
1071729215;2020-09-21 08:00:00;2020-09-21 08:30:00;103.26923076923077
1071729215;2020-09-21 08:30:00;2020-09-21 09:00:00;96.46666666666667
1071729215;2020-09-21 09:00:00;2020-09-21 09:30:00;102.06666666666666
1071729215;2020-09-21 09:30:00;2020-09-21 10:00:00;102.23333333333333
1071729215;2020-09-21 10:00:00;2020-09-21 10:30:00;97.83333333333333
1071729215;2020-09-21 10:30:00;2020-09-21 11:00:00;95.16666666666667
1071729215;2020-09-21 11:00:00;2020-09-21 11:30:00;98.16666666666667
1071729215;2020-09-21 11:30:00;2020-09-21 12:00:00;94.03333333333333
1071729215;2020-09-21 12:00:00;2020-09-21 12:30:00;99.06666666666666
1071729215;2020-09-21 12:30:00;2020-09-21 13:00:00;92.46666666666667
1071729215;2020-09-21 13:00:00;2020-09-21 13:30:00;93.73333333333333
1071729215;2020-09-21 13:30:00;2020-09-21 14:00:00;103.16666666666667
1071729215;2020-09-21 14:00:00;2020-09-21 14:30:00;105.63333333333334
1071729215;2020-09-21 14:30:00;2020-09-21 15:00:00;108.56666666666666
1071729215;2020-09-21 15:00:00;2020-09-21 15:30:00;95.16666666666667
1071729215;2020-09-21 15:30:00;2020-09-21 16:00:00;94.5
1071729215;2020-09-21 16:00:00;2020-09-21 16:30:00;101.76666666666667
1071729215;2020-09-21 16:30:00;2020-09-21 17:00:00;90.5
1071729215;2020-09-21 17:00:00;2020-09-21 17:30:00;93.83333333333333
1071729215;2020-09-21 17:30:00;2020-09-21 18:00:00;112.73333333333333
1071729215;2020-09-21 18:00:00;2020-09-21 18:30:00;102.43333333333334
1071729215;2020-09-21 18:30:00;2020-09-21 19:00:00;108.76666666666667
1071729215;2020-09-21 19:00:00;2020-09-21 19:30:00;101.36666666666666
1071729215;2020-09-21 19:30:00;2020-09-21 20:00:00;100.1
1071729215;2020-09-21 20:00:00;2020-09-21 20:30:00;107.63333333333334
1071729215;2020-09-21 20:30:00;2020-09-21 21:00:00;100.1
1071729215;2020-09-21 21:00:00;2020-09-21 21:30:00;93.06666666666666
1071729215;2020-09-21 21:30:00;2020-09-21 22:00:00;96.43333333333334
1071729215;2020-09-21 22:00:00;2020-09-21 22:30:00;93.73333333333333
1071729215;2020-09-21 22:30:00;2020-09-21 23:00:00;101.6
1071729215;2020-09-21 23:00:00;2020-09-21 23:30:00;95.13333333333334
1071729215;2020-09-21 23:30:00;2020-09-21 23:59:59;96.1
1071729215;2020-09-22 00:00:00;2020-09-22 00:30:00;99.83333333333333
1071729215;2020-09-22 00:30:00;2020-09-22 01:00:00;103.0
1071729215;2020-09-22 01:00:00;2020-09-22 01:30:00;103.0
1071729215;2020-09-22 01:30:00;2020-09-22 02:00:00;103.0
1071729215;2020-09-22 02:00:00;2020-09-22 02:30:00;103.0
1071729215;2020-09-22 02:30:00;2020-09-22 03:00:00;101.7
1071729215;2020-09-22 03:00:00;2020-09-22 03:30:00;98.4
1071729215;2020-09-22 03:30:00;2020-09-22 04:00:00;99.83333333333333
1071729215;2020-09-22 04:00:00;2020-09-22 04:30:00;90.36666666666666
1071729215;2020-09-22 04:30:00;2020-09-22 05:00:00;100.96666666666667
1071729215;2020-09-22 05:00:00;2020-09-22 05:30:00;105.26666666666667
1071729215;2020-09-22 05:30:00;2020-09-22 06:00:00;96.53333333333333
1071729215;2020-09-22 06:00:00;2020-09-22 06:30:00;92.6
1071729215;2020-09-22 06:30:00;2020-09-22 07:00:00;91.5
1071729215;2020-09-22 07:00:00;2020-09-22 07:30:00;96.3
1071729215;2020-09-22 07:30:00;2020-09-22 08:00:00;105.8
1071729215;2020-09-22 08:00:00;2020-09-22 08:30:00;89.93333333333334
1071729215;2020-09-22 08:30:00;2020-09-22 09:00:00;94.3
1071729215;2020-09-22 09:00:00;2020-09-22 09:30:00;98.73333333333333
1071729215;2020-09-22 09:30:00;2020-09-22 10:00:00;96.6
1071729215;2020-09-22 10:00:00;2020-09-22 10:30:00;99.46666666666667
1071729215;2020-09-22 10:30:00;2020-09-22 11:00:00;102.8
1071729215;2020-09-22 11:00:00;2020-09-22 11:30:00;95.33333333333333
1071729215;2020-09-22 11:30:00;2020-09-22 12:00:00;101.96666666666667
1071729215;2020-09-22 12:00:00;2020-09-22 12:30:00;110.0
1071729215;2020-09-22 12:30:00;2020-09-22 13:00:00;89.13333333333334
1071729215;2020-09-22 13:00:00;2020-09-22 13:30:00;96.8
1071729215;2020-09-22 13:30:00;2020-09-22 14:00:00;93.3
1071729215;2020-09-22 14:00:00;2020-09-22 14:30:00;95.33333333333333
1071729215;2020-09-22 14:30:00;2020-09-22 15:00:00;104.03333333333333
1071729215;2020-09-22 15:00:00;2020-09-22 15:30:00;98.7
1071729215;2020-09-22 15:30:00;2020-09-22 16:00:00;96.8
1071729215;2020-09-22 16:00:00;2020-09-22 16:30:00;98.33333333333333
1071729215;2020-09-22 16:30:00;2020-09-22 17:00:00;99.33333333333333
1071729215;2020-09-22 17:00:00;2020-09-22 17:30:00;89.96666666666667
1071729215;2020-09-22 17:30:00;2020-09-22 18:00:00;95.1
1071729215;2020-09-22 18:00:00;2020-09-22 18:30:00;112.44827586206897
1071729215;2020-09-22 18:30:00;2020-09-22 19:00:00;99.93333333333334
1071729215;2020-09-22 19:00:00;2020-09-22 19:30:00;96.86666666666666
1071729215;2020-09-22 19:30:00;2020-09-22 20:00:00;109.76666666666667
1071729215;2020-09-22 20:00:00;2020-09-22 20:30:00;100.73333333333333
1071729215;2020-09-22 20:30:00;2020-09-22 21:00:00;114.73333333333333
1071729215;2020-09-22 21:00:00;2020-09-22 21:30:00;110.0
1071729215;2020-09-22 21:30:00;2020-09-22 22:00:00;107.83333333333333
1071729215;2020-09-22 22:00:00;2020-09-22 22:30:00;93.9
1071729215;2020-09-22 22:30:00;2020-09-22 23:00:00;89.93333333333334
1071729215;2020-09-22 23:00:00;2020-09-22 23:30:00;101.5
1071729215;2020-09-22 23:30:00;2020-09-22 23:59:59;81.4
1071729215;2020-09-23 00:00:00;2020-09-23 00:30:00;84.83333333333333
1071729215;2020-09-23 00:30:00;2020-09-23 01:00:00;95.73333333333333
1071729215;2020-09-23 01:00:00;2020-09-23 01:30:00;101.26666666666667
1071729215;2020-09-23 01:30:00;2020-09-23 02:00:00;103.0
1071729215;2020-09-23 02:00:00;2020-09-23 02:30:00;103.0
1071729215;2020-09-23 02:30:00;2020-09-23 03:00:00;98.4
1071729215;2020-09-23 03:00:00;2020-09-23 03:30:00;100.56666666666666
1071729215;2020-09-23 03:30:00;2020-09-23 04:00:00;100.4
1071729215;2020-09-23 04:00:00;2020-09-23 04:30:00;95.33333333333333
1071729215;2020-09-23 04:30:00;2020-09-23 05:00:00;101.3
1071729215;2020-09-23 05:00:00;2020-09-23 05:30:00;105.23333333333333
1071729215;2020-09-23 05:30:00;2020-09-23 06:00:00;115.4
1071729215;2020-09-23 06:00:00;2020-09-23 06:30:00;109.06666666666666
1071729215;2020-09-23 06:30:00;2020-09-23 07:00:00;92.73333333333333
1071729215;2020-09-23 07:00:00;2020-09-23 07:30:00;99.0
1071729215;2020-09-23 07:30:00;2020-09-23 08:00:00;89.3
1071729215;2020-09-23 08:00:00;2020-09-23 08:30:00;99.0
1071729215;2020-09-23 08:30:00;2020-09-23 09:00:00;99.63333333333334
1071729215;2020-09-23 09:00:00;2020-09-23 09:30:00;92.23333333333333
1071729215;2020-09-23 09:30:00;2020-09-23 10:00:00;97.5
1071729215;2020-09-23 10:00:00;2020-09-23 10:30:00;98.83333333333333
1071729215;2020-09-23 10:30:00;2020-09-23 11:00:00;96.43333333333334
1071729215;2020-09-23 11:00:00;2020-09-23 11:30:00;95.13333333333334
1071729215;2020-09-23 11:30:00;2020-09-23 12:00:00;94.66666666666667
1071729215;2020-09-23 12:00:00;2020-09-23 12:30:00;97.7
1071729215;2020-09-23 12:30:00;2020-09-23 13:00:00;96.7
1071729215;2020-09-23 13:00:00;2020-09-23 13:30:00;108.7
1071729215;2020-09-23 13:30:00;2020-09-23 14:00:00;82.1
1071729215;2020-09-23 14:00:00;2020-09-23 14:30:00;100.1
1071729215;2020-09-23 14:30:00;2020-09-23 15:00:00;113.26666666666667
1071729215;2020-09-23 15:00:00;2020-09-23 15:30:00;91.5
1071729215;2020-09-23 15:30:00;2020-09-23 16:00:00;95.2
1071729215;2020-09-23 16:00:00;2020-09-23 16:30:00;93.86666666666666
1071729215;2020-09-23 16:30:00;2020-09-23 17:00:00;106.73333333333333
1071729215;2020-09-23 17:00:00;2020-09-23 17:30:00;98.1
1071729215;2020-09-23 17:30:00;2020-09-23 18:00:00;96.13333333333334
1071729215;2020-09-23 18:00:00;2020-09-23 18:30:00;106.03333333333333
1071729215;2020-09-23 18:30:00;2020-09-23 19:00:00;104.1
1071729215;2020-09-23 19:00:00;2020-09-23 19:30:00;108.2
1071729215;2020-09-23 19:30:00;2020-09-23 20:00:00;99.3
1071729215;2020-09-23 20:00:00;2020-09-23 20:30:00;99.33333333333333
1071729215;2020-09-23 20:30:00;2020-09-23 21:00:00;104.0
1071729215;2020-09-23 21:00:00;2020-09-23 21:30:00;103.0
1071729215;2020-09-23 21:30:00;2020-09-23 22:00:00;104.83333333333333
1071729215;2020-09-23 22:00:00;2020-09-23 22:30:00;104.36666666666666
1071729215;2020-09-23 22:30:00;2020-09-23 23:00:00;95.9
1071729215;2020-09-23 23:00:00;2020-09-23 23:30:00;99.2
1071729215;2020-09-23 23:30:00;2020-09-23 23:59:59;84.0
1071729215;2020-09-24 00:00:00;2020-09-24 00:30:00;87.43333333333334
1071729215;2020-09-24 00:30:00;2020-09-24 01:00:00;93.6
1071729215;2020-09-24 01:00:00;2020-09-24 01:30:00;100.66666666666667
1071729215;2020-09-24 01:30:00;2020-09-24 02:00:00;95.7
1071729215;2020-09-24 02:00:00;2020-09-24 02:30:00;103.73333333333333
1071729215;2020-09-24 02:30:00;2020-09-24 03:00:00;103.0
1071729215;2020-09-24 03:00:00;2020-09-24 03:30:00;95.03333333333333
1071729215;2020-09-24 03:30:00;2020-09-24 04:00:00;100.9
1071729215;2020-09-24 04:00:00;2020-09-24 04:30:00;99.7
1071729215;2020-09-24 04:30:00;2020-09-24 05:00:00;104.0
1071729215;2020-09-24 05:00:00;2020-09-24 05:30:00;95.2
1071729215;2020-09-24 05:30:00;2020-09-24 06:00:00;105.93333333333334
1071729215;2020-09-24 06:00:00;2020-09-24 06:30:00;96.93333333333334
1071729215;2020-09-24 06:30:00;2020-09-24 07:00:00;109.73333333333333
1071729215;2020-09-24 07:00:00;2020-09-24 07:30:00;106.5
1071729215;2020-09-24 07:30:00;2020-09-24 08:00:00;95.9
1071729215;2020-09-24 08:00:00;2020-09-24 08:30:00;92.7
1071729215;2020-09-24 08:30:00;2020-09-24 09:00:00;87.56666666666666
1071729215;2020-09-24 09:00:00;2020-09-24 09:30:00;102.43333333333334
1071729215;2020-09-24 09:30:00;2020-09-24 10:00:00;95.43333333333334
1071729215;2020-09-24 10:00:00;2020-09-24 10:30:00;90.5
1071729215;2020-09-24 10:30:00;2020-09-24 11:00:00;91.6
1071729215;2020-09-24 11:00:00;2020-09-24 11:30:00;97.9
1071729215;2020-09-24 11:30:00;2020-09-24 12:00:00;93.36666666666666
1071729215;2020-09-24 12:00:00;2020-09-24 12:30:00;99.9
1071729215;2020-09-24 12:30:00;2020-09-24 13:00:00;110.4
1071729215;2020-09-24 13:00:00;2020-09-24 13:30:00;107.5
1071729215;2020-09-24 13:30:00;2020-09-24 14:00:00;111.16666666666667
1071729215;2020-09-24 14:00:00;2020-09-24 14:30:00;111.46666666666667
1071729215;2020-09-24 14:30:00;2020-09-24 15:00:00;91.8
1071729215;2020-09-24 15:00:00;2020-09-24 15:30:00;105.16666666666667
1071729215;2020-09-24 15:30:00;2020-09-24 16:00:00;105.76666666666667
1071729215;2020-09-24 16:00:00;2020-09-24 16:30:00;94.3
1071729215;2020-09-24 16:30:00;2020-09-24 17:00:00;95.96666666666667
1071729215;2020-09-24 17:00:00;2020-09-24 17:30:00;102.33333333333333
1071729215;2020-09-24 17:30:00;2020-09-24 18:00:00;98.86666666666666
1071729215;2020-09-24 18:00:00;2020-09-24 18:30:00;94.0
1071729215;2020-09-24 18:30:00;2020-09-24 19:00:00;95.7
1071729215;2020-09-24 19:00:00;2020-09-24 19:30:00;104.4
1071729215;2020-09-24 19:30:00;2020-09-24 20:00:00;107.66666666666667
1071729215;2020-09-24 20:00:00;2020-09-24 20:30:00;98.4
1071729215;2020-09-24 20:30:00;2020-09-24 21:00:00;102.76666666666667
1071729215;2020-09-24 21:00:00;2020-09-24 21:30:00;100.4
1071729215;2020-09-24 21:30:00;2020-09-24 22:00:00;96.63333333333334
1071729215;2020-09-24 22:00:00;2020-09-24 22:30:00;103.0
1071729215;2020-09-24 22:30:00;2020-09-24 23:00:00;93.36666666666666
1071729215;2020-09-24 23:00:00;2020-09-24 23:30:00;102.46666666666667
1071729215;2020-09-24 23:30:00;2020-09-24 23:59:59;84.63333333333334
1071729215;2020-09-25 00:00:00;2020-09-25 00:30:00;88.83333333333333
1071729215;2020-09-25 00:30:00;2020-09-25 01:00:00;103.16666666666667
1071729215;2020-09-25 01:00:00;2020-09-25 01:30:00;103.0
1071729215;2020-09-25 01:30:00;2020-09-25 02:00:00;103.0
1071729215;2020-09-25 02:00:00;2020-09-25 02:30:00;103.0
1071729215;2020-09-25 02:30:00;2020-09-25 03:00:00;103.0
1071729215;2020-09-25 03:00:00;2020-09-25 03:30:00;101.06666666666666
1071729215;2020-09-25 03:30:00;2020-09-25 04:00:00;94.53333333333333
1071729215;2020-09-25 04:00:00;2020-09-25 04:30:00;93.46666666666667
1071729215;2020-09-25 04:30:00;2020-09-25 05:00:00;90.93333333333334
1071729215;2020-09-25 05:00:00;2020-09-25 05:30:00;82.86666666666666
1071729215;2020-09-25 05:30:00;2020-09-25 06:00:00;99.8
1071729215;2020-09-25 06:00:00;2020-09-25 06:30:00;106.66666666666667
1071729215;2020-09-25 06:30:00;2020-09-25 07:00:00;108.83333333333333
1071729215;2020-09-25 07:00:00;2020-09-25 07:30:00;105.13333333333334
1071729215;2020-09-25 07:30:00;2020-09-25 08:00:00;93.76666666666667
1071729215;2020-09-25 08:00:00;2020-09-25 08:30:00;109.86666666666666
1071729215;2020-09-25 08:30:00;2020-09-25 09:00:00;96.06666666666666
1071729215;2020-09-25 09:00:00;2020-09-25 09:30:00;94.9
1071729215;2020-09-25 09:30:00;2020-09-25 10:00:00;110.16666666666667
1071729215;2020-09-25 10:00:00;2020-09-25 10:30:00;89.0
1071729215;2020-09-25 10:30:00;2020-09-25 11:00:00;97.36666666666666
1071729215;2020-09-25 11:00:00;2020-09-25 11:30:00;103.16666666666667
1071729215;2020-09-25 11:30:00;2020-09-25 12:00:00;103.36666666666666
1071729215;2020-09-25 12:00:00;2020-09-25 12:30:00;95.66666666666667
1071729215;2020-09-25 12:30:00;2020-09-25 13:00:00;101.66666666666667
1071729215;2020-09-25 13:00:00;2020-09-25 13:30:00;90.46666666666667
1071729215;2020-09-25 13:30:00;2020-09-25 14:00:00;97.8
1071729215;2020-09-25 14:00:00;2020-09-25 14:30:00;97.36666666666666
1071729215;2020-09-25 14:30:00;2020-09-25 15:00:00;101.66666666666667
1071729215;2020-09-25 15:00:00;2020-09-25 15:30:00;105.26666666666667
1071729215;2020-09-25 15:30:00;2020-09-25 16:00:00;100.6
1071729215;2020-09-25 16:00:00;2020-09-25 16:30:00;104.73333333333333
1071729215;2020-09-25 16:30:00;2020-09-25 17:00:00;104.56666666666666
1071729215;2020-09-25 17:00:00;2020-09-25 17:30:00;93.6
1071729215;2020-09-25 17:30:00;2020-09-25 18:00:00;111.4
1071729215;2020-09-25 18:00:00;2020-09-25 18:30:00;112.13333333333334
1071729215;2020-09-25 18:30:00;2020-09-25 19:00:00;106.43333333333334
1071729215;2020-09-25 19:00:00;2020-09-25 19:30:00;96.1
1071729215;2020-09-25 19:30:00;2020-09-25 20:00:00;88.26666666666667
1071729215;2020-09-25 20:00:00;2020-09-25 20:30:00;88.36666666666666
1071729215;2020-09-25 20:30:00;2020-09-25 21:00:00;114.8
1071729215;2020-09-25 21:00:00;2020-09-25 21:30:00;93.2
1071729215;2020-09-25 21:30:00;2020-09-25 22:00:00;111.56666666666666
1071729215;2020-09-25 22:00:00;2020-09-25 22:30:00;97.23333333333333
1071729215;2020-09-25 22:30:00;2020-09-25 23:00:00;97.13333333333334
1071729215;2020-09-25 23:00:00;2020-09-25 23:30:00;100.0
1071729215;2020-09-25 23:30:00;2020-09-25 23:59:59;85.0
1071729215;2020-09-26 00:00:00;2020-09-26 00:30:00;91.06666666666666
1071729215;2020-09-26 00:30:00;2020-09-26 01:00:00;106.46666666666667
1071729215;2020-09-26 01:00:00;2020-09-26 01:30:00;104.4
1071729215;2020-09-26 01:30:00;2020-09-26 02:00:00;103.0
1071729215;2020-09-26 02:00:00;2020-09-26 02:30:00;103.0
1071729215;2020-09-26 02:30:00;2020-09-26 03:00:00;98.13333333333334
1071729215;2020-09-26 03:00:00;2020-09-26 03:30:00;99.73333333333333
1071729215;2020-09-26 03:30:00;2020-09-26 04:00:00;86.53333333333333
1071729215;2020-09-26 04:00:00;2020-09-26 04:30:00;85.86666666666666
1071729215;2020-09-26 04:30:00;2020-09-26 05:00:00;107.43333333333334
1071729215;2020-09-26 05:00:00;2020-09-26 05:30:00;97.56666666666666
1071729215;2020-09-26 05:30:00;2020-09-26 06:00:00;112.73333333333333
1071729215;2020-09-26 06:00:00;2020-09-26 06:30:00;100.43333333333334
1071729215;2020-09-26 06:30:00;2020-09-26 07:00:00;97.8
1071729215;2020-09-26 07:00:00;2020-09-26 07:30:00;100.86666666666666
1071729215;2020-09-26 07:30:00;2020-09-26 08:00:00;108.2
1071729215;2020-09-26 08:00:00;2020-09-26 08:30:00;116.1
1071729215;2020-09-26 08:30:00;2020-09-26 09:00:00;92.53333333333333
1071729215;2020-09-26 09:00:00;2020-09-26 09:30:00;99.13333333333334
1071729215;2020-09-26 09:30:00;2020-09-26 10:00:00;90.1
1071729215;2020-09-26 10:00:00;2020-09-26 10:30:00;102.16666666666667
1071729215;2020-09-26 10:30:00;2020-09-26 11:00:00;107.46666666666667
1071729215;2020-09-26 11:00:00;2020-09-26 11:30:00;87.16666666666667
1071729215;2020-09-26 11:30:00;2020-09-26 12:00:00;99.9
1071729215;2020-09-26 12:00:00;2020-09-26 12:30:00;101.83333333333333
1071729215;2020-09-26 12:30:00;2020-09-26 13:00:00;99.9
1071729215;2020-09-26 13:00:00;2020-09-26 13:30:00;109.1
1071729215;2020-09-26 13:30:00;2020-09-26 14:00:00;103.9
1071729215;2020-09-26 14:00:00;2020-09-26 14:30:00;100.53333333333333
1071729215;2020-09-26 14:30:00;2020-09-26 15:00:00;112.93333333333334
1071729215;2020-09-26 15:00:00;2020-09-26 15:30:00;97.13333333333334
1071729215;2020-09-26 15:30:00;2020-09-26 16:00:00;104.33333333333333
1071729215;2020-09-26 16:00:00;2020-09-26 16:30:00;114.46666666666667
1071729215;2020-09-26 16:30:00;2020-09-26 17:00:00;101.9
1071729215;2020-09-26 17:00:00;2020-09-26 17:30:00;104.23333333333333
1071729215;2020-09-26 17:30:00;2020-09-26 18:00:00;102.6
1071729215;2020-09-26 18:00:00;2020-09-26 18:30:00;100.16666666666667
1071729215;2020-09-26 18:30:00;2020-09-26 19:00:00;107.6
1071729215;2020-09-26 19:00:00;2020-09-26 19:30:00;111.06666666666666
1071729215;2020-09-26 19:30:00;2020-09-26 20:00:00;100.4
1071729215;2020-09-26 20:00:00;2020-09-26 20:30:00;96.13333333333334
1071729215;2020-09-26 20:30:00;2020-09-26 21:00:00;105.96666666666667
1071729215;2020-09-26 21:00:00;2020-09-26 21:30:00;103.36666666666666
1071729215;2020-09-26 21:30:00;2020-09-26 22:00:00;103.0
1071729215;2020-09-26 22:00:00;2020-09-26 22:30:00;106.0
1071729215;2020-09-26 22:30:00;2020-09-26 23:00:00;103.0
1071729215;2020-09-26 23:00:00;2020-09-26 23:30:00;103.0
1071729215;2020-09-26 23:30:00;2020-09-26 23:59:59;103.0
1071729215;2020-09-27 00:00:00;2020-09-27 00:30:00;96.06666666666666
1071729215;2020-09-27 00:30:00;2020-09-27 01:00:00;99.2
1071729215;2020-09-27 01:00:00;2020-09-27 01:30:00;84.0
1071729215;2020-09-27 01:30:00;2020-09-27 02:00:00;91.86666666666666
1071729215;2020-09-27 02:00:00;2020-09-27 02:30:00;103.96666666666667
1071729215;2020-09-27 02:30:00;2020-09-27 03:00:00;92.06666666666666
1071729215;2020-09-27 03:00:00;2020-09-27 03:30:00;95.83333333333333
1071729215;2020-09-27 03:30:00;2020-09-27 04:00:00;94.36666666666666
1071729215;2020-09-27 04:00:00;2020-09-27 04:30:00;90.0
1071729215;2020-09-27 04:30:00;2020-09-27 05:00:00;78.66666666666667
1071729215;2020-09-27 05:00:00;2020-09-27 05:30:00;104.9
1071729215;2020-09-27 05:30:00;2020-09-27 06:00:00;123.63333333333334
1071729215;2020-09-27 06:00:00;2020-09-27 06:30:00;104.5
1071729215;2020-09-27 06:30:00;2020-09-27 07:00:00;116.76666666666667
1071729215;2020-09-27 07:00:00;2020-09-27 07:30:00;98.83333333333333
1071729215;2020-09-27 07:30:00;2020-09-27 08:00:00;96.63333333333334
1071729215;2020-09-27 08:00:00;2020-09-27 08:30:00;111.5
1071729215;2020-09-27 08:30:00;2020-09-27 09:00:00;93.43333333333334
1071729215;2020-09-27 09:00:00;2020-09-27 09:30:00;101.9
1071729215;2020-09-27 09:30:00;2020-09-27 10:00:00;98.76666666666667
1071729215;2020-09-27 10:00:00;2020-09-27 10:30:00;96.53333333333333
1071729215;2020-09-27 10:30:00;2020-09-27 11:00:00;96.36666666666666
1071729215;2020-09-27 11:00:00;2020-09-27 11:30:00;92.16666666666667
1071729215;2020-09-27 11:30:00;2020-09-27 12:00:00;97.5
1071729215;2020-09-27 12:00:00;2020-09-27 12:30:00;96.96666666666667
1071729215;2020-09-27 12:30:00;2020-09-27 13:00:00;93.03333333333333
1071729215;2020-09-27 13:00:00;2020-09-27 13:30:00;96.1
1071729215;2020-09-27 13:30:00;2020-09-27 14:00:00;89.86666666666666
1071729215;2020-09-27 14:00:00;2020-09-27 14:30:00;87.4
1071729215;2020-09-27 14:30:00;2020-09-27 15:00:00;92.63333333333334
1071729215;2020-09-27 15:00:00;2020-09-27 15:30:00;93.36666666666666
1071729215;2020-09-27 15:30:00;2020-09-27 16:00:00;90.9
1071729215;2020-09-27 16:00:00;2020-09-27 16:30:00;94.9
1071729215;2020-09-27 16:30:00;2020-09-27 17:00:00;87.03333333333333
1071729215;2020-09-27 17:00:00;2020-09-27 17:30:00;86.66666666666667
1071729215;2020-09-27 17:30:00;2020-09-27 18:00:00;90.73333333333333
1071729215;2020-09-27 18:00:00;2020-09-27 18:30:00;97.73333333333333
1071729215;2020-09-27 18:30:00;2020-09-27 19:00:00;97.63333333333334
1071729215;2020-09-27 19:00:00;2020-09-27 19:30:00;104.86666666666666
1071729215;2020-09-27 19:30:00;2020-09-27 20:00:00;103.13333333333334
1071729215;2020-09-27 20:00:00;2020-09-27 20:30:00;105.36666666666666
1071729215;2020-09-27 20:30:00;2020-09-27 21:00:00;106.83333333333333
1071729215;2020-09-27 21:00:00;2020-09-27 21:30:00;102.46666666666667
1071729215;2020-09-27 21:30:00;2020-09-27 22:00:00;93.76666666666667
1071729215;2020-09-27 22:00:00;2020-09-27 22:30:00;96.0
1071729215;2020-09-27 22:30:00;2020-09-27 23:00:00;82.1
1071729215;2020-09-27 23:00:00;2020-09-27 23:30:00;89.0
1071729215;2020-09-27 23:30:00;2020-09-27 23:59:59;102.93333333333334
1071729215;2020-09-28 00:00:00;2020-09-28 00:30:00;105.13333333333334
1071729215;2020-09-28 00:30:00;2020-09-28 01:00:00;114.43333333333334
1071729215;2020-09-28 01:00:00;2020-09-28 01:30:00;120.63333333333334
1071729215;2020-09-28 01:30:00;2020-09-28 02:00:00;120.63333333333334
1071729215;2020-09-28 02:00:00;2020-09-28 02:30:00;95.5
1071729215;2020-09-28 02:30:00;2020-09-28 03:00:00;96.03333333333333
1071729215;2020-09-28 03:00:00;2020-09-28 03:30:00;103.93333333333334
1071729215;2020-09-28 03:30:00;2020-09-28 04:00:00;101.1
1071729215;2020-09-28 04:00:00;2020-09-28 04:30:00;118.63333333333334
1071729215;2020-09-28 04:30:00;2020-09-28 05:00:00;121.13333333333334
1071729215;2020-09-28 05:00:00;2020-09-28 05:30:00;112.93333333333334
1071729215;2020-09-28 05:30:00;2020-09-28 06:00:00;112.23333333333333
1071729215;2020-09-28 06:00:00;2020-09-28 06:30:00;95.26666666666667
1071729215;2020-09-28 06:30:00;2020-09-28 07:00:00;108.9
1071729215;2020-09-28 07:00:00;2020-09-28 07:30:00;100.66666666666667
1071729215;2020-09-28 07:30:00;2020-09-28 08:00:00;111.8
1071729215;2020-09-28 08:00:00;2020-09-28 08:30:00;106.27777777777777
1071729215;2020-09-28 08:30:00;2020-09-28 09:00:00;95.79166666666667
1071729215;2020-09-28 09:00:00;2020-09-28 09:30:00;102.06666666666666
1071729215;2020-09-28 09:30:00;2020-09-28 10:00:00;107.7
1071729215;2020-09-28 10:00:00;2020-09-28 10:30:00;107.86666666666666
1071729215;2020-09-28 10:30:00;2020-09-28 11:00:00;87.93333333333334
1071729215;2020-09-28 11:00:00;2020-09-28 11:30:00;102.76666666666667
1071729215;2020-09-28 11:30:00;2020-09-28 12:00:00;97.8
1071729215;2020-09-28 12:00:00;2020-09-28 12:30:00;88.56666666666666
1071729215;2020-09-28 12:30:00;2020-09-28 13:00:00;97.03333333333333
1071729215;2020-09-28 13:00:00;2020-09-28 13:30:00;97.93333333333334
1071729215;2020-09-28 13:30:00;2020-09-28 14:00:00;101.9
1071729215;2020-09-28 14:00:00;2020-09-28 14:30:00;99.4
1071729215;2020-09-28 14:30:00;2020-09-28 15:00:00;99.7
1071729215;2020-09-28 15:00:00;2020-09-28 15:30:00;100.16666666666667
1071729215;2020-09-28 15:30:00;2020-09-28 16:00:00;97.86666666666666
1071729215;2020-09-28 16:00:00;2020-09-28 16:30:00;96.8
1071729215;2020-09-28 16:30:00;2020-09-28 17:00:00;103.1
1071729215;2020-09-28 17:00:00;2020-09-28 17:30:00;87.56666666666666
1071729215;2020-09-28 17:30:00;2020-09-28 18:00:00;97.36666666666666
1071729215;2020-09-28 18:00:00;2020-09-28 18:30:00;98.8
1071729215;2020-09-28 18:30:00;2020-09-28 19:00:00;101.63333333333334
1071729215;2020-09-28 19:00:00;2020-09-28 19:30:00;112.7
1071729215;2020-09-28 19:30:00;2020-09-28 20:00:00;105.13333333333334
1071729215;2020-09-28 20:00:00;2020-09-28 20:30:00;115.3
1071729215;2020-09-28 20:30:00;2020-09-28 21:00:00;107.16666666666667
1071729215;2020-09-28 21:00:00;2020-09-28 21:30:00;93.13333333333334
1071729215;2020-09-28 21:30:00;2020-09-28 22:00:00;98.3
1071729215;2020-09-28 22:00:00;2020-09-28 22:30:00;91.46666666666667
1071729215;2020-09-28 22:30:00;2020-09-28 23:00:00;84.0
1071729215;2020-09-28 23:00:00;2020-09-28 23:30:00;100.03333333333333
1071729215;2020-09-28 23:30:00;2020-09-28 23:59:59;80.46666666666667
1071729215;2020-09-29 00:00:00;2020-09-29 00:30:00;101.0
1071729215;2020-09-29 00:30:00;2020-09-29 01:00:00;98.86666666666666
1071729215;2020-09-29 01:00:00;2020-09-29 01:30:00;100.63333333333334
1071729215;2020-09-29 01:30:00;2020-09-29 02:00:00;101.0
1071729215;2020-09-29 02:00:00;2020-09-29 02:30:00;101.0
1071729215;2020-09-29 02:30:00;2020-09-29 03:00:00;95.6
1071729215;2020-09-29 03:00:00;2020-09-29 03:30:00;90.43333333333334
1071729215;2020-09-29 03:30:00;2020-09-29 04:00:00;96.76666666666667
1071729215;2020-09-29 04:00:00;2020-09-29 04:30:00;98.9
1071729215;2020-09-29 04:30:00;2020-09-29 05:00:00;110.56666666666666
1071729215;2020-09-29 05:00:00;2020-09-29 05:30:00;109.5
1071729215;2020-09-29 05:30:00;2020-09-29 06:00:00;97.13333333333334
1071729215;2020-09-29 06:00:00;2020-09-29 06:30:00;91.96666666666667
1071729215;2020-09-29 06:30:00;2020-09-29 07:00:00;106.7
1071729215;2020-09-29 07:00:00;2020-09-29 07:30:00;102.0
1071729215;2020-09-29 07:30:00;2020-09-29 08:00:00;94.83333333333333
1071729215;2020-09-29 08:00:00;2020-09-29 08:30:00;92.3
1071729215;2020-09-29 08:30:00;2020-09-29 09:00:00;86.36666666666666
1071729215;2020-09-29 09:00:00;2020-09-29 09:30:00;93.9
1071729215;2020-09-29 09:30:00;2020-09-29 10:00:00;93.2
1071729215;2020-09-29 10:00:00;2020-09-29 10:30:00;96.23333333333333
1071729215;2020-09-29 10:30:00;2020-09-29 11:00:00;95.7
1071729215;2020-09-29 11:00:00;2020-09-29 11:30:00;89.9
1071729215;2020-09-29 11:30:00;2020-09-29 12:00:00;92.0
1071729215;2020-09-29 12:00:00;2020-09-29 12:30:00;96.43333333333334
1071729215;2020-09-29 12:30:00;2020-09-29 13:00:00;99.93333333333334
1071729215;2020-09-29 13:00:00;2020-09-29 13:30:00;112.0
1071729215;2020-09-29 13:30:00;2020-09-29 14:00:00;90.82608695652173
1071729215;2020-09-29 14:00:00;2020-09-29 14:30:00;96.8
1071729215;2020-09-29 14:30:00;2020-09-29 15:00:00;94.56666666666666
1071729215;2020-09-29 15:00:00;2020-09-29 15:30:00;100.23333333333333
1071729215;2020-09-29 15:30:00;2020-09-29 16:00:00;95.16666666666667
1071729215;2020-09-29 16:00:00;2020-09-29 16:30:00;92.53333333333333
1071729215;2020-09-29 16:30:00;2020-09-29 17:00:00;99.26666666666667
1071729215;2020-09-29 17:00:00;2020-09-29 17:30:00;96.1
1071729215;2020-09-29 17:30:00;2020-09-29 18:00:00;95.33333333333333
1071729215;2020-09-29 18:00:00;2020-09-29 18:30:00;101.4
1071729215;2020-09-29 18:30:00;2020-09-29 19:00:00;100.16666666666667
1071729215;2020-09-29 19:00:00;2020-09-29 19:30:00;97.46666666666667
1071729215;2020-09-29 19:30:00;2020-09-29 20:00:00;96.2
1071729215;2020-09-29 20:00:00;2020-09-29 20:30:00;102.93333333333334
1071729215;2020-09-29 20:30:00;2020-09-29 21:00:00;97.46666666666667
1071729215;2020-09-29 21:00:00;2020-09-29 21:30:00;100.5
1071729215;2020-09-29 21:30:00;2020-09-29 22:00:00;101.0
1071729215;2020-09-29 22:00:00;2020-09-29 22:30:00;101.0
1071729215;2020-09-29 22:30:00;2020-09-29 23:00:00;101.0
1071729215;2020-09-29 23:00:00;2020-09-29 23:30:00;101.0
1071729215;2020-09-29 23:30:00;2020-09-29 23:59:59;101.0
1071729215;2020-09-30 00:00:00;2020-09-30 00:30:00;101.0
1071729215;2020-09-30 00:30:00;2020-09-30 01:00:00;101.0
1071729215;2020-09-30 01:00:00;2020-09-30 01:30:00;101.0
1071729215;2020-09-30 01:30:00;2020-09-30 02:00:00;101.0
1071729215;2020-09-30 02:00:00;2020-09-30 02:30:00;91.36666666666666
1071729215;2020-09-30 02:30:00;2020-09-30 03:00:00;101.0
1071729215;2020-09-30 03:00:00;2020-09-30 03:30:00;90.73333333333333
1071729215;2020-09-30 03:30:00;2020-09-30 04:00:00;98.46666666666667
1071729215;2020-09-30 04:00:00;2020-09-30 04:30:00;91.5
1071729215;2020-09-30 04:30:00;2020-09-30 05:00:00;105.6
1071729215;2020-09-30 05:00:00;2020-09-30 05:30:00;89.4
1071729215;2020-09-30 05:30:00;2020-09-30 06:00:00;102.16666666666667
1071729215;2020-09-30 06:00:00;2020-09-30 06:30:00;92.03333333333333
1071729215;2020-09-30 06:30:00;2020-09-30 07:00:00;102.66666666666667
1071729215;2020-09-30 07:00:00;2020-09-30 07:30:00;107.16666666666667
1071729215;2020-09-30 07:30:00;2020-09-30 08:00:00;90.53333333333333
1071729215;2020-09-30 08:00:00;2020-09-30 08:30:00;103.36666666666666
1071729215;2020-09-30 08:30:00;2020-09-30 09:00:00;106.23333333333333
1071729215;2020-09-30 09:00:00;2020-09-30 09:30:00;96.0
1071729215;2020-09-30 09:30:00;2020-09-30 10:00:00;104.16666666666667
1071729215;2020-09-30 10:00:00;2020-09-30 10:30:00;93.96666666666667
1071729215;2020-09-30 10:30:00;2020-09-30 11:00:00;102.16666666666667
1071729215;2020-09-30 11:00:00;2020-09-30 11:30:00;86.4
1071729215;2020-09-30 11:30:00;2020-09-30 12:00:00;93.63333333333334
1071729215;2020-09-30 12:00:00;2020-09-30 12:30:00;91.9
1071729215;2020-09-30 12:30:00;2020-09-30 13:00:00;97.5
1071729215;2020-09-30 13:00:00;2020-09-30 13:30:00;89.76666666666667
1071729215;2020-09-30 13:30:00;2020-09-30 14:00:00;90.2
1071729215;2020-09-30 14:00:00;2020-09-30 14:30:00;100.9
1071729215;2020-09-30 14:30:00;2020-09-30 15:00:00;108.76666666666667
1071729215;2020-09-30 15:00:00;2020-09-30 15:30:00;106.3
1071729215;2020-09-30 15:30:00;2020-09-30 16:00:00;111.2
1071729215;2020-09-30 16:00:00;2020-09-30 16:30:00;104.36666666666666
1071729215;2020-09-30 16:30:00;2020-09-30 17:00:00;97.0
1071729215;2020-09-30 17:00:00;2020-09-30 17:30:00;85.13333333333334
1071729215;2020-09-30 17:30:00;2020-09-30 18:00:00;88.8
1071729215;2020-09-30 18:00:00;2020-09-30 18:30:00;93.33333333333333
1071729215;2020-09-30 18:30:00;2020-09-30 19:00:00;99.6
1071729215;2020-09-30 19:00:00;2020-09-30 19:30:00;104.0
1071729215;2020-09-30 19:30:00;2020-09-30 20:00:00;129.86666666666667
1071729215;2020-09-30 20:00:00;2020-09-30 20:30:00;122.03333333333333
1071729215;2020-09-30 20:30:00;2020-09-30 21:00:00;106.23333333333333
1071729215;2020-09-30 21:00:00;2020-09-30 21:30:00;101.06666666666666
1071729215;2020-09-30 21:30:00;2020-09-30 22:00:00;101.0
1071729215;2020-09-30 22:00:00;2020-09-30 22:30:00;106.6
1071729215;2020-09-30 22:30:00;2020-09-30 23:00:00;94.73333333333333
1071729215;2020-09-30 23:00:00;2020-09-30 23:30:00;100.6
1071729215;2020-09-30 23:30:00;2020-09-30 23:59:59;101.0
1071729215;2020-10-01 00:00:00;2020-10-01 00:30:00;101.0
1071729215;2020-10-01 00:30:00;2020-10-01 01:00:00;101.0
1071729215;2020-10-01 01:00:00;2020-10-01 01:30:00;101.0
1071729215;2020-10-01 01:30:00;2020-10-01 02:00:00;101.0
1071729215;2020-10-01 02:00:00;2020-10-01 02:30:00;101.0
1071729215;2020-10-01 02:30:00;2020-10-01 03:00:00;101.0
1071729215;2020-10-01 03:00:00;2020-10-01 03:30:00;93.0
1071729215;2020-10-01 03:30:00;2020-10-01 04:00:00;93.8
1071729215;2020-10-01 04:00:00;2020-10-01 04:30:00;98.53333333333333
1071729215;2020-10-01 04:30:00;2020-10-01 05:00:00;107.53333333333333
1071729215;2020-10-01 05:00:00;2020-10-01 05:30:00;95.7
1071729215;2020-10-01 05:30:00;2020-10-01 06:00:00;111.13333333333334
1071729215;2020-10-01 06:00:00;2020-10-01 06:30:00;123.03333333333333
1071729215;2020-10-01 06:30:00;2020-10-01 07:00:00;103.83333333333333
1071729215;2020-10-01 07:00:00;2020-10-01 07:30:00;89.96666666666667
1071729215;2020-10-01 07:30:00;2020-10-01 08:00:00;108.46666666666667
1071729215;2020-10-01 08:00:00;2020-10-01 08:30:00;101.16666666666667
1071729215;2020-10-01 08:30:00;2020-10-01 09:00:00;99.0
1071729215;2020-10-01 09:00:00;2020-10-01 09:30:00;102.23333333333333
1071729215;2020-10-01 09:30:00;2020-10-01 10:00:00;111.4
1071729215;2020-10-01 10:00:00;2020-10-01 10:30:00;106.73333333333333
1071729215;2020-10-01 10:30:00;2020-10-01 11:00:00;97.9
1071729215;2020-10-01 11:00:00;2020-10-01 11:30:00;91.8
1071729215;2020-10-01 11:30:00;2020-10-01 12:00:00;95.2
1071729215;2020-10-01 12:00:00;2020-10-01 12:30:00;94.5
1071729215;2020-10-01 12:30:00;2020-10-01 13:00:00;95.03333333333333
1071729215;2020-10-01 13:00:00;2020-10-01 13:30:00;100.36666666666666
1071729215;2020-10-01 13:30:00;2020-10-01 14:00:00;99.3
1071729215;2020-10-01 14:00:00;2020-10-01 14:30:00;111.73333333333333
1071729215;2020-10-01 14:30:00;2020-10-01 15:00:00;104.33333333333333
1071729215;2020-10-01 15:00:00;2020-10-01 15:30:00;105.56666666666666
1071729215;2020-10-01 15:30:00;2020-10-01 16:00:00;97.8
1071729215;2020-10-01 16:00:00;2020-10-01 16:30:00;106.96666666666667
1071729215;2020-10-01 16:30:00;2020-10-01 17:00:00;105.06666666666666
1071729215;2020-10-01 17:00:00;2020-10-01 17:30:00;88.26666666666667
1071729215;2020-10-01 17:30:00;2020-10-01 18:00:00;81.13333333333334
1071729215;2020-10-01 18:00:00;2020-10-01 18:30:00;98.63333333333334
1071729215;2020-10-01 18:30:00;2020-10-01 19:00:00;107.33333333333333
1071729215;2020-10-01 19:00:00;2020-10-01 19:30:00;104.8
1071729215;2020-10-01 19:30:00;2020-10-01 20:00:00;104.13333333333334
1071729215;2020-10-01 20:00:00;2020-10-01 20:30:00;106.43333333333334
1071729215;2020-10-01 20:30:00;2020-10-01 21:00:00;101.0
1071729215;2020-10-01 21:00:00;2020-10-01 21:30:00;101.0
1071729215;2020-10-01 21:30:00;2020-10-01 22:00:00;101.0
1071729215;2020-10-01 22:00:00;2020-10-01 22:30:00;101.0
1071729215;2020-10-01 22:30:00;2020-10-01 23:00:00;101.0
1071729215;2020-10-01 23:00:00;2020-10-01 23:30:00;101.0
1071729215;2020-10-01 23:30:00;2020-10-01 23:59:59;106.33333333333333
1071729215;2020-10-02 00:00:00;2020-10-02 00:30:00;101.0
1071729215;2020-10-02 00:30:00;2020-10-02 01:00:00;101.0
1071729215;2020-10-02 01:00:00;2020-10-02 01:30:00;101.0
1071729215;2020-10-02 01:30:00;2020-10-02 02:00:00;100.66666666666667
1071729215;2020-10-02 02:00:00;2020-10-02 02:30:00;100.0
1071729215;2020-10-02 02:30:00;2020-10-02 03:00:00;100.43333333333334
1071729215;2020-10-02 03:00:00;2020-10-02 03:30:00;100.46666666666667
1071729215;2020-10-02 03:30:00;2020-10-02 04:00:00;100.83333333333333
1071729215;2020-10-02 04:00:00;2020-10-02 04:30:00;99.83333333333333
1071729215;2020-10-02 04:30:00;2020-10-02 05:00:00;91.13333333333334
1071729215;2020-10-02 05:00:00;2020-10-02 05:30:00;100.26666666666667
1071729215;2020-10-02 05:30:00;2020-10-02 06:00:00;106.36666666666666
1071729215;2020-10-02 06:00:00;2020-10-02 06:30:00;109.0
1071729215;2020-10-02 06:30:00;2020-10-02 07:00:00;98.73333333333333
1071729215;2020-10-02 07:00:00;2020-10-02 07:30:00;103.1
1071729215;2020-10-02 07:30:00;2020-10-02 08:00:00;90.66666666666667
1071729215;2020-10-02 08:00:00;2020-10-02 08:30:00;96.03333333333333
1071729215;2020-10-02 08:30:00;2020-10-02 09:00:00;94.56666666666666
1071729215;2020-10-02 09:00:00;2020-10-02 09:30:00;101.8
1071729215;2020-10-02 09:30:00;2020-10-02 10:00:00;98.9
1071729215;2020-10-02 10:00:00;2020-10-02 10:30:00;105.83333333333333
1071729215;2020-10-02 10:30:00;2020-10-02 11:00:00;95.16666666666667
1071729215;2020-10-02 11:00:00;2020-10-02 11:30:00;104.13333333333334
1071729215;2020-10-02 11:30:00;2020-10-02 12:00:00;104.1
1071729215;2020-10-02 12:00:00;2020-10-02 12:30:00;99.86666666666666
1071729215;2020-10-02 12:30:00;2020-10-02 13:00:00;107.0
1071729215;2020-10-02 13:00:00;2020-10-02 13:30:00;104.53333333333333
1071729215;2020-10-02 13:30:00;2020-10-02 14:00:00;96.5
1071729215;2020-10-02 14:00:00;2020-10-02 14:30:00;98.6
1071729215;2020-10-02 14:30:00;2020-10-02 15:00:00;110.96666666666667
1071729215;2020-10-02 15:00:00;2020-10-02 15:30:00;107.7
1071729215;2020-10-02 15:30:00;2020-10-02 16:00:00;101.9
1071729215;2020-10-02 16:00:00;2020-10-02 16:30:00;115.93333333333334
1071729215;2020-10-02 16:30:00;2020-10-02 17:00:00;108.23333333333333
1071729215;2020-10-02 17:00:00;2020-10-02 17:30:00;105.36666666666666
1071729215;2020-10-02 17:30:00;2020-10-02 18:00:00;96.93333333333334
1071729215;2020-10-02 18:00:00;2020-10-02 18:30:00;109.1
1071729215;2020-10-02 18:30:00;2020-10-02 19:00:00;105.63333333333334
1071729215;2020-10-02 19:00:00;2020-10-02 19:30:00;105.26666666666667
1071729215;2020-10-02 19:30:00;2020-10-02 20:00:00;97.43333333333334
1071729215;2020-10-02 20:00:00;2020-10-02 20:30:00;114.33333333333333
1071729215;2020-10-02 20:30:00;2020-10-02 21:00:00;109.06666666666666
1071729215;2020-10-02 21:00:00;2020-10-02 21:30:00;94.76666666666667
1071729215;2020-10-02 21:30:00;2020-10-02 22:00:00;92.96666666666667
1071729215;2020-10-02 22:00:00;2020-10-02 22:30:00;101.26666666666667
1071729215;2020-10-02 22:30:00;2020-10-02 23:00:00;101.0
1071729215;2020-10-02 23:00:00;2020-10-02 23:30:00;101.0
1071729215;2020-10-02 23:30:00;2020-10-02 23:59:59;96.33333333333333
1071729215;2020-10-03 00:00:00;2020-10-03 00:30:00;95.26666666666667
1071729215;2020-10-03 00:30:00;2020-10-03 01:00:00;94.93333333333334
1071729215;2020-10-03 01:00:00;2020-10-03 01:30:00;87.0
1071729215;2020-10-03 01:30:00;2020-10-03 02:00:00;88.7
1071729215;2020-10-03 02:00:00;2020-10-03 02:30:00;101.0
1071729215;2020-10-03 02:30:00;2020-10-03 03:00:00;101.0
1071729215;2020-10-03 03:00:00;2020-10-03 03:30:00;91.1
1071729215;2020-10-03 03:30:00;2020-10-03 04:00:00;100.63333333333334
1071729215;2020-10-03 04:00:00;2020-10-03 04:30:00;100.0
1071729215;2020-10-03 04:30:00;2020-10-03 05:00:00;100.0
1071729215;2020-10-03 05:00:00;2020-10-03 05:30:00;98.66666666666667
1071729215;2020-10-03 05:30:00;2020-10-03 06:00:00;95.56666666666666
1071729215;2020-10-03 06:00:00;2020-10-03 06:30:00;96.76666666666667
1071729215;2020-10-03 06:30:00;2020-10-03 07:00:00;109.9
1071729215;2020-10-03 07:00:00;2020-10-03 07:30:00;95.76666666666667
1071729215;2020-10-03 07:30:00;2020-10-03 08:00:00;103.56666666666666
1071729215;2020-10-03 08:00:00;2020-10-03 08:30:00;105.2
1071729215;2020-10-03 08:30:00;2020-10-03 09:00:00;109.7
1071729215;2020-10-03 09:00:00;2020-10-03 09:30:00;97.83333333333333
1071729215;2020-10-03 09:30:00;2020-10-03 10:00:00;114.26666666666667
1071729215;2020-10-03 10:00:00;2020-10-03 10:30:00;114.1
1071729215;2020-10-03 10:30:00;2020-10-03 11:00:00;104.9
1071729215;2020-10-03 11:00:00;2020-10-03 11:30:00;101.83333333333333
1071729215;2020-10-03 11:30:00;2020-10-03 12:00:00;94.63333333333334
1071729215;2020-10-03 12:00:00;2020-10-03 12:30:00;106.66666666666667
1071729215;2020-10-03 12:30:00;2020-10-03 13:00:00;98.8
1071729215;2020-10-03 13:00:00;2020-10-03 13:30:00;105.7
1071729215;2020-10-03 13:30:00;2020-10-03 14:00:00;111.56666666666666
1071729215;2020-10-03 14:00:00;2020-10-03 14:30:00;120.43333333333334
1071729215;2020-10-03 14:30:00;2020-10-03 15:00:00;108.16666666666667
1071729215;2020-10-03 15:00:00;2020-10-03 15:30:00;101.2
1071729215;2020-10-03 15:30:00;2020-10-03 16:00:00;100.76666666666667
1071729215;2020-10-03 16:00:00;2020-10-03 16:30:00;106.7
1071729215;2020-10-03 16:30:00;2020-10-03 17:00:00;105.23333333333333
1071729215;2020-10-03 17:00:00;2020-10-03 17:30:00;104.96666666666667
1071729215;2020-10-03 17:30:00;2020-10-03 18:00:00;106.5
1071729215;2020-10-03 18:00:00;2020-10-03 18:30:00;111.06666666666666
1071729215;2020-10-03 18:30:00;2020-10-03 19:00:00;100.9
1071729215;2020-10-03 19:00:00;2020-10-03 19:30:00;111.4
1071729215;2020-10-03 19:30:00;2020-10-03 20:00:00;107.76666666666667
1071729215;2020-10-03 20:00:00;2020-10-03 20:30:00;100.53333333333333
1071729215;2020-10-03 20:30:00;2020-10-03 21:00:00;102.93333333333334
1071729215;2020-10-03 21:00:00;2020-10-03 21:30:00;100.0
1071729215;2020-10-03 21:30:00;2020-10-03 22:00:00;100.23333333333333
1071729215;2020-10-03 22:00:00;2020-10-03 22:30:00;101.0
1071729215;2020-10-03 22:30:00;2020-10-03 23:00:00;101.73333333333333
1071729215;2020-10-03 23:00:00;2020-10-03 23:30:00;101.0
1071729215;2020-10-03 23:30:00;2020-10-03 23:59:59;102.06666666666666
1071729215;2020-10-04 00:00:00;2020-10-04 00:30:00;95.13333333333334
1071729215;2020-10-04 00:30:00;2020-10-04 01:00:00;102.0
1071729215;2020-10-04 01:00:00;2020-10-04 01:30:00;101.0
1071729215;2020-10-04 01:30:00;2020-10-04 02:00:00;101.0
1071729215;2020-10-04 02:00:00;2020-10-04 02:30:00;99.16666666666667
1071729215;2020-10-04 02:30:00;2020-10-04 03:00:00;97.9
1071729215;2020-10-04 03:00:00;2020-10-04 03:30:00;109.23333333333333
1071729215;2020-10-04 03:30:00;2020-10-04 04:00:00;109.0
1071729215;2020-10-04 04:00:00;2020-10-04 04:30:00;116.8
1071729215;2020-10-04 04:30:00;2020-10-04 05:00:00;108.93333333333334
1071729215;2020-10-04 05:00:00;2020-10-04 05:30:00;88.76666666666667
1071729215;2020-10-04 05:30:00;2020-10-04 06:00:00;98.86666666666666
1071729215;2020-10-04 06:00:00;2020-10-04 06:30:00;112.53333333333333
1071729215;2020-10-04 06:30:00;2020-10-04 07:00:00;96.96666666666667
1071729215;2020-10-04 07:00:00;2020-10-04 07:30:00;102.76666666666667
1071729215;2020-10-04 07:30:00;2020-10-04 08:00:00;100.73333333333333
1071729215;2020-10-04 08:00:00;2020-10-04 08:30:00;112.83333333333333
1071729215;2020-10-04 08:30:00;2020-10-04 09:00:00;107.0
1071729215;2020-10-04 09:00:00;2020-10-04 09:30:00;101.6
1071729215;2020-10-04 09:30:00;2020-10-04 10:00:00;94.16666666666667
1071729215;2020-10-04 10:00:00;2020-10-04 10:30:00;105.83333333333333
1071729215;2020-10-04 10:30:00;2020-10-04 11:00:00;100.13333333333334
1071729215;2020-10-04 11:00:00;2020-10-04 11:30:00;102.3
1071729215;2020-10-04 11:30:00;2020-10-04 12:00:00;104.13333333333334
1071729215;2020-10-04 12:00:00;2020-10-04 12:30:00;101.83333333333333
1071729215;2020-10-04 12:30:00;2020-10-04 13:00:00;98.1
1071729215;2020-10-04 13:00:00;2020-10-04 13:30:00;90.6
1071729215;2020-10-04 13:30:00;2020-10-04 14:00:00;87.2
1071729215;2020-10-04 14:00:00;2020-10-04 14:30:00;84.66666666666667
1071729215;2020-10-04 14:30:00;2020-10-04 15:00:00;89.43333333333334
1071729215;2020-10-04 15:00:00;2020-10-04 15:30:00;92.23333333333333
1071729215;2020-10-04 15:30:00;2020-10-04 16:00:00;104.2
1071729215;2020-10-04 16:00:00;2020-10-04 16:30:00;94.26666666666667
1071729215;2020-10-04 16:30:00;2020-10-04 17:00:00;91.33333333333333
1071729215;2020-10-04 17:00:00;2020-10-04 17:30:00;102.16666666666667
1071729215;2020-10-04 17:30:00;2020-10-04 18:00:00;96.26666666666667
1071729215;2020-10-04 18:00:00;2020-10-04 18:30:00;87.36666666666666
1071729215;2020-10-04 18:30:00;2020-10-04 19:00:00;114.63333333333334
1071729215;2020-10-04 19:00:00;2020-10-04 19:30:00;97.96666666666667
1071729215;2020-10-04 19:30:00;2020-10-04 20:00:00;99.76666666666667
1071729215;2020-10-04 20:00:00;2020-10-04 20:30:00;104.66666666666667
1071729215;2020-10-04 20:30:00;2020-10-04 21:00:00;102.26666666666667
1071729215;2020-10-04 21:00:00;2020-10-04 21:30:00;108.4
1071729215;2020-10-04 21:30:00;2020-10-04 22:00:00;101.66666666666667
1071729215;2020-10-04 22:00:00;2020-10-04 22:30:00;102.86666666666666
1071729215;2020-10-04 22:30:00;2020-10-04 23:00:00;101.0
1071729215;2020-10-04 23:00:00;2020-10-04 23:30:00;101.0
1071729215;2020-10-04 23:30:00;2020-10-04 23:59:59;101.0
1071729215;2020-10-05 00:00:00;2020-10-05 00:30:00;105.9
1071729215;2020-10-05 00:30:00;2020-10-05 01:00:00;101.0
1071729215;2020-10-05 01:00:00;2020-10-05 01:30:00;101.0
1071729215;2020-10-05 01:30:00;2020-10-05 02:00:00;101.0
1071729215;2020-10-05 02:00:00;2020-10-05 02:30:00;101.0
1071729215;2020-10-05 02:30:00;2020-10-05 03:00:00;101.0
1071729215;2020-10-05 03:00:00;2020-10-05 03:30:00;110.86666666666666
1071729215;2020-10-05 03:30:00;2020-10-05 04:00:00;106.83333333333333
1071729215;2020-10-05 04:00:00;2020-10-05 04:30:00;100.76666666666667
1071729215;2020-10-05 04:30:00;2020-10-05 05:00:00;109.16666666666667
1071729215;2020-10-05 05:00:00;2020-10-05 05:30:00;107.8
1071729215;2020-10-05 05:30:00;2020-10-05 06:00:00;109.96666666666667
1071729215;2020-10-05 06:00:00;2020-10-05 06:30:00;102.46666666666667
1071729215;2020-10-05 06:30:00;2020-10-05 07:00:00;105.4
1071729215;2020-10-05 07:00:00;2020-10-05 07:30:00;107.33333333333333
1071729215;2020-10-05 07:30:00;2020-10-05 08:00:00;85.33333333333333
1071729215;2020-10-05 08:00:00;2020-10-05 08:30:00;101.63333333333334
1071729215;2020-10-05 08:30:00;2020-10-05 09:00:00;104.13333333333334
1071729215;2020-10-05 09:00:00;2020-10-05 09:30:00;104.26666666666667
1071729215;2020-10-05 09:30:00;2020-10-05 10:00:00;97.1
1071729215;2020-10-05 10:00:00;2020-10-05 10:30:00;102.16666666666667
1071729215;2020-10-05 10:30:00;2020-10-05 11:00:00;94.16666666666667
1071729215;2020-10-05 11:00:00;2020-10-05 11:30:00;109.76666666666667
1071729215;2020-10-05 11:30:00;2020-10-05 12:00:00;98.33333333333333
1071729215;2020-10-05 12:00:00;2020-10-05 12:30:00;92.46666666666667
1071729215;2020-10-05 12:30:00;2020-10-05 13:00:00;98.93333333333334
1071729215;2020-10-05 13:00:00;2020-10-05 13:30:00;92.16666666666667
1071729215;2020-10-05 13:30:00;2020-10-05 14:00:00;87.13333333333334
1071729215;2020-10-05 14:00:00;2020-10-05 14:30:00;97.23333333333333
1071729215;2020-10-05 14:30:00;2020-10-05 15:00:00;105.13333333333334
1071729215;2020-10-05 15:00:00;2020-10-05 15:30:00;103.46666666666667
1071729215;2020-10-05 15:30:00;2020-10-05 16:00:00;106.9
1071729215;2020-10-05 16:00:00;2020-10-05 16:30:00;96.2
1071729215;2020-10-05 16:30:00;2020-10-05 17:00:00;91.66666666666667
1071729215;2020-10-05 17:00:00;2020-10-05 17:30:00;99.4
1071729215;2020-10-05 17:30:00;2020-10-05 18:00:00;96.4
1071729215;2020-10-05 18:00:00;2020-10-05 18:30:00;106.16666666666667
1071729215;2020-10-05 18:30:00;2020-10-05 19:00:00;102.56666666666666
1071729215;2020-10-05 19:00:00;2020-10-05 19:30:00;96.0
1071729215;2020-10-05 19:30:00;2020-10-05 20:00:00;99.86666666666666
1071729215;2020-10-05 20:00:00;2020-10-05 20:30:00;107.76666666666667
1071729215;2020-10-05 20:30:00;2020-10-05 21:00:00;104.9
1071729215;2020-10-05 21:00:00;2020-10-05 21:30:00;98.86666666666666
1071729215;2020-10-05 21:30:00;2020-10-05 22:00:00;107.96666666666667
1071729215;2020-10-05 22:00:00;2020-10-05 22:30:00;97.76666666666667
1071729215;2020-10-05 22:30:00;2020-10-05 23:00:00;101.0
1071729215;2020-10-05 23:00:00;2020-10-05 23:30:00;111.03333333333333
1071729215;2020-10-05 23:30:00;2020-10-05 23:59:59;101.0
1071729215;2020-10-06 00:00:00;2020-10-06 00:30:00;101.0
1071729215;2020-10-06 00:30:00;2020-10-06 01:00:00;101.0
1071729215;2020-10-06 01:00:00;2020-10-06 01:30:00;101.0
1071729215;2020-10-06 01:30:00;2020-10-06 02:00:00;101.0
1071729215;2020-10-06 02:00:00;2020-10-06 02:30:00;101.0
1071729215;2020-10-06 02:30:00;2020-10-06 03:00:00;101.0
1071729215;2020-10-06 03:00:00;2020-10-06 03:30:00;94.16666666666667
1071729215;2020-10-06 03:30:00;2020-10-06 04:00:00;100.73333333333333
1071729215;2020-10-06 04:00:00;2020-10-06 04:30:00;89.7
1071729215;2020-10-06 04:30:00;2020-10-06 05:00:00;90.23333333333333
1071729215;2020-10-06 05:00:00;2020-10-06 05:30:00;101.66666666666667
1071729215;2020-10-06 05:30:00;2020-10-06 06:00:00;102.16666666666667
1071729215;2020-10-06 06:00:00;2020-10-06 06:30:00;104.6
1071729215;2020-10-06 06:30:00;2020-10-06 07:00:00;98.13333333333334
1071729215;2020-10-06 07:00:00;2020-10-06 07:30:00;96.63333333333334
1071729215;2020-10-06 07:30:00;2020-10-06 08:00:00;95.33333333333333
1071729215;2020-10-06 08:00:00;2020-10-06 08:30:00;102.53333333333333
1071729215;2020-10-06 08:30:00;2020-10-06 09:00:00;90.2
1071729215;2020-10-06 09:00:00;2020-10-06 09:30:00;98.06666666666666
1071729215;2020-10-06 09:30:00;2020-10-06 10:00:00;95.93333333333334
1071729215;2020-10-06 10:00:00;2020-10-06 10:30:00;90.8
1071729215;2020-10-06 10:30:00;2020-10-06 11:00:00;95.13333333333334
1071729215;2020-10-06 11:00:00;2020-10-06 11:30:00;107.3
1071729215;2020-10-06 11:30:00;2020-10-06 12:00:00;103.13333333333334
1071729215;2020-10-06 12:00:00;2020-10-06 12:30:00;88.33333333333333
1071729215;2020-10-06 12:30:00;2020-10-06 13:00:00;87.93333333333334
1071729215;2020-10-06 13:00:00;2020-10-06 13:30:00;93.13333333333334
1071729215;2020-10-06 13:30:00;2020-10-06 14:00:00;97.83333333333333
1071729215;2020-10-06 14:00:00;2020-10-06 14:30:00;87.03333333333333
1071729215;2020-10-06 14:30:00;2020-10-06 15:00:00;95.13333333333334
1071729215;2020-10-06 15:00:00;2020-10-06 15:30:00;101.23333333333333
1071729215;2020-10-06 15:30:00;2020-10-06 16:00:00;107.16666666666667
1071729215;2020-10-06 16:00:00;2020-10-06 16:30:00;87.76666666666667
1071729215;2020-10-06 16:30:00;2020-10-06 17:00:00;114.3
1071729215;2020-10-06 17:00:00;2020-10-06 17:30:00;101.03333333333333
1071729215;2020-10-06 17:30:00;2020-10-06 18:00:00;88.86666666666666
1071729215;2020-10-06 18:00:00;2020-10-06 18:30:00;87.83333333333333
1071729215;2020-10-06 18:30:00;2020-10-06 19:00:00;88.8
1071729215;2020-10-06 19:00:00;2020-10-06 19:30:00;93.43333333333334
1071729215;2020-10-06 19:30:00;2020-10-06 20:00:00;96.53333333333333
1071729215;2020-10-06 20:00:00;2020-10-06 20:30:00;93.4
1071729215;2020-10-06 20:30:00;2020-10-06 21:00:00;96.9
1071729215;2020-10-06 21:00:00;2020-10-06 21:30:00;100.8
1071729215;2020-10-06 21:30:00;2020-10-06 22:00:00;101.0
1071729215;2020-10-06 22:00:00;2020-10-06 22:30:00;101.0
1071729215;2020-10-06 22:30:00;2020-10-06 23:00:00;101.0
1071729215;2020-10-06 23:00:00;2020-10-06 23:30:00;94.1
1071729215;2020-10-06 23:30:00;2020-10-06 23:59:59;101.0
1071729215;2020-10-07 00:00:00;2020-10-07 00:30:00;101.0
1071729215;2020-10-07 00:30:00;2020-10-07 01:00:00;101.0
1071729215;2020-10-07 01:00:00;2020-10-07 01:30:00;101.0
1071729215;2020-10-07 01:30:00;2020-10-07 02:00:00;101.0
1071729215;2020-10-07 02:00:00;2020-10-07 02:30:00;101.0
1071729215;2020-10-07 02:30:00;2020-10-07 03:00:00;103.9
1071729215;2020-10-07 03:00:00;2020-10-07 03:30:00;94.86666666666666
1071729215;2020-10-07 03:30:00;2020-10-07 04:00:00;98.86666666666666
1071729215;2020-10-07 04:00:00;2020-10-07 04:30:00;91.33333333333333
1071729215;2020-10-07 04:30:00;2020-10-07 05:00:00;97.53333333333333
1071729215;2020-10-07 05:00:00;2020-10-07 05:30:00;96.66666666666667
1071729215;2020-10-07 05:30:00;2020-10-07 06:00:00;106.7
1071729215;2020-10-07 06:00:00;2020-10-07 06:30:00;106.56666666666666
1071729215;2020-10-07 06:30:00;2020-10-07 07:00:00;98.1
1071729215;2020-10-07 07:00:00;2020-10-07 07:30:00;97.0
1071729215;2020-10-07 07:30:00;2020-10-07 08:00:00;90.83333333333333
1071729215;2020-10-07 08:00:00;2020-10-07 08:30:00;100.46666666666667
1071729215;2020-10-07 08:30:00;2020-10-07 09:00:00;106.03333333333333
1071729215;2020-10-07 09:00:00;2020-10-07 09:30:00;94.23333333333333
1071729215;2020-10-07 09:30:00;2020-10-07 10:00:00;88.36666666666666
1071729215;2020-10-07 10:00:00;2020-10-07 10:30:00;97.23333333333333
1071729215;2020-10-07 10:30:00;2020-10-07 11:00:00;83.5
1071729215;2020-10-07 11:00:00;2020-10-07 11:30:00;103.5
1071729215;2020-10-07 11:30:00;2020-10-07 12:00:00;112.5
1071729215;2020-10-07 12:00:00;2020-10-07 12:30:00;108.13333333333334
1071729215;2020-10-07 12:30:00;2020-10-07 13:00:00;112.83333333333333
1071729215;2020-10-07 13:00:00;2020-10-07 13:30:00;99.96666666666667
1071729215;2020-10-07 13:30:00;2020-10-07 14:00:00;111.3
1071729215;2020-10-07 14:00:00;2020-10-07 14:30:00;100.16666666666667
1071729215;2020-10-07 14:30:00;2020-10-07 15:00:00;106.13333333333334
1071729215;2020-10-07 15:00:00;2020-10-07 15:30:00;109.23333333333333
1071729215;2020-10-07 15:30:00;2020-10-07 16:00:00;85.53333333333333
1071729215;2020-10-07 16:00:00;2020-10-07 16:30:00;107.7
1071729215;2020-10-07 16:30:00;2020-10-07 17:00:00;99.23333333333333
1071729215;2020-10-07 17:00:00;2020-10-07 17:30:00;87.86666666666666
1071729215;2020-10-07 17:30:00;2020-10-07 18:00:00;100.66666666666667
1071729215;2020-10-07 18:00:00;2020-10-07 18:30:00;108.56666666666666
1071729215;2020-10-07 18:30:00;2020-10-07 19:00:00;96.73333333333333
1071729215;2020-10-07 19:00:00;2020-10-07 19:30:00;101.63333333333334
1071729215;2020-10-07 19:30:00;2020-10-07 20:00:00;89.13333333333334
1071729215;2020-10-07 20:00:00;2020-10-07 20:30:00;97.2
1071729215;2020-10-07 20:30:00;2020-10-07 21:00:00;82.0
1071729215;2020-10-07 21:00:00;2020-10-07 21:30:00;92.33333333333333
1071729215;2020-10-07 21:30:00;2020-10-07 22:00:00;101.83333333333333
1071729215;2020-10-07 22:00:00;2020-10-07 22:30:00;101.93333333333334
1071729215;2020-10-07 22:30:00;2020-10-07 23:00:00;106.5
1071729215;2020-10-07 23:00:00;2020-10-07 23:30:00;103.66666666666667
1071729215;2020-10-07 23:30:00;2020-10-07 23:59:59;101.0
1071729215;2020-10-08 00:00:00;2020-10-08 00:30:00;102.53333333333333
1071729215;2020-10-08 00:30:00;2020-10-08 01:00:00;91.6
1071729215;2020-10-08 01:00:00;2020-10-08 01:30:00;92.33333333333333
1071729215;2020-10-08 01:30:00;2020-10-08 02:00:00;82.3
1071729215;2020-10-08 02:00:00;2020-10-08 02:30:00;71.96666666666667
1071729215;2020-10-08 02:30:00;2020-10-08 03:00:00;86.13333333333334
1071729215;2020-10-08 03:00:00;2020-10-08 03:30:00;92.73333333333333
1071729215;2020-10-08 03:30:00;2020-10-08 04:00:00;96.33333333333333
1071729215;2020-10-08 04:00:00;2020-10-08 04:30:00;98.8
1071729215;2020-10-08 04:30:00;2020-10-08 05:00:00;96.06666666666666
1071729215;2020-10-08 05:00:00;2020-10-08 05:30:00;98.63333333333334
1071729215;2020-10-08 05:30:00;2020-10-08 06:00:00;109.23333333333333
1071729215;2020-10-08 06:00:00;2020-10-08 06:30:00;94.8
1071729215;2020-10-08 06:30:00;2020-10-08 07:00:00;102.13333333333334
1071729215;2020-10-08 07:00:00;2020-10-08 07:30:00;93.36666666666666
1071729215;2020-10-08 07:30:00;2020-10-08 08:00:00;99.28571428571429
1071729215;2020-10-08 08:00:00;2020-10-08 08:30:00;97.2
1071729215;2020-10-08 08:30:00;2020-10-08 09:00:00;106.23333333333333
1071729215;2020-10-08 09:00:00;2020-10-08 09:30:00;91.9
1071729215;2020-10-08 09:30:00;2020-10-08 10:00:00;89.3
1071729215;2020-10-08 10:00:00;2020-10-08 10:30:00;110.0
1071729215;2020-10-08 10:30:00;2020-10-08 11:00:00;91.55555555555556
1071729215;2020-10-08 11:00:00;2020-10-08 11:30:00;89.53333333333333
1071729215;2020-10-08 11:30:00;2020-10-08 12:00:00;103.3
1071729215;2020-10-08 12:00:00;2020-10-08 12:30:00;106.53333333333333
1071729215;2020-10-08 12:30:00;2020-10-08 13:00:00;93.82608695652173
1071729215;2020-10-08 13:00:00;2020-10-08 13:30:00;106.0
1071729215;2020-10-08 13:30:00;2020-10-08 14:00:00;99.86363636363636
1071729215;2020-10-08 14:00:00;2020-10-08 14:30:00;99.1
1071729215;2020-10-08 14:30:00;2020-10-08 15:00:00;113.83333333333333
1071729215;2020-10-08 15:00:00;2020-10-08 15:30:00;101.4
1071729215;2020-10-08 15:30:00;2020-10-08 16:00:00;102.53333333333333
1071729215;2020-10-08 16:00:00;2020-10-08 16:30:00;98.8
1071729215;2020-10-08 16:30:00;2020-10-08 17:00:00;98.8
1071729215;2020-10-08 17:00:00;2020-10-08 17:30:00;98.43333333333334
1071729215;2020-10-08 17:30:00;2020-10-08 18:00:00;113.36666666666666
1071729215;2020-10-08 18:00:00;2020-10-08 18:30:00;99.16666666666667
1071729215;2020-10-08 18:30:00;2020-10-08 19:00:00;93.7
1071729215;2020-10-08 19:00:00;2020-10-08 19:30:00;103.63333333333334
1071729215;2020-10-08 19:30:00;2020-10-08 20:00:00;113.53333333333333
1071729215;2020-10-08 20:00:00;2020-10-08 20:30:00;107.76666666666667
1071729215;2020-10-08 20:30:00;2020-10-08 21:00:00;102.33333333333333
1071729215;2020-10-08 21:00:00;2020-10-08 21:30:00;97.46666666666667
1071729215;2020-10-08 21:30:00;2020-10-08 22:00:00;101.0
1071729215;2020-10-08 22:00:00;2020-10-08 22:30:00;101.0
1071729215;2020-10-08 22:30:00;2020-10-08 23:00:00;101.0
1071729215;2020-10-08 23:00:00;2020-10-08 23:30:00;101.0
1071729215;2020-10-08 23:30:00;2020-10-08 23:59:59;101.0
1071729215;2020-10-09 00:00:00;2020-10-09 00:30:00;104.46666666666667
1071729215;2020-10-09 00:30:00;2020-10-09 01:00:00;101.0
1071729215;2020-10-09 01:00:00;2020-10-09 01:30:00;101.0
1071729215;2020-10-09 01:30:00;2020-10-09 02:00:00;100.8
1071729215;2020-10-09 02:00:00;2020-10-09 02:30:00;92.83333333333333
1071729215;2020-10-09 02:30:00;2020-10-09 03:00:00;96.06666666666666
1071729215;2020-10-09 03:00:00;2020-10-09 03:30:00;101.0
1071729215;2020-10-09 03:30:00;2020-10-09 04:00:00;93.43333333333334
1071729215;2020-10-09 04:00:00;2020-10-09 04:30:00;105.13333333333334
1071729215;2020-10-09 04:30:00;2020-10-09 05:00:00;104.4
1071729215;2020-10-09 05:00:00;2020-10-09 05:30:00;107.03333333333333
1071729215;2020-10-09 05:30:00;2020-10-09 06:00:00;97.16666666666667
1071729215;2020-10-09 06:00:00;2020-10-09 06:30:00;114.0
1071729215;2020-10-09 06:30:00;2020-10-09 07:00:00;108.36666666666666
1071729215;2020-10-09 07:00:00;2020-10-09 07:30:00;95.66666666666667
1071729215;2020-10-09 07:30:00;2020-10-09 08:00:00;107.53333333333333
1071729215;2020-10-09 08:00:00;2020-10-09 08:30:00;95.23333333333333
1071729215;2020-10-09 08:30:00;2020-10-09 09:00:00;105.53333333333333
1071729215;2020-10-09 09:00:00;2020-10-09 09:30:00;102.73333333333333
1071729215;2020-10-09 09:30:00;2020-10-09 10:00:00;97.56666666666666
1071729215;2020-10-09 10:00:00;2020-10-09 10:30:00;95.23333333333333
1071729215;2020-10-09 10:30:00;2020-10-09 11:00:00;91.26666666666667
1071729215;2020-10-09 11:00:00;2020-10-09 11:30:00;94.93333333333334
1071729215;2020-10-09 11:30:00;2020-10-09 12:00:00;110.13333333333334
1071729215;2020-10-09 12:00:00;2020-10-09 12:30:00;93.13333333333334
1071729215;2020-10-09 12:30:00;2020-10-09 13:00:00;94.53333333333333
1071729215;2020-10-09 13:00:00;2020-10-09 13:30:00;90.93333333333334
1071729215;2020-10-09 13:30:00;2020-10-09 14:00:00;110.83333333333333
1071729215;2020-10-09 14:00:00;2020-10-09 14:30:00;95.5
1071729215;2020-10-09 14:30:00;2020-10-09 15:00:00;110.46666666666667
1071729215;2020-10-09 15:00:00;2020-10-09 15:30:00;102.1
1071729215;2020-10-09 15:30:00;2020-10-09 16:00:00;108.76666666666667
1071729215;2020-10-09 16:00:00;2020-10-09 16:30:00;91.8
1071729215;2020-10-09 16:30:00;2020-10-09 17:00:00;97.3
1071729215;2020-10-09 17:00:00;2020-10-09 17:30:00;97.9
1071729215;2020-10-09 17:30:00;2020-10-09 18:00:00;101.0
1071729215;2020-10-09 18:00:00;2020-10-09 18:30:00;107.23333333333333
1071729215;2020-10-09 18:30:00;2020-10-09 19:00:00;107.33333333333333
1071729215;2020-10-09 19:00:00;2020-10-09 19:30:00;108.0
1071729215;2020-10-09 19:30:00;2020-10-09 20:00:00;95.53333333333333
1071729215;2020-10-09 20:00:00;2020-10-09 20:30:00;97.16666666666667
1071729215;2020-10-09 20:30:00;2020-10-09 21:00:00;82.8
1071729215;2020-10-09 21:00:00;2020-10-09 21:30:00;92.76666666666667
1071729215;2020-10-09 21:30:00;2020-10-09 22:00:00;100.5
1071729215;2020-10-09 22:00:00;2020-10-09 22:30:00;101.0
1071729215;2020-10-09 22:30:00;2020-10-09 23:00:00;101.0
1071729215;2020-10-09 23:00:00;2020-10-09 23:30:00;101.0
1071729215;2020-10-09 23:30:00;2020-10-09 23:59:59;101.0
1071729215;2020-10-10 00:00:00;2020-10-10 00:30:00;90.63333333333334
1071729215;2020-10-10 00:30:00;2020-10-10 01:00:00;105.0
1071729215;2020-10-10 01:00:00;2020-10-10 01:30:00;90.73333333333333
1071729215;2020-10-10 01:30:00;2020-10-10 02:00:00;81.1
1071729215;2020-10-10 02:00:00;2020-10-10 02:30:00;91.76666666666667
1071729215;2020-10-10 02:30:00;2020-10-10 03:00:00;93.96666666666667
1071729215;2020-10-10 03:00:00;2020-10-10 03:30:00;92.63333333333334
1071729215;2020-10-10 03:30:00;2020-10-10 04:00:00;97.86666666666666
1071729215;2020-10-10 04:00:00;2020-10-10 04:30:00;92.76666666666667
1071729215;2020-10-10 04:30:00;2020-10-10 05:00:00;99.3
1071729215;2020-10-10 05:00:00;2020-10-10 05:30:00;93.83333333333333
1071729215;2020-10-10 05:30:00;2020-10-10 06:00:00;100.53333333333333
1071729215;2020-10-10 06:00:00;2020-10-10 06:30:00;106.43333333333334
1071729215;2020-10-10 06:30:00;2020-10-10 07:00:00;103.9
1071729215;2020-10-10 07:00:00;2020-10-10 07:30:00;104.03333333333333
1071729215;2020-10-10 07:30:00;2020-10-10 08:00:00;104.7
1071729215;2020-10-10 08:00:00;2020-10-10 08:30:00;104.66666666666667
1071729215;2020-10-10 08:30:00;2020-10-10 09:00:00;102.73333333333333
1071729215;2020-10-10 09:00:00;2020-10-10 09:30:00;104.0
1071729215;2020-10-10 09:30:00;2020-10-10 10:00:00;115.73333333333333
1071729215;2020-10-10 10:00:00;2020-10-10 10:30:00;114.33333333333333
1071729215;2020-10-10 10:30:00;2020-10-10 11:00:00;102.6
1071729215;2020-10-10 11:00:00;2020-10-10 11:30:00;103.06666666666666
1071729215;2020-10-10 11:30:00;2020-10-10 12:00:00;108.36666666666666
1071729215;2020-10-10 12:00:00;2020-10-10 12:30:00;112.1
1071729215;2020-10-10 12:30:00;2020-10-10 13:00:00;108.43333333333334
1071729215;2020-10-10 13:00:00;2020-10-10 13:30:00;111.0
1071729215;2020-10-10 13:30:00;2020-10-10 14:00:00;102.6
1071729215;2020-10-10 14:00:00;2020-10-10 14:30:00;95.43333333333334
1071729215;2020-10-10 14:30:00;2020-10-10 15:00:00;118.03333333333333
1071729215;2020-10-10 15:00:00;2020-10-10 15:30:00;109.7
1071729215;2020-10-10 15:30:00;2020-10-10 16:00:00;90.53333333333333
1071729215;2020-10-10 16:00:00;2020-10-10 16:30:00;108.66666666666667
1071729215;2020-10-10 16:30:00;2020-10-10 17:00:00;102.06896551724138
1071729215;2020-10-10 17:00:00;2020-10-10 17:30:00;87.76666666666667
1071729215;2020-10-10 17:30:00;2020-10-10 18:00:00;88.83333333333333
1071729215;2020-10-10 18:00:00;2020-10-10 18:30:00;98.0
1071729215;2020-10-10 18:30:00;2020-10-10 19:00:00;98.86666666666666
1071729215;2020-10-10 19:00:00;2020-10-10 19:30:00;102.93333333333334
1071729215;2020-10-10 19:30:00;2020-10-10 20:00:00;108.0
1071729215;2020-10-10 20:00:00;2020-10-10 20:30:00;102.5
1071729215;2020-10-10 20:30:00;2020-10-10 21:00:00;98.8
1071729215;2020-10-10 21:00:00;2020-10-10 21:30:00;98.36666666666666
1071729215;2020-10-10 21:30:00;2020-10-10 22:00:00;80.0
1071729215;2020-10-10 22:00:00;2020-10-10 22:30:00;105.0
1071729215;2020-10-10 22:30:00;2020-10-10 23:00:00;100.0
1071729215;2020-10-10 23:00:00;2020-10-10 23:30:00;101.0
1071729215;2020-10-10 23:30:00;2020-10-10 23:59:59;96.7
1071729215;2020-10-11 00:00:00;2020-10-11 00:30:00;101.0
1071729215;2020-10-11 00:30:00;2020-10-11 01:00:00;101.0
1071729215;2020-10-11 01:00:00;2020-10-11 01:30:00;101.0
1071729215;2020-10-11 01:30:00;2020-10-11 02:00:00;101.0
1071729215;2020-10-11 02:00:00;2020-10-11 02:30:00;101.0
1071729215;2020-10-11 02:30:00;2020-10-11 03:00:00;101.0
1071729215;2020-10-11 03:00:00;2020-10-11 03:30:00;95.0
1071729215;2020-10-11 03:30:00;2020-10-11 04:00:00;95.0
1071729215;2020-10-11 04:00:00;2020-10-11 04:30:00;97.0
1071729215;2020-10-11 04:30:00;2020-10-11 05:00:00;97.0
1071729215;2020-10-11 05:00:00;2020-10-11 05:30:00;93.9
1071729215;2020-10-11 05:30:00;2020-10-11 06:00:00;96.8
1071729215;2020-10-11 06:00:00;2020-10-11 06:30:00;94.16666666666667
1071729215;2020-10-11 06:30:00;2020-10-11 07:00:00;93.1
1071729215;2020-10-11 07:00:00;2020-10-11 07:30:00;106.1
1071729215;2020-10-11 07:30:00;2020-10-11 08:00:00;88.1
1071729215;2020-10-11 08:00:00;2020-10-11 08:30:00;97.83333333333333
1071729215;2020-10-11 08:30:00;2020-10-11 09:00:00;109.9
1071729215;2020-10-11 09:00:00;2020-10-11 09:30:00;99.43333333333334
1071729215;2020-10-11 09:30:00;2020-10-11 10:00:00;92.96666666666667
1071729215;2020-10-11 10:00:00;2020-10-11 10:30:00;95.96666666666667
1071729215;2020-10-11 10:30:00;2020-10-11 11:00:00;104.9
1071729215;2020-10-11 11:00:00;2020-10-11 11:30:00;88.03333333333333
1071729215;2020-10-11 11:30:00;2020-10-11 12:00:00;84.76666666666667
1071729215;2020-10-11 12:00:00;2020-10-11 12:30:00;80.86666666666666
1071729215;2020-10-11 12:30:00;2020-10-11 13:00:00;104.76666666666667
1071729215;2020-10-11 13:00:00;2020-10-11 13:30:00;105.5
1071729215;2020-10-11 13:30:00;2020-10-11 14:00:00;92.2
1071729215;2020-10-11 14:00:00;2020-10-11 14:30:00;95.73333333333333
1071729215;2020-10-11 14:30:00;2020-10-11 15:00:00;98.2
1071729215;2020-10-11 15:00:00;2020-10-11 15:30:00;52.13333333333333
1071729215;2020-10-11 15:30:00;2020-10-11 16:00:00;82.86666666666666
1071729215;2020-10-11 16:00:00;2020-10-11 16:30:00;101.6
1071729215;2020-10-11 16:30:00;2020-10-11 17:00:00;107.56666666666666
1071729215;2020-10-11 17:00:00;2020-10-11 17:30:00;102.56666666666666
1071729215;2020-10-11 17:30:00;2020-10-11 18:00:00;106.5
1071729215;2020-10-11 18:00:00;2020-10-11 18:30:00;87.56666666666666
1071729215;2020-10-11 18:30:00;2020-10-11 19:00:00;98.43333333333334
1071729215;2020-10-11 19:00:00;2020-10-11 19:30:00;111.06666666666666
1071729215;2020-10-11 19:30:00;2020-10-11 20:00:00;105.13333333333334
1071729215;2020-10-11 20:00:00;2020-10-11 20:30:00;104.46666666666667
1071729215;2020-10-11 20:30:00;2020-10-11 21:00:00;98.93333333333334
1071729215;2020-10-11 21:00:00;2020-10-11 21:30:00;101.86666666666666
1071729215;2020-10-11 21:30:00;2020-10-11 22:00:00;112.06666666666666
1071729215;2020-10-11 22:00:00;2020-10-11 22:30:00;101.0
1071729215;2020-10-11 22:30:00;2020-10-11 23:00:00;101.0
1071729215;2020-10-11 23:00:00;2020-10-11 23:30:00;101.0
1071729215;2020-10-11 23:30:00;2020-10-11 23:59:59;101.0
1071729215;2020-10-12 00:00:00;2020-10-12 00:30:00;101.0
1071729215;2020-10-12 00:30:00;2020-10-12 01:00:00;101.0
1071729215;2020-10-12 01:00:00;2020-10-12 01:30:00;101.0
1071729215;2020-10-12 01:30:00;2020-10-12 02:00:00;94.23333333333333
1071729215;2020-10-12 02:00:00;2020-10-12 02:30:00;101.0
1071729215;2020-10-12 02:30:00;2020-10-12 03:00:00;110.1
1071729215;2020-10-12 03:00:00;2020-10-12 03:30:00;109.93333333333334
1071729215;2020-10-12 03:30:00;2020-10-12 04:00:00;108.33333333333333
1071729215;2020-10-12 04:00:00;2020-10-12 04:30:00;111.93333333333334
1071729215;2020-10-12 04:30:00;2020-10-12 05:00:00;110.06666666666666
1071729215;2020-10-12 05:00:00;2020-10-12 05:30:00;100.96666666666667
1071729215;2020-10-12 05:30:00;2020-10-12 06:00:00;94.8
1071729215;2020-10-12 06:00:00;2020-10-12 06:30:00;92.2
1071729215;2020-10-12 06:30:00;2020-10-12 07:00:00;109.2
1071729215;2020-10-12 07:00:00;2020-10-12 07:30:00;97.43333333333334
1071729215;2020-10-12 07:30:00;2020-10-12 08:00:00;109.33333333333333
1071729215;2020-10-12 08:00:00;2020-10-12 08:30:00;95.86666666666666
1071729215;2020-10-12 08:30:00;2020-10-12 09:00:00;112.5
1071729215;2020-10-12 09:00:00;2020-10-12 09:30:00;99.43333333333334
1071729215;2020-10-12 09:30:00;2020-10-12 10:00:00;86.23333333333333
1071729215;2020-10-12 10:00:00;2020-10-12 10:30:00;103.0
1071729215;2020-10-12 10:30:00;2020-10-12 11:00:00;105.36666666666666
1071729215;2020-10-12 11:00:00;2020-10-12 11:30:00;89.73333333333333
1071729215;2020-10-12 11:30:00;2020-10-12 12:00:00;97.33333333333333
1071729215;2020-10-12 12:00:00;2020-10-12 12:30:00;99.43333333333334
1071729215;2020-10-12 12:30:00;2020-10-12 13:00:00;102.46666666666667
1071729215;2020-10-12 13:00:00;2020-10-12 13:30:00;98.43333333333334
1071729215;2020-10-12 13:30:00;2020-10-12 14:00:00;104.43333333333334
1071729215;2020-10-12 14:00:00;2020-10-12 14:30:00;97.66666666666667
1071729215;2020-10-12 14:30:00;2020-10-12 15:00:00;102.43333333333334
1071729215;2020-10-12 15:00:00;2020-10-12 15:30:00;106.9
1071729215;2020-10-12 15:30:00;2020-10-12 16:00:00;91.36666666666666
1071729215;2020-10-12 16:00:00;2020-10-12 16:30:00;103.83333333333333
1071729215;2020-10-12 16:30:00;2020-10-12 17:00:00;93.46666666666667
1071729215;2020-10-12 17:00:00;2020-10-12 17:30:00;99.53333333333333
1071729215;2020-10-12 17:30:00;2020-10-12 18:00:00;85.93333333333334
1071729215;2020-10-12 18:00:00;2020-10-12 18:30:00;88.73333333333333
1071729215;2020-10-12 18:30:00;2020-10-12 19:00:00;109.03333333333333
1071729215;2020-10-12 19:00:00;2020-10-12 19:30:00;105.0
1071729215;2020-10-12 19:30:00;2020-10-12 20:00:00;106.76666666666667
1071729215;2020-10-12 20:00:00;2020-10-12 20:30:00;114.2
1071729215;2020-10-12 20:30:00;2020-10-12 21:00:00;102.06666666666666
1071729215;2020-10-12 21:00:00;2020-10-12 21:30:00;101.0
1071729215;2020-10-12 21:30:00;2020-10-12 22:00:00;101.0
1071729215;2020-10-12 22:00:00;2020-10-12 22:30:00;101.0
1071729215;2020-10-12 22:30:00;2020-10-12 23:00:00;101.0
1071729215;2020-10-12 23:00:00;2020-10-12 23:30:00;101.0
1071729215;2020-10-12 23:30:00;2020-10-12 23:59:59;101.0
1071729215;2020-10-13 00:00:00;2020-10-13 00:30:00;92.6
1071729215;2020-10-13 00:30:00;2020-10-13 01:00:00;93.53333333333333
1071729215;2020-10-13 01:00:00;2020-10-13 01:30:00;85.4
1071729215;2020-10-13 01:30:00;2020-10-13 02:00:00;91.9
1071729215;2020-10-13 02:00:00;2020-10-13 02:30:00;97.63333333333334
1071729215;2020-10-13 02:30:00;2020-10-13 03:00:00;99.46666666666667
1071729215;2020-10-13 03:00:00;2020-10-13 03:30:00;94.6
1071729215;2020-10-13 03:30:00;2020-10-13 04:00:00;93.93333333333334
1071729215;2020-10-13 04:00:00;2020-10-13 04:30:00;96.06666666666666
1071729215;2020-10-13 04:30:00;2020-10-13 05:00:00;104.53333333333333
1071729215;2020-10-13 05:00:00;2020-10-13 05:30:00;98.26666666666667
1071729215;2020-10-13 05:30:00;2020-10-13 06:00:00;98.2
1071729215;2020-10-13 06:00:00;2020-10-13 06:30:00;102.03333333333333
1071729215;2020-10-13 06:30:00;2020-10-13 07:00:00;111.03333333333333
1071729215;2020-10-13 07:00:00;2020-10-13 07:30:00;99.53333333333333
1071729215;2020-10-13 07:30:00;2020-10-13 08:00:00;100.76666666666667
1071729215;2020-10-13 08:00:00;2020-10-13 08:30:00;104.26666666666667
1071729215;2020-10-13 08:30:00;2020-10-13 09:00:00;92.23333333333333
1071729215;2020-10-13 09:00:00;2020-10-13 09:30:00;88.33333333333333
1071729215;2020-10-13 09:30:00;2020-10-13 10:00:00;88.46666666666667
1071729215;2020-10-13 10:00:00;2020-10-13 10:30:00;97.7
1071729215;2020-10-13 10:30:00;2020-10-13 11:00:00;95.7
1071729215;2020-10-13 11:00:00;2020-10-13 11:30:00;96.33333333333333
1071729215;2020-10-13 11:30:00;2020-10-13 12:00:00;102.93333333333334
1071729215;2020-10-13 12:00:00;2020-10-13 12:30:00;103.26666666666667
1071729215;2020-10-13 12:30:00;2020-10-13 13:00:00;116.13333333333334
1071729215;2020-10-13 13:00:00;2020-10-13 13:30:00;99.0
1071729215;2020-10-13 13:30:00;2020-10-13 14:00:00;92.43333333333334
1071729215;2020-10-13 14:00:00;2020-10-13 14:30:00;94.76666666666667
1071729215;2020-10-13 14:30:00;2020-10-13 15:00:00;90.33333333333333
1071729215;2020-10-13 15:00:00;2020-10-13 15:30:00;92.7
1071729215;2020-10-13 15:30:00;2020-10-13 16:00:00;97.63333333333334
1071729215;2020-10-13 16:00:00;2020-10-13 16:30:00;100.96666666666667
1071729215;2020-10-13 16:30:00;2020-10-13 17:00:00;97.43333333333334
1071729215;2020-10-13 17:00:00;2020-10-13 17:30:00;105.96666666666667
1071729215;2020-10-13 17:30:00;2020-10-13 18:00:00;98.76666666666667
1071729215;2020-10-13 18:00:00;2020-10-13 18:30:00;116.3
1071729215;2020-10-13 18:30:00;2020-10-13 19:00:00;100.7
1071729215;2020-10-13 19:00:00;2020-10-13 19:30:00;97.7
1071729215;2020-10-13 19:30:00;2020-10-13 20:00:00;96.06666666666666
1071729215;2020-10-13 20:00:00;2020-10-13 20:30:00;101.93333333333334
1071729215;2020-10-13 20:30:00;2020-10-13 21:00:00;89.23333333333333
1071729215;2020-10-13 21:00:00;2020-10-13 21:30:00;98.33333333333333
1071729215;2020-10-13 21:30:00;2020-10-13 22:00:00;85.03333333333333
1071729215;2020-10-13 22:00:00;2020-10-13 22:30:00;84.7
1071729215;2020-10-13 22:30:00;2020-10-13 23:00:00;90.33333333333333
1071729215;2020-10-13 23:00:00;2020-10-13 23:30:00;100.53333333333333
1071729215;2020-10-13 23:30:00;2020-10-13 23:59:59;101.0
1071729215;2020-10-14 00:00:00;2020-10-14 00:30:00;101.0
1071729215;2020-10-14 00:30:00;2020-10-14 01:00:00;101.0
1071729215;2020-10-14 01:00:00;2020-10-14 01:30:00;101.0
1071729215;2020-10-14 01:30:00;2020-10-14 02:00:00;101.0
1071729215;2020-10-14 02:00:00;2020-10-14 02:30:00;101.0
1071729215;2020-10-14 02:30:00;2020-10-14 03:00:00;101.0
1071729215;2020-10-14 03:00:00;2020-10-14 03:30:00;92.7
1071729215;2020-10-14 03:30:00;2020-10-14 04:00:00;102.3
1071729215;2020-10-14 04:00:00;2020-10-14 04:30:00;90.7
1071729215;2020-10-14 04:30:00;2020-10-14 05:00:00;90.5
1071729215;2020-10-14 05:00:00;2020-10-14 05:30:00;100.86666666666666
1071729215;2020-10-14 05:30:00;2020-10-14 06:00:00;98.13333333333334
1071729215;2020-10-14 06:00:00;2020-10-14 06:30:00;103.8
1071729215;2020-10-14 06:30:00;2020-10-14 07:00:00;89.13333333333334
1071729215;2020-10-14 07:00:00;2020-10-14 07:30:00;93.53333333333333
1071729215;2020-10-14 07:30:00;2020-10-14 08:00:00;93.56666666666666
1071729215;2020-10-14 08:00:00;2020-10-14 08:30:00;102.23333333333333
1071729215;2020-10-14 08:30:00;2020-10-14 09:00:00;84.53333333333333
1071729215;2020-10-14 09:00:00;2020-10-14 09:30:00;90.46666666666667
1071729215;2020-10-14 09:30:00;2020-10-14 10:00:00;98.6
1071729215;2020-10-14 10:00:00;2020-10-14 10:30:00;99.93333333333334
1071729215;2020-10-14 10:30:00;2020-10-14 11:00:00;115.0
1071729215;2020-10-14 11:00:00;2020-10-14 11:30:00;105.6
1071729215;2020-10-14 11:30:00;2020-10-14 12:00:00;90.73333333333333
1071729215;2020-10-14 12:00:00;2020-10-14 12:30:00;105.5
1071729215;2020-10-14 12:30:00;2020-10-14 13:00:00;102.93333333333334
1071729215;2020-10-14 13:00:00;2020-10-14 13:30:00;100.3
1071729215;2020-10-14 13:30:00;2020-10-14 14:00:00;100.46666666666667
1071729215;2020-10-14 14:00:00;2020-10-14 14:30:00;105.1
1071729215;2020-10-14 14:30:00;2020-10-14 15:00:00;104.26666666666667
1071729215;2020-10-14 15:00:00;2020-10-14 15:30:00;90.43333333333334
1071729215;2020-10-14 15:30:00;2020-10-14 16:00:00;96.73333333333333
1071729215;2020-10-14 16:00:00;2020-10-14 16:30:00;87.13333333333334
1071729215;2020-10-14 16:30:00;2020-10-14 17:00:00;115.06666666666666
1071729215;2020-10-14 17:00:00;2020-10-14 17:30:00;99.93333333333334
1071729215;2020-10-14 17:30:00;2020-10-14 18:00:00;102.4
1071729215;2020-10-14 18:00:00;2020-10-14 18:30:00;103.83333333333333
1071729215;2020-10-14 18:30:00;2020-10-14 19:00:00;105.14285714285714
1071729215;2020-10-14 19:00:00;2020-10-14 19:30:00;107.76666666666667
1071729215;2020-10-14 19:30:00;2020-10-14 20:00:00;100.5
1071729215;2020-10-14 20:00:00;2020-10-14 20:30:00;97.43333333333334
1071729215;2020-10-14 20:30:00;2020-10-14 21:00:00;101.0
1071729215;2020-10-14 21:00:00;2020-10-14 21:30:00;92.1
1071729215;2020-10-14 21:30:00;2020-10-14 22:00:00;101.0
1071729215;2020-10-14 22:00:00;2020-10-14 22:30:00;99.66666666666667
1071729215;2020-10-14 22:30:00;2020-10-14 23:00:00;99.8
1071729215;2020-10-14 23:00:00;2020-10-14 23:30:00;101.0
1071729215;2020-10-14 23:30:00;2020-10-14 23:59:59;101.0
1071729215;2020-10-15 00:00:00;2020-10-15 00:30:00;101.0
1071729215;2020-10-15 00:30:00;2020-10-15 01:00:00;101.0
1071729215;2020-10-15 01:00:00;2020-10-15 01:30:00;101.0
1071729215;2020-10-15 01:30:00;2020-10-15 02:00:00;101.0
1071729215;2020-10-15 02:00:00;2020-10-15 02:30:00;93.0
1071729215;2020-10-15 02:30:00;2020-10-15 03:00:00;101.0
1071729215;2020-10-15 03:00:00;2020-10-15 03:30:00;93.0
1071729215;2020-10-15 03:30:00;2020-10-15 04:00:00;97.33333333333333
1071729215;2020-10-15 04:00:00;2020-10-15 04:30:00;97.23333333333333
1071729215;2020-10-15 04:30:00;2020-10-15 05:00:00;104.0
1071729215;2020-10-15 05:00:00;2020-10-15 05:30:00;100.3
1071729215;2020-10-15 05:30:00;2020-10-15 06:00:00;102.2
1071729215;2020-10-15 06:00:00;2020-10-15 06:30:00;108.33333333333333
1071729215;2020-10-15 06:30:00;2020-10-15 07:00:00;118.9
1071729215;2020-10-15 07:00:00;2020-10-15 07:30:00;89.53333333333333
1071729215;2020-10-15 07:30:00;2020-10-15 08:00:00;101.66666666666667
1071729215;2020-10-15 08:00:00;2020-10-15 08:30:00;101.76666666666667
1071729215;2020-10-15 08:30:00;2020-10-15 09:00:00;93.43333333333334
1071729215;2020-10-15 09:00:00;2020-10-15 09:30:00;97.8
1071729215;2020-10-15 09:30:00;2020-10-15 10:00:00;108.66666666666667
1071729215;2020-10-15 10:00:00;2020-10-15 10:30:00;103.93333333333334
1071729215;2020-10-15 10:30:00;2020-10-15 11:00:00;106.36666666666666
1071729215;2020-10-15 11:00:00;2020-10-15 11:30:00;101.7
1071729215;2020-10-15 11:30:00;2020-10-15 12:00:00;99.53333333333333
1071729215;2020-10-15 12:00:00;2020-10-15 12:30:00;111.96666666666667
1071729215;2020-10-15 12:30:00;2020-10-15 13:00:00;106.83333333333333
1071729215;2020-10-15 13:00:00;2020-10-15 13:30:00;96.9
1071729215;2020-10-15 13:30:00;2020-10-15 14:00:00;98.26666666666667
1071729215;2020-10-15 14:00:00;2020-10-15 14:30:00;104.2
1071729215;2020-10-15 14:30:00;2020-10-15 15:00:00;105.53333333333333
1071729215;2020-10-15 15:00:00;2020-10-15 15:30:00;90.26666666666667
1071729215;2020-10-15 15:30:00;2020-10-15 16:00:00;113.9
1071729215;2020-10-15 16:00:00;2020-10-15 16:30:00;104.13333333333334
1071729215;2020-10-15 16:30:00;2020-10-15 17:00:00;103.46666666666667
1071729215;2020-10-15 17:00:00;2020-10-15 17:30:00;112.2
1071729215;2020-10-15 17:30:00;2020-10-15 18:00:00;101.1
1071729215;2020-10-15 18:00:00;2020-10-15 18:30:00;91.56666666666666
1071729215;2020-10-15 18:30:00;2020-10-15 19:00:00;107.96666666666667
1071729215;2020-10-15 19:00:00;2020-10-15 19:30:00;97.2
1071729215;2020-10-15 19:30:00;2020-10-15 20:00:00;107.66666666666667
1071729215;2020-10-15 20:00:00;2020-10-15 20:30:00;103.6
1071729215;2020-10-15 20:30:00;2020-10-15 21:00:00;93.93333333333334
1071729215;2020-10-15 21:00:00;2020-10-15 21:30:00;103.2
1071729215;2020-10-15 21:30:00;2020-10-15 22:00:00;98.6
1071729215;2020-10-15 22:00:00;2020-10-15 22:30:00;105.76666666666667
1071729215;2020-10-15 22:30:00;2020-10-15 23:00:00;97.73333333333333
1071729215;2020-10-15 23:00:00;2020-10-15 23:30:00;101.0
1071729215;2020-10-15 23:30:00;2020-10-15 23:59:59;101.0
1071729215;2020-10-16 00:00:00;2020-10-16 00:30:00;101.0
1071729215;2020-10-16 00:30:00;2020-10-16 01:00:00;101.0
1071729215;2020-10-16 01:00:00;2020-10-16 01:30:00;101.0
1071729215;2020-10-16 01:30:00;2020-10-16 02:00:00;101.0
1071729215;2020-10-16 02:00:00;2020-10-16 02:30:00;98.43333333333334
1071729215;2020-10-16 02:30:00;2020-10-16 03:00:00;87.63333333333334
1071729215;2020-10-16 03:00:00;2020-10-16 03:30:00;104.16666666666667
1071729215;2020-10-16 03:30:00;2020-10-16 04:00:00;105.8
1071729215;2020-10-16 04:00:00;2020-10-16 04:30:00;104.93333333333334
1071729215;2020-10-16 04:30:00;2020-10-16 05:00:00;93.16666666666667
1071729215;2020-10-16 05:00:00;2020-10-16 05:30:00;98.36666666666666
1071729215;2020-10-16 05:30:00;2020-10-16 06:00:00;89.3
1071729215;2020-10-16 06:00:00;2020-10-16 06:30:00;101.4
1071729215;2020-10-16 06:30:00;2020-10-16 07:00:00;90.86666666666666
1071729215;2020-10-16 07:00:00;2020-10-16 07:30:00;102.1
1071729215;2020-10-16 07:30:00;2020-10-16 08:00:00;97.26666666666667
1071729215;2020-10-16 08:00:00;2020-10-16 08:30:00;104.8
1071729215;2020-10-16 08:30:00;2020-10-16 09:00:00;98.2
1071729215;2020-10-16 09:00:00;2020-10-16 09:30:00;108.6
1071729215;2020-10-16 09:30:00;2020-10-16 10:00:00;100.3
1071729215;2020-10-16 10:00:00;2020-10-16 10:30:00;104.36666666666666
1071729215;2020-10-16 10:30:00;2020-10-16 11:00:00;111.8
1071729215;2020-10-16 11:00:00;2020-10-16 11:30:00;102.43333333333334
1071729215;2020-10-16 11:30:00;2020-10-16 12:00:00;106.86666666666666
1071729215;2020-10-16 12:00:00;2020-10-16 12:30:00;106.33333333333333
1071729215;2020-10-16 12:30:00;2020-10-16 13:00:00;99.86666666666666
1071729215;2020-10-16 13:00:00;2020-10-16 13:30:00;104.23333333333333
1071729215;2020-10-16 13:30:00;2020-10-16 14:00:00;109.4
1071729215;2020-10-16 14:00:00;2020-10-16 14:30:00;109.76666666666667
1071729215;2020-10-16 14:30:00;2020-10-16 15:00:00;100.06666666666666
1071729215;2020-10-16 15:00:00;2020-10-16 15:30:00;101.53333333333333
1071729215;2020-10-16 15:30:00;2020-10-16 16:00:00;105.46666666666667
1071729215;2020-10-16 16:00:00;2020-10-16 16:30:00;89.03333333333333
1071729215;2020-10-16 16:30:00;2020-10-16 17:00:00;94.0
1071729215;2020-10-16 17:00:00;2020-10-16 17:30:00;110.73333333333333
1071729215;2020-10-16 17:30:00;2020-10-16 18:00:00;105.66666666666667
1071729215;2020-10-16 18:00:00;2020-10-16 18:30:00;105.4
1071729215;2020-10-16 18:30:00;2020-10-16 19:00:00;106.0
1071729215;2020-10-16 19:00:00;2020-10-16 19:30:00;106.03333333333333
1071729215;2020-10-16 19:30:00;2020-10-16 20:00:00;98.76666666666667
1071729215;2020-10-16 20:00:00;2020-10-16 20:30:00;107.13333333333334
1071729215;2020-10-16 20:30:00;2020-10-16 21:00:00;107.53333333333333
1071729215;2020-10-16 21:00:00;2020-10-16 21:30:00;101.0
1071729215;2020-10-16 21:30:00;2020-10-16 22:00:00;101.0
1071729215;2020-10-16 22:00:00;2020-10-16 22:30:00;101.0
1071729215;2020-10-16 22:30:00;2020-10-16 23:00:00;101.0
1071729215;2020-10-16 23:00:00;2020-10-16 23:30:00;101.93333333333334
1071729215;2020-10-16 23:30:00;2020-10-16 23:59:59;109.2
1071729215;2020-10-17 00:00:00;2020-10-17 00:30:00;100.9
1071729215;2020-10-17 00:30:00;2020-10-17 01:00:00;97.5
1071729215;2020-10-17 01:00:00;2020-10-17 01:30:00;98.36666666666666
1071729215;2020-10-17 01:30:00;2020-10-17 02:00:00;105.5
1071729215;2020-10-17 02:00:00;2020-10-17 02:30:00;101.0
1071729215;2020-10-17 02:30:00;2020-10-17 03:00:00;101.0
1071729215;2020-10-17 03:00:00;2020-10-17 03:30:00;99.8
1071729215;2020-10-17 03:30:00;2020-10-17 04:00:00;96.13333333333334
1071729215;2020-10-17 04:00:00;2020-10-17 04:30:00;89.03333333333333
1071729215;2020-10-17 04:30:00;2020-10-17 05:00:00;80.83333333333333
1071729215;2020-10-17 05:00:00;2020-10-17 05:30:00;87.46666666666667
1071729215;2020-10-17 05:30:00;2020-10-17 06:00:00;108.06666666666666
1071729215;2020-10-17 06:00:00;2020-10-17 06:30:00;97.8
1071729215;2020-10-17 06:30:00;2020-10-17 07:00:00;104.13333333333334
1071729215;2020-10-17 07:00:00;2020-10-17 07:30:00;112.0
1071729215;2020-10-17 07:30:00;2020-10-17 08:00:00;109.86666666666666
1071729215;2020-10-17 08:00:00;2020-10-17 08:30:00;113.16666666666667
1071729215;2020-10-17 08:30:00;2020-10-17 09:00:00;109.0
1071729215;2020-10-17 09:00:00;2020-10-17 09:30:00;106.0
1071729215;2020-10-17 09:30:00;2020-10-17 10:00:00;102.9
1071729215;2020-10-17 10:00:00;2020-10-17 10:30:00;117.7
1071729215;2020-10-17 10:30:00;2020-10-17 11:00:00;104.8
1071729215;2020-10-17 11:00:00;2020-10-17 11:30:00;110.43333333333334
1071729215;2020-10-17 11:30:00;2020-10-17 12:00:00;119.33333333333333
1071729215;2020-10-17 12:00:00;2020-10-17 12:30:00;108.0
1071729215;2020-10-17 12:30:00;2020-10-17 13:00:00;107.23333333333333
1071729215;2020-10-17 13:00:00;2020-10-17 13:30:00;97.86666666666666
1071729215;2020-10-17 13:30:00;2020-10-17 14:00:00;113.56666666666666
1071729215;2020-10-17 14:00:00;2020-10-17 14:30:00;108.2
1071729215;2020-10-17 14:30:00;2020-10-17 15:00:00;94.53333333333333
1071729215;2020-10-17 15:00:00;2020-10-17 15:30:00;110.43333333333334
1071729215;2020-10-17 15:30:00;2020-10-17 16:00:00;100.83333333333333
1071729215;2020-10-17 16:00:00;2020-10-17 16:30:00;107.6
1071729215;2020-10-17 16:30:00;2020-10-17 17:00:00;99.24137931034483
1071729215;2020-10-17 17:00:00;2020-10-17 17:30:00;102.76666666666667
1071729215;2020-10-17 17:30:00;2020-10-17 18:00:00;91.06666666666666
1071729215;2020-10-17 18:00:00;2020-10-17 18:30:00;101.56666666666666
1071729215;2020-10-17 18:30:00;2020-10-17 19:00:00;105.86666666666666
1071729215;2020-10-17 19:00:00;2020-10-17 19:30:00;107.1
1071729215;2020-10-17 19:30:00;2020-10-17 20:00:00;106.9
1071729215;2020-10-17 20:00:00;2020-10-17 20:30:00;103.2
1071729215;2020-10-17 20:30:00;2020-10-17 21:00:00;98.86666666666666
1071729215;2020-10-17 21:00:00;2020-10-17 21:30:00;98.16666666666667
1071729215;2020-10-17 21:30:00;2020-10-17 22:00:00;102.66666666666667
1071729215;2020-10-17 22:00:00;2020-10-17 22:30:00;100.46666666666667
1071729215;2020-10-17 22:30:00;2020-10-17 23:00:00;100.6
1071729215;2020-10-17 23:00:00;2020-10-17 23:30:00;101.0
1071729215;2020-10-17 23:30:00;2020-10-17 23:59:59;91.2
1071729215;2020-10-18 00:00:00;2020-10-18 00:30:00;99.4
1071729215;2020-10-18 00:30:00;2020-10-18 01:00:00;77.0
1071729215;2020-10-18 01:00:00;2020-10-18 01:30:00;79.63333333333334
1071729215;2020-10-18 01:30:00;2020-10-18 02:00:00;93.66666666666667
1071729215;2020-10-18 02:00:00;2020-10-18 02:30:00;101.0
1071729215;2020-10-18 02:30:00;2020-10-18 03:00:00;101.0
1071729215;2020-10-18 03:00:00;2020-10-18 03:30:00;95.0
1071729215;2020-10-18 03:30:00;2020-10-18 04:00:00;95.0
1071729215;2020-10-18 04:00:00;2020-10-18 04:30:00;97.0
1071729215;2020-10-18 04:30:00;2020-10-18 05:00:00;96.86666666666666
1071729215;2020-10-18 05:00:00;2020-10-18 05:30:00;106.66666666666667
1071729215;2020-10-18 05:30:00;2020-10-18 06:00:00;98.7
1071729215;2020-10-18 06:00:00;2020-10-18 06:30:00;104.43333333333334
1071729215;2020-10-18 06:30:00;2020-10-18 07:00:00;98.5
1071729215;2020-10-18 07:00:00;2020-10-18 07:30:00;91.03333333333333
1071729215;2020-10-18 07:30:00;2020-10-18 08:00:00;101.46666666666667
1071729215;2020-10-18 08:00:00;2020-10-18 08:30:00;98.06666666666666
1071729215;2020-10-18 08:30:00;2020-10-18 09:00:00;101.33333333333333
1071729215;2020-10-18 09:00:00;2020-10-18 09:30:00;112.2
1071729215;2020-10-18 09:30:00;2020-10-18 10:00:00;116.3
1071729215;2020-10-18 10:00:00;2020-10-18 10:30:00;109.5
1071729215;2020-10-18 10:30:00;2020-10-18 11:00:00;110.63333333333334
1071729215;2020-10-18 11:00:00;2020-10-18 11:30:00;90.43333333333334
1071729215;2020-10-18 11:30:00;2020-10-18 12:00:00;92.03333333333333
1071729215;2020-10-18 12:00:00;2020-10-18 12:30:00;107.1
1071729215;2020-10-18 12:30:00;2020-10-18 13:00:00;104.9
1071729215;2020-10-18 13:00:00;2020-10-18 13:30:00;98.63333333333334
1071729215;2020-10-18 13:30:00;2020-10-18 14:00:00;104.3
1071729215;2020-10-18 14:00:00;2020-10-18 14:30:00;90.53333333333333
1071729215;2020-10-18 14:30:00;2020-10-18 15:00:00;99.86666666666666
1071729215;2020-10-18 15:00:00;2020-10-18 15:30:00;95.56666666666666
1071729215;2020-10-18 15:30:00;2020-10-18 16:00:00;100.13333333333334
1071729215;2020-10-18 16:00:00;2020-10-18 16:30:00;92.26666666666667
1071729215;2020-10-18 16:30:00;2020-10-18 17:00:00;98.4
1071729215;2020-10-18 17:00:00;2020-10-18 17:30:00;99.8
1071729215;2020-10-18 17:30:00;2020-10-18 18:00:00;101.5
1071729215;2020-10-18 18:00:00;2020-10-18 18:30:00;105.0
1071729215;2020-10-18 18:30:00;2020-10-18 19:00:00;102.16666666666667
1071729215;2020-10-18 19:00:00;2020-10-18 19:30:00;112.36666666666666
1071729215;2020-10-18 19:30:00;2020-10-18 20:00:00;111.33333333333333
1071729215;2020-10-18 20:00:00;2020-10-18 20:30:00;102.33333333333333
1071729215;2020-10-18 20:30:00;2020-10-18 21:00:00;103.4
1071729215;2020-10-18 21:00:00;2020-10-18 21:30:00;102.73333333333333
1071729215;2020-10-18 21:30:00;2020-10-18 22:00:00;101.8
1071729215;2020-10-18 22:00:00;2020-10-18 22:30:00;101.0
1071729215;2020-10-18 22:30:00;2020-10-18 23:00:00;101.0
1071729215;2020-10-18 23:00:00;2020-10-18 23:30:00;109.76666666666667
1071729215;2020-10-18 23:30:00;2020-10-18 23:59:59;107.5
1071729215;2020-10-19 00:00:00;2020-10-19 00:30:00;108.46666666666667
1071729215;2020-10-19 00:30:00;2020-10-19 01:00:00;124.43333333333334
1071729215;2020-10-19 01:00:00;2020-10-19 01:30:00;108.13333333333334
1071729215;2020-10-19 01:30:00;2020-10-19 02:00:00;100.56666666666666
1071729215;2020-10-19 02:00:00;2020-10-19 02:30:00;101.7
1071729215;2020-10-19 02:30:00;2020-10-19 03:00:00;99.93333333333334
1071729215;2020-10-19 03:00:00;2020-10-19 03:30:00;100.56666666666666
1071729215;2020-10-19 03:30:00;2020-10-19 04:00:00;107.4
1071729215;2020-10-19 04:00:00;2020-10-19 04:30:00;102.56666666666666
1071729215;2020-10-19 04:30:00;2020-10-19 05:00:00;97.1
1071729215;2020-10-19 05:00:00;2020-10-19 05:30:00;113.26666666666667
1071729215;2020-10-19 05:30:00;2020-10-19 06:00:00;108.6
1071729215;2020-10-19 06:00:00;2020-10-19 06:30:00;110.93333333333334
1071729215;2020-10-19 06:30:00;2020-10-19 07:00:00;102.3
1071729215;2020-10-19 07:00:00;2020-10-19 07:30:00;103.33333333333333
1071729215;2020-10-19 07:30:00;2020-10-19 08:00:00;99.56666666666666
1071729215;2020-10-19 08:00:00;2020-10-19 08:30:00;102.43333333333334
1071729215;2020-10-19 08:30:00;2020-10-19 09:00:00;100.03333333333333
1071729215;2020-10-19 09:00:00;2020-10-19 09:30:00;109.93333333333334
1071729215;2020-10-19 09:30:00;2020-10-19 10:00:00;120.63333333333334
1071729215;2020-10-19 10:00:00;2020-10-19 10:30:00;107.03333333333333
1071729215;2020-10-19 10:30:00;2020-10-19 11:00:00;97.16666666666667
1071729215;2020-10-19 11:00:00;2020-10-19 11:30:00;88.2
1071729215;2020-10-19 11:30:00;2020-10-19 12:00:00;102.93333333333334
1071729215;2020-10-19 12:00:00;2020-10-19 12:30:00;109.1
1071729215;2020-10-19 12:30:00;2020-10-19 13:00:00;96.73333333333333
1071729215;2020-10-19 13:00:00;2020-10-19 13:30:00;88.1
1071729215;2020-10-19 13:30:00;2020-10-19 14:00:00;104.1
1071729215;2020-10-19 14:00:00;2020-10-19 14:30:00;87.96666666666667
1071729215;2020-10-19 14:30:00;2020-10-19 15:00:00;95.03333333333333
1071729215;2020-10-19 15:00:00;2020-10-19 15:30:00;98.66666666666667
1071729215;2020-10-19 15:30:00;2020-10-19 16:00:00;103.53333333333333
1071729215;2020-10-19 16:00:00;2020-10-19 16:30:00;109.43333333333334
1071729215;2020-10-19 16:30:00;2020-10-19 17:00:00;100.33333333333333
1071729215;2020-10-19 17:00:00;2020-10-19 17:30:00;95.03333333333333
1071729215;2020-10-19 17:30:00;2020-10-19 18:00:00;99.76666666666667
1071729215;2020-10-19 18:00:00;2020-10-19 18:30:00;99.4
1071729215;2020-10-19 18:30:00;2020-10-19 19:00:00;103.53333333333333
1071729215;2020-10-19 19:00:00;2020-10-19 19:30:00;106.4
1071729215;2020-10-19 19:30:00;2020-10-19 20:00:00;105.7
1071729215;2020-10-19 20:00:00;2020-10-19 20:30:00;112.73333333333333
1071729215;2020-10-19 20:30:00;2020-10-19 21:00:00;100.66666666666667
1071729215;2020-10-19 21:00:00;2020-10-19 21:30:00;96.66666666666667
1071729215;2020-10-19 21:30:00;2020-10-19 22:00:00;100.8
1071729215;2020-10-19 22:00:00;2020-10-19 22:30:00;101.0
1071729215;2020-10-19 22:30:00;2020-10-19 23:00:00;101.0
1071729215;2020-10-19 23:00:00;2020-10-19 23:30:00;101.0
1071729215;2020-10-19 23:30:00;2020-10-19 23:59:59;101.0
1071729215;2020-10-20 00:00:00;2020-10-20 00:30:00;101.0
1071729215;2020-10-20 00:30:00;2020-10-20 01:00:00;101.0
1071729215;2020-10-20 01:00:00;2020-10-20 01:30:00;101.0
1071729215;2020-10-20 01:30:00;2020-10-20 02:00:00;101.0
1071729215;2020-10-20 02:00:00;2020-10-20 02:30:00;101.0
1071729215;2020-10-20 02:30:00;2020-10-20 03:00:00;101.0
1071729215;2020-10-20 03:00:00;2020-10-20 03:30:00;91.73333333333333
1071729215;2020-10-20 03:30:00;2020-10-20 04:00:00;100.23333333333333
1071729215;2020-10-20 04:00:00;2020-10-20 04:30:00;100.53333333333333
1071729215;2020-10-20 04:30:00;2020-10-20 05:00:00;106.06666666666666
1071729215;2020-10-20 05:00:00;2020-10-20 05:30:00;105.4
1071729215;2020-10-20 05:30:00;2020-10-20 06:00:00;104.93333333333334
1071729215;2020-10-20 06:00:00;2020-10-20 06:30:00;112.23333333333333
1071729215;2020-10-20 06:30:00;2020-10-20 07:00:00;107.13333333333334
1071729215;2020-10-20 07:00:00;2020-10-20 07:30:00;98.66666666666667
1071729215;2020-10-20 07:30:00;2020-10-20 08:00:00;100.5
1071729215;2020-10-20 08:00:00;2020-10-20 08:30:00;97.16666666666667
1071729215;2020-10-20 08:30:00;2020-10-20 09:00:00;90.93333333333334
1071729215;2020-10-20 09:00:00;2020-10-20 09:30:00;97.8
1071729215;2020-10-20 09:30:00;2020-10-20 10:00:00;96.23333333333333
1071729215;2020-10-20 10:00:00;2020-10-20 10:30:00;101.73333333333333
1071729215;2020-10-20 10:30:00;2020-10-20 11:00:00;99.96666666666667
1071729215;2020-10-20 11:00:00;2020-10-20 11:30:00;89.06666666666666
1071729215;2020-10-20 11:30:00;2020-10-20 12:00:00;96.63333333333334
1071729215;2020-10-20 12:00:00;2020-10-20 12:30:00;115.93333333333334
1071729215;2020-10-20 12:30:00;2020-10-20 13:00:00;102.96666666666667
1071729215;2020-10-20 13:00:00;2020-10-20 13:30:00;106.3
1071729215;2020-10-20 13:30:00;2020-10-20 14:00:00;99.1
1071729215;2020-10-20 14:00:00;2020-10-20 14:30:00;86.93333333333334
1071729215;2020-10-20 14:30:00;2020-10-20 15:00:00;91.56666666666666
1071729215;2020-10-20 15:00:00;2020-10-20 15:30:00;92.2
1071729215;2020-10-20 15:30:00;2020-10-20 16:00:00;93.46666666666667
1071729215;2020-10-20 16:00:00;2020-10-20 16:30:00;102.16666666666667
1071729215;2020-10-20 16:30:00;2020-10-20 17:00:00;93.06666666666666
1071729215;2020-10-20 17:00:00;2020-10-20 17:30:00;86.23333333333333
1071729215;2020-10-20 17:30:00;2020-10-20 18:00:00;88.0
1071729215;2020-10-20 18:00:00;2020-10-20 18:30:00;90.1
1071729215;2020-10-20 18:30:00;2020-10-20 19:00:00;91.86666666666666
1071729215;2020-10-20 19:00:00;2020-10-20 19:30:00;98.16666666666667
1071729215;2020-10-20 19:30:00;2020-10-20 20:00:00;95.56666666666666
1071729215;2020-10-20 20:00:00;2020-10-20 20:30:00;94.16666666666667
1071729215;2020-10-20 20:30:00;2020-10-20 21:00:00;96.6
1071729215;2020-10-20 21:00:00;2020-10-20 21:30:00;105.96666666666667
1071729215;2020-10-20 21:30:00;2020-10-20 22:00:00;95.8
1071729215;2020-10-20 22:00:00;2020-10-20 22:30:00;92.36666666666666
1071729215;2020-10-20 22:30:00;2020-10-20 23:00:00;100.73333333333333
1071729215;2020-10-20 23:00:00;2020-10-20 23:30:00;101.0
1071729215;2020-10-20 23:30:00;2020-10-20 23:59:59;99.33333333333333
1071729215;2020-10-21 00:00:00;2020-10-21 00:30:00;97.93333333333334
1071729215;2020-10-21 00:30:00;2020-10-21 01:00:00;101.0
1071729215;2020-10-21 01:00:00;2020-10-21 01:30:00;97.1
1071729215;2020-10-21 01:30:00;2020-10-21 02:00:00;101.0
1071729215;2020-10-21 02:00:00;2020-10-21 02:30:00;91.06666666666666
1071729215;2020-10-21 02:30:00;2020-10-21 03:00:00;92.76666666666667
1071729215;2020-10-21 03:00:00;2020-10-21 03:30:00;92.73333333333333
1071729215;2020-10-21 03:30:00;2020-10-21 04:00:00;92.7
1071729215;2020-10-21 04:00:00;2020-10-21 04:30:00;87.4
1071729215;2020-10-21 04:30:00;2020-10-21 05:00:00;101.63333333333334
1071729215;2020-10-21 05:00:00;2020-10-21 05:30:00;87.5
1071729215;2020-10-21 05:30:00;2020-10-21 06:00:00;98.1
1071729215;2020-10-21 06:00:00;2020-10-21 06:30:00;99.73333333333333
1071729215;2020-10-21 06:30:00;2020-10-21 07:00:00;95.03333333333333
1071729215;2020-10-21 07:00:00;2020-10-21 07:30:00;100.3
1071729215;2020-10-21 07:30:00;2020-10-21 08:00:00;103.0
1071729215;2020-10-21 08:00:00;2020-10-21 08:30:00;89.6
1071729215;2020-10-21 08:30:00;2020-10-21 09:00:00;105.43333333333334
1071729215;2020-10-21 09:00:00;2020-10-21 09:30:00;108.3
1071729215;2020-10-21 09:30:00;2020-10-21 10:00:00;102.4
1071729215;2020-10-21 10:00:00;2020-10-21 10:30:00;98.93333333333334
1071729215;2020-10-21 10:30:00;2020-10-21 11:00:00;98.36666666666666
1071729215;2020-10-21 11:00:00;2020-10-21 11:30:00;108.13333333333334
1071729215;2020-10-21 11:30:00;2020-10-21 12:00:00;95.43333333333334
1071729215;2020-10-21 12:00:00;2020-10-21 12:30:00;91.03333333333333
1071729215;2020-10-21 12:30:00;2020-10-21 13:00:00;103.26666666666667
1071729215;2020-10-21 13:00:00;2020-10-21 13:30:00;94.53333333333333
1071729215;2020-10-21 13:30:00;2020-10-21 14:00:00;99.26666666666667
1071729215;2020-10-21 14:00:00;2020-10-21 14:30:00;102.4
1071729215;2020-10-21 14:30:00;2020-10-21 15:00:00;96.3
1071729215;2020-10-21 15:00:00;2020-10-21 15:30:00;95.16666666666667
1071729215;2020-10-21 15:30:00;2020-10-21 16:00:00;107.53333333333333
1071729215;2020-10-21 16:00:00;2020-10-21 16:30:00;95.36666666666666
1071729215;2020-10-21 16:30:00;2020-10-21 17:00:00;97.1
1071729215;2020-10-21 17:00:00;2020-10-21 17:30:00;91.1
1071729215;2020-10-21 17:30:00;2020-10-21 18:00:00;91.56666666666666
1071729215;2020-10-21 18:00:00;2020-10-21 18:30:00;105.7
1071729215;2020-10-21 18:30:00;2020-10-21 19:00:00;92.66666666666667
1071729215;2020-10-21 19:00:00;2020-10-21 19:30:00;99.6
1071729215;2020-10-21 19:30:00;2020-10-21 20:00:00;89.1
1071729215;2020-10-21 20:00:00;2020-10-21 20:30:00;97.83333333333333
1071729215;2020-10-21 20:30:00;2020-10-21 21:00:00;103.0
1071729215;2020-10-21 21:00:00;2020-10-21 21:30:00;101.2
1071729215;2020-10-21 21:30:00;2020-10-21 22:00:00;101.0
1071729215;2020-10-21 22:00:00;2020-10-21 22:30:00;101.0
1071729215;2020-10-21 22:30:00;2020-10-21 23:00:00;101.0
1071729215;2020-10-21 23:00:00;2020-10-21 23:30:00;98.0
1071729215;2020-10-21 23:30:00;2020-10-21 23:59:59;95.3
1071729215;2020-10-22 00:00:00;2020-10-22 00:30:00;101.0
1071729215;2020-10-22 00:30:00;2020-10-22 01:00:00;101.0
1071729215;2020-10-22 01:00:00;2020-10-22 01:30:00;101.0
1071729215;2020-10-22 01:30:00;2020-10-22 02:00:00;101.0
1071729215;2020-10-22 02:00:00;2020-10-22 02:30:00;101.0
1071729215;2020-10-22 02:30:00;2020-10-22 03:00:00;95.73333333333333
1071729215;2020-10-22 03:00:00;2020-10-22 03:30:00;97.03333333333333
1071729215;2020-10-22 03:30:00;2020-10-22 04:00:00;98.76666666666667
1071729215;2020-10-22 04:00:00;2020-10-22 04:30:00;91.73333333333333
1071729215;2020-10-22 04:30:00;2020-10-22 05:00:00;110.1
1071729215;2020-10-22 05:00:00;2020-10-22 05:30:00;101.03333333333333
1071729215;2020-10-22 05:30:00;2020-10-22 06:00:00;96.5
1071729215;2020-10-22 06:00:00;2020-10-22 06:30:00;98.33333333333333
1071729215;2020-10-22 06:30:00;2020-10-22 07:00:00;96.43333333333334
1071729215;2020-10-22 07:00:00;2020-10-22 07:30:00;99.36666666666666
1071729215;2020-10-22 07:30:00;2020-10-22 08:00:00;93.93333333333334
1071729215;2020-10-22 08:00:00;2020-10-22 08:30:00;109.03333333333333
1071729215;2020-10-22 08:30:00;2020-10-22 09:00:00;87.5
1071729215;2020-10-22 09:00:00;2020-10-22 09:30:00;88.26666666666667
1071729215;2020-10-22 09:30:00;2020-10-22 10:00:00;103.7
1071729215;2020-10-22 10:00:00;2020-10-22 10:30:00;96.63333333333334
1071729215;2020-10-22 10:30:00;2020-10-22 11:00:00;103.76666666666667
1071729215;2020-10-22 11:00:00;2020-10-22 11:30:00;103.36666666666666
1071729215;2020-10-22 11:30:00;2020-10-22 12:00:00;109.6
1071729215;2020-10-22 12:00:00;2020-10-22 12:30:00;83.5
1071729215;2020-10-22 12:30:00;2020-10-22 13:00:00;98.9
1071729215;2020-10-22 13:00:00;2020-10-22 13:30:00;88.26666666666667
1071729215;2020-10-22 13:30:00;2020-10-22 14:00:00;100.33333333333333
1071729215;2020-10-22 14:00:00;2020-10-22 14:30:00;103.83333333333333
1071729215;2020-10-22 14:30:00;2020-10-22 15:00:00;97.83333333333333
1071729215;2020-10-22 15:00:00;2020-10-22 15:30:00;94.86666666666666
1071729215;2020-10-22 15:30:00;2020-10-22 16:00:00;104.5
1071729215;2020-10-22 16:00:00;2020-10-22 16:30:00;100.9
1071729215;2020-10-22 16:30:00;2020-10-22 17:00:00;91.7
1071729215;2020-10-22 17:00:00;2020-10-22 17:30:00;99.53333333333333
1071729215;2020-10-22 17:30:00;2020-10-22 18:00:00;100.5
1071729215;2020-10-22 18:00:00;2020-10-22 18:30:00;94.0
1071729215;2020-10-22 18:30:00;2020-10-22 19:00:00;113.4
1071729215;2020-10-22 19:00:00;2020-10-22 19:30:00;105.0
1071729215;2020-10-22 19:30:00;2020-10-22 20:00:00;117.03333333333333
1071729215;2020-10-22 20:00:00;2020-10-22 20:30:00;102.66666666666667
1071729215;2020-10-22 20:30:00;2020-10-22 21:00:00;105.96666666666667
1071729215;2020-10-22 21:00:00;2020-10-22 21:30:00;101.0
1071729215;2020-10-22 21:30:00;2020-10-22 22:00:00;101.5
1071729215;2020-10-22 22:00:00;2020-10-22 22:30:00;102.4
1071729215;2020-10-22 22:30:00;2020-10-22 23:00:00;102.26666666666667
1071729215;2020-10-22 23:00:00;2020-10-22 23:30:00;101.33333333333333
1071729215;2020-10-22 23:30:00;2020-10-22 23:59:59;101.0
1071729215;2020-10-23 00:00:00;2020-10-23 00:30:00;101.0
1071729215;2020-10-23 00:30:00;2020-10-23 01:00:00;101.0
1071729215;2020-10-23 01:00:00;2020-10-23 01:30:00;101.0
1071729215;2020-10-23 01:30:00;2020-10-23 02:00:00;101.0
1071729215;2020-10-23 02:00:00;2020-10-23 02:30:00;101.0
1071729215;2020-10-23 02:30:00;2020-10-23 03:00:00;101.0
1071729215;2020-10-23 03:00:00;2020-10-23 03:30:00;103.0
1071729215;2020-10-23 03:30:00;2020-10-23 04:00:00;90.63333333333334
1071729215;2020-10-23 04:00:00;2020-10-23 04:30:00;95.33333333333333
1071729215;2020-10-23 04:30:00;2020-10-23 05:00:00;97.2
1071729215;2020-10-23 05:00:00;2020-10-23 05:30:00;106.2
1071729215;2020-10-23 05:30:00;2020-10-23 06:00:00;103.86666666666666
1071729215;2020-10-23 06:00:00;2020-10-23 06:30:00;87.6
1071729215;2020-10-23 06:30:00;2020-10-23 07:00:00;95.63333333333334
1071729215;2020-10-23 07:00:00;2020-10-23 07:30:00;95.46666666666667
1071729215;2020-10-23 07:30:00;2020-10-23 08:00:00;97.96666666666667
1071729215;2020-10-23 08:00:00;2020-10-23 08:30:00;104.73333333333333
1071729215;2020-10-23 08:30:00;2020-10-23 09:00:00;89.33333333333333
1071729215;2020-10-23 09:00:00;2020-10-23 09:30:00;103.73333333333333
1071729215;2020-10-23 09:30:00;2020-10-23 10:00:00;92.8
1071729215;2020-10-23 10:00:00;2020-10-23 10:30:00;106.83333333333333
1071729215;2020-10-23 10:30:00;2020-10-23 11:00:00;94.36666666666666
1071729215;2020-10-23 11:00:00;2020-10-23 11:30:00;88.9
1071729215;2020-10-23 11:30:00;2020-10-23 12:00:00;108.03333333333333
1071729215;2020-10-23 12:00:00;2020-10-23 12:30:00;101.6
1071729215;2020-10-23 12:30:00;2020-10-23 13:00:00;100.63333333333334
1071729215;2020-10-23 13:00:00;2020-10-23 13:30:00;100.73333333333333
1071729215;2020-10-23 13:30:00;2020-10-23 14:00:00;89.73333333333333
1071729215;2020-10-23 14:00:00;2020-10-23 14:30:00;96.16666666666667
1071729215;2020-10-23 14:30:00;2020-10-23 15:00:00;105.03333333333333
1071729215;2020-10-23 15:00:00;2020-10-23 15:30:00;98.1
1071729215;2020-10-23 15:30:00;2020-10-23 16:00:00;92.33333333333333
1071729215;2020-10-23 16:00:00;2020-10-23 16:30:00;96.13333333333334
1071729215;2020-10-23 16:30:00;2020-10-23 17:00:00;93.8
1071729215;2020-10-23 17:00:00;2020-10-23 17:30:00;104.5
1071729215;2020-10-23 17:30:00;2020-10-23 18:00:00;103.63333333333334
1071729215;2020-10-23 18:00:00;2020-10-23 18:30:00;106.06666666666666
1071729215;2020-10-23 18:30:00;2020-10-23 19:00:00;99.8
1071729215;2020-10-23 19:00:00;2020-10-23 19:30:00;91.16666666666667
1071729215;2020-10-23 19:30:00;2020-10-23 20:00:00;119.43333333333334
1071729215;2020-10-23 20:00:00;2020-10-23 20:30:00;109.43333333333334
1071729215;2020-10-23 20:30:00;2020-10-23 21:00:00;105.0
1071729215;2020-10-23 21:00:00;2020-10-23 21:30:00;103.73333333333333
1071729215;2020-10-23 21:30:00;2020-10-23 22:00:00;96.23333333333333
1071729215;2020-10-23 22:00:00;2020-10-23 22:30:00;102.16666666666667
1071729215;2020-10-23 22:30:00;2020-10-23 23:00:00;105.36666666666666
1071729215;2020-10-23 23:00:00;2020-10-23 23:30:00;95.46666666666667
1071729215;2020-10-23 23:30:00;2020-10-23 23:59:59;98.06666666666666
1071729215;2020-10-24 00:00:00;2020-10-24 00:30:00;79.0
1071729215;2020-10-24 00:30:00;2020-10-24 01:00:00;80.7
1071729215;2020-10-24 01:00:00;2020-10-24 01:30:00;99.4
1071729215;2020-10-24 01:30:00;2020-10-24 02:00:00;100.46666666666667
1071729215;2020-10-24 02:00:00;2020-10-24 02:30:00;95.3
1071729215;2020-10-24 02:30:00;2020-10-24 03:00:00;101.0
1071729215;2020-10-24 03:00:00;2020-10-24 03:30:00;98.93333333333334
1071729215;2020-10-24 03:30:00;2020-10-24 04:00:00;98.6
1071729215;2020-10-24 04:00:00;2020-10-24 04:30:00;95.63333333333334
1071729215;2020-10-24 04:30:00;2020-10-24 05:00:00;98.06666666666666
1071729215;2020-10-24 05:00:00;2020-10-24 05:30:00;94.13333333333334
1071729215;2020-10-24 05:30:00;2020-10-24 06:00:00;96.0
1071729215;2020-10-24 06:00:00;2020-10-24 06:30:00;101.76666666666667
1071729215;2020-10-24 06:30:00;2020-10-24 07:00:00;109.83333333333333
1071729215;2020-10-24 07:00:00;2020-10-24 07:30:00;99.16666666666667
1071729215;2020-10-24 07:30:00;2020-10-24 08:00:00;119.43333333333334
1071729215;2020-10-24 08:00:00;2020-10-24 08:30:00;108.4
1071729215;2020-10-24 08:30:00;2020-10-24 09:00:00;106.7
1071729215;2020-10-24 09:00:00;2020-10-24 09:30:00;110.16666666666667
1071729215;2020-10-24 09:30:00;2020-10-24 10:00:00;113.06666666666666
1071729215;2020-10-24 10:00:00;2020-10-24 10:30:00;113.96666666666667
1071729215;2020-10-24 10:30:00;2020-10-24 11:00:00;113.6
1071729215;2020-10-24 11:00:00;2020-10-24 11:30:00;107.89285714285714
1071729215;2020-10-24 11:30:00;2020-10-24 12:00:00;105.73333333333333
1071729215;2020-10-24 12:00:00;2020-10-24 12:30:00;99.73333333333333
1071729215;2020-10-24 12:30:00;2020-10-24 13:00:00;94.1
1071729215;2020-10-24 13:00:00;2020-10-24 13:30:00;103.9
1071729215;2020-10-24 13:30:00;2020-10-24 14:00:00;105.96666666666667
1071729215;2020-10-24 14:00:00;2020-10-24 14:30:00;114.63333333333334
1071729215;2020-10-24 14:30:00;2020-10-24 15:00:00;97.83333333333333
1071729215;2020-10-24 15:00:00;2020-10-24 15:30:00;121.06666666666666
1071729215;2020-10-24 15:30:00;2020-10-24 16:00:00;101.53333333333333
1071729215;2020-10-24 16:00:00;2020-10-24 16:30:00;101.86666666666666
1071729215;2020-10-24 16:30:00;2020-10-24 17:00:00;101.1
1071729215;2020-10-24 17:00:00;2020-10-24 17:30:00;101.26666666666667
1071729215;2020-10-24 17:30:00;2020-10-24 18:00:00;100.56666666666666
1071729215;2020-10-24 18:00:00;2020-10-24 18:30:00;95.9
1071729215;2020-10-24 18:30:00;2020-10-24 19:00:00;96.46666666666667
1071729215;2020-10-24 19:00:00;2020-10-24 19:30:00;102.56666666666666
1071729215;2020-10-24 19:30:00;2020-10-24 20:00:00;107.9
1071729215;2020-10-24 20:00:00;2020-10-24 20:30:00;105.33333333333333
1071729215;2020-10-24 20:30:00;2020-10-24 21:00:00;106.4
1071729215;2020-10-24 21:00:00;2020-10-24 21:30:00;101.66666666666667
1071729215;2020-10-24 21:30:00;2020-10-24 22:00:00;101.0
1071729215;2020-10-24 22:00:00;2020-10-24 22:30:00;101.0
1071729215;2020-10-24 22:30:00;2020-10-24 23:00:00;100.8
1071729215;2020-10-24 23:00:00;2020-10-24 23:30:00;101.0
1071729215;2020-10-24 23:30:00;2020-10-24 23:59:59;101.0
1071729215;2020-10-25 00:00:00;2020-10-25 00:30:00;101.0
1071729215;2020-10-25 00:30:00;2020-10-25 01:00:00;101.0
1071729215;2020-10-25 01:00:00;2020-10-25 01:30:00;101.0
1071729215;2020-10-25 01:30:00;2020-10-25 02:00:00;93.26666666666667
1071729215;2020-10-25 02:00:00;2020-10-25 02:30:00;100.46666666666667
1071729215;2020-10-25 02:30:00;2020-10-25 03:00:00;101.0
1071729215;2020-10-25 03:00:00;2020-10-25 03:30:00;101.0
1071729215;2020-10-25 03:30:00;2020-10-25 04:00:00;101.0
1071729215;2020-10-25 04:00:00;2020-10-25 04:30:00;95.0
1071729215;2020-10-25 04:30:00;2020-10-25 05:00:00;93.93333333333334
1071729215;2020-10-25 05:00:00;2020-10-25 05:30:00;91.73333333333333
1071729215;2020-10-25 05:30:00;2020-10-25 06:00:00;83.0
1071729215;2020-10-25 06:00:00;2020-10-25 06:30:00;84.36666666666666
1071729215;2020-10-25 06:30:00;2020-10-25 07:00:00;96.8
1071729215;2020-10-25 07:00:00;2020-10-25 07:30:00;105.2
1071729215;2020-10-25 07:30:00;2020-10-25 08:00:00;100.7
1071729215;2020-10-25 08:00:00;2020-10-25 08:30:00;101.73333333333333
1071729215;2020-10-25 08:30:00;2020-10-25 09:00:00;91.66666666666667
1071729215;2020-10-25 09:00:00;2020-10-25 09:30:00;89.46666666666667
1071729215;2020-10-25 09:30:00;2020-10-25 10:00:00;107.73333333333333
1071729215;2020-10-25 10:00:00;2020-10-25 10:30:00;107.03333333333333
1071729215;2020-10-25 10:30:00;2020-10-25 11:00:00;106.43333333333334
1071729215;2020-10-25 11:00:00;2020-10-25 11:30:00;111.96666666666667
1071729215;2020-10-25 11:30:00;2020-10-25 12:00:00;111.93333333333334
1071729215;2020-10-25 12:00:00;2020-10-25 12:30:00;102.03333333333333
1071729215;2020-10-25 12:30:00;2020-10-25 13:00:00;102.4
1071729215;2020-10-25 13:00:00;2020-10-25 13:30:00;102.3
1071729215;2020-10-25 13:30:00;2020-10-25 14:00:00;107.1
1071729215;2020-10-25 14:00:00;2020-10-25 14:30:00;88.9
1071729215;2020-10-25 14:30:00;2020-10-25 15:00:00;99.86666666666666
1071729215;2020-10-25 15:00:00;2020-10-25 15:30:00;76.9
1071729215;2020-10-25 15:30:00;2020-10-25 16:00:00;87.56666666666666
1071729215;2020-10-25 16:00:00;2020-10-25 16:30:00;89.5
1071729215;2020-10-25 16:30:00;2020-10-25 17:00:00;90.56666666666666
1071729215;2020-10-25 17:00:00;2020-10-25 17:30:00;96.83333333333333
1071729215;2020-10-25 17:30:00;2020-10-25 18:00:00;101.43333333333334
1071729215;2020-10-25 18:00:00;2020-10-25 18:30:00;96.43333333333334
1071729215;2020-10-25 18:30:00;2020-10-25 19:00:00;91.16666666666667
1071729215;2020-10-25 19:00:00;2020-10-25 19:30:00;92.3
1071729215;2020-10-25 19:30:00;2020-10-25 20:00:00;103.46666666666667
1071729215;2020-10-25 20:00:00;2020-10-25 20:30:00;106.33333333333333
1071729215;2020-10-25 20:30:00;2020-10-25 21:00:00;103.8
1071729215;2020-10-25 21:00:00;2020-10-25 21:30:00;92.93333333333334
1071729215;2020-10-25 21:30:00;2020-10-25 22:00:00;106.2
1071729215;2020-10-25 22:00:00;2020-10-25 22:30:00;88.96666666666667
1071729215;2020-10-25 22:30:00;2020-10-25 23:00:00;85.16666666666667
1071729215;2020-10-25 23:00:00;2020-10-25 23:30:00;97.83333333333333
1071729215;2020-10-25 23:30:00;2020-10-25 23:59:59;101.66666666666667
1071729215;2020-10-26 00:00:00;2020-10-26 00:30:00;101.0
1071729215;2020-10-26 00:30:00;2020-10-26 01:00:00;101.0
1071729215;2020-10-26 01:00:00;2020-10-26 01:30:00;101.0
1071729215;2020-10-26 01:30:00;2020-10-26 02:00:00;95.86666666666666
1071729215;2020-10-26 02:00:00;2020-10-26 02:30:00;98.66666666666667
1071729215;2020-10-26 02:30:00;2020-10-26 03:00:00;97.16666666666667
1071729215;2020-10-26 03:00:00;2020-10-26 03:30:00;102.9
1071729215;2020-10-26 03:30:00;2020-10-26 04:00:00;107.26666666666667
1071729215;2020-10-26 04:00:00;2020-10-26 04:30:00;109.43333333333334
1071729215;2020-10-26 04:30:00;2020-10-26 05:00:00;107.63333333333334
1071729215;2020-10-26 05:00:00;2020-10-26 05:30:00;109.76666666666667
1071729215;2020-10-26 05:30:00;2020-10-26 06:00:00;101.53333333333333
1071729215;2020-10-26 06:00:00;2020-10-26 06:30:00;92.03333333333333
1071729215;2020-10-26 06:30:00;2020-10-26 07:00:00;108.5
1071729215;2020-10-26 07:00:00;2020-10-26 07:30:00;100.53333333333333
1071729215;2020-10-26 07:30:00;2020-10-26 08:00:00;114.86666666666666
1071729215;2020-10-26 08:00:00;2020-10-26 08:30:00;107.4
1071729215;2020-10-26 08:30:00;2020-10-26 09:00:00;101.14285714285714
1071729215;2020-10-26 09:00:00;2020-10-26 09:30:00;111.7
1071729215;2020-10-26 09:30:00;2020-10-26 10:00:00;93.86666666666666
1071729215;2020-10-26 10:00:00;2020-10-26 10:30:00;97.73333333333333
1071729215;2020-10-26 10:30:00;2020-10-26 11:00:00;91.26666666666667
1071729215;2020-10-26 11:00:00;2020-10-26 11:30:00;98.1
1071729215;2020-10-26 11:30:00;2020-10-26 12:00:00;97.33333333333333
1071729215;2020-10-26 12:00:00;2020-10-26 12:30:00;101.96666666666667
1071729215;2020-10-26 12:30:00;2020-10-26 13:00:00;93.1
1071729215;2020-10-26 13:00:00;2020-10-26 13:30:00;107.73333333333333
1071729215;2020-10-26 13:30:00;2020-10-26 14:00:00;92.03333333333333
1071729215;2020-10-26 14:00:00;2020-10-26 14:30:00;106.96666666666667
1071729215;2020-10-26 14:30:00;2020-10-26 15:00:00;98.43333333333334
1071729215;2020-10-26 15:00:00;2020-10-26 15:30:00;91.16666666666667
1071729215;2020-10-26 15:30:00;2020-10-26 16:00:00;96.2
1071729215;2020-10-26 16:00:00;2020-10-26 16:30:00;99.4
1071729215;2020-10-26 16:30:00;2020-10-26 17:00:00;101.53333333333333
1071729215;2020-10-26 17:00:00;2020-10-26 17:30:00;106.4
1071729215;2020-10-26 17:30:00;2020-10-26 18:00:00;97.96666666666667
1071729215;2020-10-26 18:00:00;2020-10-26 18:30:00;95.13333333333334
1071729215;2020-10-26 18:30:00;2020-10-26 19:00:00;104.8
1071729215;2020-10-26 19:00:00;2020-10-26 19:30:00;88.73333333333333
1071729215;2020-10-26 19:30:00;2020-10-26 20:00:00;104.96666666666667
1071729215;2020-10-26 20:00:00;2020-10-26 20:30:00;99.86666666666666
1071729215;2020-10-26 20:30:00;2020-10-26 21:00:00;104.23333333333333
1071729215;2020-10-26 21:00:00;2020-10-26 21:30:00;110.2
1071729215;2020-10-26 21:30:00;2020-10-26 22:00:00;92.3
1071729215;2020-10-26 22:00:00;2020-10-26 22:30:00;90.5
1071729215;2020-10-26 22:30:00;2020-10-26 23:00:00;80.13333333333334
1071729215;2020-10-26 23:00:00;2020-10-26 23:30:00;86.36666666666666
1071729215;2020-10-26 23:30:00;2020-10-26 23:59:59;97.9
1071729215;2020-10-27 00:00:00;2020-10-27 00:30:00;100.6
1071729215;2020-10-27 00:30:00;2020-10-27 01:00:00;100.86666666666666
1071729215;2020-10-27 01:00:00;2020-10-27 01:30:00;98.8
1071729215;2020-10-27 01:30:00;2020-10-27 02:00:00;99.46666666666667
1071729215;2020-10-27 02:00:00;2020-10-27 02:30:00;100.2
1071729215;2020-10-27 02:30:00;2020-10-27 03:00:00;98.86666666666666
1071729215;2020-10-27 03:00:00;2020-10-27 03:30:00;101.0
1071729215;2020-10-27 03:30:00;2020-10-27 04:00:00;99.93333333333334
1071729215;2020-10-27 04:00:00;2020-10-27 04:30:00;90.13333333333334
1071729215;2020-10-27 04:30:00;2020-10-27 05:00:00;94.36666666666666
1071729215;2020-10-27 05:00:00;2020-10-27 05:30:00;92.2
1071729215;2020-10-27 05:30:00;2020-10-27 06:00:00;103.36666666666666
1071729215;2020-10-27 06:00:00;2020-10-27 06:30:00;97.63333333333334
1071729215;2020-10-27 06:30:00;2020-10-27 07:00:00;95.53333333333333
1071729215;2020-10-27 07:00:00;2020-10-27 07:30:00;105.4
1071729215;2020-10-27 07:30:00;2020-10-27 08:00:00;103.93333333333334
1071729215;2020-10-27 08:00:00;2020-10-27 08:30:00;103.2
1071729215;2020-10-27 08:30:00;2020-10-27 09:00:00;96.56666666666666
1071729215;2020-10-27 09:00:00;2020-10-27 09:30:00;102.0
1071729215;2020-10-27 09:30:00;2020-10-27 10:00:00;96.5
1071729215;2020-10-27 10:00:00;2020-10-27 10:30:00;100.3
1071729215;2020-10-27 10:30:00;2020-10-27 11:00:00;101.06666666666666
1071729215;2020-10-27 11:00:00;2020-10-27 11:30:00;95.9
1071729215;2020-10-27 11:30:00;2020-10-27 12:00:00;91.13333333333334
1071729215;2020-10-27 12:00:00;2020-10-27 12:30:00;95.13333333333334
1071729215;2020-10-27 12:30:00;2020-10-27 13:00:00;102.2
1071729215;2020-10-27 13:00:00;2020-10-27 13:30:00;104.76666666666667
1071729215;2020-10-27 13:30:00;2020-10-27 14:00:00;105.96666666666667
1071729215;2020-10-27 14:00:00;2020-10-27 14:30:00;107.23333333333333
1071729215;2020-10-27 14:30:00;2020-10-27 15:00:00;91.93333333333334
1071729215;2020-10-27 15:00:00;2020-10-27 15:30:00;96.96666666666667
1071729215;2020-10-27 15:30:00;2020-10-27 16:00:00;92.46666666666667
1071729215;2020-10-27 16:00:00;2020-10-27 16:30:00;101.1
1071729215;2020-10-27 16:30:00;2020-10-27 17:00:00;102.16666666666667
1071729215;2020-10-27 17:00:00;2020-10-27 17:30:00;104.96666666666667
1071729215;2020-10-27 17:30:00;2020-10-27 18:00:00;110.96666666666667
1071729215;2020-10-27 18:00:00;2020-10-27 18:30:00;95.56666666666666
1071729215;2020-10-27 18:30:00;2020-10-27 19:00:00;89.8
1071729215;2020-10-27 19:00:00;2020-10-27 19:30:00;91.6
1071729215;2020-10-27 19:30:00;2020-10-27 20:00:00;94.7
1071729215;2020-10-27 20:00:00;2020-10-27 20:30:00;102.1
1071729215;2020-10-27 20:30:00;2020-10-27 21:00:00;111.5
1071729215;2020-10-27 21:00:00;2020-10-27 21:30:00;112.8
1071729215;2020-10-27 21:30:00;2020-10-27 22:00:00;93.6
1071729215;2020-10-27 22:00:00;2020-10-27 22:30:00;91.4
1071729215;2020-10-27 22:30:00;2020-10-27 23:00:00;77.0
1071729215;2020-10-27 23:00:00;2020-10-27 23:30:00;81.5
1071729215;2020-10-27 23:30:00;2020-10-27 23:59:59;89.5
1071729215;2020-10-28 00:00:00;2020-10-28 00:30:00;101.0
1071729215;2020-10-28 00:30:00;2020-10-28 01:00:00;101.0
1071729215;2020-10-28 01:00:00;2020-10-28 01:30:00;101.0
1071729215;2020-10-28 01:30:00;2020-10-28 02:00:00;101.0
1071729215;2020-10-28 02:00:00;2020-10-28 02:30:00;93.3
1071729215;2020-10-28 02:30:00;2020-10-28 03:00:00;101.0
1071729215;2020-10-28 03:00:00;2020-10-28 03:30:00;101.0
1071729215;2020-10-28 03:30:00;2020-10-28 04:00:00;94.8
1071729215;2020-10-28 04:00:00;2020-10-28 04:30:00;86.53333333333333
1071729215;2020-10-28 04:30:00;2020-10-28 05:00:00;91.1
1071729215;2020-10-28 05:00:00;2020-10-28 05:30:00;86.73333333333333
1071729215;2020-10-28 05:30:00;2020-10-28 06:00:00;117.8
1071729215;2020-10-28 06:00:00;2020-10-28 06:30:00;122.0
1071729215;2020-10-28 06:30:00;2020-10-28 07:00:00;92.63333333333334
1071729215;2020-10-28 07:00:00;2020-10-28 07:30:00;111.46666666666667
1071729215;2020-10-28 07:30:00;2020-10-28 08:00:00;96.43333333333334
1071729215;2020-10-28 08:00:00;2020-10-28 08:30:00;100.53333333333333
1071729215;2020-10-28 08:30:00;2020-10-28 09:00:00;103.56666666666666
1071729215;2020-10-28 09:00:00;2020-10-28 09:30:00;104.06666666666666
1071729215;2020-10-28 09:30:00;2020-10-28 10:00:00;105.0
1071729215;2020-10-28 10:00:00;2020-10-28 10:30:00;100.6
1071729215;2020-10-28 10:30:00;2020-10-28 11:00:00;113.1
1071729215;2020-10-28 11:00:00;2020-10-28 11:30:00;103.2
1071729215;2020-10-28 11:30:00;2020-10-28 12:00:00;92.1
1071729215;2020-10-28 12:00:00;2020-10-28 12:30:00;101.6
1071729215;2020-10-28 12:30:00;2020-10-28 13:00:00;94.03333333333333
1071729215;2020-10-28 13:00:00;2020-10-28 13:30:00;95.93103448275862
1071729215;2020-10-28 13:30:00;2020-10-28 14:00:00;95.16666666666667
1071729215;2020-10-28 14:00:00;2020-10-28 14:30:00;107.96666666666667
1071729215;2020-10-28 14:30:00;2020-10-28 15:00:00;110.06666666666666
1071729215;2020-10-28 15:00:00;2020-10-28 15:30:00;87.2
1071729215;2020-10-28 15:30:00;2020-10-28 16:00:00;86.7
1071729215;2020-10-28 16:00:00;2020-10-28 16:30:00;92.5
1071729215;2020-10-28 16:30:00;2020-10-28 17:00:00;95.9
1071729215;2020-10-28 17:00:00;2020-10-28 17:30:00;100.73333333333333
1071729215;2020-10-28 17:30:00;2020-10-28 18:00:00;100.76666666666667
1071729215;2020-10-28 18:00:00;2020-10-28 18:30:00;103.1
1071729215;2020-10-28 18:30:00;2020-10-28 19:00:00;103.46666666666667
1071729215;2020-10-28 19:00:00;2020-10-28 19:30:00;109.43333333333334
1071729215;2020-10-28 19:30:00;2020-10-28 20:00:00;97.73333333333333
1071729215;2020-10-28 20:00:00;2020-10-28 20:30:00;104.9
1071729215;2020-10-28 20:30:00;2020-10-28 21:00:00;99.3
1071729215;2020-10-28 21:00:00;2020-10-28 21:30:00;100.5
1071729215;2020-10-28 21:30:00;2020-10-28 22:00:00;101.0
1071729215;2020-10-28 22:00:00;2020-10-28 22:30:00;101.0
1071729215;2020-10-28 22:30:00;2020-10-28 23:00:00;101.0
1071729215;2020-10-28 23:00:00;2020-10-28 23:30:00;101.0
1071729215;2020-10-28 23:30:00;2020-10-28 23:59:59;101.0
1071729215;2020-10-29 00:00:00;2020-10-29 00:30:00;93.73333333333333
1071729215;2020-10-29 00:30:00;2020-10-29 01:00:00;101.0
1071729215;2020-10-29 01:00:00;2020-10-29 01:30:00;101.0
1071729215;2020-10-29 01:30:00;2020-10-29 02:00:00;101.0
1071729215;2020-10-29 02:00:00;2020-10-29 02:30:00;109.13333333333334
1071729215;2020-10-29 02:30:00;2020-10-29 03:00:00;101.0
1071729215;2020-10-29 03:00:00;2020-10-29 03:30:00;101.0
1071729215;2020-10-29 03:30:00;2020-10-29 04:00:00;99.3
1071729215;2020-10-29 04:00:00;2020-10-29 04:30:00;92.9
1071729215;2020-10-29 04:30:00;2020-10-29 05:00:00;93.5
1071729215;2020-10-29 05:00:00;2020-10-29 05:30:00;99.76666666666667
1071729215;2020-10-29 05:30:00;2020-10-29 06:00:00;111.96666666666667
1071729215;2020-10-29 06:00:00;2020-10-29 06:30:00;110.8
1071729215;2020-10-29 06:30:00;2020-10-29 07:00:00;90.06666666666666
1071729215;2020-10-29 07:00:00;2020-10-29 07:30:00;89.76666666666667
1071729215;2020-10-29 07:30:00;2020-10-29 08:00:00;96.53333333333333
1071729215;2020-10-29 08:00:00;2020-10-29 08:30:00;101.93333333333334
1071729215;2020-10-29 08:30:00;2020-10-29 09:00:00;94.66666666666667
1071729215;2020-10-29 09:00:00;2020-10-29 09:30:00;106.6
1071729215;2020-10-29 09:30:00;2020-10-29 10:00:00;94.93333333333334
1071729215;2020-10-29 10:00:00;2020-10-29 10:30:00;94.53333333333333
1071729215;2020-10-29 10:30:00;2020-10-29 11:00:00;106.06666666666666
1071729215;2020-10-29 11:00:00;2020-10-29 11:30:00;96.13333333333334
1071729215;2020-10-29 11:30:00;2020-10-29 12:00:00;104.53333333333333
1071729215;2020-10-29 12:00:00;2020-10-29 12:30:00;101.63333333333334
1071729215;2020-10-29 12:30:00;2020-10-29 13:00:00;101.7
1071729215;2020-10-29 13:00:00;2020-10-29 13:30:00;110.93333333333334
1071729215;2020-10-29 13:30:00;2020-10-29 14:00:00;95.53333333333333
1071729215;2020-10-29 14:00:00;2020-10-29 14:30:00;104.36666666666666
1071729215;2020-10-29 14:30:00;2020-10-29 15:00:00;107.53333333333333
1071729215;2020-10-29 15:00:00;2020-10-29 15:30:00;93.83333333333333
1071729215;2020-10-29 15:30:00;2020-10-29 16:00:00;98.33333333333333
1071729215;2020-10-29 16:00:00;2020-10-29 16:30:00;94.1
1071729215;2020-10-29 16:30:00;2020-10-29 17:00:00;93.76666666666667
1071729215;2020-10-29 17:00:00;2020-10-29 17:30:00;98.36666666666666
1071729215;2020-10-29 17:30:00;2020-10-29 18:00:00;95.73333333333333
1071729215;2020-10-29 18:00:00;2020-10-29 18:30:00;99.73333333333333
1071729215;2020-10-29 18:30:00;2020-10-29 19:00:00;104.66666666666667
1071729215;2020-10-29 19:00:00;2020-10-29 19:30:00;98.36666666666666
1071729215;2020-10-29 19:30:00;2020-10-29 20:00:00;95.8
1071729215;2020-10-29 20:00:00;2020-10-29 20:30:00;102.1
1071729215;2020-10-29 20:30:00;2020-10-29 21:00:00;100.36666666666666
1071729215;2020-10-29 21:00:00;2020-10-29 21:30:00;101.0
1071729215;2020-10-29 21:30:00;2020-10-29 22:00:00;101.26666666666667
1071729215;2020-10-29 22:00:00;2020-10-29 22:30:00;94.36666666666666
1071729215;2020-10-29 22:30:00;2020-10-29 23:00:00;95.76666666666667
1071729215;2020-10-29 23:00:00;2020-10-29 23:30:00;105.66666666666667
1071729215;2020-10-29 23:30:00;2020-10-29 23:59:59;98.56666666666666
1071729215;2020-10-30 00:00:00;2020-10-30 00:30:00;88.26666666666667
1071729215;2020-10-30 00:30:00;2020-10-30 01:00:00;90.6
1071729215;2020-10-30 01:00:00;2020-10-30 01:30:00;101.0
1071729215;2020-10-30 01:30:00;2020-10-30 02:00:00;94.8
1071729215;2020-10-30 02:00:00;2020-10-30 02:30:00;100.53333333333333
1071729215;2020-10-30 02:30:00;2020-10-30 03:00:00;101.0
1071729215;2020-10-30 03:00:00;2020-10-30 03:30:00;103.66666666666667
1071729215;2020-10-30 03:30:00;2020-10-30 04:00:00;111.1
1071729215;2020-10-30 04:00:00;2020-10-30 04:30:00;100.33333333333333
1071729215;2020-10-30 04:30:00;2020-10-30 05:00:00;100.0
1071729215;2020-10-30 05:00:00;2020-10-30 05:30:00;100.0
1071729215;2020-10-30 05:30:00;2020-10-30 06:00:00;103.16666666666667
1071729215;2020-10-30 06:00:00;2020-10-30 06:30:00;106.23333333333333
1071729215;2020-10-30 06:30:00;2020-10-30 07:00:00;107.23333333333333
1071729215;2020-10-30 07:00:00;2020-10-30 07:30:00;104.3
1071729215;2020-10-30 07:30:00;2020-10-30 08:00:00;102.1
1071729215;2020-10-30 08:00:00;2020-10-30 08:30:00;102.46666666666667
1071729215;2020-10-30 08:30:00;2020-10-30 09:00:00;108.56666666666666
1071729215;2020-10-30 09:00:00;2020-10-30 09:30:00;110.9
1071729215;2020-10-30 09:30:00;2020-10-30 10:00:00;103.33333333333333
1071729215;2020-10-30 10:00:00;2020-10-30 10:30:00;113.86666666666666
1071729215;2020-10-30 10:30:00;2020-10-30 11:00:00;100.96666666666667
1071729215;2020-10-30 11:00:00;2020-10-30 11:30:00;106.6
1071729215;2020-10-30 11:30:00;2020-10-30 12:00:00;106.1
1071729215;2020-10-30 12:00:00;2020-10-30 12:30:00;106.6
1071729215;2020-10-30 12:30:00;2020-10-30 13:00:00;92.66666666666667
1071729215;2020-10-30 13:00:00;2020-10-30 13:30:00;111.96666666666667
1071729215;2020-10-30 13:30:00;2020-10-30 14:00:00;96.63333333333334
1071729215;2020-10-30 14:00:00;2020-10-30 14:30:00;90.9
1071729215;2020-10-30 14:30:00;2020-10-30 15:00:00;101.26666666666667
1071729215;2020-10-30 15:00:00;2020-10-30 15:30:00;101.06666666666666
1071729215;2020-10-30 15:30:00;2020-10-30 16:00:00;97.96666666666667
1071729215;2020-10-30 16:00:00;2020-10-30 16:30:00;106.3
1071729215;2020-10-30 16:30:00;2020-10-30 17:00:00;100.03333333333333
1071729215;2020-10-30 17:00:00;2020-10-30 17:30:00;105.9
1071729215;2020-10-30 17:30:00;2020-10-30 18:00:00;108.0
1071729215;2020-10-30 18:00:00;2020-10-30 18:30:00;112.56666666666666
1071729215;2020-10-30 18:30:00;2020-10-30 19:00:00;108.13333333333334
1071729215;2020-10-30 19:00:00;2020-10-30 19:30:00;103.93333333333334
1071729215;2020-10-30 19:30:00;2020-10-30 20:00:00;94.13333333333334
1071729215;2020-10-30 20:00:00;2020-10-30 20:30:00;106.8
1071729215;2020-10-30 20:30:00;2020-10-30 21:00:00;108.63333333333334
1071729215;2020-10-30 21:00:00;2020-10-30 21:30:00;96.63333333333334
1071729215;2020-10-30 21:30:00;2020-10-30 22:00:00;96.76666666666667
1071729215;2020-10-30 22:00:00;2020-10-30 22:30:00;90.06666666666666
1071729215;2020-10-30 22:30:00;2020-10-30 23:00:00;94.0
1071729215;2020-10-30 23:00:00;2020-10-30 23:30:00;80.0
1071729215;2020-10-30 23:30:00;2020-10-30 23:59:59;87.53333333333333
1071729215;2020-10-31 00:00:00;2020-10-31 00:30:00;94.96666666666667
1071729215;2020-10-31 00:30:00;2020-10-31 01:00:00;101.0
1071729215;2020-10-31 01:00:00;2020-10-31 01:30:00;101.0
1071729215;2020-10-31 01:30:00;2020-10-31 02:00:00;101.0
1071729215;2020-10-31 02:00:00;2020-10-31 02:30:00;101.0
1071729215;2020-10-31 02:30:00;2020-10-31 03:00:00;101.0
1071729215;2020-10-31 03:00:00;2020-10-31 03:30:00;101.0
1071729215;2020-10-31 03:30:00;2020-10-31 04:00:00;101.0
1071729215;2020-10-31 04:00:00;2020-10-31 04:30:00;95.03333333333333
1071729215;2020-10-31 04:30:00;2020-10-31 05:00:00;93.8
1071729215;2020-10-31 05:00:00;2020-10-31 05:30:00;87.6
1071729215;2020-10-31 05:30:00;2020-10-31 06:00:00;111.96666666666667
1071729215;2020-10-31 06:00:00;2020-10-31 06:30:00;100.6
1071729215;2020-10-31 06:30:00;2020-10-31 07:00:00;92.46666666666667
1071729215;2020-10-31 07:00:00;2020-10-31 07:30:00;109.96666666666667
1071729215;2020-10-31 07:30:00;2020-10-31 08:00:00;98.33333333333333
1071729215;2020-10-31 08:00:00;2020-10-31 08:30:00;102.16666666666667
1071729215;2020-10-31 08:30:00;2020-10-31 09:00:00;110.4
1071729215;2020-10-31 09:00:00;2020-10-31 09:30:00;108.23333333333333
1071729215;2020-10-31 09:30:00;2020-10-31 10:00:00;116.06666666666666
1071729215;2020-10-31 10:00:00;2020-10-31 10:30:00;110.5
1071729215;2020-10-31 10:30:00;2020-10-31 11:00:00;105.1
1071729215;2020-10-31 11:00:00;2020-10-31 11:30:00;97.0
1071729215;2020-10-31 11:30:00;2020-10-31 12:00:00;113.9
1071729215;2020-10-31 12:00:00;2020-10-31 12:30:00;97.5
1071729215;2020-10-31 12:30:00;2020-10-31 13:00:00;109.96666666666667
1071729215;2020-10-31 13:00:00;2020-10-31 13:30:00;113.36666666666666
1071729215;2020-10-31 13:30:00;2020-10-31 14:00:00;106.3
1071729215;2020-10-31 14:00:00;2020-10-31 14:30:00;82.2
1071729215;2020-10-31 14:30:00;2020-10-31 15:00:00;102.8
1071729215;2020-10-31 15:00:00;2020-10-31 15:30:00;97.93333333333334
1071729215;2020-10-31 15:30:00;2020-10-31 16:00:00;106.63333333333334
1071729215;2020-10-31 16:00:00;2020-10-31 16:30:00;88.63333333333334
1071729215;2020-10-31 16:30:00;2020-10-31 17:00:00;105.3
1071729215;2020-10-31 17:00:00;2020-10-31 17:30:00;102.1
1071729215;2020-10-31 17:30:00;2020-10-31 18:00:00;102.83333333333333
1071729215;2020-10-31 18:00:00;2020-10-31 18:30:00;103.7
1071729215;2020-10-31 18:30:00;2020-10-31 19:00:00;97.8
1071729215;2020-10-31 19:00:00;2020-10-31 19:30:00;97.0
1071729215;2020-10-31 19:30:00;2020-10-31 20:00:00;106.13333333333334
1071729215;2020-10-31 20:00:00;2020-10-31 20:30:00;111.6
1071729215;2020-10-31 20:30:00;2020-10-31 21:00:00;113.3
1071729215;2020-10-31 21:00:00;2020-10-31 21:30:00;106.46666666666667
1071729215;2020-10-31 21:30:00;2020-10-31 22:00:00;102.6
1071729215;2020-10-31 22:00:00;2020-10-31 22:30:00;98.13333333333334
1071729215;2020-10-31 22:30:00;2020-10-31 23:00:00;101.0
1071729215;2020-10-31 23:00:00;2020-10-31 23:30:00;101.0
1071729215;2020-10-31 23:30:00;2020-10-31 23:59:59;101.0
1071729215;2020-11-01 00:00:00;2020-11-01 00:30:00;104.6
1071729215;2020-11-01 00:30:00;2020-11-01 01:00:00;101.0
1071729215;2020-11-01 01:00:00;2020-11-01 01:30:00;94.26666666666667
1071729215;2020-11-01 01:30:00;2020-11-01 02:00:00;101.0
1071729215;2020-11-01 02:00:00;2020-11-01 02:30:00;101.0
1071729215;2020-11-01 02:30:00;2020-11-01 03:00:00;100.93333333333334
1071729215;2020-11-01 03:00:00;2020-11-01 03:30:00;97.66666666666667
1071729215;2020-11-01 03:30:00;2020-11-01 04:00:00;101.03333333333333
1071729215;2020-11-01 04:00:00;2020-11-01 04:30:00;95.4
1071729215;2020-11-01 04:30:00;2020-11-01 05:00:00;95.0
1071729215;2020-11-01 05:00:00;2020-11-01 05:30:00;97.0
1071729215;2020-11-01 05:30:00;2020-11-01 06:00:00;97.3
1071729215;2020-11-01 06:00:00;2020-11-01 06:30:00;93.63333333333334
1071729215;2020-11-01 06:30:00;2020-11-01 07:00:00;102.46666666666667
1071729215;2020-11-01 07:00:00;2020-11-01 07:30:00;104.33333333333333
1071729215;2020-11-01 07:30:00;2020-11-01 08:00:00;101.13333333333334
1071729215;2020-11-01 08:00:00;2020-11-01 08:30:00;97.0
1071729215;2020-11-01 08:30:00;2020-11-01 09:00:00;110.26666666666667
1071729215;2020-11-01 09:00:00;2020-11-01 09:30:00;105.7
1071729215;2020-11-01 09:30:00;2020-11-01 10:00:00;103.93333333333334
1071729215;2020-11-01 10:00:00;2020-11-01 10:30:00;102.63333333333334
1071729215;2020-11-01 10:30:00;2020-11-01 11:00:00;106.46666666666667
1071729215;2020-11-01 11:00:00;2020-11-01 11:30:00;87.26666666666667
1071729215;2020-11-01 11:30:00;2020-11-01 12:00:00;89.13333333333334
1071729215;2020-11-01 12:00:00;2020-11-01 12:30:00;93.4
1071729215;2020-11-01 12:30:00;2020-11-01 13:00:00;97.36666666666666
1071729215;2020-11-01 13:00:00;2020-11-01 13:30:00;95.8
1071729215;2020-11-01 13:30:00;2020-11-01 14:00:00;92.6
1071729215;2020-11-01 14:00:00;2020-11-01 14:30:00;88.53333333333333
1071729215;2020-11-01 14:30:00;2020-11-01 15:00:00;85.76666666666667
1071729215;2020-11-01 15:00:00;2020-11-01 15:30:00;83.5
1071729215;2020-11-01 15:30:00;2020-11-01 16:00:00;73.96666666666667
1071729215;2020-11-01 16:00:00;2020-11-01 16:30:00;63.43333333333333
1071729215;2020-11-01 16:30:00;2020-11-01 17:00:00;67.03333333333333
1071729215;2020-11-01 17:00:00;2020-11-01 17:30:00;73.26666666666667
1071729215;2020-11-01 17:30:00;2020-11-01 18:00:00;74.3
1071729215;2020-11-01 18:00:00;2020-11-01 18:30:00;78.66666666666667
1071729215;2020-11-01 18:30:00;2020-11-01 19:00:00;85.86666666666666
1071729215;2020-11-01 19:00:00;2020-11-01 19:30:00;103.43333333333334
1071729215;2020-11-01 19:30:00;2020-11-01 20:00:00;110.16666666666667
1071729215;2020-11-01 20:00:00;2020-11-01 20:30:00;99.66666666666667
1071729215;2020-11-01 20:30:00;2020-11-01 21:00:00;98.36666666666666
1071729215;2020-11-01 21:00:00;2020-11-01 21:30:00;109.53333333333333
1071729215;2020-11-01 21:30:00;2020-11-01 22:00:00;105.4
1071729215;2020-11-01 22:00:00;2020-11-01 22:30:00;111.06666666666666
1071729215;2020-11-01 22:30:00;2020-11-01 23:00:00;101.73333333333333
1071729215;2020-11-01 23:00:00;2020-11-01 23:30:00;103.73333333333333
1071729215;2020-11-01 23:30:00;2020-11-01 23:59:59;101.13333333333334
1071729215;2020-11-02 00:00:00;2020-11-02 00:30:00;101.0
1071729215;2020-11-02 00:30:00;2020-11-02 01:00:00;101.0
1071729215;2020-11-02 01:00:00;2020-11-02 01:30:00;101.0
1071729215;2020-11-02 01:30:00;2020-11-02 02:00:00;101.0
1071729215;2020-11-02 02:00:00;2020-11-02 02:30:00;101.0
1071729215;2020-11-02 02:30:00;2020-11-02 03:00:00;101.0
1071729215;2020-11-02 03:00:00;2020-11-02 03:30:00;101.0
1071729215;2020-11-02 03:30:00;2020-11-02 04:00:00;101.6
1071729215;2020-11-02 04:00:00;2020-11-02 04:30:00;103.33333333333333
1071729215;2020-11-02 04:30:00;2020-11-02 05:00:00;105.06666666666666
1071729215;2020-11-02 05:00:00;2020-11-02 05:30:00;106.53333333333333
1071729215;2020-11-02 05:30:00;2020-11-02 06:00:00;105.16666666666667
1071729215;2020-11-02 06:00:00;2020-11-02 06:30:00;94.83333333333333
1071729215;2020-11-02 06:30:00;2020-11-02 07:00:00;98.56666666666666
1071729215;2020-11-02 07:00:00;2020-11-02 07:30:00;95.2
1071729215;2020-11-02 07:30:00;2020-11-02 08:00:00;104.7
1071729215;2020-11-02 08:00:00;2020-11-02 08:30:00;100.63333333333334
1071729215;2020-11-02 08:30:00;2020-11-02 09:00:00;108.66666666666667
1071729215;2020-11-02 09:00:00;2020-11-02 09:30:00;107.26086956521739
1071729215;2020-11-02 09:30:00;2020-11-02 10:00:00;98.11538461538461
1071729215;2020-11-02 10:00:00;2020-11-02 10:30:00;100.83333333333333
1071729215;2020-11-02 10:30:00;2020-11-02 11:00:00;97.33333333333333
1071729215;2020-11-02 11:00:00;2020-11-02 11:30:00;104.06666666666666
1071729215;2020-11-02 11:30:00;2020-11-02 12:00:00;104.63333333333334
1071729215;2020-11-02 12:00:00;2020-11-02 12:30:00;104.53333333333333
1071729215;2020-11-02 12:30:00;2020-11-02 13:00:00;87.26666666666667
1071729215;2020-11-02 13:00:00;2020-11-02 13:30:00;96.8
1071729215;2020-11-02 13:30:00;2020-11-02 14:00:00;96.83333333333333
1071729215;2020-11-02 14:00:00;2020-11-02 14:30:00;91.13333333333334
1071729215;2020-11-02 14:30:00;2020-11-02 15:00:00;103.76666666666667
1071729215;2020-11-02 15:00:00;2020-11-02 15:30:00;87.83333333333333
1071729215;2020-11-02 15:30:00;2020-11-02 16:00:00;96.5
1071729215;2020-11-02 16:00:00;2020-11-02 16:30:00;104.8
1071729215;2020-11-02 16:30:00;2020-11-02 17:00:00;78.93333333333334
1071729215;2020-11-02 17:00:00;2020-11-02 17:30:00;89.76666666666667
1071729215;2020-11-02 17:30:00;2020-11-02 18:00:00;81.0
1071729215;2020-11-02 18:00:00;2020-11-02 18:30:00;96.26666666666667
1071729215;2020-11-02 18:30:00;2020-11-02 19:00:00;100.03333333333333
1071729215;2020-11-02 19:00:00;2020-11-02 19:30:00;112.8
1071729215;2020-11-02 19:30:00;2020-11-02 20:00:00;110.93333333333334
1071729215;2020-11-02 20:00:00;2020-11-02 20:30:00;106.36666666666666
1071729215;2020-11-02 20:30:00;2020-11-02 21:00:00;106.33333333333333
1071729215;2020-11-02 21:00:00;2020-11-02 21:30:00;107.66666666666667
1071729215;2020-11-02 21:30:00;2020-11-02 22:00:00;109.13333333333334
1071729215;2020-11-02 22:00:00;2020-11-02 22:30:00;100.86666666666666
1071729215;2020-11-02 22:30:00;2020-11-02 23:00:00;100.53333333333333
1071729215;2020-11-02 23:00:00;2020-11-02 23:30:00;101.0
1071729215;2020-11-02 23:30:00;2020-11-02 23:59:59;101.0
1071729215;2020-11-03 00:00:00;2020-11-03 00:30:00;101.0
1071729215;2020-11-03 00:30:00;2020-11-03 01:00:00;101.0
1071729215;2020-11-03 01:00:00;2020-11-03 01:30:00;101.0
1071729215;2020-11-03 01:30:00;2020-11-03 02:00:00;90.5
1071729215;2020-11-03 02:00:00;2020-11-03 02:30:00;96.5
1071729215;2020-11-03 02:30:00;2020-11-03 03:00:00;74.0
1071729215;2020-11-03 03:00:00;2020-11-03 03:30:00;78.43333333333334
1071729215;2020-11-03 03:30:00;2020-11-03 04:00:00;89.53333333333333
1071729215;2020-11-03 04:00:00;2020-11-03 04:30:00;93.0
1071729215;2020-11-03 04:30:00;2020-11-03 05:00:00;92.63333333333334
1071729215;2020-11-03 05:00:00;2020-11-03 05:30:00;93.56666666666666
1071729215;2020-11-03 05:30:00;2020-11-03 06:00:00;100.0
1071729215;2020-11-03 06:00:00;2020-11-03 06:30:00;107.5
1071729215;2020-11-03 06:30:00;2020-11-03 07:00:00;105.73333333333333
1071729215;2020-11-03 07:00:00;2020-11-03 07:30:00;87.73333333333333
1071729215;2020-11-03 07:30:00;2020-11-03 08:00:00;103.66666666666667
1071729215;2020-11-03 08:00:00;2020-11-03 08:30:00;98.03333333333333
1071729215;2020-11-03 08:30:00;2020-11-03 09:00:00;89.33333333333333
1071729215;2020-11-03 09:00:00;2020-11-03 09:30:00;103.36666666666666
1071729215;2020-11-03 09:30:00;2020-11-03 10:00:00;96.96666666666667
1071729215;2020-11-03 10:00:00;2020-11-03 10:30:00;108.76666666666667
1071729215;2020-11-03 10:30:00;2020-11-03 11:00:00;103.93333333333334
1071729215;2020-11-03 11:00:00;2020-11-03 11:30:00;86.36666666666666
1071729215;2020-11-03 11:30:00;2020-11-03 12:00:00;94.26666666666667
1071729215;2020-11-03 12:00:00;2020-11-03 12:30:00;97.66666666666667
1071729215;2020-11-03 12:30:00;2020-11-03 13:00:00;101.3
1071729215;2020-11-03 13:00:00;2020-11-03 13:30:00;93.56666666666666
1071729215;2020-11-03 13:30:00;2020-11-03 14:00:00;89.2
1071729215;2020-11-03 14:00:00;2020-11-03 14:30:00;101.75
1071729215;2020-11-03 14:30:00;2020-11-03 15:00:00;107.94117647058823
1071729215;2020-11-03 15:00:00;2020-11-03 15:30:00;100.32142857142857
1071729215;2020-11-03 15:30:00;2020-11-03 16:00:00;93.96666666666667
1071729215;2020-11-03 16:00:00;2020-11-03 16:30:00;94.9
1071729215;2020-11-03 16:30:00;2020-11-03 17:00:00;103.66666666666667
1071729215;2020-11-03 17:00:00;2020-11-03 17:30:00;90.33333333333333
1071729215;2020-11-03 17:30:00;2020-11-03 18:00:00;103.5
1071729215;2020-11-03 18:00:00;2020-11-03 18:30:00;103.73333333333333
1071729215;2020-11-03 18:30:00;2020-11-03 19:00:00;92.63333333333334
1071729215;2020-11-03 19:00:00;2020-11-03 19:30:00;90.6
1071729215;2020-11-03 19:30:00;2020-11-03 20:00:00;101.3
1071729215;2020-11-03 20:00:00;2020-11-03 20:30:00;94.56666666666666
1071729215;2020-11-03 20:30:00;2020-11-03 21:00:00;89.43333333333334
1071729215;2020-11-03 21:00:00;2020-11-03 21:30:00;89.1
1071729215;2020-11-03 21:30:00;2020-11-03 22:00:00;100.03333333333333
1071729215;2020-11-03 22:00:00;2020-11-03 22:30:00;84.0
1071729215;2020-11-03 22:30:00;2020-11-03 23:00:00;90.5
1071729215;2020-11-03 23:00:00;2020-11-03 23:30:00;96.5
1071729215;2020-11-03 23:30:00;2020-11-03 23:59:59;101.0
1071729215;2020-11-04 00:00:00;2020-11-04 00:30:00;101.0
1071729215;2020-11-04 00:30:00;2020-11-04 01:00:00;101.0
1071729215;2020-11-04 01:00:00;2020-11-04 01:30:00;91.76666666666667
1071729215;2020-11-04 01:30:00;2020-11-04 02:00:00;101.0
1071729215;2020-11-04 02:00:00;2020-11-04 02:30:00;101.0
1071729215;2020-11-04 02:30:00;2020-11-04 03:00:00;101.0
1071729215;2020-11-04 03:00:00;2020-11-04 03:30:00;101.0
1071729215;2020-11-04 03:30:00;2020-11-04 04:00:00;101.0
1071729215;2020-11-04 04:00:00;2020-11-04 04:30:00;85.6
1071729215;2020-11-04 04:30:00;2020-11-04 05:00:00;88.76666666666667
1071729215;2020-11-04 05:00:00;2020-11-04 05:30:00;95.76666666666667
1071729215;2020-11-04 05:30:00;2020-11-04 06:00:00;105.33333333333333
1071729215;2020-11-04 06:00:00;2020-11-04 06:30:00;86.36666666666666
1071729215;2020-11-04 06:30:00;2020-11-04 07:00:00;69.33333333333333
1071729215;2020-11-04 07:00:00;2020-11-04 07:30:00;71.73333333333333
1071729215;2020-11-04 07:30:00;2020-11-04 08:00:00;89.7
1071729215;2020-11-04 08:00:00;2020-11-04 08:30:00;110.85714285714286
1071729215;2020-11-04 08:30:00;2020-11-04 09:00:00;108.88888888888889
1071729215;2020-11-04 09:00:00;2020-11-04 09:30:00;100.53846153846153
1071729215;2020-11-04 09:30:00;2020-11-04 10:00:00;94.26923076923077
1071729215;2020-11-04 10:00:00;2020-11-04 10:30:00;88.42307692307692
1071729215;2020-11-04 10:30:00;2020-11-04 11:00:00;98.43333333333334
1071729215;2020-11-04 11:00:00;2020-11-04 11:30:00;88.23333333333333
1071729215;2020-11-04 11:30:00;2020-11-04 12:00:00;102.03333333333333
1071729215;2020-11-04 12:00:00;2020-11-04 12:30:00;105.4
1071729215;2020-11-04 12:30:00;2020-11-04 13:00:00;111.26666666666667
1071729215;2020-11-04 13:00:00;2020-11-04 13:30:00;86.03333333333333
1071729215;2020-11-04 13:30:00;2020-11-04 14:00:00;92.33333333333333
1071729215;2020-11-04 14:00:00;2020-11-04 14:30:00;89.26666666666667
1071729215;2020-11-04 14:30:00;2020-11-04 15:00:00;114.86666666666666
1071729215;2020-11-04 15:00:00;2020-11-04 15:30:00;97.96666666666667
1071729215;2020-11-04 15:30:00;2020-11-04 16:00:00;92.7
1071729215;2020-11-04 16:00:00;2020-11-04 16:30:00;109.86666666666666
1071729215;2020-11-04 16:30:00;2020-11-04 17:00:00;103.5
1071729215;2020-11-04 17:00:00;2020-11-04 17:30:00;95.0
1071729215;2020-11-04 17:30:00;2020-11-04 18:00:00;91.93333333333334
1071729215;2020-11-04 18:00:00;2020-11-04 18:30:00;104.5
1071729215;2020-11-04 18:30:00;2020-11-04 19:00:00;105.73333333333333
1071729215;2020-11-04 19:00:00;2020-11-04 19:30:00;112.8
1071729215;2020-11-04 19:30:00;2020-11-04 20:00:00;98.06666666666666
1071729215;2020-11-04 20:00:00;2020-11-04 20:30:00;98.26666666666667
1071729215;2020-11-04 20:30:00;2020-11-04 21:00:00;91.33333333333333
1071729215;2020-11-04 21:00:00;2020-11-04 21:30:00;97.1
1071729215;2020-11-04 21:30:00;2020-11-04 22:00:00;101.0
1071729215;2020-11-04 22:00:00;2020-11-04 22:30:00;87.83333333333333
1071729215;2020-11-04 22:30:00;2020-11-04 23:00:00;91.73333333333333
1071729215;2020-11-04 23:00:00;2020-11-04 23:30:00;90.5
1071729215;2020-11-04 23:30:00;2020-11-04 23:59:59;101.0
1071729215;2020-11-05 00:00:00;2020-11-05 00:30:00;101.0
1071729215;2020-11-05 00:30:00;2020-11-05 01:00:00;101.0
1071729215;2020-11-05 01:00:00;2020-11-05 01:30:00;101.0
1071729215;2020-11-05 01:30:00;2020-11-05 02:00:00;101.0
1071729215;2020-11-05 02:00:00;2020-11-05 02:30:00;98.13333333333334
1071729215;2020-11-05 02:30:00;2020-11-05 03:00:00;101.0
1071729215;2020-11-05 03:00:00;2020-11-05 03:30:00;94.8
1071729215;2020-11-05 03:30:00;2020-11-05 04:00:00;101.0
1071729215;2020-11-05 04:00:00;2020-11-05 04:30:00;91.73333333333333
1071729215;2020-11-05 04:30:00;2020-11-05 05:00:00;91.16666666666667
1071729215;2020-11-05 05:00:00;2020-11-05 05:30:00;99.9
1071729215;2020-11-05 05:30:00;2020-11-05 06:00:00;107.9
1071729215;2020-11-05 06:00:00;2020-11-05 06:30:00;106.0
1071729215;2020-11-05 06:30:00;2020-11-05 07:00:00;103.16666666666667
1071729215;2020-11-05 07:00:00;2020-11-05 07:30:00;102.7
1071729215;2020-11-05 07:30:00;2020-11-05 08:00:00;92.33333333333333
1071729215;2020-11-05 08:00:00;2020-11-05 08:30:00;102.26666666666667
1071729215;2020-11-05 08:30:00;2020-11-05 09:00:00;106.6
1071729215;2020-11-05 09:00:00;2020-11-05 09:30:00;98.06666666666666
1071729215;2020-11-05 09:30:00;2020-11-05 10:00:00;91.66666666666667
1071729215;2020-11-05 10:00:00;2020-11-05 10:30:00;110.8
1071729215;2020-11-05 10:30:00;2020-11-05 11:00:00;101.46666666666667
1071729215;2020-11-05 11:00:00;2020-11-05 11:30:00;94.63333333333334
1071729215;2020-11-05 11:30:00;2020-11-05 12:00:00;101.3
1071729215;2020-11-05 12:00:00;2020-11-05 12:30:00;101.76666666666667
1071729215;2020-11-05 12:30:00;2020-11-05 13:00:00;102.6
1071729215;2020-11-05 13:00:00;2020-11-05 13:30:00;106.3
1071729215;2020-11-05 13:30:00;2020-11-05 14:00:00;107.1
1071729215;2020-11-05 14:00:00;2020-11-05 14:30:00;93.9
1071729215;2020-11-05 14:30:00;2020-11-05 15:00:00;112.73333333333333
1071729215;2020-11-05 15:00:00;2020-11-05 15:30:00;91.13333333333334
1071729215;2020-11-05 15:30:00;2020-11-05 16:00:00;102.83333333333333
1071729215;2020-11-05 16:00:00;2020-11-05 16:30:00;96.06666666666666
1071729215;2020-11-05 16:30:00;2020-11-05 17:00:00;103.76666666666667
1071729215;2020-11-05 17:00:00;2020-11-05 17:30:00;98.16666666666667
1071729215;2020-11-05 17:30:00;2020-11-05 18:00:00;103.9
1071729215;2020-11-05 18:00:00;2020-11-05 18:30:00;102.06666666666666
1071729215;2020-11-05 18:30:00;2020-11-05 19:00:00;113.56666666666666
1071729215;2020-11-05 19:00:00;2020-11-05 19:30:00;105.6
1071729215;2020-11-05 19:30:00;2020-11-05 20:00:00;96.23333333333333
1071729215;2020-11-05 20:00:00;2020-11-05 20:30:00;101.83333333333333
1071729215;2020-11-05 20:30:00;2020-11-05 21:00:00;100.86666666666666
1071729215;2020-11-05 21:00:00;2020-11-05 21:30:00;94.76666666666667
1071729215;2020-11-05 21:30:00;2020-11-05 22:00:00;92.8
1071729215;2020-11-05 22:00:00;2020-11-05 22:30:00;85.4
1071729215;2020-11-05 22:30:00;2020-11-05 23:00:00;98.43333333333334
1071729215;2020-11-05 23:00:00;2020-11-05 23:30:00;104.1
1071729215;2020-11-05 23:30:00;2020-11-05 23:59:59;101.0
1071729215;2020-11-06 00:00:00;2020-11-06 00:30:00;101.0
1071729215;2020-11-06 00:30:00;2020-11-06 01:00:00;101.0
1071729215;2020-11-06 01:00:00;2020-11-06 01:30:00;101.0
1071729215;2020-11-06 01:30:00;2020-11-06 02:00:00;101.0
1071729215;2020-11-06 02:00:00;2020-11-06 02:30:00;93.8
1071729215;2020-11-06 02:30:00;2020-11-06 03:00:00;101.0
1071729215;2020-11-06 03:00:00;2020-11-06 03:30:00;101.0
1071729215;2020-11-06 03:30:00;2020-11-06 04:00:00;101.0
1071729215;2020-11-06 04:00:00;2020-11-06 04:30:00;100.0
1071729215;2020-11-06 04:30:00;2020-11-06 05:00:00;100.0
1071729215;2020-11-06 05:00:00;2020-11-06 05:30:00;105.0
1071729215;2020-11-06 05:30:00;2020-11-06 06:00:00;105.06666666666666
1071729215;2020-11-06 06:00:00;2020-11-06 06:30:00;99.23333333333333
1071729215;2020-11-06 06:30:00;2020-11-06 07:00:00;103.13333333333334
1071729215;2020-11-06 07:00:00;2020-11-06 07:30:00;92.83333333333333
1071729215;2020-11-06 07:30:00;2020-11-06 08:00:00;96.76666666666667
1071729215;2020-11-06 08:00:00;2020-11-06 08:30:00;91.6
1071729215;2020-11-06 08:30:00;2020-11-06 09:00:00;96.23333333333333
1071729215;2020-11-06 09:00:00;2020-11-06 09:30:00;93.53333333333333
1071729215;2020-11-06 09:30:00;2020-11-06 10:00:00;88.2
1071729215;2020-11-06 10:00:00;2020-11-06 10:30:00;92.23333333333333
1071729215;2020-11-06 10:30:00;2020-11-06 11:00:00;93.03333333333333
1071729215;2020-11-06 11:00:00;2020-11-06 11:30:00;100.06666666666666
1071729215;2020-11-06 11:30:00;2020-11-06 12:00:00;105.06666666666666
1071729215;2020-11-06 12:00:00;2020-11-06 12:30:00;107.43333333333334
1071729215;2020-11-06 12:30:00;2020-11-06 13:00:00;91.36666666666666
1071729215;2020-11-06 13:00:00;2020-11-06 13:30:00;89.7
1071729215;2020-11-06 13:30:00;2020-11-06 14:00:00;89.4
1071729215;2020-11-06 14:00:00;2020-11-06 14:30:00;94.36666666666666
1071729215;2020-11-06 14:30:00;2020-11-06 15:00:00;110.23333333333333
1071729215;2020-11-06 15:00:00;2020-11-06 15:30:00;101.23333333333333
1071729215;2020-11-06 15:30:00;2020-11-06 16:00:00;120.16666666666667
1071729215;2020-11-06 16:00:00;2020-11-06 16:30:00;106.5
1071729215;2020-11-06 16:30:00;2020-11-06 17:00:00;104.86666666666666
1071729215;2020-11-06 17:00:00;2020-11-06 17:30:00;96.8
1071729215;2020-11-06 17:30:00;2020-11-06 18:00:00;102.3
1071729215;2020-11-06 18:00:00;2020-11-06 18:30:00;101.8
1071729215;2020-11-06 18:30:00;2020-11-06 19:00:00;106.93333333333334
1071729215;2020-11-06 19:00:00;2020-11-06 19:30:00;98.63333333333334
1071729215;2020-11-06 19:30:00;2020-11-06 20:00:00;85.1
1071729215;2020-11-06 20:00:00;2020-11-06 20:30:00;96.83333333333333
1071729215;2020-11-06 20:30:00;2020-11-06 21:00:00;107.93333333333334
1071729215;2020-11-06 21:00:00;2020-11-06 21:30:00;108.46666666666667
1071729215;2020-11-06 21:30:00;2020-11-06 22:00:00;99.86666666666666
1071729215;2020-11-06 22:00:00;2020-11-06 22:30:00;104.7
1071729215;2020-11-06 22:30:00;2020-11-06 23:00:00;108.73333333333333
1071729215;2020-11-06 23:00:00;2020-11-06 23:30:00;101.0
1071729215;2020-11-06 23:30:00;2020-11-06 23:59:59;101.0
1071729215;2020-11-07 00:00:00;2020-11-07 00:30:00;101.0
1071729215;2020-11-07 00:30:00;2020-11-07 01:00:00;94.46666666666667
1071729215;2020-11-07 01:00:00;2020-11-07 01:30:00;95.86666666666666
1071729215;2020-11-07 01:30:00;2020-11-07 02:00:00;94.03333333333333
1071729215;2020-11-07 02:00:00;2020-11-07 02:30:00;104.0
1071729215;2020-11-07 02:30:00;2020-11-07 03:00:00;100.13333333333334
1071729215;2020-11-07 03:00:00;2020-11-07 03:30:00;98.93333333333334
1071729215;2020-11-07 03:30:00;2020-11-07 04:00:00;95.26666666666667
1071729215;2020-11-07 04:00:00;2020-11-07 04:30:00;88.46666666666667
1071729215;2020-11-07 04:30:00;2020-11-07 05:00:00;86.13333333333334
1071729215;2020-11-07 05:00:00;2020-11-07 05:30:00;98.3
1071729215;2020-11-07 05:30:00;2020-11-07 06:00:00;102.6
1071729215;2020-11-07 06:00:00;2020-11-07 06:30:00;100.43333333333334
1071729215;2020-11-07 06:30:00;2020-11-07 07:00:00;98.0
1071729215;2020-11-07 07:00:00;2020-11-07 07:30:00;107.63333333333334
1071729215;2020-11-07 07:30:00;2020-11-07 08:00:00;100.2
1071729215;2020-11-07 08:00:00;2020-11-07 08:30:00;102.86666666666666
1071729215;2020-11-07 08:30:00;2020-11-07 09:00:00;102.43333333333334
1071729215;2020-11-07 09:00:00;2020-11-07 09:30:00;99.16666666666667
1071729215;2020-11-07 09:30:00;2020-11-07 10:00:00;96.3
1071729215;2020-11-07 10:00:00;2020-11-07 10:30:00;100.36666666666666
1071729215;2020-11-07 10:30:00;2020-11-07 11:00:00;110.83333333333333
1071729215;2020-11-07 11:00:00;2020-11-07 11:30:00;97.83333333333333
1071729215;2020-11-07 11:30:00;2020-11-07 12:00:00;91.6
1071729215;2020-11-07 12:00:00;2020-11-07 12:30:00;113.66666666666667
1071729215;2020-11-07 12:30:00;2020-11-07 13:00:00;103.0
1071729215;2020-11-07 13:00:00;2020-11-07 13:30:00;101.3
1071729215;2020-11-07 13:30:00;2020-11-07 14:00:00;104.4
1071729215;2020-11-07 14:00:00;2020-11-07 14:30:00;113.4
1071729215;2020-11-07 14:30:00;2020-11-07 15:00:00;126.43333333333334
1071729215;2020-11-07 15:00:00;2020-11-07 15:30:00;109.43333333333334
1071729215;2020-11-07 15:30:00;2020-11-07 16:00:00;106.63333333333334
1071729215;2020-11-07 16:00:00;2020-11-07 16:30:00;100.1
1071729215;2020-11-07 16:30:00;2020-11-07 17:00:00;107.16666666666667
1071729215;2020-11-07 17:00:00;2020-11-07 17:30:00;97.3
1071729215;2020-11-07 17:30:00;2020-11-07 18:00:00;116.8
1071729215;2020-11-07 18:00:00;2020-11-07 18:30:00;95.13333333333334
1071729215;2020-11-07 18:30:00;2020-11-07 19:00:00;93.53333333333333
1071729215;2020-11-07 19:00:00;2020-11-07 19:30:00;107.93333333333334
1071729215;2020-11-07 19:30:00;2020-11-07 20:00:00;111.2
1071729215;2020-11-07 20:00:00;2020-11-07 20:30:00;112.8
1071729215;2020-11-07 20:30:00;2020-11-07 21:00:00;101.3
1071729215;2020-11-07 21:00:00;2020-11-07 21:30:00;105.0
1071729215;2020-11-07 21:30:00;2020-11-07 22:00:00;97.7
1071729215;2020-11-07 22:00:00;2020-11-07 22:30:00;100.4
1071729215;2020-11-07 22:30:00;2020-11-07 23:00:00;95.2
1071729215;2020-11-07 23:00:00;2020-11-07 23:30:00;96.0
1071729215;2020-11-07 23:30:00;2020-11-07 23:59:59;106.33333333333333
1071729215;2020-11-08 00:00:00;2020-11-08 00:30:00;103.3
1071729215;2020-11-08 00:30:00;2020-11-08 01:00:00;101.0
1071729215;2020-11-08 01:00:00;2020-11-08 01:30:00;101.0
1071729215;2020-11-08 01:30:00;2020-11-08 02:00:00;93.8
1071729215;2020-11-08 02:00:00;2020-11-08 02:30:00;107.63333333333334
1071729215;2020-11-08 02:30:00;2020-11-08 03:00:00;101.0
1071729215;2020-11-08 03:00:00;2020-11-08 03:30:00;103.93333333333334
1071729215;2020-11-08 03:30:00;2020-11-08 04:00:00;110.86666666666666
1071729215;2020-11-08 04:00:00;2020-11-08 04:30:00;100.3
1071729215;2020-11-08 04:30:00;2020-11-08 05:00:00;90.13333333333334
1071729215;2020-11-08 05:00:00;2020-11-08 05:30:00;96.46666666666667
1071729215;2020-11-08 05:30:00;2020-11-08 06:00:00;97.0
1071729215;2020-11-08 06:00:00;2020-11-08 06:30:00;97.0
1071729215;2020-11-08 06:30:00;2020-11-08 07:00:00;97.0
1071729215;2020-11-08 07:00:00;2020-11-08 07:30:00;92.46666666666667
1071729215;2020-11-08 07:30:00;2020-11-08 08:00:00;92.56666666666666
1071729215;2020-11-08 08:00:00;2020-11-08 08:30:00;103.0
1071729215;2020-11-08 08:30:00;2020-11-08 09:00:00;98.66666666666667
1071729215;2020-11-08 09:00:00;2020-11-08 09:30:00;112.66666666666667
1071729215;2020-11-08 09:30:00;2020-11-08 10:00:00;103.8
1071729215;2020-11-08 10:00:00;2020-11-08 10:30:00;109.2
1071729215;2020-11-08 10:30:00;2020-11-08 11:00:00;98.96666666666667
1071729215;2020-11-08 11:00:00;2020-11-08 11:30:00;106.23333333333333
1071729215;2020-11-08 11:30:00;2020-11-08 12:00:00;102.9
1071729215;2020-11-08 12:00:00;2020-11-08 12:30:00;112.53333333333333
1071729215;2020-11-08 12:30:00;2020-11-08 13:00:00;109.03333333333333
1071729215;2020-11-08 13:00:00;2020-11-08 13:30:00;93.23333333333333
1071729215;2020-11-08 13:30:00;2020-11-08 14:00:00;97.46666666666667
1071729215;2020-11-08 14:00:00;2020-11-08 14:30:00;103.9
1071729215;2020-11-08 14:30:00;2020-11-08 15:00:00;97.1
1071729215;2020-11-08 15:00:00;2020-11-08 15:30:00;87.63333333333334
1071729215;2020-11-08 15:30:00;2020-11-08 16:00:00;88.23333333333333
1071729215;2020-11-08 16:00:00;2020-11-08 16:30:00;97.63333333333334
1071729215;2020-11-08 16:30:00;2020-11-08 17:00:00;97.86666666666666
1071729215;2020-11-08 17:00:00;2020-11-08 17:30:00;99.86666666666666
1071729215;2020-11-08 17:30:00;2020-11-08 18:00:00;109.36666666666666
1071729215;2020-11-08 18:00:00;2020-11-08 18:30:00;104.13333333333334
1071729215;2020-11-08 18:30:00;2020-11-08 19:00:00;107.36666666666666
1071729215;2020-11-08 19:00:00;2020-11-08 19:30:00;116.36666666666666
1071729215;2020-11-08 19:30:00;2020-11-08 20:00:00;108.8
1071729215;2020-11-08 20:00:00;2020-11-08 20:30:00;106.7
1071729215;2020-11-08 20:30:00;2020-11-08 21:00:00;105.93333333333334
1071729215;2020-11-08 21:00:00;2020-11-08 21:30:00;115.96666666666667
1071729215;2020-11-08 21:30:00;2020-11-08 22:00:00;110.9
1071729215;2020-11-08 22:00:00;2020-11-08 22:30:00;105.53333333333333
1071729215;2020-11-08 22:30:00;2020-11-08 23:00:00;125.86666666666666
1071729215;2020-11-08 23:00:00;2020-11-08 23:30:00;96.06666666666666
1071729215;2020-11-08 23:30:00;2020-11-08 23:59:59;99.1
1071729215;2020-11-09 00:00:00;2020-11-09 00:30:00;98.0
1071729215;2020-11-09 00:30:00;2020-11-09 01:00:00;99.66666666666667
1071729215;2020-11-09 01:00:00;2020-11-09 01:30:00;100.33333333333333
1071729215;2020-11-09 01:30:00;2020-11-09 02:00:00;101.0
1071729215;2020-11-09 02:00:00;2020-11-09 02:30:00;101.0
1071729215;2020-11-09 02:30:00;2020-11-09 03:00:00;101.0
1071729215;2020-11-09 03:00:00;2020-11-09 03:30:00;100.1
1071729215;2020-11-09 03:30:00;2020-11-09 04:00:00;108.56666666666666
1071729215;2020-11-09 04:00:00;2020-11-09 04:30:00;108.6
1071729215;2020-11-09 04:30:00;2020-11-09 05:00:00;105.0
1071729215;2020-11-09 05:00:00;2020-11-09 05:30:00;105.0
1071729215;2020-11-09 05:30:00;2020-11-09 06:00:00;106.06666666666666
1071729215;2020-11-09 06:00:00;2020-11-09 06:30:00;103.4
1071729215;2020-11-09 06:30:00;2020-11-09 07:00:00;109.46666666666667
1071729215;2020-11-09 07:00:00;2020-11-09 07:30:00;108.73333333333333
1071729215;2020-11-09 07:30:00;2020-11-09 08:00:00;100.1
1071729215;2020-11-09 08:00:00;2020-11-09 08:30:00;93.63333333333334
1071729215;2020-11-09 08:30:00;2020-11-09 09:00:00;104.83333333333333
1071729215;2020-11-09 09:00:00;2020-11-09 09:30:00;114.03333333333333
1071729215;2020-11-09 09:30:00;2020-11-09 10:00:00;100.5
1071729215;2020-11-09 10:00:00;2020-11-09 10:30:00;102.43333333333334
1071729215;2020-11-09 10:30:00;2020-11-09 11:00:00;101.36666666666666
1071729215;2020-11-09 11:00:00;2020-11-09 11:30:00;104.96666666666667
1071729215;2020-11-09 11:30:00;2020-11-09 12:00:00;96.46666666666667
1071729215;2020-11-09 12:00:00;2020-11-09 12:30:00;98.16666666666667
1071729215;2020-11-09 12:30:00;2020-11-09 13:00:00;96.33333333333333
1071729215;2020-11-09 13:00:00;2020-11-09 13:30:00;96.0
1071729215;2020-11-09 13:30:00;2020-11-09 14:00:00;89.53333333333333
1071729215;2020-11-09 14:00:00;2020-11-09 14:30:00;94.43333333333334
1071729215;2020-11-09 14:30:00;2020-11-09 15:00:00;100.7
1071729215;2020-11-09 15:00:00;2020-11-09 15:30:00;92.83333333333333
1071729215;2020-11-09 15:30:00;2020-11-09 16:00:00;89.86666666666666
1071729215;2020-11-09 16:00:00;2020-11-09 16:30:00;99.26666666666667
1071729215;2020-11-09 16:30:00;2020-11-09 17:00:00;100.2
1071729215;2020-11-09 17:00:00;2020-11-09 17:30:00;99.5
1071729215;2020-11-09 17:30:00;2020-11-09 18:00:00;93.6
1071729215;2020-11-09 18:00:00;2020-11-09 18:30:00;111.56666666666666
1071729215;2020-11-09 18:30:00;2020-11-09 19:00:00;106.4
1071729215;2020-11-09 19:00:00;2020-11-09 19:30:00;103.16666666666667
1071729215;2020-11-09 19:30:00;2020-11-09 20:00:00;88.96666666666667
1071729215;2020-11-09 20:00:00;2020-11-09 20:30:00;93.16666666666667
1071729215;2020-11-09 20:30:00;2020-11-09 21:00:00;97.03333333333333
1071729215;2020-11-09 21:00:00;2020-11-09 21:30:00;101.26666666666667
1071729215;2020-11-09 21:30:00;2020-11-09 22:00:00;84.9
1071729215;2020-11-09 22:00:00;2020-11-09 22:30:00;90.5
1071729215;2020-11-09 22:30:00;2020-11-09 23:00:00;101.0
1071729215;2020-11-09 23:00:00;2020-11-09 23:30:00;101.0
1071729215;2020-11-09 23:30:00;2020-11-09 23:59:59;101.0
1071729215;2020-11-10 00:00:00;2020-11-10 00:30:00;101.0
1071729215;2020-11-10 00:30:00;2020-11-10 01:00:00;101.0
1071729215;2020-11-10 01:00:00;2020-11-10 01:30:00;101.0
1071729215;2020-11-10 01:30:00;2020-11-10 02:00:00;101.0
1071729215;2020-11-10 02:00:00;2020-11-10 02:30:00;100.63333333333334
1071729215;2020-11-10 02:30:00;2020-11-10 03:00:00;97.56666666666666
1071729215;2020-11-10 03:00:00;2020-11-10 03:30:00;101.0
1071729215;2020-11-10 03:30:00;2020-11-10 04:00:00;101.0
1071729215;2020-11-10 04:00:00;2020-11-10 04:30:00;95.13333333333334
1071729215;2020-11-10 04:30:00;2020-11-10 05:00:00;94.93333333333334
1071729215;2020-11-10 05:00:00;2020-11-10 05:30:00;98.03333333333333
1071729215;2020-11-10 05:30:00;2020-11-10 06:00:00;108.2
1071729215;2020-11-10 06:00:00;2020-11-10 06:30:00;95.16666666666667
1071729215;2020-11-10 06:30:00;2020-11-10 07:00:00;100.66666666666667
1071729215;2020-11-10 07:00:00;2020-11-10 07:30:00;93.46666666666667
1071729215;2020-11-10 07:30:00;2020-11-10 08:00:00;101.73333333333333
1071729215;2020-11-10 08:00:00;2020-11-10 08:30:00;96.96666666666667
1071729215;2020-11-10 08:30:00;2020-11-10 09:00:00;100.6
1071729215;2020-11-10 09:00:00;2020-11-10 09:30:00;84.63333333333334
1071729215;2020-11-10 09:30:00;2020-11-10 10:00:00;94.66666666666667
1071729215;2020-11-10 10:00:00;2020-11-10 10:30:00;102.53333333333333
1071729215;2020-11-10 10:30:00;2020-11-10 11:00:00;105.83333333333333
1071729215;2020-11-10 11:00:00;2020-11-10 11:30:00;91.9
1071729215;2020-11-10 11:30:00;2020-11-10 12:00:00;94.46666666666667
1071729215;2020-11-10 12:00:00;2020-11-10 12:30:00;93.2
1071729215;2020-11-10 12:30:00;2020-11-10 13:00:00;90.6
1071729215;2020-11-10 13:00:00;2020-11-10 13:30:00;99.33333333333333
1071729215;2020-11-10 13:30:00;2020-11-10 14:00:00;96.13333333333334
1071729215;2020-11-10 14:00:00;2020-11-10 14:30:00;88.23333333333333
1071729215;2020-11-10 14:30:00;2020-11-10 15:00:00;88.06666666666666
1071729215;2020-11-10 15:00:00;2020-11-10 15:30:00;91.8
1071729215;2020-11-10 15:30:00;2020-11-10 16:00:00;99.66666666666667
1071729215;2020-11-10 16:00:00;2020-11-10 16:30:00;99.1
1071729215;2020-11-10 16:30:00;2020-11-10 17:00:00;91.43333333333334
1071729215;2020-11-10 17:00:00;2020-11-10 17:30:00;89.03333333333333
1071729215;2020-11-10 17:30:00;2020-11-10 18:00:00;89.43333333333334
1071729215;2020-11-10 18:00:00;2020-11-10 18:30:00;99.46666666666667
1071729215;2020-11-10 18:30:00;2020-11-10 19:00:00;97.1
1071729215;2020-11-10 19:00:00;2020-11-10 19:30:00;107.8
1071729215;2020-11-10 19:30:00;2020-11-10 20:00:00;109.4
1071729215;2020-11-10 20:00:00;2020-11-10 20:30:00;98.06666666666666
1071729215;2020-11-10 20:30:00;2020-11-10 21:00:00;98.73333333333333
1071729215;2020-11-10 21:00:00;2020-11-10 21:30:00;100.06666666666666
1071729215;2020-11-10 21:30:00;2020-11-10 22:00:00;96.03333333333333
1071729215;2020-11-10 22:00:00;2020-11-10 22:30:00;99.1
1071729215;2020-11-10 22:30:00;2020-11-10 23:00:00;101.0
1071729215;2020-11-10 23:00:00;2020-11-10 23:30:00;101.0
1071729215;2020-11-10 23:30:00;2020-11-10 23:59:59;101.0
1071729215;2020-11-11 00:00:00;2020-11-11 00:30:00;101.0
1071729215;2020-11-11 00:30:00;2020-11-11 01:00:00;101.0
1071729215;2020-11-11 01:00:00;2020-11-11 01:30:00;101.0
1071729215;2020-11-11 01:30:00;2020-11-11 02:00:00;101.0
1071729215;2020-11-11 02:00:00;2020-11-11 02:30:00;101.0
1071729215;2020-11-11 02:30:00;2020-11-11 03:00:00;101.0
1071729215;2020-11-11 03:00:00;2020-11-11 03:30:00;101.0
1071729215;2020-11-11 03:30:00;2020-11-11 04:00:00;93.3
1071729215;2020-11-11 04:00:00;2020-11-11 04:30:00;85.0
1071729215;2020-11-11 04:30:00;2020-11-11 05:00:00;86.6
1071729215;2020-11-11 05:00:00;2020-11-11 05:30:00;100.83333333333333
1071729215;2020-11-11 05:30:00;2020-11-11 06:00:00;105.86666666666666
1071729215;2020-11-11 06:00:00;2020-11-11 06:30:00;85.5
1071729215;2020-11-11 06:30:00;2020-11-11 07:00:00;112.4
1071729215;2020-11-11 07:00:00;2020-11-11 07:30:00;100.76666666666667
1071729215;2020-11-11 07:30:00;2020-11-11 08:00:00;93.36666666666666
1071729215;2020-11-11 08:00:00;2020-11-11 08:30:00;111.33333333333333
1071729215;2020-11-11 08:30:00;2020-11-11 09:00:00;92.46666666666667
1071729215;2020-11-11 09:00:00;2020-11-11 09:30:00;122.0
1071729215;2020-11-11 09:30:00;2020-11-11 10:00:00;101.73333333333333
1071729215;2020-11-11 10:00:00;2020-11-11 10:30:00;101.2
1071729215;2020-11-11 10:30:00;2020-11-11 11:00:00;103.23333333333333
1071729215;2020-11-11 11:00:00;2020-11-11 11:30:00;90.73333333333333
1071729215;2020-11-11 11:30:00;2020-11-11 12:00:00;97.9
1071729215;2020-11-11 12:00:00;2020-11-11 12:30:00;90.2
1071729215;2020-11-11 12:30:00;2020-11-11 13:00:00;99.83333333333333
1071729215;2020-11-11 13:00:00;2020-11-11 13:30:00;97.3
1071729215;2020-11-11 13:30:00;2020-11-11 14:00:00;100.9
1071729215;2020-11-11 14:00:00;2020-11-11 14:30:00;105.16666666666667
1071729215;2020-11-11 14:30:00;2020-11-11 15:00:00;100.56666666666666
1071729215;2020-11-11 15:00:00;2020-11-11 15:30:00;92.6
1071729215;2020-11-11 15:30:00;2020-11-11 16:00:00;94.63333333333334
1071729215;2020-11-11 16:00:00;2020-11-11 16:30:00;99.36666666666666
1071729215;2020-11-11 16:30:00;2020-11-11 17:00:00;97.36666666666666
1071729215;2020-11-11 17:00:00;2020-11-11 17:30:00;91.16666666666667
1071729215;2020-11-11 17:30:00;2020-11-11 18:00:00;91.4
1071729215;2020-11-11 18:00:00;2020-11-11 18:30:00;107.1
1071729215;2020-11-11 18:30:00;2020-11-11 19:00:00;97.6
1071729215;2020-11-11 19:00:00;2020-11-11 19:30:00;101.5
1071729215;2020-11-11 19:30:00;2020-11-11 20:00:00;105.5
1071729215;2020-11-11 20:00:00;2020-11-11 20:30:00;91.4
1071729215;2020-11-11 20:30:00;2020-11-11 21:00:00;102.36666666666666
1071729215;2020-11-11 21:00:00;2020-11-11 21:30:00;100.8
1071729215;2020-11-11 21:30:00;2020-11-11 22:00:00;100.66666666666667
1071729215;2020-11-11 22:00:00;2020-11-11 22:30:00;101.0
1071729215;2020-11-11 22:30:00;2020-11-11 23:00:00;101.0
1071729215;2020-11-11 23:00:00;2020-11-11 23:30:00;101.0
1071729215;2020-11-11 23:30:00;2020-11-11 23:59:59;101.0
1071729215;2020-11-12 00:00:00;2020-11-12 00:30:00;101.0
1071729215;2020-11-12 00:30:00;2020-11-12 01:00:00;101.0
1071729215;2020-11-12 01:00:00;2020-11-12 01:30:00;101.0
1071729215;2020-11-12 01:30:00;2020-11-12 02:00:00;101.0
1071729215;2020-11-12 02:00:00;2020-11-12 02:30:00;101.0
1071729215;2020-11-12 02:30:00;2020-11-12 03:00:00;101.0
1071729215;2020-11-12 03:00:00;2020-11-12 03:30:00;98.3
1071729215;2020-11-12 03:30:00;2020-11-12 04:00:00;97.83333333333333
1071729215;2020-11-12 04:00:00;2020-11-12 04:30:00;91.66666666666667
1071729215;2020-11-12 04:30:00;2020-11-12 05:00:00;96.03333333333333
1071729215;2020-11-12 05:00:00;2020-11-12 05:30:00;101.6
1071729215;2020-11-12 05:30:00;2020-11-12 06:00:00;101.23333333333333
1071729215;2020-11-12 06:00:00;2020-11-12 06:30:00;101.36666666666666
1071729215;2020-11-12 06:30:00;2020-11-12 07:00:00;92.96666666666667
1071729215;2020-11-12 07:00:00;2020-11-12 07:30:00;102.3
1071729215;2020-11-12 07:30:00;2020-11-12 08:00:00;110.6
1071729215;2020-11-12 08:00:00;2020-11-12 08:30:00;96.0
1071729215;2020-11-12 08:30:00;2020-11-12 09:00:00;98.34482758620689
1071729215;2020-11-12 09:00:00;2020-11-12 09:30:00;104.73333333333333
1071729215;2020-11-12 09:30:00;2020-11-12 10:00:00;87.16666666666667
1071729215;2020-11-12 10:00:00;2020-11-12 10:30:00;108.66666666666667
1071729215;2020-11-12 10:30:00;2020-11-12 11:00:00;106.06666666666666
1071729215;2020-11-12 11:00:00;2020-11-12 11:30:00;106.76666666666667
1071729215;2020-11-12 11:30:00;2020-11-12 12:00:00;99.16666666666667
1071729215;2020-11-12 12:00:00;2020-11-12 12:30:00;92.63333333333334
1071729215;2020-11-12 12:30:00;2020-11-12 13:00:00;92.86666666666666
1071729215;2020-11-12 13:00:00;2020-11-12 13:30:00;103.86666666666666
1071729215;2020-11-12 13:30:00;2020-11-12 14:00:00;105.3
1071729215;2020-11-12 14:00:00;2020-11-12 14:30:00;99.06666666666666
1071729215;2020-11-12 14:30:00;2020-11-12 15:00:00;99.53333333333333
1071729215;2020-11-12 15:00:00;2020-11-12 15:30:00;101.36666666666666
1071729215;2020-11-12 15:30:00;2020-11-12 16:00:00;90.3
1071729215;2020-11-12 16:00:00;2020-11-12 16:30:00;104.16666666666667
1071729215;2020-11-12 16:30:00;2020-11-12 17:00:00;102.4
1071729215;2020-11-12 17:00:00;2020-11-12 17:30:00;100.56666666666666
1071729215;2020-11-12 17:30:00;2020-11-12 18:00:00;107.9
1071729215;2020-11-12 18:00:00;2020-11-12 18:30:00;111.3
1071729215;2020-11-12 18:30:00;2020-11-12 19:00:00;92.8
1071729215;2020-11-12 19:00:00;2020-11-12 19:30:00;107.06666666666666
1071729215;2020-11-12 19:30:00;2020-11-12 20:00:00;95.4
1071729215;2020-11-12 20:00:00;2020-11-12 20:30:00;100.5
1071729215;2020-11-12 20:30:00;2020-11-12 21:00:00;106.2
1071729215;2020-11-12 21:00:00;2020-11-12 21:30:00;93.83333333333333
1071729215;2020-11-12 21:30:00;2020-11-12 22:00:00;95.4
1071729215;2020-11-12 22:00:00;2020-11-12 22:30:00;87.56666666666666
1071729215;2020-11-12 22:30:00;2020-11-12 23:00:00;92.9
1071729215;2020-11-12 23:00:00;2020-11-12 23:30:00;97.36666666666666
1071729215;2020-11-12 23:30:00;2020-11-12 23:59:59;97.63333333333334
1071729215;2020-11-13 00:00:00;2020-11-13 00:30:00;87.5
1071729215;2020-11-13 00:30:00;2020-11-13 01:00:00;87.66666666666667
1071729215;2020-11-13 01:00:00;2020-11-13 01:30:00;97.0
1071729215;2020-11-13 01:30:00;2020-11-13 02:00:00;101.0
1071729215;2020-11-13 02:00:00;2020-11-13 02:30:00;101.0
1071729215;2020-11-13 02:30:00;2020-11-13 03:00:00;101.0
1071729215;2020-11-13 03:00:00;2020-11-13 03:30:00;101.0
1071729215;2020-11-13 03:30:00;2020-11-13 04:00:00;101.0
1071729215;2020-11-13 04:00:00;2020-11-13 04:30:00;100.0
1071729215;2020-11-13 04:30:00;2020-11-13 05:00:00;100.0
1071729215;2020-11-13 05:00:00;2020-11-13 05:30:00;93.0
1071729215;2020-11-13 05:30:00;2020-11-13 06:00:00;104.06666666666666
1071729215;2020-11-13 06:00:00;2020-11-13 06:30:00;102.7
1071729215;2020-11-13 06:30:00;2020-11-13 07:00:00;99.16666666666667
1071729215;2020-11-13 07:00:00;2020-11-13 07:30:00;99.1
1071729215;2020-11-13 07:30:00;2020-11-13 08:00:00;115.6
1071729215;2020-11-13 08:00:00;2020-11-13 08:30:00;111.06666666666666
1071729215;2020-11-13 08:30:00;2020-11-13 09:00:00;106.86666666666666
1071729215;2020-11-13 09:00:00;2020-11-13 09:30:00;97.26666666666667
1071729215;2020-11-13 09:30:00;2020-11-13 10:00:00;113.13333333333334
1071729215;2020-11-13 10:00:00;2020-11-13 10:30:00;95.63333333333334
1071729215;2020-11-13 10:30:00;2020-11-13 11:00:00;116.96666666666667
1071729215;2020-11-13 11:00:00;2020-11-13 11:30:00;106.16666666666667
1071729215;2020-11-13 11:30:00;2020-11-13 12:00:00;92.76666666666667
1071729215;2020-11-13 12:00:00;2020-11-13 12:30:00;102.7
1071729215;2020-11-13 12:30:00;2020-11-13 13:00:00;101.03333333333333
1071729215;2020-11-13 13:00:00;2020-11-13 13:30:00;106.86666666666666
1071729215;2020-11-13 13:30:00;2020-11-13 14:00:00;107.66666666666667
1071729215;2020-11-13 14:00:00;2020-11-13 14:30:00;101.7
1071729215;2020-11-13 14:30:00;2020-11-13 15:00:00;89.13333333333334
1071729215;2020-11-13 15:00:00;2020-11-13 15:30:00;98.26666666666667
1071729215;2020-11-13 15:30:00;2020-11-13 16:00:00;113.9
1071729215;2020-11-13 16:00:00;2020-11-13 16:30:00;113.73333333333333
1071729215;2020-11-13 16:30:00;2020-11-13 17:00:00;104.56666666666666
1071729215;2020-11-13 17:00:00;2020-11-13 17:30:00;97.76666666666667
1071729215;2020-11-13 17:30:00;2020-11-13 18:00:00;114.46666666666667
1071729215;2020-11-13 18:00:00;2020-11-13 18:30:00;96.53333333333333
1071729215;2020-11-13 18:30:00;2020-11-13 19:00:00;103.0
1071729215;2020-11-13 19:00:00;2020-11-13 19:30:00;103.86666666666666
1071729215;2020-11-13 19:30:00;2020-11-13 20:00:00;97.83333333333333
1071729215;2020-11-13 20:00:00;2020-11-13 20:30:00;103.83333333333333
1071729215;2020-11-13 20:30:00;2020-11-13 21:00:00;108.26666666666667
1071729215;2020-11-13 21:00:00;2020-11-13 21:30:00;101.26666666666667
1071729215;2020-11-13 21:30:00;2020-11-13 22:00:00;101.46666666666667
1071729215;2020-11-13 22:00:00;2020-11-13 22:30:00;102.83333333333333
1071729215;2020-11-13 22:30:00;2020-11-13 23:00:00;101.6
1071729215;2020-11-13 23:00:00;2020-11-13 23:30:00;102.76666666666667
1071729215;2020-11-13 23:30:00;2020-11-13 23:59:59;101.0
1071729215;2020-11-14 00:00:00;2020-11-14 00:30:00;101.0
1071729215;2020-11-14 00:30:00;2020-11-14 01:00:00;101.0
1071729215;2020-11-14 01:00:00;2020-11-14 01:30:00;100.2
1071729215;2020-11-14 01:30:00;2020-11-14 02:00:00;95.83333333333333
1071729215;2020-11-14 02:00:00;2020-11-14 02:30:00;99.33333333333333
1071729215;2020-11-14 02:30:00;2020-11-14 03:00:00;101.0
1071729215;2020-11-14 03:00:00;2020-11-14 03:30:00;101.0
1071729215;2020-11-14 03:30:00;2020-11-14 04:00:00;101.0
1071729215;2020-11-14 04:00:00;2020-11-14 04:30:00;90.0
1071729215;2020-11-14 04:30:00;2020-11-14 05:00:00;90.0
1071729215;2020-11-14 05:00:00;2020-11-14 05:30:00;100.0
1071729215;2020-11-14 05:30:00;2020-11-14 06:00:00;100.0
1071729215;2020-11-14 06:00:00;2020-11-14 06:30:00;99.7
1071729215;2020-11-14 06:30:00;2020-11-14 07:00:00;98.93333333333334
1071729215;2020-11-14 07:00:00;2020-11-14 07:30:00;98.46666666666667
1071729215;2020-11-14 07:30:00;2020-11-14 08:00:00;100.0
1071729215;2020-11-14 08:00:00;2020-11-14 08:30:00;103.63333333333334
1071729215;2020-11-14 08:30:00;2020-11-14 09:00:00;104.6
1071729215;2020-11-14 09:00:00;2020-11-14 09:30:00;97.0
1071729215;2020-11-14 09:30:00;2020-11-14 10:00:00;99.1
1071729215;2020-11-14 10:00:00;2020-11-14 10:30:00;104.66666666666667
1071729215;2020-11-14 10:30:00;2020-11-14 11:00:00;107.5
1071729215;2020-11-14 11:00:00;2020-11-14 11:30:00;115.6
1071729215;2020-11-14 11:30:00;2020-11-14 12:00:00;103.13333333333334
1071729215;2020-11-14 12:00:00;2020-11-14 12:30:00;109.06666666666666
1071729215;2020-11-14 12:30:00;2020-11-14 13:00:00;97.7
1071729215;2020-11-14 13:00:00;2020-11-14 13:30:00;98.23333333333333
1071729215;2020-11-14 13:30:00;2020-11-14 14:00:00;106.63333333333334
1071729215;2020-11-14 14:00:00;2020-11-14 14:30:00;102.43333333333334
1071729215;2020-11-14 14:30:00;2020-11-14 15:00:00;113.66666666666667
1071729215;2020-11-14 15:00:00;2020-11-14 15:30:00;97.83333333333333
1071729215;2020-11-14 15:30:00;2020-11-14 16:00:00;103.0
1071729215;2020-11-14 16:00:00;2020-11-14 16:30:00;118.53333333333333
1071729215;2020-11-14 16:30:00;2020-11-14 17:00:00;115.73333333333333
1071729215;2020-11-14 17:00:00;2020-11-14 17:30:00;105.63333333333334
1071729215;2020-11-14 17:30:00;2020-11-14 18:00:00;95.06666666666666
1071729215;2020-11-14 18:00:00;2020-11-14 18:30:00;101.13333333333334
1071729215;2020-11-14 18:30:00;2020-11-14 19:00:00;96.1
1071729215;2020-11-14 19:00:00;2020-11-14 19:30:00;93.2
1071729215;2020-11-14 19:30:00;2020-11-14 20:00:00;112.63333333333334
1071729215;2020-11-14 20:00:00;2020-11-14 20:30:00;106.2
1071729215;2020-11-14 20:30:00;2020-11-14 21:00:00;100.73333333333333
1071729215;2020-11-14 21:00:00;2020-11-14 21:30:00;97.63333333333334
1071729215;2020-11-14 21:30:00;2020-11-14 22:00:00;103.75
1071729215;2020-11-14 22:00:00;2020-11-14 22:30:00;101.0
1071729215;2020-11-14 22:30:00;2020-11-14 23:00:00;95.8
1071729215;2020-11-14 23:00:00;2020-11-14 23:30:00;101.0
1071729215;2020-11-14 23:30:00;2020-11-14 23:59:59;101.0
1071729215;2020-11-15 00:00:00;2020-11-15 00:30:00;101.0
1071729215;2020-11-15 00:30:00;2020-11-15 01:00:00;101.0
1071729215;2020-11-15 01:00:00;2020-11-15 01:30:00;101.0
1071729215;2020-11-15 01:30:00;2020-11-15 02:00:00;101.0
1071729215;2020-11-15 02:00:00;2020-11-15 02:30:00;101.0
1071729215;2020-11-15 02:30:00;2020-11-15 03:00:00;101.0
1071729215;2020-11-15 03:00:00;2020-11-15 03:30:00;101.0
1071729215;2020-11-15 03:30:00;2020-11-15 04:00:00;101.0
1071729215;2020-11-15 04:00:00;2020-11-15 04:30:00;95.0
1071729215;2020-11-15 04:30:00;2020-11-15 05:00:00;95.0
1071729215;2020-11-15 05:00:00;2020-11-15 05:30:00;97.0
1071729215;2020-11-15 05:30:00;2020-11-15 06:00:00;97.0
1071729215;2020-11-15 06:00:00;2020-11-15 06:30:00;91.1
1071729215;2020-11-15 06:30:00;2020-11-15 07:00:00;97.06666666666666
1071729215;2020-11-15 07:00:00;2020-11-15 07:30:00;101.33333333333333
1071729215;2020-11-15 07:30:00;2020-11-15 08:00:00;100.73333333333333
1071729215;2020-11-15 08:00:00;2020-11-15 08:30:00;96.63333333333334
1071729215;2020-11-15 08:30:00;2020-11-15 09:00:00;97.0
1071729215;2020-11-15 09:00:00;2020-11-15 09:30:00;100.9
1071729215;2020-11-15 09:30:00;2020-11-15 10:00:00;96.2
1071729215;2020-11-15 10:00:00;2020-11-15 10:30:00;100.93333333333334
1071729215;2020-11-15 10:30:00;2020-11-15 11:00:00;105.83333333333333
1071729215;2020-11-15 11:00:00;2020-11-15 11:30:00;103.46666666666667
1071729215;2020-11-15 11:30:00;2020-11-15 12:00:00;113.4
1071729215;2020-11-15 12:00:00;2020-11-15 12:30:00;103.73333333333333
1071729215;2020-11-15 12:30:00;2020-11-15 13:00:00;115.23333333333333
1071729215;2020-11-15 13:00:00;2020-11-15 13:30:00;105.8
1071729215;2020-11-15 13:30:00;2020-11-15 14:00:00;103.16666666666667
1071729215;2020-11-15 14:00:00;2020-11-15 14:30:00;100.56666666666666
1071729215;2020-11-15 14:30:00;2020-11-15 15:00:00;101.5
1071729215;2020-11-15 15:00:00;2020-11-15 15:30:00;88.06666666666666
1071729215;2020-11-15 15:30:00;2020-11-15 16:00:00;98.26666666666667
1071729215;2020-11-15 16:00:00;2020-11-15 16:30:00;97.6
1071729215;2020-11-15 16:30:00;2020-11-15 17:00:00;102.06666666666666
1071729215;2020-11-15 17:00:00;2020-11-15 17:30:00;105.46666666666667
1071729215;2020-11-15 17:30:00;2020-11-15 18:00:00;107.93333333333334
1071729215;2020-11-15 18:00:00;2020-11-15 18:30:00;105.2
1071729215;2020-11-15 18:30:00;2020-11-15 19:00:00;120.16666666666667
1071729215;2020-11-15 19:00:00;2020-11-15 19:30:00;100.2
1071729215;2020-11-15 19:30:00;2020-11-15 20:00:00;99.26666666666667
1071729215;2020-11-15 20:00:00;2020-11-15 20:30:00;113.3
1071729215;2020-11-15 20:30:00;2020-11-15 21:00:00;101.46666666666667
1071729215;2020-11-15 21:00:00;2020-11-15 21:30:00;108.93333333333334
1071729215;2020-11-15 21:30:00;2020-11-15 22:00:00;103.46666666666667
1071729215;2020-11-15 22:00:00;2020-11-15 22:30:00;121.83333333333333
1071729215;2020-11-15 22:30:00;2020-11-15 23:00:00;114.33333333333333
1071729215;2020-11-15 23:00:00;2020-11-15 23:30:00;103.33333333333333
1071729215;2020-11-15 23:30:00;2020-11-15 23:59:59;101.0
1071729215;2020-11-16 00:00:00;2020-11-16 00:30:00;94.46666666666667
1071729215;2020-11-16 00:30:00;2020-11-16 01:00:00;101.0
1071729215;2020-11-16 01:00:00;2020-11-16 01:30:00;101.0
1071729215;2020-11-16 01:30:00;2020-11-16 02:00:00;101.0
1071729215;2020-11-16 02:00:00;2020-11-16 02:30:00;101.0
1071729215;2020-11-16 02:30:00;2020-11-16 03:00:00;102.96666666666667
1071729215;2020-11-16 03:00:00;2020-11-16 03:30:00;101.5
1071729215;2020-11-16 03:30:00;2020-11-16 04:00:00;116.03333333333333
1071729215;2020-11-16 04:00:00;2020-11-16 04:30:00;96.2
1071729215;2020-11-16 04:30:00;2020-11-16 05:00:00;105.6
1071729215;2020-11-16 05:00:00;2020-11-16 05:30:00;85.3
1071729215;2020-11-16 05:30:00;2020-11-16 06:00:00;87.9
1071729215;2020-11-16 06:00:00;2020-11-16 06:30:00;104.4
1071729215;2020-11-16 06:30:00;2020-11-16 07:00:00;105.63333333333334
1071729215;2020-11-16 07:00:00;2020-11-16 07:30:00;98.0
1071729215;2020-11-16 07:30:00;2020-11-16 08:00:00;112.23333333333333
1071729215;2020-11-16 08:00:00;2020-11-16 08:30:00;98.6
1071729215;2020-11-16 08:30:00;2020-11-16 09:00:00;106.3
1071729215;2020-11-16 09:00:00;2020-11-16 09:30:00;110.73333333333333
1071729215;2020-11-16 09:30:00;2020-11-16 10:00:00;102.7
1071729215;2020-11-16 10:00:00;2020-11-16 10:30:00;109.06666666666666
1071729215;2020-11-16 10:30:00;2020-11-16 11:00:00;93.56666666666666
1071729215;2020-11-16 11:00:00;2020-11-16 11:30:00;97.0
1071729215;2020-11-16 11:30:00;2020-11-16 12:00:00;96.86666666666666
1071729215;2020-11-16 12:00:00;2020-11-16 12:30:00;98.0
1071729215;2020-11-16 12:30:00;2020-11-16 13:00:00;97.9
1071729215;2020-11-16 13:00:00;2020-11-16 13:30:00;96.83333333333333
1071729215;2020-11-16 13:30:00;2020-11-16 14:00:00;88.3
1071729215;2020-11-16 14:00:00;2020-11-16 14:30:00;91.73333333333333
1071729215;2020-11-16 14:30:00;2020-11-16 15:00:00;99.9
1071729215;2020-11-16 15:00:00;2020-11-16 15:30:00;105.5
1071729215;2020-11-16 15:30:00;2020-11-16 16:00:00;100.1
1071729215;2020-11-16 16:00:00;2020-11-16 16:30:00;102.83333333333333
1071729215;2020-11-16 16:30:00;2020-11-16 17:00:00;108.2
1071729215;2020-11-16 17:00:00;2020-11-16 17:30:00;112.93333333333334
1071729215;2020-11-16 17:30:00;2020-11-16 18:00:00;112.0
1071729215;2020-11-16 18:00:00;2020-11-16 18:30:00;89.1
1071729215;2020-11-16 18:30:00;2020-11-16 19:00:00;112.16666666666667
1071729215;2020-11-16 19:00:00;2020-11-16 19:30:00;100.23333333333333
1071729215;2020-11-16 19:30:00;2020-11-16 20:00:00;111.8
1071729215;2020-11-16 20:00:00;2020-11-16 20:30:00;98.0
1071729215;2020-11-16 20:30:00;2020-11-16 21:00:00;86.6
1071729215;2020-11-16 21:00:00;2020-11-16 21:30:00;83.76666666666667
1071729215;2020-11-16 21:30:00;2020-11-16 22:00:00;104.0
1071729215;2020-11-16 22:00:00;2020-11-16 22:30:00;101.0
1071729215;2020-11-16 22:30:00;2020-11-16 23:00:00;101.0
1071729215;2020-11-16 23:00:00;2020-11-16 23:30:00;101.0
1071729215;2020-11-16 23:30:00;2020-11-16 23:59:59;101.0
1071729215;2020-11-17 00:00:00;2020-11-17 00:30:00;101.0
1071729215;2020-11-17 00:30:00;2020-11-17 01:00:00;101.0
1071729215;2020-11-17 01:00:00;2020-11-17 01:30:00;101.0
1071729215;2020-11-17 01:30:00;2020-11-17 02:00:00;101.0
1071729215;2020-11-17 02:00:00;2020-11-17 02:30:00;101.0
1071729215;2020-11-17 02:30:00;2020-11-17 03:00:00;101.0
1071729215;2020-11-17 03:00:00;2020-11-17 03:30:00;101.0
1071729215;2020-11-17 03:30:00;2020-11-17 04:00:00;95.16666666666667
1071729215;2020-11-17 04:00:00;2020-11-17 04:30:00;93.53333333333333
1071729215;2020-11-17 04:30:00;2020-11-17 05:00:00;97.6896551724138
1071729215;2020-11-17 05:00:00;2020-11-17 05:30:00;94.12
1071729215;2020-11-17 05:30:00;2020-11-17 06:00:00;96.76666666666667
1071729215;2020-11-17 06:00:00;2020-11-17 06:30:00;98.0
1071729215;2020-11-17 06:30:00;2020-11-17 07:00:00;97.53333333333333
1071729215;2020-11-17 07:00:00;2020-11-17 07:30:00;92.16666666666667
1071729215;2020-11-17 07:30:00;2020-11-17 08:00:00;96.36666666666666
1071729215;2020-11-17 08:00:00;2020-11-17 08:30:00;93.2
1071729215;2020-11-17 08:30:00;2020-11-17 09:00:00;93.33333333333333
1071729215;2020-11-17 09:00:00;2020-11-17 09:30:00;94.6
1071729215;2020-11-17 09:30:00;2020-11-17 10:00:00;98.16666666666667
1071729215;2020-11-17 10:00:00;2020-11-17 10:30:00;90.2
1071729215;2020-11-17 10:30:00;2020-11-17 11:00:00;93.36666666666666
1071729215;2020-11-17 11:00:00;2020-11-17 11:30:00;107.56666666666666
1071729215;2020-11-17 11:30:00;2020-11-17 12:00:00;90.56666666666666
1071729215;2020-11-17 12:00:00;2020-11-17 12:30:00;102.6
1071729215;2020-11-17 12:30:00;2020-11-17 13:00:00;102.8
1071729215;2020-11-17 13:00:00;2020-11-17 13:30:00;96.3
1071729215;2020-11-17 13:30:00;2020-11-17 14:00:00;93.13333333333334
1071729215;2020-11-17 14:00:00;2020-11-17 14:30:00;94.43333333333334
1071729215;2020-11-17 14:30:00;2020-11-17 15:00:00;94.7
1071729215;2020-11-17 15:00:00;2020-11-17 15:30:00;105.66666666666667
1071729215;2020-11-17 15:30:00;2020-11-17 16:00:00;93.93333333333334
1071729215;2020-11-17 16:00:00;2020-11-17 16:30:00;81.06666666666666
1071729215;2020-11-17 16:30:00;2020-11-17 17:00:00;100.36666666666666
1071729215;2020-11-17 17:00:00;2020-11-17 17:30:00;110.53333333333333
1071729215;2020-11-17 17:30:00;2020-11-17 18:00:00;98.1
1071729215;2020-11-17 18:00:00;2020-11-17 18:30:00;90.03333333333333
1071729215;2020-11-17 18:30:00;2020-11-17 19:00:00;95.63333333333334
1071729215;2020-11-17 19:00:00;2020-11-17 19:30:00;95.96666666666667
1071729215;2020-11-17 19:30:00;2020-11-17 20:00:00;103.43333333333334
1071729215;2020-11-17 20:00:00;2020-11-17 20:30:00;95.37931034482759
1071729215;2020-11-17 20:30:00;2020-11-17 21:00:00;88.6
1071729215;2020-11-17 21:00:00;2020-11-17 21:30:00;97.4
1071729215;2020-11-17 21:30:00;2020-11-17 22:00:00;98.46666666666667
1071729215;2020-11-17 22:00:00;2020-11-17 22:30:00;103.06666666666666
1071729215;2020-11-17 22:30:00;2020-11-17 23:00:00;112.93333333333334
1071729215;2020-11-17 23:00:00;2020-11-17 23:30:00;110.06666666666666
1071729215;2020-11-17 23:30:00;2020-11-17 23:59:59;97.63333333333334
1071729215;2020-11-18 00:00:00;2020-11-18 00:30:00;96.8
1071729215;2020-11-18 00:30:00;2020-11-18 01:00:00;101.0
1071729215;2020-11-18 01:00:00;2020-11-18 01:30:00;101.0
1071729215;2020-11-18 01:30:00;2020-11-18 02:00:00;101.0
1071729215;2020-11-18 02:00:00;2020-11-18 02:30:00;101.0
1071729215;2020-11-18 02:30:00;2020-11-18 03:00:00;101.0
1071729215;2020-11-18 03:00:00;2020-11-18 03:30:00;101.0
1071729215;2020-11-18 03:30:00;2020-11-18 04:00:00;101.0
1071729215;2020-11-18 04:00:00;2020-11-18 04:30:00;89.0
1071729215;2020-11-18 04:30:00;2020-11-18 05:00:00;93.73333333333333
1071729215;2020-11-18 05:00:00;2020-11-18 05:30:00;97.2
1071729215;2020-11-18 05:30:00;2020-11-18 06:00:00;96.63333333333334
1071729215;2020-11-18 06:00:00;2020-11-18 06:30:00;97.4
1071729215;2020-11-18 06:30:00;2020-11-18 07:00:00;104.83333333333333
1071729215;2020-11-18 07:00:00;2020-11-18 07:30:00;92.46666666666667
1071729215;2020-11-18 07:30:00;2020-11-18 08:00:00;99.53333333333333
1071729215;2020-11-18 08:00:00;2020-11-18 08:30:00;112.33333333333333
1071729215;2020-11-18 08:30:00;2020-11-18 09:00:00;97.3
1071729215;2020-11-18 09:00:00;2020-11-18 09:30:00;97.4
1071729215;2020-11-18 09:30:00;2020-11-18 10:00:00;96.73333333333333
1071729215;2020-11-18 10:00:00;2020-11-18 10:30:00;97.8
1071729215;2020-11-18 10:30:00;2020-11-18 11:00:00;88.03333333333333
1071729215;2020-11-18 11:00:00;2020-11-18 11:30:00;93.26666666666667
1071729215;2020-11-18 11:30:00;2020-11-18 12:00:00;101.4
1071729215;2020-11-18 12:00:00;2020-11-18 12:30:00;94.56666666666666
1071729215;2020-11-18 12:30:00;2020-11-18 13:00:00;101.1
1071729215;2020-11-18 13:00:00;2020-11-18 13:30:00;95.83333333333333
1071729215;2020-11-18 13:30:00;2020-11-18 14:00:00;89.36666666666666
1071729215;2020-11-18 14:00:00;2020-11-18 14:30:00;97.1
1071729215;2020-11-18 14:30:00;2020-11-18 15:00:00;95.4
1071729215;2020-11-18 15:00:00;2020-11-18 15:30:00;86.43333333333334
1071729215;2020-11-18 15:30:00;2020-11-18 16:00:00;92.13333333333334
1071729215;2020-11-18 16:00:00;2020-11-18 16:30:00;105.5
1071729215;2020-11-18 16:30:00;2020-11-18 17:00:00;93.2
1071729215;2020-11-18 17:00:00;2020-11-18 17:30:00;103.46666666666667
1071729215;2020-11-18 17:30:00;2020-11-18 18:00:00;98.66666666666667
1071729215;2020-11-18 18:00:00;2020-11-18 18:30:00;95.2
1071729215;2020-11-18 18:30:00;2020-11-18 19:00:00;106.76666666666667
1071729215;2020-11-18 19:00:00;2020-11-18 19:30:00;88.2
1071729215;2020-11-18 19:30:00;2020-11-18 20:00:00;95.16666666666667
1071729215;2020-11-18 20:00:00;2020-11-18 20:30:00;99.23333333333333
1071729215;2020-11-18 20:30:00;2020-11-18 21:00:00;110.33333333333333
1071729215;2020-11-18 21:00:00;2020-11-18 21:30:00;99.9
1071729215;2020-11-18 21:30:00;2020-11-18 22:00:00;93.83333333333333
1071729215;2020-11-18 22:00:00;2020-11-18 22:30:00;101.0
1071729215;2020-11-18 22:30:00;2020-11-18 23:00:00;101.0
1071729215;2020-11-18 23:00:00;2020-11-18 23:30:00;111.63333333333334
1071729215;2020-11-18 23:30:00;2020-11-18 23:59:59;101.0
1071729215;2020-11-19 00:00:00;2020-11-19 00:30:00;101.0
1071729215;2020-11-19 00:30:00;2020-11-19 01:00:00;99.6
1071729215;2020-11-19 01:00:00;2020-11-19 01:30:00;93.6
1071729215;2020-11-19 01:30:00;2020-11-19 02:00:00;93.0
1071729215;2020-11-19 02:00:00;2020-11-19 02:30:00;94.6
1071729215;2020-11-19 02:30:00;2020-11-19 03:00:00;101.0
1071729215;2020-11-19 03:00:00;2020-11-19 03:30:00;100.66666666666667
1071729215;2020-11-19 03:30:00;2020-11-19 04:00:00;101.0
1071729215;2020-11-19 04:00:00;2020-11-19 04:30:00;87.86666666666666
1071729215;2020-11-19 04:30:00;2020-11-19 05:00:00;94.5
1071729215;2020-11-19 05:00:00;2020-11-19 05:30:00;105.53333333333333
1071729215;2020-11-19 05:30:00;2020-11-19 06:00:00;112.66666666666667
1071729215;2020-11-19 06:00:00;2020-11-19 06:30:00;96.46666666666667
1071729215;2020-11-19 06:30:00;2020-11-19 07:00:00;94.63333333333334
1071729215;2020-11-19 07:00:00;2020-11-19 07:30:00;99.9
1071729215;2020-11-19 07:30:00;2020-11-19 08:00:00;97.76666666666667
1071729215;2020-11-19 08:00:00;2020-11-19 08:30:00;92.26666666666667
1071729215;2020-11-19 08:30:00;2020-11-19 09:00:00;104.23333333333333
1071729215;2020-11-19 09:00:00;2020-11-19 09:30:00;98.1
1071729215;2020-11-19 09:30:00;2020-11-19 10:00:00;98.0
1071729215;2020-11-19 10:00:00;2020-11-19 10:30:00;104.96666666666667
1071729215;2020-11-19 10:30:00;2020-11-19 11:00:00;98.53333333333333
1071729215;2020-11-19 11:00:00;2020-11-19 11:30:00;87.16666666666667
1071729215;2020-11-19 11:30:00;2020-11-19 12:00:00;103.2
1071729215;2020-11-19 12:00:00;2020-11-19 12:30:00;96.4
1071729215;2020-11-19 12:30:00;2020-11-19 13:00:00;84.8
1071729215;2020-11-19 13:00:00;2020-11-19 13:30:00;88.63333333333334
1071729215;2020-11-19 13:30:00;2020-11-19 14:00:00;93.96666666666667
1071729215;2020-11-19 14:00:00;2020-11-19 14:30:00;100.96666666666667
1071729215;2020-11-19 14:30:00;2020-11-19 15:00:00;106.43333333333334
1071729215;2020-11-19 15:00:00;2020-11-19 15:30:00;103.9
1071729215;2020-11-19 15:30:00;2020-11-19 16:00:00;95.72413793103448
1071729215;2020-11-19 16:00:00;2020-11-19 16:30:00;106.16666666666667
1071729215;2020-11-19 16:30:00;2020-11-19 17:00:00;97.96666666666667
1071729215;2020-11-19 17:00:00;2020-11-19 17:30:00;103.3
1071729215;2020-11-19 17:30:00;2020-11-19 18:00:00;98.03333333333333
1071729215;2020-11-19 18:00:00;2020-11-19 18:30:00;97.33333333333333
1071729215;2020-11-19 18:30:00;2020-11-19 19:00:00;100.3
1071729215;2020-11-19 19:00:00;2020-11-19 19:30:00;93.8
1071729215;2020-11-19 19:30:00;2020-11-19 20:00:00;105.7
1071729215;2020-11-19 20:00:00;2020-11-19 20:30:00;89.83333333333333
1071729215;2020-11-19 20:30:00;2020-11-19 21:00:00;99.93333333333334
1071729215;2020-11-19 21:00:00;2020-11-19 21:30:00;101.0
1071729215;2020-11-19 21:30:00;2020-11-19 22:00:00;94.63333333333334
1071729215;2020-11-19 22:00:00;2020-11-19 22:30:00;101.13333333333334
1071729215;2020-11-19 22:30:00;2020-11-19 23:00:00;101.0
1071729215;2020-11-19 23:00:00;2020-11-19 23:30:00;101.0
1071729215;2020-11-19 23:30:00;2020-11-19 23:59:59;101.0
1071729215;2020-11-20 00:00:00;2020-11-20 00:30:00;101.0
1071729215;2020-11-20 00:30:00;2020-11-20 01:00:00;101.0
1071729215;2020-11-20 01:00:00;2020-11-20 01:30:00;101.0
1071729215;2020-11-20 01:30:00;2020-11-20 02:00:00;98.83333333333333
1071729215;2020-11-20 02:00:00;2020-11-20 02:30:00;101.0
1071729215;2020-11-20 02:30:00;2020-11-20 03:00:00;101.0
1071729215;2020-11-20 03:00:00;2020-11-20 03:30:00;92.96666666666667
1071729215;2020-11-20 03:30:00;2020-11-20 04:00:00;101.0
1071729215;2020-11-20 04:00:00;2020-11-20 04:30:00;100.0
1071729215;2020-11-20 04:30:00;2020-11-20 05:00:00;100.0
1071729215;2020-11-20 05:00:00;2020-11-20 05:30:00;105.73333333333333
1071729215;2020-11-20 05:30:00;2020-11-20 06:00:00;101.9
1071729215;2020-11-20 06:00:00;2020-11-20 06:30:00;95.03333333333333
1071729215;2020-11-20 06:30:00;2020-11-20 07:00:00;93.5
1071729215;2020-11-20 07:00:00;2020-11-20 07:30:00;100.83333333333333
1071729215;2020-11-20 07:30:00;2020-11-20 08:00:00;95.76666666666667
1071729215;2020-11-20 08:00:00;2020-11-20 08:30:00;87.73333333333333
1071729215;2020-11-20 08:30:00;2020-11-20 09:00:00;112.06666666666666
1071729215;2020-11-20 09:00:00;2020-11-20 09:30:00;111.76666666666667
1071729215;2020-11-20 09:30:00;2020-11-20 10:00:00;92.76666666666667
1071729215;2020-11-20 10:00:00;2020-11-20 10:30:00;92.93333333333334
1071729215;2020-11-20 10:30:00;2020-11-20 11:00:00;100.07142857142857
1071729215;2020-11-20 11:00:00;2020-11-20 11:30:00;104.75862068965517
1071729215;2020-11-20 11:30:00;2020-11-20 12:00:00;91.23333333333333
1071729215;2020-11-20 12:00:00;2020-11-20 12:30:00;90.66666666666667
1071729215;2020-11-20 12:30:00;2020-11-20 13:00:00;104.26666666666667
1071729215;2020-11-20 13:00:00;2020-11-20 13:30:00;104.5
1071729215;2020-11-20 13:30:00;2020-11-20 14:00:00;102.33333333333333
1071729215;2020-11-20 14:00:00;2020-11-20 14:30:00;105.2
1071729215;2020-11-20 14:30:00;2020-11-20 15:00:00;100.16666666666667
1071729215;2020-11-20 15:00:00;2020-11-20 15:30:00;94.66666666666667
1071729215;2020-11-20 15:30:00;2020-11-20 16:00:00;100.6
1071729215;2020-11-20 16:00:00;2020-11-20 16:30:00;103.96666666666667
1071729215;2020-11-20 16:30:00;2020-11-20 17:00:00;92.5
1071729215;2020-11-20 17:00:00;2020-11-20 17:30:00;99.93333333333334
1071729215;2020-11-20 17:30:00;2020-11-20 18:00:00;107.73333333333333
1071729215;2020-11-20 18:00:00;2020-11-20 18:30:00;122.66666666666667
1071729215;2020-11-20 18:30:00;2020-11-20 19:00:00;110.4
1071729215;2020-11-20 19:00:00;2020-11-20 19:30:00;104.0
1071729215;2020-11-20 19:30:00;2020-11-20 20:00:00;103.0
1071729215;2020-11-20 20:00:00;2020-11-20 20:30:00;104.86666666666666
1071729215;2020-11-20 20:30:00;2020-11-20 21:00:00;99.93333333333334
1071729215;2020-11-20 21:00:00;2020-11-20 21:30:00;101.26666666666667
1071729215;2020-11-20 21:30:00;2020-11-20 22:00:00;95.33333333333333
1071729215;2020-11-20 22:00:00;2020-11-20 22:30:00;98.1
1071729215;2020-11-20 22:30:00;2020-11-20 23:00:00;82.66666666666667
1071729215;2020-11-20 23:00:00;2020-11-20 23:30:00;80.86666666666666
1071729215;2020-11-20 23:30:00;2020-11-20 23:59:59;95.5
1071729215;2020-11-21 00:00:00;2020-11-21 00:30:00;102.86666666666666
1071729215;2020-11-21 00:30:00;2020-11-21 01:00:00;101.0
1071729215;2020-11-21 01:00:00;2020-11-21 01:30:00;101.0
1071729215;2020-11-21 01:30:00;2020-11-21 02:00:00;101.0
1071729215;2020-11-21 02:00:00;2020-11-21 02:30:00;101.0
1071729215;2020-11-21 02:30:00;2020-11-21 03:00:00;101.0
1071729215;2020-11-21 03:00:00;2020-11-21 03:30:00;101.0
1071729215;2020-11-21 03:30:00;2020-11-21 04:00:00;101.0
1071729215;2020-11-21 04:00:00;2020-11-21 04:30:00;90.0
1071729215;2020-11-21 04:30:00;2020-11-21 05:00:00;90.0
1071729215;2020-11-21 05:00:00;2020-11-21 05:30:00;100.0
1071729215;2020-11-21 05:30:00;2020-11-21 06:00:00;100.0
1071729215;2020-11-21 06:00:00;2020-11-21 06:30:00;100.0
1071729215;2020-11-21 06:30:00;2020-11-21 07:00:00;99.06666666666666
1071729215;2020-11-21 07:00:00;2020-11-21 07:30:00;98.2
1071729215;2020-11-21 07:30:00;2020-11-21 08:00:00;100.2
1071729215;2020-11-21 08:00:00;2020-11-21 08:30:00;99.53333333333333
1071729215;2020-11-21 08:30:00;2020-11-21 09:00:00;104.26666666666667
1071729215;2020-11-21 09:00:00;2020-11-21 09:30:00;97.8
1071729215;2020-11-21 09:30:00;2020-11-21 10:00:00;91.16666666666667
1071729215;2020-11-21 10:00:00;2020-11-21 10:30:00;96.23333333333333
1071729215;2020-11-21 10:30:00;2020-11-21 11:00:00;111.76666666666667
1071729215;2020-11-21 11:00:00;2020-11-21 11:30:00;107.56666666666666
1071729215;2020-11-21 11:30:00;2020-11-21 12:00:00;108.9
1071729215;2020-11-21 12:00:00;2020-11-21 12:30:00;113.06666666666666
1071729215;2020-11-21 12:30:00;2020-11-21 13:00:00;106.66666666666667
1071729215;2020-11-21 13:00:00;2020-11-21 13:30:00;105.43333333333334
1071729215;2020-11-21 13:30:00;2020-11-21 14:00:00;107.6
1071729215;2020-11-21 14:00:00;2020-11-21 14:30:00;112.3
1071729215;2020-11-21 14:30:00;2020-11-21 15:00:00;105.7
1071729215;2020-11-21 15:00:00;2020-11-21 15:30:00;110.53333333333333
1071729215;2020-11-21 15:30:00;2020-11-21 16:00:00;104.26666666666667
1071729215;2020-11-21 16:00:00;2020-11-21 16:30:00;94.16666666666667
1071729215;2020-11-21 16:30:00;2020-11-21 17:00:00;99.5
1071729215;2020-11-21 17:00:00;2020-11-21 17:30:00;105.4
1071729215;2020-11-21 17:30:00;2020-11-21 18:00:00;97.13333333333334
1071729215;2020-11-21 18:00:00;2020-11-21 18:30:00;91.9
1071729215;2020-11-21 18:30:00;2020-11-21 19:00:00;99.2
1071729215;2020-11-21 19:00:00;2020-11-21 19:30:00;99.4
1071729215;2020-11-21 19:30:00;2020-11-21 20:00:00;98.5
1071729215;2020-11-21 20:00:00;2020-11-21 20:30:00;93.4
1071729215;2020-11-21 20:30:00;2020-11-21 21:00:00;102.1
1071729215;2020-11-21 21:00:00;2020-11-21 21:30:00;107.53333333333333
1071729215;2020-11-21 21:30:00;2020-11-21 22:00:00;100.0
1071729215;2020-11-21 22:00:00;2020-11-21 22:30:00;103.93333333333334
1071729215;2020-11-21 22:30:00;2020-11-21 23:00:00;101.16666666666667
1071729215;2020-11-21 23:00:00;2020-11-21 23:30:00;93.93333333333334
1071729215;2020-11-21 23:30:00;2020-11-21 23:59:59;98.46666666666667
1071729215;2020-11-22 00:00:00;2020-11-22 00:30:00;82.73333333333333
1071729215;2020-11-22 00:30:00;2020-11-22 01:00:00;90.5
1071729215;2020-11-22 01:00:00;2020-11-22 01:30:00;99.93333333333334
1071729215;2020-11-22 01:30:00;2020-11-22 02:00:00;101.0
1071729215;2020-11-22 02:00:00;2020-11-22 02:30:00;101.0
1071729215;2020-11-22 02:30:00;2020-11-22 03:00:00;101.0
1071729215;2020-11-22 03:00:00;2020-11-22 03:30:00;101.0
1071729215;2020-11-22 03:30:00;2020-11-22 04:00:00;101.0
1071729215;2020-11-22 04:00:00;2020-11-22 04:30:00;94.73333333333333
1071729215;2020-11-22 04:30:00;2020-11-22 05:00:00;92.46666666666667
1071729215;2020-11-22 05:00:00;2020-11-22 05:30:00;96.93333333333334
1071729215;2020-11-22 05:30:00;2020-11-22 06:00:00;97.0
1071729215;2020-11-22 06:00:00;2020-11-22 06:30:00;97.0
1071729215;2020-11-22 06:30:00;2020-11-22 07:00:00;98.73333333333333
1071729215;2020-11-22 07:00:00;2020-11-22 07:30:00;102.46666666666667
1071729215;2020-11-22 07:30:00;2020-11-22 08:00:00;93.83333333333333
1071729215;2020-11-22 08:00:00;2020-11-22 08:30:00;91.23333333333333
1071729215;2020-11-22 08:30:00;2020-11-22 09:00:00;93.56666666666666
1071729215;2020-11-22 09:00:00;2020-11-22 09:30:00;106.26666666666667
1071729215;2020-11-22 09:30:00;2020-11-22 10:00:00;104.3
1071729215;2020-11-22 10:00:00;2020-11-22 10:30:00;114.03333333333333
1071729215;2020-11-22 10:30:00;2020-11-22 11:00:00;97.4
1071729215;2020-11-22 11:00:00;2020-11-22 11:30:00;104.43333333333334
1071729215;2020-11-22 11:30:00;2020-11-22 12:00:00;104.93333333333334
1071729215;2020-11-22 12:00:00;2020-11-22 12:30:00;106.63333333333334
1071729215;2020-11-22 12:30:00;2020-11-22 13:00:00;107.23333333333333
1071729215;2020-11-22 13:00:00;2020-11-22 13:30:00;109.93333333333334
1071729215;2020-11-22 13:30:00;2020-11-22 14:00:00;105.06666666666666
1071729215;2020-11-22 14:00:00;2020-11-22 14:30:00;98.26666666666667
1071729215;2020-11-22 14:30:00;2020-11-22 15:00:00;103.5
1071729215;2020-11-22 15:00:00;2020-11-22 15:30:00;98.16666666666667
1071729215;2020-11-22 15:30:00;2020-11-22 16:00:00;107.36666666666666
1071729215;2020-11-22 16:00:00;2020-11-22 16:30:00;106.4
1071729215;2020-11-22 16:30:00;2020-11-22 17:00:00;104.76666666666667
1071729215;2020-11-22 17:00:00;2020-11-22 17:30:00;103.23333333333333
1071729215;2020-11-22 17:30:00;2020-11-22 18:00:00;109.93333333333334
1071729215;2020-11-22 18:00:00;2020-11-22 18:30:00;101.03333333333333
1071729215;2020-11-22 18:30:00;2020-11-22 19:00:00;106.1
1071729215;2020-11-22 19:00:00;2020-11-22 19:30:00;95.1
1071729215;2020-11-22 19:30:00;2020-11-22 20:00:00;108.2
1071729215;2020-11-22 20:00:00;2020-11-22 20:30:00;104.63333333333334
1071729215;2020-11-22 20:30:00;2020-11-22 21:00:00;117.36666666666666
1071729215;2020-11-22 21:00:00;2020-11-22 21:30:00;108.76666666666667
1071729215;2020-11-22 21:30:00;2020-11-22 22:00:00;128.13333333333333
1071729215;2020-11-22 22:00:00;2020-11-22 22:30:00;102.23333333333333
1071729215;2020-11-22 22:30:00;2020-11-22 23:00:00;102.6
1071729215;2020-11-22 23:00:00;2020-11-22 23:30:00;101.0
1071729215;2020-11-22 23:30:00;2020-11-22 23:59:59;101.0
1071729215;2020-11-23 00:00:00;2020-11-23 00:30:00;101.0
1071729215;2020-11-23 00:30:00;2020-11-23 01:00:00;101.0
1071729215;2020-11-23 01:00:00;2020-11-23 01:30:00;101.0
1071729215;2020-11-23 01:30:00;2020-11-23 02:00:00;101.0
1071729215;2020-11-23 02:00:00;2020-11-23 02:30:00;97.23333333333333
1071729215;2020-11-23 02:30:00;2020-11-23 03:00:00;101.0
1071729215;2020-11-23 03:00:00;2020-11-23 03:30:00;103.8
1071729215;2020-11-23 03:30:00;2020-11-23 04:00:00;106.4
1071729215;2020-11-23 04:00:00;2020-11-23 04:30:00;103.46666666666667
1071729215;2020-11-23 04:30:00;2020-11-23 05:00:00;96.13333333333334
1071729215;2020-11-23 05:00:00;2020-11-23 05:30:00;98.43333333333334
1071729215;2020-11-23 05:30:00;2020-11-23 06:00:00;103.76666666666667
1071729215;2020-11-23 06:00:00;2020-11-23 06:30:00;101.43333333333334
1071729215;2020-11-23 06:30:00;2020-11-23 07:00:00;97.93333333333334
1071729215;2020-11-23 07:00:00;2020-11-23 07:30:00;103.36666666666666
1071729215;2020-11-23 07:30:00;2020-11-23 08:00:00;97.36666666666666
1071729215;2020-11-23 08:00:00;2020-11-23 08:30:00;101.33333333333333
1071729215;2020-11-23 08:30:00;2020-11-23 09:00:00;92.56666666666666
1071729215;2020-11-23 09:00:00;2020-11-23 09:30:00;95.71428571428571
1071729215;2020-11-23 09:30:00;2020-11-23 10:00:00;100.96666666666667
1071729215;2020-11-23 10:00:00;2020-11-23 10:30:00;109.53333333333333
1071729215;2020-11-23 10:30:00;2020-11-23 11:00:00;105.3
1071729215;2020-11-23 11:00:00;2020-11-23 11:30:00;121.3
1071729215;2020-11-23 11:30:00;2020-11-23 12:00:00;92.76666666666667
1071729215;2020-11-23 12:00:00;2020-11-23 12:30:00;100.26666666666667
1071729215;2020-11-23 12:30:00;2020-11-23 13:00:00;111.46666666666667
1071729215;2020-11-23 13:00:00;2020-11-23 13:30:00;96.0
1071729215;2020-11-23 13:30:00;2020-11-23 14:00:00;99.43333333333334
1071729215;2020-11-23 14:00:00;2020-11-23 14:30:00;91.8
1071729215;2020-11-23 14:30:00;2020-11-23 15:00:00;103.0
1071729215;2020-11-23 15:00:00;2020-11-23 15:30:00;98.73333333333333
1071729215;2020-11-23 15:30:00;2020-11-23 16:00:00;113.26666666666667
1071729215;2020-11-23 16:00:00;2020-11-23 16:30:00;104.9
1071729215;2020-11-23 16:30:00;2020-11-23 17:00:00;99.47619047619048
1071729215;2020-11-23 17:00:00;2020-11-23 17:30:00;84.44444444444444
1071729215;2020-11-23 17:30:00;2020-11-23 18:00:00;90.8
1071729215;2020-11-23 18:00:00;2020-11-23 18:30:00;101.8
1071729215;2020-11-23 18:30:00;2020-11-23 19:00:00;98.86666666666666
1071729215;2020-11-23 19:00:00;2020-11-23 19:30:00;106.26666666666667
1071729215;2020-11-23 19:30:00;2020-11-23 20:00:00;105.76666666666667
1071729215;2020-11-23 20:00:00;2020-11-23 20:30:00;109.33333333333333
1071729215;2020-11-23 20:30:00;2020-11-23 21:00:00;104.96666666666667
1071729215;2020-11-23 21:00:00;2020-11-23 21:30:00;101.26666666666667
1071729215;2020-11-23 21:30:00;2020-11-23 22:00:00;101.0
1071729215;2020-11-23 22:00:00;2020-11-23 22:30:00;94.06666666666666
1071729215;2020-11-23 22:30:00;2020-11-23 23:00:00;101.8
1071729215;2020-11-23 23:00:00;2020-11-23 23:30:00;82.86666666666666
1071729215;2020-11-23 23:30:00;2020-11-23 23:59:59;86.0
1071729215;2020-11-24 00:00:00;2020-11-24 00:30:00;101.56666666666666
1071729215;2020-11-24 00:30:00;2020-11-24 01:00:00;91.83333333333333
1071729215;2020-11-24 01:00:00;2020-11-24 01:30:00;95.9
1071729215;2020-11-24 01:30:00;2020-11-24 02:00:00;84.6
1071729215;2020-11-24 02:00:00;2020-11-24 02:30:00;92.8
1071729215;2020-11-24 02:30:00;2020-11-24 03:00:00;103.0
1071729215;2020-11-24 03:00:00;2020-11-24 03:30:00;101.0
1071729215;2020-11-24 03:30:00;2020-11-24 04:00:00;101.0
1071729215;2020-11-24 04:00:00;2020-11-24 04:30:00;94.0
1071729215;2020-11-24 04:30:00;2020-11-24 05:00:00;96.9
1071729215;2020-11-24 05:00:00;2020-11-24 05:30:00;107.76666666666667
1071729215;2020-11-24 05:30:00;2020-11-24 06:00:00;110.33333333333333
1071729215;2020-11-24 06:00:00;2020-11-24 06:30:00;97.53333333333333
1071729215;2020-11-24 06:30:00;2020-11-24 07:00:00;99.53333333333333
1071729215;2020-11-24 07:00:00;2020-11-24 07:30:00;91.23333333333333
1071729215;2020-11-24 07:30:00;2020-11-24 08:00:00;104.1
1071729215;2020-11-24 08:00:00;2020-11-24 08:30:00;98.06666666666666
1071729215;2020-11-24 08:30:00;2020-11-24 09:00:00;98.3
1071729215;2020-11-24 09:00:00;2020-11-24 09:30:00;94.0
1071729215;2020-11-24 09:30:00;2020-11-24 10:00:00;101.53333333333333
1071729215;2020-11-24 10:00:00;2020-11-24 10:30:00;98.28571428571429
1071729215;2020-11-24 10:30:00;2020-11-24 11:00:00;109.3
1071729215;2020-11-24 11:00:00;2020-11-24 11:30:00;96.1
1071729215;2020-11-24 11:30:00;2020-11-24 12:00:00;94.6
1071729215;2020-11-24 12:00:00;2020-11-24 12:30:00;95.23333333333333
1071729215;2020-11-24 12:30:00;2020-11-24 13:00:00;95.93333333333334
1071729215;2020-11-24 13:00:00;2020-11-24 13:30:00;93.23333333333333
1071729215;2020-11-24 13:30:00;2020-11-24 14:00:00;94.8
1071729215;2020-11-24 14:00:00;2020-11-24 14:30:00;92.06666666666666
1071729215;2020-11-24 14:30:00;2020-11-24 15:00:00;100.36666666666666
1071729215;2020-11-24 15:00:00;2020-11-24 15:30:00;93.1
1071729215;2020-11-24 15:30:00;2020-11-24 16:00:00;96.23333333333333
1071729215;2020-11-24 16:00:00;2020-11-24 16:30:00;91.86666666666666
1071729215;2020-11-24 16:30:00;2020-11-24 17:00:00;96.03333333333333
1071729215;2020-11-24 17:00:00;2020-11-24 17:30:00;89.53333333333333
1071729215;2020-11-24 17:30:00;2020-11-24 18:00:00;92.5
1071729215;2020-11-24 18:00:00;2020-11-24 18:30:00;94.5
1071729215;2020-11-24 18:30:00;2020-11-24 19:00:00;93.2
1071729215;2020-11-24 19:00:00;2020-11-24 19:30:00;101.26666666666667
1071729215;2020-11-24 19:30:00;2020-11-24 20:00:00;110.43333333333334
1071729215;2020-11-24 20:00:00;2020-11-24 20:30:00;97.9
1071729215;2020-11-24 20:30:00;2020-11-24 21:00:00;107.13333333333334
1071729215;2020-11-24 21:00:00;2020-11-24 21:30:00;100.9
1071729215;2020-11-24 21:30:00;2020-11-24 22:00:00;100.8
1071729215;2020-11-24 22:00:00;2020-11-24 22:30:00;103.0
1071729215;2020-11-24 22:30:00;2020-11-24 23:00:00;97.33333333333333
1071729215;2020-11-24 23:00:00;2020-11-24 23:30:00;101.0
1071729215;2020-11-24 23:30:00;2020-11-24 23:59:59;101.0
1071729215;2020-11-25 00:00:00;2020-11-25 00:30:00;101.0
1071729215;2020-11-25 00:30:00;2020-11-25 01:00:00;101.0
1071729215;2020-11-25 01:00:00;2020-11-25 01:30:00;101.0
1071729215;2020-11-25 01:30:00;2020-11-25 02:00:00;101.0
1071729215;2020-11-25 02:00:00;2020-11-25 02:30:00;101.2
1071729215;2020-11-25 02:30:00;2020-11-25 03:00:00;101.0
1071729215;2020-11-25 03:00:00;2020-11-25 03:30:00;31.833333333333332
1071729215;2020-11-25 03:30:00;2020-11-25 04:00:00;95.1
1071729215;2020-11-25 04:00:00;2020-11-25 04:30:00;87.0
1071729215;2020-11-25 04:30:00;2020-11-25 05:00:00;93.96666666666667
1071729215;2020-11-25 05:00:00;2020-11-25 05:30:00;107.46666666666667
1071729215;2020-11-25 05:30:00;2020-11-25 06:00:00;93.66666666666667
1071729215;2020-11-25 06:00:00;2020-11-25 06:30:00;89.2
1071729215;2020-11-25 06:30:00;2020-11-25 07:00:00;96.8
1071729215;2020-11-25 07:00:00;2020-11-25 07:30:00;100.75862068965517
1071729215;2020-11-25 07:30:00;2020-11-25 08:00:00;86.36666666666666
1071729215;2020-11-25 08:00:00;2020-11-25 08:30:00;85.0
1071729215;2020-11-25 08:30:00;2020-11-25 09:00:00;101.56666666666666
1071729215;2020-11-25 09:00:00;2020-11-25 09:30:00;91.56666666666666
1071729215;2020-11-25 09:30:00;2020-11-25 10:00:00;90.3
1071729215;2020-11-25 10:00:00;2020-11-25 10:30:00;98.63333333333334
1071729215;2020-11-25 10:30:00;2020-11-25 11:00:00;95.0
1071729215;2020-11-25 11:00:00;2020-11-25 11:30:00;86.66666666666667
1071729215;2020-11-25 11:30:00;2020-11-25 12:00:00;93.63333333333334
1071729215;2020-11-25 12:00:00;2020-11-25 12:30:00;91.73333333333333
1071729215;2020-11-25 12:30:00;2020-11-25 13:00:00;95.3
1071729215;2020-11-25 13:00:00;2020-11-25 13:30:00;91.7
1071729215;2020-11-25 13:30:00;2020-11-25 14:00:00;94.86666666666666
1071729215;2020-11-25 14:00:00;2020-11-25 14:30:00;90.46666666666667
1071729215;2020-11-25 14:30:00;2020-11-25 15:00:00;98.56666666666666
1071729215;2020-11-25 15:00:00;2020-11-25 15:30:00;89.3
1071729215;2020-11-25 15:30:00;2020-11-25 16:00:00;97.7
1071729215;2020-11-25 16:00:00;2020-11-25 16:30:00;107.73333333333333
1071729215;2020-11-25 16:30:00;2020-11-25 17:00:00;105.26666666666667
1071729215;2020-11-25 17:00:00;2020-11-25 17:30:00;92.0
1071729215;2020-11-25 17:30:00;2020-11-25 18:00:00;93.03333333333333
1071729215;2020-11-25 18:00:00;2020-11-25 18:30:00;90.53333333333333
1071729215;2020-11-25 18:30:00;2020-11-25 19:00:00;92.03333333333333
1071729215;2020-11-25 19:00:00;2020-11-25 19:30:00;91.23333333333333
1071729215;2020-11-25 19:30:00;2020-11-25 20:00:00;113.53333333333333
1071729215;2020-11-25 20:00:00;2020-11-25 20:30:00;102.06666666666666
1071729215;2020-11-25 20:30:00;2020-11-25 21:00:00;99.4
1071729215;2020-11-25 21:00:00;2020-11-25 21:30:00;100.33333333333333
1071729215;2020-11-25 21:30:00;2020-11-25 22:00:00;100.83333333333333
1071729215;2020-11-25 22:00:00;2020-11-25 22:30:00;101.0
1071729215;2020-11-25 22:30:00;2020-11-25 23:00:00;101.0
1071729215;2020-11-25 23:00:00;2020-11-25 23:30:00;101.0
1071729215;2020-11-25 23:30:00;2020-11-25 23:59:59;101.0
1071729215;2020-11-26 00:00:00;2020-11-26 00:30:00;101.0
1071729215;2020-11-26 00:30:00;2020-11-26 01:00:00;101.0
1071729215;2020-11-26 01:00:00;2020-11-26 01:30:00;101.0
1071729215;2020-11-26 01:30:00;2020-11-26 02:00:00;101.0
1071729215;2020-11-26 02:00:00;2020-11-26 02:30:00;101.0
1071729215;2020-11-26 02:30:00;2020-11-26 03:00:00;101.0
1071729215;2020-11-26 03:00:00;2020-11-26 03:30:00;101.0
1071729215;2020-11-26 03:30:00;2020-11-26 04:00:00;98.2
1071729215;2020-11-26 04:00:00;2020-11-26 04:30:00;94.23333333333333
1071729215;2020-11-26 04:30:00;2020-11-26 05:00:00;93.63333333333334
1071729215;2020-11-26 05:00:00;2020-11-26 05:30:00;99.5
1071729215;2020-11-26 05:30:00;2020-11-26 06:00:00;87.66666666666667
1071729215;2020-11-26 06:00:00;2020-11-26 06:30:00;96.5
1071729215;2020-11-26 06:30:00;2020-11-26 07:00:00;95.03333333333333
1071729215;2020-11-26 07:00:00;2020-11-26 07:30:00;98.23333333333333
1071729215;2020-11-26 07:30:00;2020-11-26 08:00:00;88.03333333333333
1071729215;2020-11-26 08:00:00;2020-11-26 08:30:00;96.7
1071729215;2020-11-26 08:30:00;2020-11-26 09:00:00;95.8
1071729215;2020-11-26 09:00:00;2020-11-26 09:30:00;91.86666666666666
1071729215;2020-11-26 09:30:00;2020-11-26 10:00:00;94.6
1071729215;2020-11-26 10:00:00;2020-11-26 10:30:00;94.96666666666667
1071729215;2020-11-26 10:30:00;2020-11-26 11:00:00;89.4
1071729215;2020-11-26 11:00:00;2020-11-26 11:30:00;93.76666666666667
1071729215;2020-11-26 11:30:00;2020-11-26 12:00:00;84.7
1071729215;2020-11-26 12:00:00;2020-11-26 12:30:00;101.16666666666667
1071729215;2020-11-26 12:30:00;2020-11-26 13:00:00;104.66666666666667
1071729215;2020-11-26 13:00:00;2020-11-26 13:30:00;96.26666666666667
1071729215;2020-11-26 13:30:00;2020-11-26 14:00:00;99.33333333333333
1071729215;2020-11-26 14:00:00;2020-11-26 14:30:00;89.06666666666666
1071729215;2020-11-26 14:30:00;2020-11-26 15:00:00;92.53333333333333
1071729215;2020-11-26 15:00:00;2020-11-26 15:30:00;94.16666666666667
1071729215;2020-11-26 15:30:00;2020-11-26 16:00:00;93.9
1071729215;2020-11-26 16:00:00;2020-11-26 16:30:00;97.3
1071729215;2020-11-26 16:30:00;2020-11-26 17:00:00;107.1
1071729215;2020-11-26 17:00:00;2020-11-26 17:30:00;103.6
1071729215;2020-11-26 17:30:00;2020-11-26 18:00:00;101.4
1071729215;2020-11-26 18:00:00;2020-11-26 18:30:00;100.2
1071729215;2020-11-26 18:30:00;2020-11-26 19:00:00;99.93333333333334
1071729215;2020-11-26 19:00:00;2020-11-26 19:30:00;95.13333333333334
1071729215;2020-11-26 19:30:00;2020-11-26 20:00:00;97.0
1071729215;2020-11-26 20:00:00;2020-11-26 20:30:00;109.43333333333334
1071729215;2020-11-26 20:30:00;2020-11-26 21:00:00;91.43333333333334
1071729215;2020-11-26 21:00:00;2020-11-26 21:30:00;92.6
1071729215;2020-11-26 21:30:00;2020-11-26 22:00:00;80.13333333333334
1071729215;2020-11-26 22:00:00;2020-11-26 22:30:00;88.46666666666667
1071729215;2020-11-26 22:30:00;2020-11-26 23:00:00;99.1
1071729215;2020-11-26 23:00:00;2020-11-26 23:30:00;94.76666666666667
1071729215;2020-11-26 23:30:00;2020-11-26 23:59:59;94.1
1071729215;2020-11-27 00:00:00;2020-11-27 00:30:00;100.96666666666667
1071729215;2020-11-27 00:30:00;2020-11-27 01:00:00;101.0
1071729215;2020-11-27 01:00:00;2020-11-27 01:30:00;100.56666666666666
1071729215;2020-11-27 01:30:00;2020-11-27 02:00:00;100.96666666666667
1071729215;2020-11-27 02:00:00;2020-11-27 02:30:00;101.0
1071729215;2020-11-27 02:30:00;2020-11-27 03:00:00;101.0
1071729215;2020-11-27 03:00:00;2020-11-27 03:30:00;101.0
1071729215;2020-11-27 03:30:00;2020-11-27 04:00:00;101.0
1071729215;2020-11-27 04:00:00;2020-11-27 04:30:00;94.46666666666667
1071729215;2020-11-27 04:30:00;2020-11-27 05:00:00;98.43333333333334
1071729215;2020-11-27 05:00:00;2020-11-27 05:30:00;83.1
1071729215;2020-11-27 05:30:00;2020-11-27 06:00:00;90.7
1071729215;2020-11-27 06:00:00;2020-11-27 06:30:00;105.5
1071729215;2020-11-27 06:30:00;2020-11-27 07:00:00;87.03333333333333
1071729215;2020-11-27 07:00:00;2020-11-27 07:30:00;88.2
1071729215;2020-11-27 07:30:00;2020-11-27 08:00:00;90.8
1071729215;2020-11-27 08:00:00;2020-11-27 08:30:00;100.6
1071729215;2020-11-27 08:30:00;2020-11-27 09:00:00;92.66666666666667
1071729215;2020-11-27 09:00:00;2020-11-27 09:30:00;96.83333333333333
1071729215;2020-11-27 09:30:00;2020-11-27 10:00:00;104.86666666666666
1071729215;2020-11-27 10:00:00;2020-11-27 10:30:00;103.36666666666666
1071729215;2020-11-27 10:30:00;2020-11-27 11:00:00;93.13333333333334
1071729215;2020-11-27 11:00:00;2020-11-27 11:30:00;94.63333333333334
1071729215;2020-11-27 11:30:00;2020-11-27 12:00:00;93.73333333333333
1071729215;2020-11-27 12:00:00;2020-11-27 12:30:00;95.8
1071729215;2020-11-27 12:30:00;2020-11-27 13:00:00;97.66666666666667
1071729215;2020-11-27 13:00:00;2020-11-27 13:30:00;81.13333333333334
1071729215;2020-11-27 13:30:00;2020-11-27 14:00:00;85.26666666666667
1071729215;2020-11-27 14:00:00;2020-11-27 14:30:00;90.2
1071729215;2020-11-27 14:30:00;2020-11-27 15:00:00;106.3
1071729215;2020-11-27 15:00:00;2020-11-27 15:30:00;103.16666666666667
1071729215;2020-11-27 15:30:00;2020-11-27 16:00:00;103.93333333333334
1071729215;2020-11-27 16:00:00;2020-11-27 16:30:00;102.41379310344827
1071729215;2020-11-27 16:30:00;2020-11-27 17:00:00;95.11538461538461
1071729215;2020-11-27 17:00:00;2020-11-27 17:30:00;102.64285714285714
1071729215;2020-11-27 17:30:00;2020-11-27 18:00:00;99.6
1071729215;2020-11-27 18:00:00;2020-11-27 18:30:00;96.4
1071729215;2020-11-27 18:30:00;2020-11-27 19:00:00;105.2
1071729215;2020-11-27 19:00:00;2020-11-27 19:30:00;90.43333333333334
1071729215;2020-11-27 19:30:00;2020-11-27 20:00:00;101.03333333333333
1071729215;2020-11-27 20:00:00;2020-11-27 20:30:00;98.66666666666667
1071729215;2020-11-27 20:30:00;2020-11-27 21:00:00;114.06666666666666
1071729215;2020-11-27 21:00:00;2020-11-27 21:30:00;98.53333333333333
1071729215;2020-11-27 21:30:00;2020-11-27 22:00:00;102.66666666666667
1071729215;2020-11-27 22:00:00;2020-11-27 22:30:00;96.76666666666667
1071729215;2020-11-27 22:30:00;2020-11-27 23:00:00;102.93333333333334
1071729215;2020-11-27 23:00:00;2020-11-27 23:30:00;108.43333333333334
1071729215;2020-11-27 23:30:00;2020-11-27 23:59:59;96.86666666666666
1071729215;2020-11-28 00:00:00;2020-11-28 00:30:00;105.93333333333334
1071729215;2020-11-28 00:30:00;2020-11-28 01:00:00;101.0
1071729215;2020-11-28 01:00:00;2020-11-28 01:30:00;101.0
1071729215;2020-11-28 01:30:00;2020-11-28 02:00:00;101.0
1071729215;2020-11-28 02:00:00;2020-11-28 02:30:00;101.0
1071729215;2020-11-28 02:30:00;2020-11-28 03:00:00;101.0
1071729215;2020-11-28 03:00:00;2020-11-28 03:30:00;101.0
1071729215;2020-11-28 03:30:00;2020-11-28 04:00:00;101.0
1071729215;2020-11-28 04:00:00;2020-11-28 04:30:00;92.06666666666666
1071729215;2020-11-28 04:30:00;2020-11-28 05:00:00;88.93333333333334
1071729215;2020-11-28 05:00:00;2020-11-28 05:30:00;96.63333333333334
1071729215;2020-11-28 05:30:00;2020-11-28 06:00:00;99.36666666666666
1071729215;2020-11-28 06:00:00;2020-11-28 06:30:00;98.36666666666666
1071729215;2020-11-28 06:30:00;2020-11-28 07:00:00;95.2
1071729215;2020-11-28 07:00:00;2020-11-28 07:30:00;108.96666666666667
1071729215;2020-11-28 07:30:00;2020-11-28 08:00:00;103.76666666666667
1071729215;2020-11-28 08:00:00;2020-11-28 08:30:00;104.83333333333333
1071729215;2020-11-28 08:30:00;2020-11-28 09:00:00;105.1
1071729215;2020-11-28 09:00:00;2020-11-28 09:30:00;110.5
1071729215;2020-11-28 09:30:00;2020-11-28 10:00:00;109.56666666666666
1071729215;2020-11-28 10:00:00;2020-11-28 10:30:00;104.9
1071729215;2020-11-28 10:30:00;2020-11-28 11:00:00;104.63333333333334
1071729215;2020-11-28 11:00:00;2020-11-28 11:30:00;107.6
1071729215;2020-11-28 11:30:00;2020-11-28 12:00:00;108.13333333333334
1071729215;2020-11-28 12:00:00;2020-11-28 12:30:00;105.86666666666666
1071729215;2020-11-28 12:30:00;2020-11-28 13:00:00;95.43333333333334
1071729215;2020-11-28 13:00:00;2020-11-28 13:30:00;115.2
1071729215;2020-11-28 13:30:00;2020-11-28 14:00:00;111.76666666666667
1071729215;2020-11-28 14:00:00;2020-11-28 14:30:00;109.76666666666667
1071729215;2020-11-28 14:30:00;2020-11-28 15:00:00;108.56666666666666
1071729215;2020-11-28 15:00:00;2020-11-28 15:30:00;107.0
1071729215;2020-11-28 15:30:00;2020-11-28 16:00:00;96.5
1071729215;2020-11-28 16:00:00;2020-11-28 16:30:00;98.66666666666667
1071729215;2020-11-28 16:30:00;2020-11-28 17:00:00;103.43333333333334
1071729215;2020-11-28 17:00:00;2020-11-28 17:30:00;97.2
1071729215;2020-11-28 17:30:00;2020-11-28 18:00:00;96.23333333333333
1071729215;2020-11-28 18:00:00;2020-11-28 18:30:00;103.76666666666667
1071729215;2020-11-28 18:30:00;2020-11-28 19:00:00;101.6
1071729215;2020-11-28 19:00:00;2020-11-28 19:30:00;112.73333333333333
1071729215;2020-11-28 19:30:00;2020-11-28 20:00:00;104.53333333333333
1071729215;2020-11-28 20:00:00;2020-11-28 20:30:00;108.60714285714286
1071729215;2020-11-28 20:30:00;2020-11-28 21:00:00;99.73333333333333
1071729215;2020-11-28 21:00:00;2020-11-28 21:30:00;100.83333333333333
1071729215;2020-11-28 21:30:00;2020-11-28 22:00:00;96.3
1071729215;2020-11-28 22:00:00;2020-11-28 22:30:00;95.36666666666666
1071729215;2020-11-28 22:30:00;2020-11-28 23:00:00;99.8
1071729215;2020-11-28 23:00:00;2020-11-28 23:30:00;92.0
1071729215;2020-11-28 23:30:00;2020-11-28 23:59:59;93.5
1071729215;2020-11-29 00:00:00;2020-11-29 00:30:00;99.1
1071729215;2020-11-29 00:30:00;2020-11-29 01:00:00;100.7
1071729215;2020-11-29 01:00:00;2020-11-29 01:30:00;101.0
1071729215;2020-11-29 01:30:00;2020-11-29 02:00:00;101.0
1071729215;2020-11-29 02:00:00;2020-11-29 02:30:00;101.0
1071729215;2020-11-29 02:30:00;2020-11-29 03:00:00;101.0
1071729215;2020-11-29 03:00:00;2020-11-29 03:30:00;101.0
1071729215;2020-11-29 03:30:00;2020-11-29 04:00:00;101.0
1071729215;2020-11-29 04:00:00;2020-11-29 04:30:00;94.13333333333334
1071729215;2020-11-29 04:30:00;2020-11-29 05:00:00;93.73333333333333
1071729215;2020-11-29 05:00:00;2020-11-29 05:30:00;97.0
1071729215;2020-11-29 05:30:00;2020-11-29 06:00:00;97.0
1071729215;2020-11-29 06:00:00;2020-11-29 06:30:00;97.0
1071729215;2020-11-29 06:30:00;2020-11-29 07:00:00;97.0
1071729215;2020-11-29 07:00:00;2020-11-29 07:30:00;101.0
1071729215;2020-11-29 07:30:00;2020-11-29 08:00:00;99.6
1071729215;2020-11-29 08:00:00;2020-11-29 08:30:00;80.0
1071729215;2020-11-29 08:30:00;2020-11-29 09:00:00;96.06666666666666
1071729215;2020-11-29 09:00:00;2020-11-29 09:30:00;109.8
1071729215;2020-11-29 09:30:00;2020-11-29 10:00:00;103.8
1071729215;2020-11-29 10:00:00;2020-11-29 10:30:00;97.16666666666667
1071729215;2020-11-29 10:30:00;2020-11-29 11:00:00;101.63333333333334
1071729215;2020-11-29 11:00:00;2020-11-29 11:30:00;106.83333333333333
1071729215;2020-11-29 11:30:00;2020-11-29 12:00:00;108.66666666666667
1071729215;2020-11-29 12:00:00;2020-11-29 12:30:00;109.5
1071729215;2020-11-29 12:30:00;2020-11-29 13:00:00;99.93333333333334
1071729215;2020-11-29 13:00:00;2020-11-29 13:30:00;109.3
1071729215;2020-11-29 13:30:00;2020-11-29 14:00:00;105.46666666666667
1071729215;2020-11-29 14:00:00;2020-11-29 14:30:00;96.5
1071729215;2020-11-29 14:30:00;2020-11-29 15:00:00;94.1
1071729215;2020-11-29 15:00:00;2020-11-29 15:30:00;90.23333333333333
1071729215;2020-11-29 15:30:00;2020-11-29 16:00:00;96.76666666666667
1071729215;2020-11-29 16:00:00;2020-11-29 16:30:00;107.73333333333333
1071729215;2020-11-29 16:30:00;2020-11-29 17:00:00;102.8
1071729215;2020-11-29 17:00:00;2020-11-29 17:30:00;102.56666666666666
1071729215;2020-11-29 17:30:00;2020-11-29 18:00:00;96.46666666666667
1071729215;2020-11-29 18:00:00;2020-11-29 18:30:00;110.93333333333334
1071729215;2020-11-29 18:30:00;2020-11-29 19:00:00;105.83333333333333
1071729215;2020-11-29 19:00:00;2020-11-29 19:30:00;99.23333333333333
1071729215;2020-11-29 19:30:00;2020-11-29 20:00:00;118.63333333333334
1071729215;2020-11-29 20:00:00;2020-11-29 20:30:00;85.06666666666666
1071729215;2020-11-29 20:30:00;2020-11-29 21:00:00;93.7
1071729215;2020-11-29 21:00:00;2020-11-29 21:30:00;97.8
1071729215;2020-11-29 21:30:00;2020-11-29 22:00:00;109.73333333333333
1071729215;2020-11-29 22:00:00;2020-11-29 22:30:00;96.13333333333334
1071729215;2020-11-29 22:30:00;2020-11-29 23:00:00;103.93333333333334
1071729215;2020-11-29 23:00:00;2020-11-29 23:30:00;101.0
1071729215;2020-11-29 23:30:00;2020-11-29 23:59:59;101.0
1071729215;2020-11-30 00:00:00;2020-11-30 00:30:00;101.0
1071729215;2020-11-30 00:30:00;2020-11-30 01:00:00;101.0
1071729215;2020-11-30 01:00:00;2020-11-30 01:30:00;107.66666666666667
1071729215;2020-11-30 01:30:00;2020-11-30 02:00:00;102.93333333333334
1071729215;2020-11-30 02:00:00;2020-11-30 02:30:00;119.0
1071729215;2020-11-30 02:30:00;2020-11-30 03:00:00;111.56666666666666
1071729215;2020-11-30 03:00:00;2020-11-30 03:30:00;93.93333333333334
1071729215;2020-11-30 03:30:00;2020-11-30 04:00:00;103.66666666666667
1071729215;2020-11-30 04:00:00;2020-11-30 04:30:00;105.76666666666667
1071729215;2020-11-30 04:30:00;2020-11-30 05:00:00;101.46666666666667
1071729215;2020-11-30 05:00:00;2020-11-30 05:30:00;105.1
1071729215;2020-11-30 05:30:00;2020-11-30 06:00:00;90.43333333333334
1071729215;2020-11-30 06:00:00;2020-11-30 06:30:00;103.96666666666667
1071729215;2020-11-30 06:30:00;2020-11-30 07:00:00;109.33333333333333
1071729215;2020-11-30 07:00:00;2020-11-30 07:30:00;93.36666666666666
1071729215;2020-11-30 07:30:00;2020-11-30 08:00:00;94.13333333333334
1071729215;2020-11-30 08:00:00;2020-11-30 08:30:00;94.73333333333333
1071729215;2020-11-30 08:30:00;2020-11-30 09:00:00;97.89655172413794
1071729215;2020-11-30 09:00:00;2020-11-30 09:30:00;90.48275862068965
1071729215;2020-11-30 09:30:00;2020-11-30 10:00:00;91.96551724137932
1071729215;2020-11-30 10:00:00;2020-11-30 10:30:00;102.89655172413794
1071729215;2020-11-30 10:30:00;2020-11-30 11:00:00;98.86206896551724
1071729215;2020-11-30 11:00:00;2020-11-30 11:30:00;95.66666666666667
1071729215;2020-11-30 11:30:00;2020-11-30 12:00:00;98.61538461538461
1071729215;2020-11-30 12:00:00;2020-11-30 12:30:00;98.67857142857143
1071729215;2020-11-30 12:30:00;2020-11-30 13:00:00;100.0
1071729215;2020-11-30 13:00:00;2020-11-30 13:30:00;93.73333333333333
1071729215;2020-11-30 13:30:00;2020-11-30 14:00:00;89.4
1071729215;2020-11-30 14:00:00;2020-11-30 14:30:00;97.9
1071729215;2020-11-30 14:30:00;2020-11-30 15:00:00;89.96666666666667
1071729215;2020-11-30 15:00:00;2020-11-30 15:30:00;92.46666666666667
1071729215;2020-11-30 15:30:00;2020-11-30 16:00:00;98.93333333333334
1071729215;2020-11-30 16:00:00;2020-11-30 16:30:00;95.8
1071729215;2020-11-30 16:30:00;2020-11-30 17:00:00;106.13333333333334
1071729215;2020-11-30 17:00:00;2020-11-30 17:30:00;94.63333333333334
1071729215;2020-11-30 17:30:00;2020-11-30 18:00:00;88.3
1071729215;2020-11-30 18:00:00;2020-11-30 18:30:00;98.83333333333333
1071729215;2020-11-30 18:30:00;2020-11-30 19:00:00;105.5
1071729215;2020-11-30 19:00:00;2020-11-30 19:30:00;109.56666666666666
1071729215;2020-11-30 19:30:00;2020-11-30 20:00:00;90.13333333333334
1071729215;2020-11-30 20:00:00;2020-11-30 20:30:00;90.06666666666666
1071729215;2020-11-30 20:30:00;2020-11-30 21:00:00;109.33333333333333
1071729215;2020-11-30 21:00:00;2020-11-30 21:30:00;105.73333333333333
1071729215;2020-11-30 21:30:00;2020-11-30 22:00:00;113.3
1071729215;2020-11-30 22:00:00;2020-11-30 22:30:00;115.9
1071729215;2020-11-30 22:30:00;2020-11-30 23:00:00;102.66666666666667
1071729215;2020-11-30 23:00:00;2020-11-30 23:30:00;99.73333333333333
1071729215;2020-11-30 23:30:00;2020-11-30 23:59:59;101.0
1071729215;2020-12-01 00:00:00;2020-12-01 00:30:00;100.9
1071729215;2020-12-01 00:30:00;2020-12-01 01:00:00;102.86666666666666
1071729215;2020-12-01 01:00:00;2020-12-01 01:30:00;101.0
1071729215;2020-12-01 01:30:00;2020-12-01 02:00:00;101.0
1071729215;2020-12-01 02:00:00;2020-12-01 02:30:00;101.0
1071729215;2020-12-01 02:30:00;2020-12-01 03:00:00;101.0
1071729215;2020-12-01 03:00:00;2020-12-01 03:30:00;101.0
1071729215;2020-12-01 03:30:00;2020-12-01 04:00:00;101.0
1071729215;2020-12-01 04:00:00;2020-12-01 04:30:00;93.0
1071729215;2020-12-01 04:30:00;2020-12-01 05:00:00;84.33333333333333
1071729215;2020-12-01 05:00:00;2020-12-01 05:30:00;98.73333333333333
1071729215;2020-12-01 05:30:00;2020-12-01 06:00:00;108.26666666666667
1071729215;2020-12-01 06:00:00;2020-12-01 06:30:00;97.43333333333334
1071729215;2020-12-01 06:30:00;2020-12-01 07:00:00;105.06666666666666
1071729215;2020-12-01 07:00:00;2020-12-01 07:30:00;91.56666666666666
1071729215;2020-12-01 07:30:00;2020-12-01 08:00:00;91.1
1071729215;2020-12-01 08:00:00;2020-12-01 08:30:00;111.83333333333333
1071729215;2020-12-01 08:30:00;2020-12-01 09:00:00;92.1
1071729215;2020-12-01 09:00:00;2020-12-01 09:30:00;88.63333333333334
1071729215;2020-12-01 09:30:00;2020-12-01 10:00:00;86.23333333333333
1071729215;2020-12-01 10:00:00;2020-12-01 10:30:00;85.36666666666666
1071729215;2020-12-01 10:30:00;2020-12-01 11:00:00;95.26666666666667
1071729215;2020-12-01 11:00:00;2020-12-01 11:30:00;94.7
1071729215;2020-12-01 11:30:00;2020-12-01 12:00:00;92.2
1071729215;2020-12-01 12:00:00;2020-12-01 12:30:00;96.53333333333333
1071729215;2020-12-01 12:30:00;2020-12-01 13:00:00;104.3
1071729215;2020-12-01 13:00:00;2020-12-01 13:30:00;102.73333333333333
1071729215;2020-12-01 13:30:00;2020-12-01 14:00:00;95.93333333333334
1071729215;2020-12-01 14:00:00;2020-12-01 14:30:00;83.0
1071729215;2020-12-01 14:30:00;2020-12-01 15:00:00;103.13333333333334
1071729215;2020-12-01 15:00:00;2020-12-01 15:30:00;103.1
1071729215;2020-12-01 15:30:00;2020-12-01 16:00:00;99.03333333333333
1071729215;2020-12-01 16:00:00;2020-12-01 16:30:00;89.16666666666667
1071729215;2020-12-01 16:30:00;2020-12-01 17:00:00;88.46666666666667
1071729215;2020-12-01 17:00:00;2020-12-01 17:30:00;96.86666666666666
1071729215;2020-12-01 17:30:00;2020-12-01 18:00:00;107.13333333333334
1071729215;2020-12-01 18:00:00;2020-12-01 18:30:00;99.96666666666667
1071729215;2020-12-01 18:30:00;2020-12-01 19:00:00;99.53333333333333
1071729215;2020-12-01 19:00:00;2020-12-01 19:30:00;97.73333333333333
1071729215;2020-12-01 19:30:00;2020-12-01 20:00:00;102.0
1071729215;2020-12-01 20:00:00;2020-12-01 20:30:00;94.1
1071729215;2020-12-01 20:30:00;2020-12-01 21:00:00;102.96666666666667
1071729215;2020-12-01 21:00:00;2020-12-01 21:30:00;101.8
1071729215;2020-12-01 21:30:00;2020-12-01 22:00:00;101.43333333333334
1071729215;2020-12-01 22:00:00;2020-12-01 22:30:00;101.0
1071729215;2020-12-01 22:30:00;2020-12-01 23:00:00;101.0
1071729215;2020-12-01 23:00:00;2020-12-01 23:30:00;101.0
1071729215;2020-12-01 23:30:00;2020-12-01 23:59:59;101.0
1071729215;2020-12-02 00:00:00;2020-12-02 00:30:00;101.0
1071729215;2020-12-02 00:30:00;2020-12-02 01:00:00;101.0
1071729215;2020-12-02 01:00:00;2020-12-02 01:30:00;95.23333333333333
1071729215;2020-12-02 01:30:00;2020-12-02 02:00:00;101.0
1071729215;2020-12-02 02:00:00;2020-12-02 02:30:00;101.0
1071729215;2020-12-02 02:30:00;2020-12-02 03:00:00;101.0
1071729215;2020-12-02 03:00:00;2020-12-02 03:30:00;100.6
1071729215;2020-12-02 03:30:00;2020-12-02 04:00:00;93.13333333333334
1071729215;2020-12-02 04:00:00;2020-12-02 04:30:00;90.56666666666666
1071729215;2020-12-02 04:30:00;2020-12-02 05:00:00;89.6
1071729215;2020-12-02 05:00:00;2020-12-02 05:30:00;104.26666666666667
1071729215;2020-12-02 05:30:00;2020-12-02 06:00:00;106.86666666666666
1071729215;2020-12-02 06:00:00;2020-12-02 06:30:00;97.6
1071729215;2020-12-02 06:30:00;2020-12-02 07:00:00;89.4
1071729215;2020-12-02 07:00:00;2020-12-02 07:30:00;97.4
1071729215;2020-12-02 07:30:00;2020-12-02 08:00:00;90.1
1071729215;2020-12-02 08:00:00;2020-12-02 08:30:00;95.6
1071729215;2020-12-02 08:30:00;2020-12-02 09:00:00;91.73333333333333
1071729215;2020-12-02 09:00:00;2020-12-02 09:30:00;98.1
1071729215;2020-12-02 09:30:00;2020-12-02 10:00:00;103.36666666666666
1071729215;2020-12-02 10:00:00;2020-12-02 10:30:00;91.16666666666667
1071729215;2020-12-02 10:30:00;2020-12-02 11:00:00;91.6
1071729215;2020-12-02 11:00:00;2020-12-02 11:30:00;92.53333333333333
1071729215;2020-12-02 11:30:00;2020-12-02 12:00:00;105.26666666666667
1071729215;2020-12-02 12:00:00;2020-12-02 12:30:00;105.16666666666667
1071729215;2020-12-02 12:30:00;2020-12-02 13:00:00;98.43333333333334
1071729215;2020-12-02 13:00:00;2020-12-02 13:30:00;92.93333333333334
1071729215;2020-12-02 13:30:00;2020-12-02 14:00:00;100.0
1071729215;2020-12-02 14:00:00;2020-12-02 14:30:00;98.53333333333333
1071729215;2020-12-02 14:30:00;2020-12-02 15:00:00;96.93333333333334
1071729215;2020-12-02 15:00:00;2020-12-02 15:30:00;102.06666666666666
1071729215;2020-12-02 15:30:00;2020-12-02 16:00:00;96.3
1071729215;2020-12-02 16:00:00;2020-12-02 16:30:00;99.73333333333333
1071729215;2020-12-02 16:30:00;2020-12-02 17:00:00;88.56666666666666
1071729215;2020-12-02 17:00:00;2020-12-02 17:30:00;95.3
1071729215;2020-12-02 17:30:00;2020-12-02 18:00:00;93.2
1071729215;2020-12-02 18:00:00;2020-12-02 18:30:00;90.23333333333333
1071729215;2020-12-02 18:30:00;2020-12-02 19:00:00;98.03333333333333
1071729215;2020-12-02 19:00:00;2020-12-02 19:30:00;92.56666666666666
1071729215;2020-12-02 19:30:00;2020-12-02 20:00:00;93.1
1071729215;2020-12-02 20:00:00;2020-12-02 20:30:00;110.13333333333334
1071729215;2020-12-02 20:30:00;2020-12-02 21:00:00;97.76666666666667
1071729215;2020-12-02 21:00:00;2020-12-02 21:30:00;97.7
1071729215;2020-12-02 21:30:00;2020-12-02 22:00:00;96.06666666666666
1071729215;2020-12-02 22:00:00;2020-12-02 22:30:00;86.9
1071729215;2020-12-02 22:30:00;2020-12-02 23:00:00;84.8
1071729215;2020-12-02 23:00:00;2020-12-02 23:30:00;107.06666666666666
1071729215;2020-12-02 23:30:00;2020-12-02 23:59:59;98.73333333333333
1071729215;2020-12-03 00:00:00;2020-12-03 00:30:00;96.83333333333333
1071729215;2020-12-03 00:30:00;2020-12-03 01:00:00;98.43333333333334
1071729215;2020-12-03 01:00:00;2020-12-03 01:30:00;94.86666666666666
1071729215;2020-12-03 01:30:00;2020-12-03 02:00:00;105.13333333333334
1071729215;2020-12-03 02:00:00;2020-12-03 02:30:00;101.0
1071729215;2020-12-03 02:30:00;2020-12-03 03:00:00;101.0
1071729215;2020-12-03 03:00:00;2020-12-03 03:30:00;100.96666666666667
1071729215;2020-12-03 03:30:00;2020-12-03 04:00:00;102.23333333333333
1071729215;2020-12-03 04:00:00;2020-12-03 04:30:00;88.76666666666667
1071729215;2020-12-03 04:30:00;2020-12-03 05:00:00;90.73333333333333
1071729215;2020-12-03 05:00:00;2020-12-03 05:30:00;93.16666666666667
1071729215;2020-12-03 05:30:00;2020-12-03 06:00:00;94.96666666666667
1071729215;2020-12-03 06:00:00;2020-12-03 06:30:00;95.9
1071729215;2020-12-03 06:30:00;2020-12-03 07:00:00;104.55555555555556
1071729215;2020-12-03 07:00:00;2020-12-03 07:30:00;96.6
1071729215;2020-12-03 07:30:00;2020-12-03 08:00:00;99.4
1071729215;2020-12-03 08:00:00;2020-12-03 08:30:00;90.16666666666667
1071729215;2020-12-03 08:30:00;2020-12-03 09:00:00;92.6
1071729215;2020-12-03 09:00:00;2020-12-03 09:30:00;97.43333333333334
1071729215;2020-12-03 09:30:00;2020-12-03 10:00:00;91.96666666666667
1071729215;2020-12-03 10:00:00;2020-12-03 10:30:00;105.26666666666667
1071729215;2020-12-03 10:30:00;2020-12-03 11:00:00;112.66666666666667
1071729215;2020-12-03 11:00:00;2020-12-03 11:30:00;106.3
1071729215;2020-12-03 11:30:00;2020-12-03 12:00:00;96.83333333333333
1071729215;2020-12-03 12:00:00;2020-12-03 12:30:00;94.8
1071729215;2020-12-03 12:30:00;2020-12-03 13:00:00;98.4
1071729215;2020-12-03 13:00:00;2020-12-03 13:30:00;98.26666666666667
1071729215;2020-12-03 13:30:00;2020-12-03 14:00:00;100.4
1071729215;2020-12-03 14:00:00;2020-12-03 14:30:00;88.73333333333333
1071729215;2020-12-03 14:30:00;2020-12-03 15:00:00;100.3
1071729215;2020-12-03 15:00:00;2020-12-03 15:30:00;111.2
1071729215;2020-12-03 15:30:00;2020-12-03 16:00:00;104.16666666666667
1071729215;2020-12-03 16:00:00;2020-12-03 16:30:00;92.5
1071729215;2020-12-03 16:30:00;2020-12-03 17:00:00;95.4
1071729215;2020-12-03 17:00:00;2020-12-03 17:30:00;101.93333333333334
1071729215;2020-12-03 17:30:00;2020-12-03 18:00:00;103.93333333333334
1071729215;2020-12-03 18:00:00;2020-12-03 18:30:00;100.23333333333333
1071729215;2020-12-03 18:30:00;2020-12-03 19:00:00;100.16666666666667
1071729215;2020-12-03 19:00:00;2020-12-03 19:30:00;91.76666666666667
1071729215;2020-12-03 19:30:00;2020-12-03 20:00:00;98.5
1071729215;2020-12-03 20:00:00;2020-12-03 20:30:00;98.9
1071729215;2020-12-03 20:30:00;2020-12-03 21:00:00;106.66666666666667
1071729215;2020-12-03 21:00:00;2020-12-03 21:30:00;97.43333333333334
1071729215;2020-12-03 21:30:00;2020-12-03 22:00:00;87.83333333333333
1071729215;2020-12-03 22:00:00;2020-12-03 22:30:00;101.0
1071729215;2020-12-03 22:30:00;2020-12-03 23:00:00;84.03333333333333
1071729215;2020-12-03 23:00:00;2020-12-03 23:30:00;92.63333333333334
1071729215;2020-12-03 23:30:00;2020-12-03 23:59:59;91.93333333333334
1071729215;2020-12-04 00:00:00;2020-12-04 00:30:00;88.4
1071729215;2020-12-04 00:30:00;2020-12-04 01:00:00;87.26666666666667
1071729215;2020-12-04 01:00:00;2020-12-04 01:30:00;100.73333333333333
1071729215;2020-12-04 01:30:00;2020-12-04 02:00:00;101.0
1071729215;2020-12-04 02:00:00;2020-12-04 02:30:00;101.0
1071729215;2020-12-04 02:30:00;2020-12-04 03:00:00;101.0
1071729215;2020-12-04 03:00:00;2020-12-04 03:30:00;101.0
1071729215;2020-12-04 03:30:00;2020-12-04 04:00:00;101.0
1071729215;2020-12-04 04:00:00;2020-12-04 04:30:00;100.0
1071729215;2020-12-04 04:30:00;2020-12-04 05:00:00;92.9
1071729215;2020-12-04 05:00:00;2020-12-04 05:30:00;88.46666666666667
1071729215;2020-12-04 05:30:00;2020-12-04 06:00:00;90.36666666666666
1071729215;2020-12-04 06:00:00;2020-12-04 06:30:00;87.96666666666667
1071729215;2020-12-04 06:30:00;2020-12-04 07:00:00;92.03333333333333
1071729215;2020-12-04 07:00:00;2020-12-04 07:30:00;96.23333333333333
1071729215;2020-12-04 07:30:00;2020-12-04 08:00:00;92.06666666666666
1071729215;2020-12-04 08:00:00;2020-12-04 08:30:00;99.93103448275862
1071729215;2020-12-04 08:30:00;2020-12-04 09:00:00;110.63333333333334
1071729215;2020-12-04 09:00:00;2020-12-04 09:30:00;104.2
1071729215;2020-12-04 09:30:00;2020-12-04 10:00:00;98.46666666666667
1071729215;2020-12-04 10:00:00;2020-12-04 10:30:00;96.33333333333333
1071729215;2020-12-04 10:30:00;2020-12-04 11:00:00;83.86666666666666
1071729215;2020-12-04 11:00:00;2020-12-04 11:30:00;98.06896551724138
1071729215;2020-12-04 11:30:00;2020-12-04 12:00:00;97.36666666666666
1071729215;2020-12-04 12:00:00;2020-12-04 12:30:00;97.26666666666667
1071729215;2020-12-04 12:30:00;2020-12-04 13:00:00;95.43333333333334
1071729215;2020-12-04 13:00:00;2020-12-04 13:30:00;87.73333333333333
1071729215;2020-12-04 13:30:00;2020-12-04 14:00:00;98.6
1071729215;2020-12-04 14:00:00;2020-12-04 14:30:00;97.23333333333333
1071729215;2020-12-04 14:30:00;2020-12-04 15:00:00;102.76666666666667
1071729215;2020-12-04 15:00:00;2020-12-04 15:30:00;90.1
1071729215;2020-12-04 15:30:00;2020-12-04 16:00:00;101.56666666666666
1071729215;2020-12-04 16:00:00;2020-12-04 16:30:00;109.03333333333333
1071729215;2020-12-04 16:30:00;2020-12-04 17:00:00;118.0
1071729215;2020-12-04 17:00:00;2020-12-04 17:30:00;97.5
1071729215;2020-12-04 17:30:00;2020-12-04 18:00:00;112.6
1071729215;2020-12-04 18:00:00;2020-12-04 18:30:00;106.86666666666666
1071729215;2020-12-04 18:30:00;2020-12-04 19:00:00;96.0
1071729215;2020-12-04 19:00:00;2020-12-04 19:30:00;94.93333333333334
1071729215;2020-12-04 19:30:00;2020-12-04 20:00:00;98.66666666666667
1071729215;2020-12-04 20:00:00;2020-12-04 20:30:00;96.36666666666666
1071729215;2020-12-04 20:30:00;2020-12-04 21:00:00;108.7
1071729215;2020-12-04 21:00:00;2020-12-04 21:30:00;101.73333333333333
1071729215;2020-12-04 21:30:00;2020-12-04 22:00:00;107.13333333333334
1071729215;2020-12-04 22:00:00;2020-12-04 22:30:00;93.9
1071729215;2020-12-04 22:30:00;2020-12-04 23:00:00;91.93333333333334
1071729215;2020-12-04 23:00:00;2020-12-04 23:30:00;92.03333333333333
1071729215;2020-12-04 23:30:00;2020-12-04 23:59:59;95.93333333333334
1071729215;2020-12-05 00:00:00;2020-12-05 00:30:00;82.0
1071729215;2020-12-05 00:30:00;2020-12-05 01:00:00;87.53333333333333
1071729215;2020-12-05 01:00:00;2020-12-05 01:30:00;97.33333333333333
1071729215;2020-12-05 01:30:00;2020-12-05 02:00:00;100.6
1071729215;2020-12-05 02:00:00;2020-12-05 02:30:00;101.0
1071729215;2020-12-05 02:30:00;2020-12-05 03:00:00;101.0
1071729215;2020-12-05 03:00:00;2020-12-05 03:30:00;94.13333333333334
1071729215;2020-12-05 03:30:00;2020-12-05 04:00:00;101.0
1071729215;2020-12-05 04:00:00;2020-12-05 04:30:00;90.0
1071729215;2020-12-05 04:30:00;2020-12-05 05:00:00;85.96666666666667
1071729215;2020-12-05 05:00:00;2020-12-05 05:30:00;94.93333333333334
1071729215;2020-12-05 05:30:00;2020-12-05 06:00:00;93.13333333333334
1071729215;2020-12-05 06:00:00;2020-12-05 06:30:00;88.13333333333334
1071729215;2020-12-05 06:30:00;2020-12-05 07:00:00;91.9
1071729215;2020-12-05 07:00:00;2020-12-05 07:30:00;88.8
1071729215;2020-12-05 07:30:00;2020-12-05 08:00:00;93.46666666666667
1071729215;2020-12-05 08:00:00;2020-12-05 08:30:00;104.93333333333334
1071729215;2020-12-05 08:30:00;2020-12-05 09:00:00;115.16666666666667
1071729215;2020-12-05 09:00:00;2020-12-05 09:30:00;98.86666666666666
1071729215;2020-12-05 09:30:00;2020-12-05 10:00:00;105.5
1071729215;2020-12-05 10:00:00;2020-12-05 10:30:00;96.6
1071729215;2020-12-05 10:30:00;2020-12-05 11:00:00;99.1
1071729215;2020-12-05 11:00:00;2020-12-05 11:30:00;97.13333333333334
1071729215;2020-12-05 11:30:00;2020-12-05 12:00:00;95.6
1071729215;2020-12-05 12:00:00;2020-12-05 12:30:00;95.93333333333334
1071729215;2020-12-05 12:30:00;2020-12-05 13:00:00;94.43333333333334
1071729215;2020-12-05 13:00:00;2020-12-05 13:30:00;100.46666666666667
1071729215;2020-12-05 13:30:00;2020-12-05 14:00:00;99.96666666666667
1071729215;2020-12-05 14:00:00;2020-12-05 14:30:00;107.86666666666666
1071729215;2020-12-05 14:30:00;2020-12-05 15:00:00;105.63333333333334
1071729215;2020-12-05 15:00:00;2020-12-05 15:30:00;100.13333333333334
1071729215;2020-12-05 15:30:00;2020-12-05 16:00:00;96.56666666666666
1071729215;2020-12-05 16:00:00;2020-12-05 16:30:00;108.43333333333334
1071729215;2020-12-05 16:30:00;2020-12-05 17:00:00;104.96666666666667
1071729215;2020-12-05 17:00:00;2020-12-05 17:30:00;95.96666666666667
1071729215;2020-12-05 17:30:00;2020-12-05 18:00:00;96.33333333333333
1071729215;2020-12-05 18:00:00;2020-12-05 18:30:00;99.7
1071729215;2020-12-05 18:30:00;2020-12-05 19:00:00;135.43333333333334
1071729215;2020-12-05 19:00:00;2020-12-05 19:30:00;131.2
1071729215;2020-12-05 19:30:00;2020-12-05 20:00:00;113.0
1071729215;2020-12-05 20:00:00;2020-12-05 20:30:00;109.73333333333333
1071729215;2020-12-05 20:30:00;2020-12-05 21:00:00;107.83333333333333
1071729215;2020-12-05 21:00:00;2020-12-05 21:30:00;106.63333333333334
1071729215;2020-12-05 21:30:00;2020-12-05 22:00:00;103.46666666666667
1071729215;2020-12-05 22:00:00;2020-12-05 22:30:00;101.0
1071729215;2020-12-05 22:30:00;2020-12-05 23:00:00;101.0
1071729215;2020-12-05 23:00:00;2020-12-05 23:30:00;101.0
1071729215;2020-12-05 23:30:00;2020-12-05 23:59:59;101.0
1071729215;2020-12-06 00:00:00;2020-12-06 00:30:00;101.0
1071729215;2020-12-06 00:30:00;2020-12-06 01:00:00;97.86666666666666
1071729215;2020-12-06 01:00:00;2020-12-06 01:30:00;94.0
1071729215;2020-12-06 01:30:00;2020-12-06 02:00:00;95.6
1071729215;2020-12-06 02:00:00;2020-12-06 02:30:00;101.0
1071729215;2020-12-06 02:30:00;2020-12-06 03:00:00;101.0
1071729215;2020-12-06 03:00:00;2020-12-06 03:30:00;101.0
1071729215;2020-12-06 03:30:00;2020-12-06 04:00:00;101.0
1071729215;2020-12-06 04:00:00;2020-12-06 04:30:00;97.66666666666667
1071729215;2020-12-06 04:30:00;2020-12-06 05:00:00;96.0
1071729215;2020-12-06 05:00:00;2020-12-06 05:30:00;96.86666666666666
1071729215;2020-12-06 05:30:00;2020-12-06 06:00:00;97.0
1071729215;2020-12-06 06:00:00;2020-12-06 06:30:00;97.0
1071729215;2020-12-06 06:30:00;2020-12-06 07:00:00;97.0
1071729215;2020-12-06 07:00:00;2020-12-06 07:30:00;102.06666666666666
1071729215;2020-12-06 07:30:00;2020-12-06 08:00:00;100.53333333333333
1071729215;2020-12-06 08:00:00;2020-12-06 08:30:00;97.66666666666667
1071729215;2020-12-06 08:30:00;2020-12-06 09:00:00;105.53333333333333
1071729215;2020-12-06 09:00:00;2020-12-06 09:30:00;98.83333333333333
1071729215;2020-12-06 09:30:00;2020-12-06 10:00:00;114.06666666666666
1071729215;2020-12-06 10:00:00;2020-12-06 10:30:00;108.66666666666667
1071729215;2020-12-06 10:30:00;2020-12-06 11:00:00;102.9
1071729215;2020-12-06 11:00:00;2020-12-06 11:30:00;106.63333333333334
1071729215;2020-12-06 11:30:00;2020-12-06 12:00:00;93.93333333333334
1071729215;2020-12-06 12:00:00;2020-12-06 12:30:00;118.03333333333333
1071729215;2020-12-06 12:30:00;2020-12-06 13:00:00;109.36666666666666
1071729215;2020-12-06 13:00:00;2020-12-06 13:30:00;105.33333333333333
1071729215;2020-12-06 13:30:00;2020-12-06 14:00:00;101.03333333333333
1071729215;2020-12-06 14:00:00;2020-12-06 14:30:00;100.3
1071729215;2020-12-06 14:30:00;2020-12-06 15:00:00;103.1
1071729215;2020-12-06 15:00:00;2020-12-06 15:30:00;103.7
1071729215;2020-12-06 15:30:00;2020-12-06 16:00:00;99.13333333333334
1071729215;2020-12-06 16:00:00;2020-12-06 16:30:00;98.23333333333333
1071729215;2020-12-06 16:30:00;2020-12-06 17:00:00;111.0
1071729215;2020-12-06 17:00:00;2020-12-06 17:30:00;108.8
1071729215;2020-12-06 17:30:00;2020-12-06 18:00:00;103.83333333333333
1071729215;2020-12-06 18:00:00;2020-12-06 18:30:00;105.53333333333333
1071729215;2020-12-06 18:30:00;2020-12-06 19:00:00;100.33333333333333
1071729215;2020-12-06 19:00:00;2020-12-06 19:30:00;105.7
1071729215;2020-12-06 19:30:00;2020-12-06 20:00:00;95.46666666666667
1071729215;2020-12-06 20:00:00;2020-12-06 20:30:00;106.9
1071729215;2020-12-06 20:30:00;2020-12-06 21:00:00;103.4
1071729215;2020-12-06 21:00:00;2020-12-06 21:30:00;97.66666666666667
1071729215;2020-12-06 21:30:00;2020-12-06 22:00:00;108.83333333333333
1071729215;2020-12-06 22:00:00;2020-12-06 22:30:00;101.0
1071729215;2020-12-06 22:30:00;2020-12-06 23:00:00;100.0
1071729215;2020-12-06 23:00:00;2020-12-06 23:30:00;92.63333333333334
1071729215;2020-12-06 23:30:00;2020-12-06 23:59:59;96.03333333333333
1071729215;2020-12-07 00:00:00;2020-12-07 00:30:00;88.53333333333333
1071729215;2020-12-07 00:30:00;2020-12-07 01:00:00;98.79310344827586
1071729215;2020-12-07 01:00:00;2020-12-07 01:30:00;96.86666666666666
1071729215;2020-12-07 01:30:00;2020-12-07 02:00:00;99.26666666666667
1071729215;2020-12-07 02:00:00;2020-12-07 02:30:00;92.73333333333333
1071729215;2020-12-07 02:30:00;2020-12-07 03:00:00;91.36666666666666
1071729215;2020-12-07 03:00:00;2020-12-07 03:30:00;101.5
1071729215;2020-12-07 03:30:00;2020-12-07 04:00:00;107.86666666666666
1071729215;2020-12-07 04:00:00;2020-12-07 04:30:00;118.76666666666667
1071729215;2020-12-07 04:30:00;2020-12-07 05:00:00;106.86666666666666
1071729215;2020-12-07 05:00:00;2020-12-07 05:30:00;110.36666666666666
1071729215;2020-12-07 05:30:00;2020-12-07 06:00:00;114.3
1071729215;2020-12-07 06:00:00;2020-12-07 06:30:00;113.93333333333334
1071729215;2020-12-07 06:30:00;2020-12-07 07:00:00;102.53333333333333
1071729215;2020-12-07 07:00:00;2020-12-07 07:30:00;98.3
1071729215;2020-12-07 07:30:00;2020-12-07 08:00:00;95.13333333333334
1071729215;2020-12-07 08:00:00;2020-12-07 08:30:00;105.23333333333333
1071729215;2020-12-07 08:30:00;2020-12-07 09:00:00;96.2
1071729215;2020-12-07 09:00:00;2020-12-07 09:30:00;95.75
1071729215;2020-12-07 09:30:00;2020-12-07 10:00:00;106.17391304347827
1071729215;2020-12-07 10:00:00;2020-12-07 10:30:00;105.23333333333333
1071729215;2020-12-07 10:30:00;2020-12-07 11:00:00;102.93333333333334
1071729215;2020-12-07 11:00:00;2020-12-07 11:30:00;98.66666666666667
1071729215;2020-12-07 11:30:00;2020-12-07 12:00:00;84.06666666666666
1071729215;2020-12-07 12:00:00;2020-12-07 12:30:00;96.6
1071729215;2020-12-07 12:30:00;2020-12-07 13:00:00;95.33333333333333
1071729215;2020-12-07 13:00:00;2020-12-07 13:30:00;98.86666666666666
1071729215;2020-12-07 13:30:00;2020-12-07 14:00:00;93.66666666666667
1071729215;2020-12-07 14:00:00;2020-12-07 14:30:00;98.36666666666666
1071729215;2020-12-07 14:30:00;2020-12-07 15:00:00;94.93333333333334
1071729215;2020-12-07 15:00:00;2020-12-07 15:30:00;106.46666666666667
1071729215;2020-12-07 15:30:00;2020-12-07 16:00:00;107.1
1071729215;2020-12-07 16:00:00;2020-12-07 16:30:00;92.83333333333333
1071729215;2020-12-07 16:30:00;2020-12-07 17:00:00;96.53333333333333
1071729215;2020-12-07 17:00:00;2020-12-07 17:30:00;83.5
1071729215;2020-12-07 17:30:00;2020-12-07 18:00:00;93.83333333333333
1071729215;2020-12-07 18:00:00;2020-12-07 18:30:00;99.03333333333333
1071729215;2020-12-07 18:30:00;2020-12-07 19:00:00;101.0
1071729215;2020-12-07 19:00:00;2020-12-07 19:30:00;98.16666666666667
1071729215;2020-12-07 19:30:00;2020-12-07 20:00:00;107.66666666666667
1071729215;2020-12-07 20:00:00;2020-12-07 20:30:00;97.86666666666666
1071729215;2020-12-07 20:30:00;2020-12-07 21:00:00;108.5
1071729215;2020-12-07 21:00:00;2020-12-07 21:30:00;92.83333333333333
1071729215;2020-12-07 21:30:00;2020-12-07 22:00:00;92.33333333333333
1071729215;2020-12-07 22:00:00;2020-12-07 22:30:00;97.36666666666666
1071729215;2020-12-07 22:30:00;2020-12-07 23:00:00;101.36666666666666
1071729215;2020-12-07 23:00:00;2020-12-07 23:30:00;102.86666666666666
1071729215;2020-12-07 23:30:00;2020-12-07 23:59:59;91.8
1071729215;2020-12-08 00:00:00;2020-12-08 00:30:00;97.2
1071729215;2020-12-08 00:30:00;2020-12-08 01:00:00;82.0
1071729215;2020-12-08 01:00:00;2020-12-08 01:30:00;86.83333333333333
1071729215;2020-12-08 01:30:00;2020-12-08 02:00:00;98.0
1071729215;2020-12-08 02:00:00;2020-12-08 02:30:00;101.0
1071729215;2020-12-08 02:30:00;2020-12-08 03:00:00;101.0
1071729215;2020-12-08 03:00:00;2020-12-08 03:30:00;101.0
1071729215;2020-12-08 03:30:00;2020-12-08 04:00:00;101.0
1071729215;2020-12-08 04:00:00;2020-12-08 04:30:00;103.73333333333333
1071729215;2020-12-08 04:30:00;2020-12-08 05:00:00;86.0
1071729215;2020-12-08 05:00:00;2020-12-08 05:30:00;91.7
1071729215;2020-12-08 05:30:00;2020-12-08 06:00:00;97.9
1071729215;2020-12-08 06:00:00;2020-12-08 06:30:00;101.6
1071729215;2020-12-08 06:30:00;2020-12-08 07:00:00;102.93333333333334
1071729215;2020-12-08 07:00:00;2020-12-08 07:30:00;84.3
1071729215;2020-12-08 07:30:00;2020-12-08 08:00:00;89.56666666666666
1071729215;2020-12-08 08:00:00;2020-12-08 08:30:00;88.8
1071729215;2020-12-08 08:30:00;2020-12-08 09:00:00;91.5
1071729215;2020-12-08 09:00:00;2020-12-08 09:30:00;102.6
1071729215;2020-12-08 09:30:00;2020-12-08 10:00:00;87.06666666666666
1071729215;2020-12-08 10:00:00;2020-12-08 10:30:00;91.6
1071729215;2020-12-08 10:30:00;2020-12-08 11:00:00;88.53333333333333
1071729215;2020-12-08 11:00:00;2020-12-08 11:30:00;92.2
1071729215;2020-12-08 11:30:00;2020-12-08 12:00:00;87.7
1071729215;2020-12-08 12:00:00;2020-12-08 12:30:00;87.53333333333333
1071729215;2020-12-08 12:30:00;2020-12-08 13:00:00;96.56666666666666
1071729215;2020-12-08 13:00:00;2020-12-08 13:30:00;84.8
1071729215;2020-12-08 13:30:00;2020-12-08 14:00:00;88.06666666666666
1071729215;2020-12-08 14:00:00;2020-12-08 14:30:00;101.8
1071729215;2020-12-08 14:30:00;2020-12-08 15:00:00;96.56666666666666
1071729215;2020-12-08 15:00:00;2020-12-08 15:30:00;99.66666666666667
1071729215;2020-12-08 15:30:00;2020-12-08 16:00:00;86.6
1071729215;2020-12-08 16:00:00;2020-12-08 16:30:00;99.2
1071729215;2020-12-08 16:30:00;2020-12-08 17:00:00;97.46666666666667
1071729215;2020-12-08 17:00:00;2020-12-08 17:30:00;96.4
1071729215;2020-12-08 17:30:00;2020-12-08 18:00:00;101.5
1071729215;2020-12-08 18:00:00;2020-12-08 18:30:00;95.26666666666667
1071729215;2020-12-08 18:30:00;2020-12-08 19:00:00;95.33333333333333
1071729215;2020-12-08 19:00:00;2020-12-08 19:30:00;107.56666666666666
1071729215;2020-12-08 19:30:00;2020-12-08 20:00:00;96.36666666666666
1071729215;2020-12-08 20:00:00;2020-12-08 20:30:00;98.63333333333334
1071729215;2020-12-08 20:30:00;2020-12-08 21:00:00;111.6
1071729215;2020-12-08 21:00:00;2020-12-08 21:30:00;101.76666666666667
1071729215;2020-12-08 21:30:00;2020-12-08 22:00:00;101.13333333333334
1071729215;2020-12-08 22:00:00;2020-12-08 22:30:00;101.0
1071729215;2020-12-08 22:30:00;2020-12-08 23:00:00;94.1
1071729215;2020-12-08 23:00:00;2020-12-08 23:30:00;92.33333333333333
1071729215;2020-12-08 23:30:00;2020-12-08 23:59:59;101.0
1071729215;2020-12-09 00:00:00;2020-12-09 00:30:00;101.0
1071729215;2020-12-09 00:30:00;2020-12-09 01:00:00;91.93333333333334
1071729215;2020-12-09 01:00:00;2020-12-09 01:30:00;101.0
1071729215;2020-12-09 01:30:00;2020-12-09 02:00:00;92.56666666666666
1071729215;2020-12-09 02:00:00;2020-12-09 02:30:00;101.0
1071729215;2020-12-09 02:30:00;2020-12-09 03:00:00;101.0
1071729215;2020-12-09 03:00:00;2020-12-09 03:30:00;101.0
1071729215;2020-12-09 03:30:00;2020-12-09 04:00:00;100.96666666666667
1071729215;2020-12-09 04:00:00;2020-12-09 04:30:00;87.13333333333334
1071729215;2020-12-09 04:30:00;2020-12-09 05:00:00;92.4
1071729215;2020-12-09 05:00:00;2020-12-09 05:30:00;99.26666666666667
1071729215;2020-12-09 05:30:00;2020-12-09 06:00:00;87.8
1071729215;2020-12-09 06:00:00;2020-12-09 06:30:00;109.86666666666666
1071729215;2020-12-09 06:30:00;2020-12-09 07:00:00;95.8
1071729215;2020-12-09 07:00:00;2020-12-09 07:30:00;101.1
1071729215;2020-12-09 07:30:00;2020-12-09 08:00:00;90.0
1071729215;2020-12-09 08:00:00;2020-12-09 08:30:00;91.76666666666667
1071729215;2020-12-09 08:30:00;2020-12-09 09:00:00;93.0
1071729215;2020-12-09 09:00:00;2020-12-09 09:30:00;100.4
1071729215;2020-12-09 09:30:00;2020-12-09 10:00:00;89.43333333333334
1071729215;2020-12-09 10:00:00;2020-12-09 10:30:00;97.53333333333333
1071729215;2020-12-09 10:30:00;2020-12-09 11:00:00;88.83333333333333
1071729215;2020-12-09 11:00:00;2020-12-09 11:30:00;87.56666666666666
1071729215;2020-12-09 11:30:00;2020-12-09 12:00:00;96.36666666666666
1071729215;2020-12-09 12:00:00;2020-12-09 12:30:00;100.66666666666667
1071729215;2020-12-09 12:30:00;2020-12-09 13:00:00;94.46666666666667
1071729215;2020-12-09 13:00:00;2020-12-09 13:30:00;92.13333333333334
1071729215;2020-12-09 13:30:00;2020-12-09 14:00:00;91.7
1071729215;2020-12-09 14:00:00;2020-12-09 14:30:00;102.16666666666667
1071729215;2020-12-09 14:30:00;2020-12-09 15:00:00;94.43333333333334
1071729215;2020-12-09 15:00:00;2020-12-09 15:30:00;89.06666666666666
1071729215;2020-12-09 15:30:00;2020-12-09 16:00:00;98.93333333333334
1071729215;2020-12-09 16:00:00;2020-12-09 16:30:00;94.33333333333333
1071729215;2020-12-09 16:30:00;2020-12-09 17:00:00;93.56666666666666
1071729215;2020-12-09 17:00:00;2020-12-09 17:30:00;89.76666666666667
1071729215;2020-12-09 17:30:00;2020-12-09 18:00:00;96.4
1071729215;2020-12-09 18:00:00;2020-12-09 18:30:00;86.6
1071729215;2020-12-09 18:30:00;2020-12-09 19:00:00;97.93333333333334
1071729215;2020-12-09 19:00:00;2020-12-09 19:30:00;95.86666666666666
1071729215;2020-12-09 19:30:00;2020-12-09 20:00:00;101.8
1071729215;2020-12-09 20:00:00;2020-12-09 20:30:00;100.33333333333333
1071729215;2020-12-09 20:30:00;2020-12-09 21:00:00;102.4
1071729215;2020-12-09 21:00:00;2020-12-09 21:30:00;101.66666666666667
1071729215;2020-12-09 21:30:00;2020-12-09 22:00:00;98.46666666666667
1071729215;2020-12-09 22:00:00;2020-12-09 22:30:00;92.53333333333333
1071729215;2020-12-09 22:30:00;2020-12-09 23:00:00;100.9
1071729215;2020-12-09 23:00:00;2020-12-09 23:30:00;92.16666666666667
1071729215;2020-12-09 23:30:00;2020-12-09 23:59:59;103.0
1071729215;2020-12-10 00:00:00;2020-12-10 00:30:00;101.0
1071729215;2020-12-10 00:30:00;2020-12-10 01:00:00;93.3
1071729215;2020-12-10 01:00:00;2020-12-10 01:30:00;101.0
1071729215;2020-12-10 01:30:00;2020-12-10 02:00:00;105.0
1071729215;2020-12-10 02:00:00;2020-12-10 02:30:00;104.33333333333333
1071729215;2020-12-10 02:30:00;2020-12-10 03:00:00;106.3
1071729215;2020-12-10 03:00:00;2020-12-10 03:30:00;96.3
1071729215;2020-12-10 03:30:00;2020-12-10 04:00:00;89.9
1071729215;2020-12-10 04:00:00;2020-12-10 04:30:00;90.46666666666667
1071729215;2020-12-10 04:30:00;2020-12-10 05:00:00;94.88
1071729215;2020-12-10 05:00:00;2020-12-10 05:30:00;101.56521739130434
1071729215;2020-12-10 05:30:00;2020-12-10 06:00:00;90.33333333333333
1071729215;2020-12-10 06:00:00;2020-12-10 06:30:00;103.66666666666667
1071729215;2020-12-10 06:30:00;2020-12-10 07:00:00;93.77272727272727
1071729215;2020-12-10 07:00:00;2020-12-10 07:30:00;97.13333333333334
1071729215;2020-12-10 07:30:00;2020-12-10 08:00:00;91.13333333333334
1071729215;2020-12-10 08:00:00;2020-12-10 08:30:00;89.1
1071729215;2020-12-10 08:30:00;2020-12-10 09:00:00;97.76666666666667
1071729215;2020-12-10 09:00:00;2020-12-10 09:30:00;106.7
1071729215;2020-12-10 09:30:00;2020-12-10 10:00:00;105.83333333333333
1071729215;2020-12-10 10:00:00;2020-12-10 10:30:00;85.56666666666666
1071729215;2020-12-10 10:30:00;2020-12-10 11:00:00;86.53333333333333
1071729215;2020-12-10 11:00:00;2020-12-10 11:30:00;88.23333333333333
1071729215;2020-12-10 11:30:00;2020-12-10 12:00:00;107.56666666666666
1071729215;2020-12-10 12:00:00;2020-12-10 12:30:00;104.13333333333334
1071729215;2020-12-10 12:30:00;2020-12-10 13:00:00;102.03333333333333
1071729215;2020-12-10 13:00:00;2020-12-10 13:30:00;101.4
1071729215;2020-12-10 13:30:00;2020-12-10 14:00:00;85.86666666666666
1071729215;2020-12-10 14:00:00;2020-12-10 14:30:00;103.6
1071729215;2020-12-10 14:30:00;2020-12-10 15:00:00;97.93333333333334
1071729215;2020-12-10 15:00:00;2020-12-10 15:30:00;94.93333333333334
1071729215;2020-12-10 15:30:00;2020-12-10 16:00:00;92.86666666666666
1071729215;2020-12-10 16:00:00;2020-12-10 16:30:00;111.9
1071729215;2020-12-10 16:30:00;2020-12-10 17:00:00;92.66666666666667
1071729215;2020-12-10 17:00:00;2020-12-10 17:30:00;106.4
1071729215;2020-12-10 17:30:00;2020-12-10 18:00:00;93.3
1071729215;2020-12-10 18:00:00;2020-12-10 18:30:00;105.16666666666667
1071729215;2020-12-10 18:30:00;2020-12-10 19:00:00;106.3
1071729215;2020-12-10 19:00:00;2020-12-10 19:30:00;97.06666666666666
1071729215;2020-12-10 19:30:00;2020-12-10 20:00:00;94.06666666666666
1071729215;2020-12-10 20:00:00;2020-12-10 20:30:00;100.96666666666667
1071729215;2020-12-10 20:30:00;2020-12-10 21:00:00;93.66666666666667
1071729215;2020-12-10 21:00:00;2020-12-10 21:30:00;97.73333333333333
1071729215;2020-12-10 21:30:00;2020-12-10 22:00:00;94.0
1071729215;2020-12-10 22:00:00;2020-12-10 22:30:00;90.8
1071729215;2020-12-10 22:30:00;2020-12-10 23:00:00;84.3
1071729215;2020-12-10 23:00:00;2020-12-10 23:30:00;90.0
1071729215;2020-12-10 23:30:00;2020-12-10 23:59:59;92.33333333333333
1071729215;2020-12-11 00:00:00;2020-12-11 00:30:00;101.0
1071729215;2020-12-11 00:30:00;2020-12-11 01:00:00;101.0
1071729215;2020-12-11 01:00:00;2020-12-11 01:30:00;101.0
1071729215;2020-12-11 01:30:00;2020-12-11 02:00:00;101.0
1071729215;2020-12-11 02:00:00;2020-12-11 02:30:00;101.0
1071729215;2020-12-11 02:30:00;2020-12-11 03:00:00;101.0
1071729215;2020-12-11 03:00:00;2020-12-11 03:30:00;101.0
1071729215;2020-12-11 03:30:00;2020-12-11 04:00:00;101.0
1071729215;2020-12-11 04:00:00;2020-12-11 04:30:00;97.6
1071729215;2020-12-11 04:30:00;2020-12-11 05:00:00;90.56666666666666
1071729215;2020-12-11 05:00:00;2020-12-11 05:30:00;102.63333333333334
1071729215;2020-12-11 05:30:00;2020-12-11 06:00:00;97.8
1071729215;2020-12-11 06:00:00;2020-12-11 06:30:00;102.3
1071729215;2020-12-11 06:30:00;2020-12-11 07:00:00;100.86666666666666
1071729215;2020-12-11 07:00:00;2020-12-11 07:30:00;90.63333333333334
1071729215;2020-12-11 07:30:00;2020-12-11 08:00:00;94.16666666666667
1071729215;2020-12-11 08:00:00;2020-12-11 08:30:00;92.13333333333334
1071729215;2020-12-11 08:30:00;2020-12-11 09:00:00;105.83333333333333
1071729215;2020-12-11 09:00:00;2020-12-11 09:30:00;101.9
1071729215;2020-12-11 09:30:00;2020-12-11 10:00:00;84.83333333333333
1071729215;2020-12-11 10:00:00;2020-12-11 10:30:00;98.4
1071729215;2020-12-11 10:30:00;2020-12-11 11:00:00;106.3
1071729215;2020-12-11 11:00:00;2020-12-11 11:30:00;91.6
1071729215;2020-12-11 11:30:00;2020-12-11 12:00:00;93.56666666666666
1071729215;2020-12-11 12:00:00;2020-12-11 12:30:00;105.03333333333333
1071729215;2020-12-11 12:30:00;2020-12-11 13:00:00;97.83333333333333
1071729215;2020-12-11 13:00:00;2020-12-11 13:30:00;98.23333333333333
1071729215;2020-12-11 13:30:00;2020-12-11 14:00:00;95.76666666666667
1071729215;2020-12-11 14:00:00;2020-12-11 14:30:00;98.96666666666667
1071729215;2020-12-11 14:30:00;2020-12-11 15:00:00;104.5
1071729215;2020-12-11 15:00:00;2020-12-11 15:30:00;96.16666666666667
1071729215;2020-12-11 15:30:00;2020-12-11 16:00:00;106.26666666666667
1071729215;2020-12-11 16:00:00;2020-12-11 16:30:00;92.86666666666666
1071729215;2020-12-11 16:30:00;2020-12-11 17:00:00;98.8
1071729215;2020-12-11 17:00:00;2020-12-11 17:30:00;95.23333333333333
1071729215;2020-12-11 17:30:00;2020-12-11 18:00:00;99.26666666666667
1071729215;2020-12-11 18:00:00;2020-12-11 18:30:00;99.4
1071729215;2020-12-11 18:30:00;2020-12-11 19:00:00;94.96666666666667
1071729215;2020-12-11 19:00:00;2020-12-11 19:30:00;91.1
1071729215;2020-12-11 19:30:00;2020-12-11 20:00:00;100.26666666666667
1071729215;2020-12-11 20:00:00;2020-12-11 20:30:00;92.2
1071729215;2020-12-11 20:30:00;2020-12-11 21:00:00;104.43333333333334
1071729215;2020-12-11 21:00:00;2020-12-11 21:30:00;99.06666666666666
1071729215;2020-12-11 21:30:00;2020-12-11 22:00:00;87.3
1071729215;2020-12-11 22:00:00;2020-12-11 22:30:00;91.0
1071729215;2020-12-11 22:30:00;2020-12-11 23:00:00;87.96666666666667
1071729215;2020-12-11 23:00:00;2020-12-11 23:30:00;93.5
1071729215;2020-12-11 23:30:00;2020-12-11 23:59:59;91.93333333333334
1071729215;2020-12-12 00:00:00;2020-12-12 00:30:00;87.6
1071729215;2020-12-12 00:30:00;2020-12-12 01:00:00;101.66666666666667
1071729215;2020-12-12 01:00:00;2020-12-12 01:30:00;98.13333333333334
1071729215;2020-12-12 01:30:00;2020-12-12 02:00:00;95.63333333333334
1071729215;2020-12-12 02:00:00;2020-12-12 02:30:00;94.4
1071729215;2020-12-12 02:30:00;2020-12-12 03:00:00;94.8
1071729215;2020-12-12 03:00:00;2020-12-12 03:30:00;101.0
1071729215;2020-12-12 03:30:00;2020-12-12 04:00:00;101.0
1071729215;2020-12-12 04:00:00;2020-12-12 04:30:00;86.7
1071729215;2020-12-12 04:30:00;2020-12-12 05:00:00;86.0
1071729215;2020-12-12 05:00:00;2020-12-12 05:30:00;95.56666666666666
1071729215;2020-12-12 05:30:00;2020-12-12 06:00:00;90.36666666666666
1071729215;2020-12-12 06:00:00;2020-12-12 06:30:00;95.76666666666667
1071729215;2020-12-12 06:30:00;2020-12-12 07:00:00;88.63333333333334
1071729215;2020-12-12 07:00:00;2020-12-12 07:30:00;94.2
1071729215;2020-12-12 07:30:00;2020-12-12 08:00:00;98.1
1071729215;2020-12-12 08:00:00;2020-12-12 08:30:00;95.03333333333333
1071729215;2020-12-12 08:30:00;2020-12-12 09:00:00;87.6
1071729215;2020-12-12 09:00:00;2020-12-12 09:30:00;95.3
1071729215;2020-12-12 09:30:00;2020-12-12 10:00:00;98.43333333333334
1071729215;2020-12-12 10:00:00;2020-12-12 10:30:00;110.1
1071729215;2020-12-12 10:30:00;2020-12-12 11:00:00;106.43333333333334
1071729215;2020-12-12 11:00:00;2020-12-12 11:30:00;107.1
1071729215;2020-12-12 11:30:00;2020-12-12 12:00:00;106.8
1071729215;2020-12-12 12:00:00;2020-12-12 12:30:00;115.66666666666667
1071729215;2020-12-12 12:30:00;2020-12-12 13:00:00;108.16666666666667
1071729215;2020-12-12 13:00:00;2020-12-12 13:30:00;122.83333333333333
1071729215;2020-12-12 13:30:00;2020-12-12 14:00:00;110.66666666666667
1071729215;2020-12-12 14:00:00;2020-12-12 14:30:00;102.46666666666667
1071729215;2020-12-12 14:30:00;2020-12-12 15:00:00;103.83333333333333
1071729215;2020-12-12 15:00:00;2020-12-12 15:30:00;96.03333333333333
1071729215;2020-12-12 15:30:00;2020-12-12 16:00:00;93.86666666666666
1071729215;2020-12-12 16:00:00;2020-12-12 16:30:00;93.4
1071729215;2020-12-12 16:30:00;2020-12-12 17:00:00;97.26666666666667
1071729215;2020-12-12 17:00:00;2020-12-12 17:30:00;85.5
1071729215;2020-12-12 17:30:00;2020-12-12 18:00:00;91.63333333333334
1071729215;2020-12-12 18:00:00;2020-12-12 18:30:00;96.33333333333333
1071729215;2020-12-12 18:30:00;2020-12-12 19:00:00;93.66666666666667
1071729215;2020-12-12 19:00:00;2020-12-12 19:30:00;101.83333333333333
1071729215;2020-12-12 19:30:00;2020-12-12 20:00:00;108.0
1071729215;2020-12-12 20:00:00;2020-12-12 20:30:00;106.0
1071729215;2020-12-12 20:30:00;2020-12-12 21:00:00;108.4
1071729215;2020-12-12 21:00:00;2020-12-12 21:30:00;110.86666666666666
1071729215;2020-12-12 21:30:00;2020-12-12 22:00:00;100.1
1071729215;2020-12-12 22:00:00;2020-12-12 22:30:00;103.6
1071729215;2020-12-12 22:30:00;2020-12-12 23:00:00;101.8
1071729215;2020-12-12 23:00:00;2020-12-12 23:30:00;101.0
1071729215;2020-12-12 23:30:00;2020-12-12 23:59:59;101.0
1071729215;2020-12-13 00:00:00;2020-12-13 00:30:00;101.0
1071729215;2020-12-13 00:30:00;2020-12-13 01:00:00;101.0
1071729215;2020-12-13 01:00:00;2020-12-13 01:30:00;101.0
1071729215;2020-12-13 01:30:00;2020-12-13 02:00:00;101.0
1071729215;2020-12-13 02:00:00;2020-12-13 02:30:00;101.0
1071729215;2020-12-13 02:30:00;2020-12-13 03:00:00;101.0
1071729215;2020-12-13 03:00:00;2020-12-13 03:30:00;101.0
1071729215;2020-12-13 03:30:00;2020-12-13 04:00:00;101.0
1071729215;2020-12-13 04:00:00;2020-12-13 04:30:00;95.0
1071729215;2020-12-13 04:30:00;2020-12-13 05:00:00;95.0
1071729215;2020-12-13 05:00:00;2020-12-13 05:30:00;97.0
1071729215;2020-12-13 05:30:00;2020-12-13 06:00:00;96.66666666666667
1071729215;2020-12-13 06:00:00;2020-12-13 06:30:00;90.03333333333333
1071729215;2020-12-13 06:30:00;2020-12-13 07:00:00;95.13333333333334
1071729215;2020-12-13 07:00:00;2020-12-13 07:30:00;101.0
1071729215;2020-12-13 07:30:00;2020-12-13 08:00:00;101.0
1071729215;2020-12-13 08:00:00;2020-12-13 08:30:00;97.0
1071729215;2020-12-13 08:30:00;2020-12-13 09:00:00;97.86666666666666
1071729215;2020-12-13 09:00:00;2020-12-13 09:30:00;96.9
1071729215;2020-12-13 09:30:00;2020-12-13 10:00:00;91.8
1071729215;2020-12-13 10:00:00;2020-12-13 10:30:00;97.1
1071729215;2020-12-13 10:30:00;2020-12-13 11:00:00;106.83333333333333
1071729215;2020-12-13 11:00:00;2020-12-13 11:30:00;92.8
1071729215;2020-12-13 11:30:00;2020-12-13 12:00:00;109.03333333333333
1071729215;2020-12-13 12:00:00;2020-12-13 12:30:00;93.8
1071729215;2020-12-13 12:30:00;2020-12-13 13:00:00;100.76666666666667
1071729215;2020-12-13 13:00:00;2020-12-13 13:30:00;105.66666666666667
1071729215;2020-12-13 13:30:00;2020-12-13 14:00:00;107.76666666666667
1071729215;2020-12-13 14:00:00;2020-12-13 14:30:00;96.9
1071729215;2020-12-13 14:30:00;2020-12-13 15:00:00;89.86666666666666
1071729215;2020-12-13 15:00:00;2020-12-13 15:30:00;98.96666666666667
1071729215;2020-12-13 15:30:00;2020-12-13 16:00:00;101.26666666666667
1071729215;2020-12-13 16:00:00;2020-12-13 16:30:00;92.56666666666666
1071729215;2020-12-13 16:30:00;2020-12-13 17:00:00;107.46666666666667
1071729215;2020-12-13 17:00:00;2020-12-13 17:30:00;105.4
1071729215;2020-12-13 17:30:00;2020-12-13 18:00:00;93.13333333333334
1071729215;2020-12-13 18:00:00;2020-12-13 18:30:00;100.96666666666667
1071729215;2020-12-13 18:30:00;2020-12-13 19:00:00;106.9
1071729215;2020-12-13 19:00:00;2020-12-13 19:30:00;113.76666666666667
1071729215;2020-12-13 19:30:00;2020-12-13 20:00:00;113.56666666666666
1071729215;2020-12-13 20:00:00;2020-12-13 20:30:00;104.8
1071729215;2020-12-13 20:30:00;2020-12-13 21:00:00;116.3
1071729215;2020-12-13 21:00:00;2020-12-13 21:30:00;107.06666666666666
1071729215;2020-12-13 21:30:00;2020-12-13 22:00:00;135.6
1071729215;2020-12-13 22:00:00;2020-12-13 22:30:00;90.36666666666666
1071729215;2020-12-13 22:30:00;2020-12-13 23:00:00;100.2
1071729215;2020-12-13 23:00:00;2020-12-13 23:30:00;89.66666666666667
1071729215;2020-12-13 23:30:00;2020-12-13 23:59:59;98.23333333333333
1071729215;2020-12-14 00:00:00;2020-12-14 00:30:00;95.0
1071729215;2020-12-14 00:30:00;2020-12-14 01:00:00;92.43333333333334
1071729215;2020-12-14 01:00:00;2020-12-14 01:30:00;101.0
1071729215;2020-12-14 01:30:00;2020-12-14 02:00:00;101.0
1071729215;2020-12-14 02:00:00;2020-12-14 02:30:00;101.0
1071729215;2020-12-14 02:30:00;2020-12-14 03:00:00;101.0
1071729215;2020-12-14 03:00:00;2020-12-14 03:30:00;100.83333333333333
1071729215;2020-12-14 03:30:00;2020-12-14 04:00:00;97.2
1071729215;2020-12-14 04:00:00;2020-12-14 04:30:00;103.93333333333334
1071729215;2020-12-14 04:30:00;2020-12-14 05:00:00;96.8
1071729215;2020-12-14 05:00:00;2020-12-14 05:30:00;117.46666666666667
1071729215;2020-12-14 05:30:00;2020-12-14 06:00:00;100.93333333333334
1071729215;2020-12-14 06:00:00;2020-12-14 06:30:00;105.66666666666667
1071729215;2020-12-14 06:30:00;2020-12-14 07:00:00;103.8
1071729215;2020-12-14 07:00:00;2020-12-14 07:30:00;105.36666666666666
1071729215;2020-12-14 07:30:00;2020-12-14 08:00:00;103.23333333333333
1071729215;2020-12-14 08:00:00;2020-12-14 08:30:00;88.03333333333333
1071729215;2020-12-14 08:30:00;2020-12-14 09:00:00;96.46666666666667
1071729215;2020-12-14 09:00:00;2020-12-14 09:30:00;107.83333333333333
1071729215;2020-12-14 09:30:00;2020-12-14 10:00:00;97.43333333333334
1071729215;2020-12-14 10:00:00;2020-12-14 10:30:00;103.0
1071729215;2020-12-14 10:30:00;2020-12-14 11:00:00;97.33333333333333
1071729215;2020-12-14 11:00:00;2020-12-14 11:30:00;96.66666666666667
1071729215;2020-12-14 11:30:00;2020-12-14 12:00:00;100.76666666666667
1071729215;2020-12-14 12:00:00;2020-12-14 12:30:00;104.9
1071729215;2020-12-14 12:30:00;2020-12-14 13:00:00;94.06666666666666
1071729215;2020-12-14 13:00:00;2020-12-14 13:30:00;94.33333333333333
1071729215;2020-12-14 13:30:00;2020-12-14 14:00:00;92.76666666666667
1071729215;2020-12-14 14:00:00;2020-12-14 14:30:00;95.9
1071729215;2020-12-14 14:30:00;2020-12-14 15:00:00;95.2
1071729215;2020-12-14 15:00:00;2020-12-14 15:30:00;98.6
1071729215;2020-12-14 15:30:00;2020-12-14 16:00:00;84.5
1071729215;2020-12-14 16:00:00;2020-12-14 16:30:00;99.7
1071729215;2020-12-14 16:30:00;2020-12-14 17:00:00;114.63333333333334
1071729215;2020-12-14 17:00:00;2020-12-14 17:30:00;91.86666666666666
1071729215;2020-12-14 17:30:00;2020-12-14 18:00:00;103.63333333333334
1071729215;2020-12-14 18:00:00;2020-12-14 18:30:00;100.4
1071729215;2020-12-14 18:30:00;2020-12-14 19:00:00;104.1
1071729215;2020-12-14 19:00:00;2020-12-14 19:30:00;107.73333333333333
1071729215;2020-12-14 19:30:00;2020-12-14 20:00:00;94.86666666666666
1071729215;2020-12-14 20:00:00;2020-12-14 20:30:00;102.7
1071729215;2020-12-14 20:30:00;2020-12-14 21:00:00;82.4
1071729215;2020-12-14 21:00:00;2020-12-14 21:30:00;93.63333333333334
1071729215;2020-12-14 21:30:00;2020-12-14 22:00:00;106.3
1071729215;2020-12-14 22:00:00;2020-12-14 22:30:00;101.0
1071729215;2020-12-14 22:30:00;2020-12-14 23:00:00;101.0
1071729215;2020-12-14 23:00:00;2020-12-14 23:30:00;98.0
1071729215;2020-12-14 23:30:00;2020-12-14 23:59:59;101.0
1071729215;2020-12-15 00:00:00;2020-12-15 00:30:00;92.16666666666667
1071729215;2020-12-15 00:30:00;2020-12-15 01:00:00;95.1
1071729215;2020-12-15 01:00:00;2020-12-15 01:30:00;99.73333333333333
1071729215;2020-12-15 01:30:00;2020-12-15 02:00:00;106.33333333333333
1071729215;2020-12-15 02:00:00;2020-12-15 02:30:00;95.83333333333333
1071729215;2020-12-15 02:30:00;2020-12-15 03:00:00;95.86666666666666
1071729215;2020-12-15 03:00:00;2020-12-15 03:30:00;98.5
1071729215;2020-12-15 03:30:00;2020-12-15 04:00:00;80.2
1071729215;2020-12-15 04:00:00;2020-12-15 04:30:00;77.93333333333334
1071729215;2020-12-15 04:30:00;2020-12-15 05:00:00;98.0
1071729215;2020-12-15 05:00:00;2020-12-15 05:30:00;91.56666666666666
1071729215;2020-12-15 05:30:00;2020-12-15 06:00:00;96.26666666666667
1071729215;2020-12-15 06:00:00;2020-12-15 06:30:00;98.2
1071729215;2020-12-15 06:30:00;2020-12-15 07:00:00;106.4
1071729215;2020-12-15 07:00:00;2020-12-15 07:30:00;87.06666666666666
1071729215;2020-12-15 07:30:00;2020-12-15 08:00:00;93.9
1071729215;2020-12-15 08:00:00;2020-12-15 08:30:00;87.96666666666667
1071729215;2020-12-15 08:30:00;2020-12-15 09:00:00;98.93333333333334
1071729215;2020-12-15 09:00:00;2020-12-15 09:30:00;97.9
1071729215;2020-12-15 09:30:00;2020-12-15 10:00:00;102.0
1071729215;2020-12-15 10:00:00;2020-12-15 10:30:00;98.66666666666667
1071729215;2020-12-15 10:30:00;2020-12-15 11:00:00;107.63333333333334
1071729215;2020-12-15 11:00:00;2020-12-15 11:30:00;91.1
1071729215;2020-12-15 11:30:00;2020-12-15 12:00:00;90.13333333333334
1071729215;2020-12-15 12:00:00;2020-12-15 12:30:00;82.16666666666667
1071729215;2020-12-15 12:30:00;2020-12-15 13:00:00;100.2
1071729215;2020-12-15 13:00:00;2020-12-15 13:30:00;99.1
1071729215;2020-12-15 13:30:00;2020-12-15 14:00:00;104.0
1071729215;2020-12-15 14:00:00;2020-12-15 14:30:00;98.16666666666667
1071729215;2020-12-15 14:30:00;2020-12-15 15:00:00;94.16666666666667
1071729215;2020-12-15 15:00:00;2020-12-15 15:30:00;94.9
1071729215;2020-12-15 15:30:00;2020-12-15 16:00:00;88.1
1071729215;2020-12-15 16:00:00;2020-12-15 16:30:00;99.76666666666667
1071729215;2020-12-15 16:30:00;2020-12-15 17:00:00;86.0
1071729215;2020-12-15 17:00:00;2020-12-15 17:30:00;89.73333333333333
1071729215;2020-12-15 17:30:00;2020-12-15 18:00:00;86.16666666666667
1071729215;2020-12-15 18:00:00;2020-12-15 18:30:00;97.8
1071729215;2020-12-15 18:30:00;2020-12-15 19:00:00;105.23333333333333
1071729215;2020-12-15 19:00:00;2020-12-15 19:30:00;90.17857142857143
1071729215;2020-12-15 19:30:00;2020-12-15 20:00:00;88.43333333333334
1071729215;2020-12-15 20:00:00;2020-12-15 20:30:00;93.9
1071729215;2020-12-15 20:30:00;2020-12-15 21:00:00;98.23333333333333
1071729215;2020-12-15 21:00:00;2020-12-15 21:30:00;101.03333333333333
1071729215;2020-12-15 21:30:00;2020-12-15 22:00:00;92.86666666666666
1071729215;2020-12-15 22:00:00;2020-12-15 22:30:00;95.13333333333334
1071729215;2020-12-15 22:30:00;2020-12-15 23:00:00;90.66666666666667
1071729215;2020-12-15 23:00:00;2020-12-15 23:30:00;88.83333333333333
1071729215;2020-12-15 23:30:00;2020-12-15 23:59:59;90.73333333333333
1071729215;2020-12-16 00:00:00;2020-12-16 00:30:00;93.63333333333334
1071729215;2020-12-16 00:30:00;2020-12-16 01:00:00;101.0
1071729215;2020-12-16 01:00:00;2020-12-16 01:30:00;101.0
1071729215;2020-12-16 01:30:00;2020-12-16 02:00:00;101.0
1071729215;2020-12-16 02:00:00;2020-12-16 02:30:00;101.0
1071729215;2020-12-16 02:30:00;2020-12-16 03:00:00;101.0
1071729215;2020-12-16 03:00:00;2020-12-16 03:30:00;101.0
1071729215;2020-12-16 03:30:00;2020-12-16 04:00:00;101.8
1071729215;2020-12-16 04:00:00;2020-12-16 04:30:00;87.03333333333333
1071729215;2020-12-16 04:30:00;2020-12-16 05:00:00;94.8
1071729215;2020-12-16 05:00:00;2020-12-16 05:30:00;94.86666666666666
1071729215;2020-12-16 05:30:00;2020-12-16 06:00:00;105.8
1071729215;2020-12-16 06:00:00;2020-12-16 06:30:00;99.6
1071729215;2020-12-16 06:30:00;2020-12-16 07:00:00;98.76666666666667
1071729215;2020-12-16 07:00:00;2020-12-16 07:30:00;89.23333333333333
1071729215;2020-12-16 07:30:00;2020-12-16 08:00:00;94.63333333333334
1071729215;2020-12-16 08:00:00;2020-12-16 08:30:00;86.2
1071729215;2020-12-16 08:30:00;2020-12-16 09:00:00;88.2
1071729215;2020-12-16 09:00:00;2020-12-16 09:30:00;93.46666666666667
1071729215;2020-12-16 09:30:00;2020-12-16 10:00:00;98.7
1071729215;2020-12-16 10:00:00;2020-12-16 10:30:00;95.73333333333333
1071729215;2020-12-16 10:30:00;2020-12-16 11:00:00;89.16666666666667
1071729215;2020-12-16 11:00:00;2020-12-16 11:30:00;81.6
1071729215;2020-12-16 11:30:00;2020-12-16 12:00:00;91.26666666666667
1071729215;2020-12-16 12:00:00;2020-12-16 12:30:00;100.8
1071729215;2020-12-16 12:30:00;2020-12-16 13:00:00;91.4
1071729215;2020-12-16 13:00:00;2020-12-16 13:30:00;89.5
1071729215;2020-12-16 13:30:00;2020-12-16 14:00:00;89.86666666666666
1071729215;2020-12-16 14:00:00;2020-12-16 14:30:00;90.93333333333334
1071729215;2020-12-16 14:30:00;2020-12-16 15:00:00;93.96666666666667
1071729215;2020-12-16 15:00:00;2020-12-16 15:30:00;93.3
1071729215;2020-12-16 15:30:00;2020-12-16 16:00:00;102.2
1071729215;2020-12-16 16:00:00;2020-12-16 16:30:00;102.20689655172414
1071729215;2020-12-16 16:30:00;2020-12-16 17:00:00;98.36666666666666
1071729215;2020-12-16 17:00:00;2020-12-16 17:30:00;90.86666666666666
1071729215;2020-12-16 17:30:00;2020-12-16 18:00:00;92.53333333333333
1071729215;2020-12-16 18:00:00;2020-12-16 18:30:00;103.96666666666667
1071729215;2020-12-16 18:30:00;2020-12-16 19:00:00;104.8
1071729215;2020-12-16 19:00:00;2020-12-16 19:30:00;94.76666666666667
1071729215;2020-12-16 19:30:00;2020-12-16 20:00:00;111.33333333333333
1071729215;2020-12-16 20:00:00;2020-12-16 20:30:00;96.06666666666666
1071729215;2020-12-16 20:30:00;2020-12-16 21:00:00;107.46666666666667
1071729215;2020-12-16 21:00:00;2020-12-16 21:30:00;105.93333333333334
1071729215;2020-12-16 21:30:00;2020-12-16 22:00:00;110.26666666666667
1071729215;2020-12-16 22:00:00;2020-12-16 22:30:00;101.0
1071729215;2020-12-16 22:30:00;2020-12-16 23:00:00;102.86666666666666
1071729215;2020-12-16 23:00:00;2020-12-16 23:30:00;94.46666666666667
1071729215;2020-12-16 23:30:00;2020-12-16 23:59:59;92.63333333333334
1071729215;2020-12-17 00:00:00;2020-12-17 00:30:00;101.0
1071729215;2020-12-17 00:30:00;2020-12-17 01:00:00;101.0
1071729215;2020-12-17 01:00:00;2020-12-17 01:30:00;101.0
1071729215;2020-12-17 01:30:00;2020-12-17 02:00:00;101.0
1071729215;2020-12-17 02:00:00;2020-12-17 02:30:00;101.0
1071729215;2020-12-17 02:30:00;2020-12-17 03:00:00;101.0
1071729215;2020-12-17 03:00:00;2020-12-17 03:30:00;101.0
1071729215;2020-12-17 03:30:00;2020-12-17 04:00:00;104.0
1071729215;2020-12-17 04:00:00;2020-12-17 04:30:00;94.73333333333333
1071729215;2020-12-17 04:30:00;2020-12-17 05:00:00;95.96666666666667
1071729215;2020-12-17 05:00:00;2020-12-17 05:30:00;92.0
1071729215;2020-12-17 05:30:00;2020-12-17 06:00:00;99.36666666666666
1071729215;2020-12-17 06:00:00;2020-12-17 06:30:00;94.46666666666667
1071729215;2020-12-17 06:30:00;2020-12-17 07:00:00;92.03333333333333
1071729215;2020-12-17 07:00:00;2020-12-17 07:30:00;98.16666666666667
1071729215;2020-12-17 07:30:00;2020-12-17 08:00:00;79.56666666666666
1071729215;2020-12-17 08:00:00;2020-12-17 08:30:00;95.06666666666666
1071729215;2020-12-17 08:30:00;2020-12-17 09:00:00;93.66666666666667
1071729215;2020-12-17 09:00:00;2020-12-17 09:30:00;101.94736842105263
1071729215;2020-12-17 09:30:00;2020-12-17 10:00:00;90.46666666666667
1071729215;2020-12-17 10:00:00;2020-12-17 10:30:00;96.3
1071729215;2020-12-17 10:30:00;2020-12-17 11:00:00;93.43333333333334
1071729215;2020-12-17 11:00:00;2020-12-17 11:30:00;102.86666666666666
1071729215;2020-12-17 11:30:00;2020-12-17 12:00:00;88.83333333333333
1071729215;2020-12-17 12:00:00;2020-12-17 12:30:00;100.0
1071729215;2020-12-17 12:30:00;2020-12-17 13:00:00;93.86666666666666
1071729215;2020-12-17 13:00:00;2020-12-17 13:30:00;106.93333333333334
1071729215;2020-12-17 13:30:00;2020-12-17 14:00:00;96.2
1071729215;2020-12-17 14:00:00;2020-12-17 14:30:00;87.06666666666666
1071729215;2020-12-17 14:30:00;2020-12-17 15:00:00;85.7
1071729215;2020-12-17 15:00:00;2020-12-17 15:30:00;97.6
1071729215;2020-12-17 15:30:00;2020-12-17 16:00:00;98.8
1071729215;2020-12-17 16:00:00;2020-12-17 16:30:00;87.66666666666667
1071729215;2020-12-17 16:30:00;2020-12-17 17:00:00;106.8
1071729215;2020-12-17 17:00:00;2020-12-17 17:30:00;94.0
1071729215;2020-12-17 17:30:00;2020-12-17 18:00:00;89.86666666666666
1071729215;2020-12-17 18:00:00;2020-12-17 18:30:00;94.5
1071729215;2020-12-17 18:30:00;2020-12-17 19:00:00;96.0
1071729215;2020-12-17 19:00:00;2020-12-17 19:30:00;105.46666666666667
1071729215;2020-12-17 19:30:00;2020-12-17 20:00:00;102.73333333333333
1071729215;2020-12-17 20:00:00;2020-12-17 20:30:00;95.86666666666666
1071729215;2020-12-17 20:30:00;2020-12-17 21:00:00;99.1
1071729215;2020-12-17 21:00:00;2020-12-17 21:30:00;94.3
1071729215;2020-12-17 21:30:00;2020-12-17 22:00:00;94.6
1071729215;2020-12-17 22:00:00;2020-12-17 22:30:00;101.0
1071729215;2020-12-17 22:30:00;2020-12-17 23:00:00;97.46666666666667
1071729215;2020-12-17 23:00:00;2020-12-17 23:30:00;100.9
1071729215;2020-12-17 23:30:00;2020-12-17 23:59:59;90.4
1071729215;2020-12-18 00:00:00;2020-12-18 00:30:00;100.96666666666667
1071729215;2020-12-18 00:30:00;2020-12-18 01:00:00;101.0
1071729215;2020-12-18 01:00:00;2020-12-18 01:30:00;101.0
1071729215;2020-12-18 01:30:00;2020-12-18 02:00:00;100.7
1071729215;2020-12-18 02:00:00;2020-12-18 02:30:00;100.83333333333333
1071729215;2020-12-18 02:30:00;2020-12-18 03:00:00;101.0
1071729215;2020-12-18 03:00:00;2020-12-18 03:30:00;101.0
1071729215;2020-12-18 03:30:00;2020-12-18 04:00:00;101.0
1071729215;2020-12-18 04:00:00;2020-12-18 04:30:00;100.03333333333333
1071729215;2020-12-18 04:30:00;2020-12-18 05:00:00;100.0
1071729215;2020-12-18 05:00:00;2020-12-18 05:30:00;97.53333333333333
1071729215;2020-12-18 05:30:00;2020-12-18 06:00:00;97.16666666666667
1071729215;2020-12-18 06:00:00;2020-12-18 06:30:00;110.33333333333333
1071729215;2020-12-18 06:30:00;2020-12-18 07:00:00;100.66666666666667
1071729215;2020-12-18 07:00:00;2020-12-18 07:30:00;97.1
1071729215;2020-12-18 07:30:00;2020-12-18 08:00:00;88.76666666666667
1071729215;2020-12-18 08:00:00;2020-12-18 08:30:00;97.46666666666667
1071729215;2020-12-18 08:30:00;2020-12-18 09:00:00;112.06666666666666
1071729215;2020-12-18 09:00:00;2020-12-18 09:30:00;106.13333333333334
1071729215;2020-12-18 09:30:00;2020-12-18 10:00:00;99.06666666666666
1071729215;2020-12-18 10:00:00;2020-12-18 10:30:00;102.8
1071729215;2020-12-18 10:30:00;2020-12-18 11:00:00;90.4
1071729215;2020-12-18 11:00:00;2020-12-18 11:30:00;76.8
1071729215;2020-12-18 11:30:00;2020-12-18 12:00:00;98.13333333333334
1071729215;2020-12-18 12:00:00;2020-12-18 12:30:00;100.0
1071729215;2020-12-18 12:30:00;2020-12-18 13:00:00;103.8
1071729215;2020-12-18 13:00:00;2020-12-18 13:30:00;100.76666666666667
1071729215;2020-12-18 13:30:00;2020-12-18 14:00:00;96.3
1071729215;2020-12-18 14:00:00;2020-12-18 14:30:00;103.86666666666666
1071729215;2020-12-18 14:30:00;2020-12-18 15:00:00;99.03333333333333
1071729215;2020-12-18 15:00:00;2020-12-18 15:30:00;113.56666666666666
1071729215;2020-12-18 15:30:00;2020-12-18 16:00:00;96.33333333333333
1071729215;2020-12-18 16:00:00;2020-12-18 16:30:00;106.23333333333333
1071729215;2020-12-18 16:30:00;2020-12-18 17:00:00;95.06666666666666
1071729215;2020-12-18 17:00:00;2020-12-18 17:30:00;98.7
1071729215;2020-12-18 17:30:00;2020-12-18 18:00:00;109.66666666666667
1071729215;2020-12-18 18:00:00;2020-12-18 18:30:00;97.3
1071729215;2020-12-18 18:30:00;2020-12-18 19:00:00;102.1
1071729215;2020-12-18 19:00:00;2020-12-18 19:30:00;98.6
1071729215;2020-12-18 19:30:00;2020-12-18 20:00:00;113.56666666666666
1071729215;2020-12-18 20:00:00;2020-12-18 20:30:00;99.36666666666666
1071729215;2020-12-18 20:30:00;2020-12-18 21:00:00;88.43333333333334
1071729215;2020-12-18 21:00:00;2020-12-18 21:30:00;100.26666666666667
1071729215;2020-12-18 21:30:00;2020-12-18 22:00:00;100.53333333333333
1071729215;2020-12-18 22:00:00;2020-12-18 22:30:00;95.86666666666666
1071729215;2020-12-18 22:30:00;2020-12-18 23:00:00;98.0
1071729215;2020-12-18 23:00:00;2020-12-18 23:30:00;97.5
1071729215;2020-12-18 23:30:00;2020-12-18 23:59:59;101.26666666666667
1071729215;2020-12-19 00:00:00;2020-12-19 00:30:00;100.4
1071729215;2020-12-19 00:30:00;2020-12-19 01:00:00;101.0
1071729215;2020-12-19 01:00:00;2020-12-19 01:30:00;99.7
1071729215;2020-12-19 01:30:00;2020-12-19 02:00:00;101.0
1071729215;2020-12-19 02:00:00;2020-12-19 02:30:00;105.8
1071729215;2020-12-19 02:30:00;2020-12-19 03:00:00;101.0
1071729215;2020-12-19 03:00:00;2020-12-19 03:30:00;101.0
1071729215;2020-12-19 03:30:00;2020-12-19 04:00:00;100.8
1071729215;2020-12-19 04:00:00;2020-12-19 04:30:00;105.4
1071729215;2020-12-19 04:30:00;2020-12-19 05:00:00;94.46666666666667
1071729215;2020-12-19 05:00:00;2020-12-19 05:30:00;96.4
1071729215;2020-12-19 05:30:00;2020-12-19 06:00:00;98.63333333333334
1071729215;2020-12-19 06:00:00;2020-12-19 06:30:00;102.06666666666666
1071729215;2020-12-19 06:30:00;2020-12-19 07:00:00;100.53333333333333
1071729215;2020-12-19 07:00:00;2020-12-19 07:30:00;91.7
1071729215;2020-12-19 07:30:00;2020-12-19 08:00:00;101.2
1071729215;2020-12-19 08:00:00;2020-12-19 08:30:00;103.26666666666667
1071729215;2020-12-19 08:30:00;2020-12-19 09:00:00;102.53333333333333
1071729215;2020-12-19 09:00:00;2020-12-19 09:30:00;103.76666666666667
1071729215;2020-12-19 09:30:00;2020-12-19 10:00:00;106.03333333333333
1071729215;2020-12-19 10:00:00;2020-12-19 10:30:00;93.86666666666666
1071729215;2020-12-19 10:30:00;2020-12-19 11:00:00;102.1
1071729215;2020-12-19 11:00:00;2020-12-19 11:30:00;110.93333333333334
1071729215;2020-12-19 11:30:00;2020-12-19 12:00:00;97.43333333333334
1071729215;2020-12-19 12:00:00;2020-12-19 12:30:00;100.76666666666667
1071729215;2020-12-19 12:30:00;2020-12-19 13:00:00;109.23333333333333
1071729215;2020-12-19 13:00:00;2020-12-19 13:30:00;107.53333333333333
1071729215;2020-12-19 13:30:00;2020-12-19 14:00:00;106.4
1071729215;2020-12-19 14:00:00;2020-12-19 14:30:00;108.9
1071729215;2020-12-19 14:30:00;2020-12-19 15:00:00;107.03333333333333
1071729215;2020-12-19 15:00:00;2020-12-19 15:30:00;91.8
1071729215;2020-12-19 15:30:00;2020-12-19 16:00:00;101.93333333333334
1071729215;2020-12-19 16:00:00;2020-12-19 16:30:00;100.06666666666666
1071729215;2020-12-19 16:30:00;2020-12-19 17:00:00;99.6
1071729215;2020-12-19 17:00:00;2020-12-19 17:30:00;101.03333333333333
1071729215;2020-12-19 17:30:00;2020-12-19 18:00:00;99.43333333333334
1071729215;2020-12-19 18:00:00;2020-12-19 18:30:00;90.2
1071729215;2020-12-19 18:30:00;2020-12-19 19:00:00;94.6
1071729215;2020-12-19 19:00:00;2020-12-19 19:30:00;102.33333333333333
1071729215;2020-12-19 19:30:00;2020-12-19 20:00:00;106.16666666666667
1071729215;2020-12-19 20:00:00;2020-12-19 20:30:00;108.56666666666666
1071729215;2020-12-19 20:30:00;2020-12-19 21:00:00;107.53333333333333
1071729215;2020-12-19 21:00:00;2020-12-19 21:30:00;101.4
1071729215;2020-12-19 21:30:00;2020-12-19 22:00:00;101.0
1071729215;2020-12-19 22:00:00;2020-12-19 22:30:00;101.0
1071729215;2020-12-19 22:30:00;2020-12-19 23:00:00;111.76666666666667
1071729215;2020-12-19 23:00:00;2020-12-19 23:30:00;101.0
1071729215;2020-12-19 23:30:00;2020-12-19 23:59:59;101.0
1071729215;2020-12-20 00:00:00;2020-12-20 00:30:00;101.0
1071729215;2020-12-20 00:30:00;2020-12-20 01:00:00;101.0
1071729215;2020-12-20 01:00:00;2020-12-20 01:30:00;101.0
1071729215;2020-12-20 01:30:00;2020-12-20 02:00:00;101.0
1071729215;2020-12-20 02:00:00;2020-12-20 02:30:00;101.0
1071729215;2020-12-20 02:30:00;2020-12-20 03:00:00;101.0
1071729215;2020-12-20 03:00:00;2020-12-20 03:30:00;101.0
1071729215;2020-12-20 03:30:00;2020-12-20 04:00:00;101.0
1071729215;2020-12-20 04:00:00;2020-12-20 04:30:00;95.0
1071729215;2020-12-20 04:30:00;2020-12-20 05:00:00;95.0
1071729215;2020-12-20 05:00:00;2020-12-20 05:30:00;97.0
1071729215;2020-12-20 05:30:00;2020-12-20 06:00:00;97.0
1071729215;2020-12-20 06:00:00;2020-12-20 06:30:00;96.43333333333334
1071729215;2020-12-20 06:30:00;2020-12-20 07:00:00;101.4
1071729215;2020-12-20 07:00:00;2020-12-20 07:30:00;101.16666666666667
1071729215;2020-12-20 07:30:00;2020-12-20 08:00:00;103.56666666666666
1071729215;2020-12-20 08:00:00;2020-12-20 08:30:00;106.16666666666667
1071729215;2020-12-20 08:30:00;2020-12-20 09:00:00;97.03333333333333
1071729215;2020-12-20 09:00:00;2020-12-20 09:30:00;95.23333333333333
1071729215;2020-12-20 09:30:00;2020-12-20 10:00:00;101.8
1071729215;2020-12-20 10:00:00;2020-12-20 10:30:00;85.96666666666667
1071729215;2020-12-20 10:30:00;2020-12-20 11:00:00;104.0
1071729215;2020-12-20 11:00:00;2020-12-20 11:30:00;101.43333333333334
1071729215;2020-12-20 11:30:00;2020-12-20 12:00:00;92.66666666666667
1071729215;2020-12-20 12:00:00;2020-12-20 12:30:00;99.56666666666666
1071729215;2020-12-20 12:30:00;2020-12-20 13:00:00;95.16666666666667
1071729215;2020-12-20 13:00:00;2020-12-20 13:30:00;107.6
1071729215;2020-12-20 13:30:00;2020-12-20 14:00:00;102.7
1071729215;2020-12-20 14:00:00;2020-12-20 14:30:00;110.2
1071729215;2020-12-20 14:30:00;2020-12-20 15:00:00;96.66666666666667
1071729215;2020-12-20 15:00:00;2020-12-20 15:30:00;100.7
1071729215;2020-12-20 15:30:00;2020-12-20 16:00:00;107.2
1071729215;2020-12-20 16:00:00;2020-12-20 16:30:00;98.63333333333334
1071729215;2020-12-20 16:30:00;2020-12-20 17:00:00;109.7
1071729215;2020-12-20 17:00:00;2020-12-20 17:30:00;108.5
1071729215;2020-12-20 17:30:00;2020-12-20 18:00:00;106.1
1071729215;2020-12-20 18:00:00;2020-12-20 18:30:00;86.36666666666666
1071729215;2020-12-20 18:30:00;2020-12-20 19:00:00;95.46666666666667
1071729215;2020-12-20 19:00:00;2020-12-20 19:30:00;101.06666666666666
1071729215;2020-12-20 19:30:00;2020-12-20 20:00:00;102.46666666666667
1071729215;2020-12-20 20:00:00;2020-12-20 20:30:00;105.0
1071729215;2020-12-20 20:30:00;2020-12-20 21:00:00;99.23333333333333
1071729215;2020-12-20 21:00:00;2020-12-20 21:30:00;101.0
1071729215;2020-12-20 21:30:00;2020-12-20 22:00:00;101.0
1071729215;2020-12-20 22:00:00;2020-12-20 22:30:00;99.56666666666666
1071729215;2020-12-20 22:30:00;2020-12-20 23:00:00;101.8
1071729215;2020-12-20 23:00:00;2020-12-20 23:30:00;82.0
1071729215;2020-12-20 23:30:00;2020-12-20 23:59:59;87.83333333333333
1071729215;2020-12-21 00:00:00;2020-12-21 00:30:00;96.66666666666667
1071729215;2020-12-21 00:30:00;2020-12-21 01:00:00;100.73333333333333
1071729215;2020-12-21 01:00:00;2020-12-21 01:30:00;101.0
1071729215;2020-12-21 01:30:00;2020-12-21 02:00:00;101.0
1071729215;2020-12-21 02:00:00;2020-12-21 02:30:00;96.9
1071729215;2020-12-21 02:30:00;2020-12-21 03:00:00;99.23333333333333
1071729215;2020-12-21 03:00:00;2020-12-21 03:30:00;101.0
1071729215;2020-12-21 03:30:00;2020-12-21 04:00:00;101.0
1071729215;2020-12-21 04:00:00;2020-12-21 04:30:00;110.43333333333334
1071729215;2020-12-21 04:30:00;2020-12-21 05:00:00;97.5
1071729215;2020-12-21 05:00:00;2020-12-21 05:30:00;101.83333333333333
1071729215;2020-12-21 05:30:00;2020-12-21 06:00:00;105.46666666666667
1071729215;2020-12-21 06:00:00;2020-12-21 06:30:00;102.53333333333333
1071729215;2020-12-21 06:30:00;2020-12-21 07:00:00;106.0
1071729215;2020-12-21 07:00:00;2020-12-21 07:30:00;98.73333333333333
1071729215;2020-12-21 07:30:00;2020-12-21 08:00:00;102.3
1071729215;2020-12-21 08:00:00;2020-12-21 08:30:00;104.3
1071729215;2020-12-21 08:30:00;2020-12-21 09:00:00;108.2
1071729215;2020-12-21 09:00:00;2020-12-21 09:30:00;111.3076923076923
1071729215;2020-12-21 09:30:00;2020-12-21 10:00:00;101.3
1071729215;2020-12-21 10:00:00;2020-12-21 10:30:00;93.8
1071729215;2020-12-21 10:30:00;2020-12-21 11:00:00;87.2
1071729215;2020-12-21 11:00:00;2020-12-21 11:30:00;90.86666666666666
1071729215;2020-12-21 11:30:00;2020-12-21 12:00:00;89.63333333333334
1071729215;2020-12-21 12:00:00;2020-12-21 12:30:00;95.03333333333333
1071729215;2020-12-21 12:30:00;2020-12-21 13:00:00;99.96666666666667
1071729215;2020-12-21 13:00:00;2020-12-21 13:30:00;101.8
1071729215;2020-12-21 13:30:00;2020-12-21 14:00:00;97.16666666666667
1071729215;2020-12-21 14:00:00;2020-12-21 14:30:00;92.06666666666666
1071729215;2020-12-21 14:30:00;2020-12-21 15:00:00;92.46666666666667
1071729215;2020-12-21 15:00:00;2020-12-21 15:30:00;91.16666666666667
1071729215;2020-12-21 15:30:00;2020-12-21 16:00:00;106.16666666666667
1071729215;2020-12-21 16:00:00;2020-12-21 16:30:00;105.9
1071729215;2020-12-21 16:30:00;2020-12-21 17:00:00;94.26666666666667
1071729215;2020-12-21 17:00:00;2020-12-21 17:30:00;96.56666666666666
1071729215;2020-12-21 17:30:00;2020-12-21 18:00:00;100.16666666666667
1071729215;2020-12-21 18:00:00;2020-12-21 18:30:00;95.46666666666667
1071729215;2020-12-21 18:30:00;2020-12-21 19:00:00;107.8
1071729215;2020-12-21 19:00:00;2020-12-21 19:30:00;107.03333333333333
1071729215;2020-12-21 19:30:00;2020-12-21 20:00:00;109.4
1071729215;2020-12-21 20:00:00;2020-12-21 20:30:00;109.53333333333333
1071729215;2020-12-21 20:30:00;2020-12-21 21:00:00;95.43333333333334
1071729215;2020-12-21 21:00:00;2020-12-21 21:30:00;101.26666666666667
1071729215;2020-12-21 21:30:00;2020-12-21 22:00:00;82.63333333333334
1071729215;2020-12-21 22:00:00;2020-12-21 22:30:00;95.53333333333333
1071729215;2020-12-21 22:30:00;2020-12-21 23:00:00;91.23333333333333
1071729215;2020-12-21 23:00:00;2020-12-21 23:30:00;99.26666666666667
1071729215;2020-12-21 23:30:00;2020-12-21 23:59:59;106.0
1071729215;2020-12-22 00:00:00;2020-12-22 00:30:00;98.26666666666667
1071729215;2020-12-22 00:30:00;2020-12-22 01:00:00;101.46666666666667
1071729215;2020-12-22 01:00:00;2020-12-22 01:30:00;95.5
1071729215;2020-12-22 01:30:00;2020-12-22 02:00:00;101.0
1071729215;2020-12-22 02:00:00;2020-12-22 02:30:00;101.0
1071729215;2020-12-22 02:30:00;2020-12-22 03:00:00;101.0
1071729215;2020-12-22 03:00:00;2020-12-22 03:30:00;101.0
1071729215;2020-12-22 03:30:00;2020-12-22 04:00:00;101.0
1071729215;2020-12-22 04:00:00;2020-12-22 04:30:00;93.0
1071729215;2020-12-22 04:30:00;2020-12-22 05:00:00;91.8
1071729215;2020-12-22 05:00:00;2020-12-22 05:30:00;96.53333333333333
1071729215;2020-12-22 05:30:00;2020-12-22 06:00:00;104.56666666666666
1071729215;2020-12-22 06:00:00;2020-12-22 06:30:00;90.26666666666667
1071729215;2020-12-22 06:30:00;2020-12-22 07:00:00;90.26666666666667
1071729215;2020-12-22 07:00:00;2020-12-22 07:30:00;93.13333333333334
1071729215;2020-12-22 07:30:00;2020-12-22 08:00:00;92.96666666666667
1071729215;2020-12-22 08:00:00;2020-12-22 08:30:00;94.46666666666667
1071729215;2020-12-22 08:30:00;2020-12-22 09:00:00;98.73333333333333
1071729215;2020-12-22 09:00:00;2020-12-22 09:30:00;101.53333333333333
1071729215;2020-12-22 09:30:00;2020-12-22 10:00:00;108.36666666666666
1071729215;2020-12-22 10:00:00;2020-12-22 10:30:00;99.5
1071729215;2020-12-22 10:30:00;2020-12-22 11:00:00;103.23333333333333
1071729215;2020-12-22 11:00:00;2020-12-22 11:30:00;95.53333333333333
1071729215;2020-12-22 11:30:00;2020-12-22 12:00:00;84.33333333333333
1071729215;2020-12-22 12:00:00;2020-12-22 12:30:00;95.63333333333334
1071729215;2020-12-22 12:30:00;2020-12-22 13:00:00;101.13333333333334
1071729215;2020-12-22 13:00:00;2020-12-22 13:30:00;91.6
1071729215;2020-12-22 13:30:00;2020-12-22 14:00:00;94.73333333333333
1071729215;2020-12-22 14:00:00;2020-12-22 14:30:00;88.2
1071729215;2020-12-22 14:30:00;2020-12-22 15:00:00;96.46666666666667
1071729215;2020-12-22 15:00:00;2020-12-22 15:30:00;85.7
1071729215;2020-12-22 15:30:00;2020-12-22 16:00:00;87.86666666666666
1071729215;2020-12-22 16:00:00;2020-12-22 16:30:00;100.43333333333334
1071729215;2020-12-22 16:30:00;2020-12-22 17:00:00;90.13333333333334
1071729215;2020-12-22 17:00:00;2020-12-22 17:30:00;92.86666666666666
1071729215;2020-12-22 17:30:00;2020-12-22 18:00:00;89.43333333333334
1071729215;2020-12-22 18:00:00;2020-12-22 18:30:00;106.2
1071729215;2020-12-22 18:30:00;2020-12-22 19:00:00;103.46666666666667
1071729215;2020-12-22 19:00:00;2020-12-22 19:30:00;101.8
1071729215;2020-12-22 19:30:00;2020-12-22 20:00:00;98.46666666666667
1071729215;2020-12-22 20:00:00;2020-12-22 20:30:00;97.86666666666666
1071729215;2020-12-22 20:30:00;2020-12-22 21:00:00;97.4
1071729215;2020-12-22 21:00:00;2020-12-22 21:30:00;100.5
1071729215;2020-12-22 21:30:00;2020-12-22 22:00:00;96.26666666666667
1071729215;2020-12-22 22:00:00;2020-12-22 22:30:00;94.63333333333334
1071729215;2020-12-22 22:30:00;2020-12-22 23:00:00;99.96666666666667
1071729215;2020-12-22 23:00:00;2020-12-22 23:30:00;107.06666666666666
1071729215;2020-12-22 23:30:00;2020-12-22 23:59:59;99.26666666666667
1071729215;2020-12-23 00:00:00;2020-12-23 00:30:00;106.03333333333333
1071729215;2020-12-23 00:30:00;2020-12-23 01:00:00;112.1
1071729215;2020-12-23 01:00:00;2020-12-23 01:30:00;95.0
1071729215;2020-12-23 01:30:00;2020-12-23 02:00:00;96.6
1071729215;2020-12-23 02:00:00;2020-12-23 02:30:00;101.0
1071729215;2020-12-23 02:30:00;2020-12-23 03:00:00;101.0
1071729215;2020-12-23 03:00:00;2020-12-23 03:30:00;101.0
1071729215;2020-12-23 03:30:00;2020-12-23 04:00:00;101.0
1071729215;2020-12-23 04:00:00;2020-12-23 04:30:00;87.63333333333334
1071729215;2020-12-23 04:30:00;2020-12-23 05:00:00;88.86666666666666
1071729215;2020-12-23 05:00:00;2020-12-23 05:30:00;93.4
1071729215;2020-12-23 05:30:00;2020-12-23 06:00:00;93.5
1071729215;2020-12-23 06:00:00;2020-12-23 06:30:00;97.2
1071729215;2020-12-23 06:30:00;2020-12-23 07:00:00;98.0
1071729215;2020-12-23 07:00:00;2020-12-23 07:30:00;92.06666666666666
1071729215;2020-12-23 07:30:00;2020-12-23 08:00:00;94.33333333333333
1071729215;2020-12-23 08:00:00;2020-12-23 08:30:00;90.8
1071729215;2020-12-23 08:30:00;2020-12-23 09:00:00;97.46666666666667
1071729215;2020-12-23 09:00:00;2020-12-23 09:30:00;97.53333333333333
1071729215;2020-12-23 09:30:00;2020-12-23 10:00:00;100.0
1071729215;2020-12-23 10:00:00;2020-12-23 10:30:00;93.86666666666666
1071729215;2020-12-23 10:30:00;2020-12-23 11:00:00;104.73333333333333
1071729215;2020-12-23 11:00:00;2020-12-23 11:30:00;93.0
1071729215;2020-12-23 11:30:00;2020-12-23 12:00:00;102.5
1071729215;2020-12-23 12:00:00;2020-12-23 12:30:00;98.66666666666667
1071729215;2020-12-23 12:30:00;2020-12-23 13:00:00;103.03333333333333
1071729215;2020-12-23 13:00:00;2020-12-23 13:30:00;96.1
1071729215;2020-12-23 13:30:00;2020-12-23 14:00:00;98.7
1071729215;2020-12-23 14:00:00;2020-12-23 14:30:00;102.66666666666667
1071729215;2020-12-23 14:30:00;2020-12-23 15:00:00;104.16666666666667
1071729215;2020-12-23 15:00:00;2020-12-23 15:30:00;91.3
1071729215;2020-12-23 15:30:00;2020-12-23 16:00:00;93.86666666666666
1071729215;2020-12-23 16:00:00;2020-12-23 16:30:00;89.86666666666666
1071729215;2020-12-23 16:30:00;2020-12-23 17:00:00;97.7
1071729215;2020-12-23 17:00:00;2020-12-23 17:30:00;90.06896551724138
1071729215;2020-12-23 17:30:00;2020-12-23 18:00:00;91.06666666666666
1071729215;2020-12-23 18:00:00;2020-12-23 18:30:00;101.76666666666667
1071729215;2020-12-23 18:30:00;2020-12-23 19:00:00;96.26666666666667
1071729215;2020-12-23 19:00:00;2020-12-23 19:30:00;98.0
1071729215;2020-12-23 19:30:00;2020-12-23 20:00:00;100.0
1071729215;2020-12-23 20:00:00;2020-12-23 20:30:00;97.7
1071729215;2020-12-23 20:30:00;2020-12-23 21:00:00;98.66666666666667
1071729215;2020-12-23 21:00:00;2020-12-23 21:30:00;85.0
1071729215;2020-12-23 21:30:00;2020-12-23 22:00:00;94.26666666666667
1071729215;2020-12-23 22:00:00;2020-12-23 22:30:00;100.56666666666666
1071729215;2020-12-23 22:30:00;2020-12-23 23:00:00;99.8
1071729215;2020-12-23 23:00:00;2020-12-23 23:30:00;101.0
1071729215;2020-12-23 23:30:00;2020-12-23 23:59:59;101.0
1071729215;2020-12-24 00:00:00;2020-12-24 00:30:00;101.0
1071729215;2020-12-24 00:30:00;2020-12-24 01:00:00;101.0
1071729215;2020-12-24 01:00:00;2020-12-24 01:30:00;99.7
1071729215;2020-12-24 01:30:00;2020-12-24 02:00:00;98.0
1071729215;2020-12-24 02:00:00;2020-12-24 02:30:00;99.3
1071729215;2020-12-24 02:30:00;2020-12-24 03:00:00;101.0
1071729215;2020-12-24 03:00:00;2020-12-24 03:30:00;101.0
1071729215;2020-12-24 03:30:00;2020-12-24 04:00:00;101.0
1071729215;2020-12-24 04:00:00;2020-12-24 04:30:00;105.0
1071729215;2020-12-24 04:30:00;2020-12-24 05:00:00;105.0
1071729215;2020-12-24 05:00:00;2020-12-24 05:30:00;105.0
1071729215;2020-12-24 05:30:00;2020-12-24 06:00:00;105.0
1071729215;2020-12-24 06:00:00;2020-12-24 06:30:00;101.0
1071729215;2020-12-24 06:30:00;2020-12-24 07:00:00;100.96666666666667
1071729215;2020-12-24 07:00:00;2020-12-24 07:30:00;94.3
1071729215;2020-12-24 07:30:00;2020-12-24 08:00:00;99.6
1071729215;2020-12-24 08:00:00;2020-12-24 08:30:00;80.0
1071729215;2020-12-24 08:30:00;2020-12-24 09:00:00;103.33333333333333
1071729215;2020-12-24 09:00:00;2020-12-24 09:30:00;105.0
1071729215;2020-12-24 09:30:00;2020-12-24 10:00:00;98.13333333333334
1071729215;2020-12-24 10:00:00;2020-12-24 10:30:00;108.7
1071729215;2020-12-24 10:30:00;2020-12-24 11:00:00;105.53333333333333
1071729215;2020-12-24 11:00:00;2020-12-24 11:30:00;106.96666666666667
1071729215;2020-12-24 11:30:00;2020-12-24 12:00:00;107.2
1071729215;2020-12-24 12:00:00;2020-12-24 12:30:00;111.66666666666667
1071729215;2020-12-24 12:30:00;2020-12-24 13:00:00;112.6
1071729215;2020-12-24 13:00:00;2020-12-24 13:30:00;111.73333333333333
1071729215;2020-12-24 13:30:00;2020-12-24 14:00:00;111.0
1071729215;2020-12-24 14:00:00;2020-12-24 14:30:00;101.53333333333333
1071729215;2020-12-24 14:30:00;2020-12-24 15:00:00;106.46666666666667
1071729215;2020-12-24 15:00:00;2020-12-24 15:30:00;102.76666666666667
1071729215;2020-12-24 15:30:00;2020-12-24 16:00:00;101.16666666666667
1071729215;2020-12-24 16:00:00;2020-12-24 16:30:00;100.73333333333333
1071729215;2020-12-24 16:30:00;2020-12-24 17:00:00;107.06666666666666
1071729215;2020-12-24 17:00:00;2020-12-24 17:30:00;102.66666666666667
1071729215;2020-12-24 17:30:00;2020-12-24 18:00:00;104.9
1071729215;2020-12-24 18:00:00;2020-12-24 18:30:00;108.96666666666667
1071729215;2020-12-24 18:30:00;2020-12-24 19:00:00;103.2
1071729215;2020-12-24 19:00:00;2020-12-24 19:30:00;95.89655172413794
1071729215;2020-12-24 19:30:00;2020-12-24 20:00:00;95.6
1071729215;2020-12-24 20:00:00;2020-12-24 20:30:00;103.0
1071729215;2020-12-24 20:30:00;2020-12-24 21:00:00;101.73333333333333
1071729215;2020-12-24 21:00:00;2020-12-24 21:30:00;103.0
1071729215;2020-12-24 21:30:00;2020-12-24 22:00:00;101.0
1071729215;2020-12-24 22:00:00;2020-12-24 22:30:00;101.0
1071729215;2020-12-24 22:30:00;2020-12-24 23:00:00;101.0
1071729215;2020-12-24 23:00:00;2020-12-24 23:30:00;101.0
1071729215;2020-12-24 23:30:00;2020-12-24 23:59:59;102.66666666666667
1071729215;2020-12-25 00:00:00;2020-12-25 00:30:00;101.16666666666667
1071729215;2020-12-25 00:30:00;2020-12-25 01:00:00;101.0
1071729215;2020-12-25 01:00:00;2020-12-25 01:30:00;101.0
1071729215;2020-12-25 01:30:00;2020-12-25 02:00:00;101.0
1071729215;2020-12-25 02:00:00;2020-12-25 02:30:00;101.0
1071729215;2020-12-25 02:30:00;2020-12-25 03:00:00;101.0
1071729215;2020-12-25 03:00:00;2020-12-25 03:30:00;101.0
1071729215;2020-12-25 03:30:00;2020-12-25 04:00:00;101.0
1071729215;2020-12-25 04:00:00;2020-12-25 04:30:00;105.0
1071729215;2020-12-25 04:30:00;2020-12-25 05:00:00;105.0
1071729215;2020-12-25 05:00:00;2020-12-25 05:30:00;100.83333333333333
1071729215;2020-12-25 05:30:00;2020-12-25 06:00:00;97.63333333333334
1071729215;2020-12-25 06:00:00;2020-12-25 06:30:00;101.9
1071729215;2020-12-25 06:30:00;2020-12-25 07:00:00;92.0
1071729215;2020-12-25 07:00:00;2020-12-25 07:30:00;90.86666666666666
1071729215;2020-12-25 07:30:00;2020-12-25 08:00:00;99.26666666666667
1071729215;2020-12-25 08:00:00;2020-12-25 08:30:00;104.6
1071729215;2020-12-25 08:30:00;2020-12-25 09:00:00;105.0
1071729215;2020-12-25 09:00:00;2020-12-25 09:30:00;104.66666666666667
1071729215;2020-12-25 09:30:00;2020-12-25 10:00:00;101.16666666666667
1071729215;2020-12-25 10:00:00;2020-12-25 10:30:00;103.83333333333333
1071729215;2020-12-25 10:30:00;2020-12-25 11:00:00;109.73333333333333
1071729215;2020-12-25 11:00:00;2020-12-25 11:30:00;113.0
1071729215;2020-12-25 11:30:00;2020-12-25 12:00:00;110.93333333333334
1071729215;2020-12-25 12:00:00;2020-12-25 12:30:00;115.86666666666666
1071729215;2020-12-25 12:30:00;2020-12-25 13:00:00;109.6
1071729215;2020-12-25 13:00:00;2020-12-25 13:30:00;106.06666666666666
1071729215;2020-12-25 13:30:00;2020-12-25 14:00:00;103.66666666666667
1071729215;2020-12-25 14:00:00;2020-12-25 14:30:00;106.83333333333333
1071729215;2020-12-25 14:30:00;2020-12-25 15:00:00;119.96666666666667
1071729215;2020-12-25 15:00:00;2020-12-25 15:30:00;102.66666666666667
1071729215;2020-12-25 15:30:00;2020-12-25 16:00:00;94.73333333333333
1071729215;2020-12-25 16:00:00;2020-12-25 16:30:00;100.5
1071729215;2020-12-25 16:30:00;2020-12-25 17:00:00;102.43333333333334
1071729215;2020-12-25 17:00:00;2020-12-25 17:30:00;115.06666666666666
1071729215;2020-12-25 17:30:00;2020-12-25 18:00:00;105.1
1071729215;2020-12-25 18:00:00;2020-12-25 18:30:00;102.83333333333333
1071729215;2020-12-25 18:30:00;2020-12-25 19:00:00;113.43333333333334
1071729215;2020-12-25 19:00:00;2020-12-25 19:30:00;121.43333333333334
1071729215;2020-12-25 19:30:00;2020-12-25 20:00:00;103.9
1071729215;2020-12-25 20:00:00;2020-12-25 20:30:00;110.0
1071729215;2020-12-25 20:30:00;2020-12-25 21:00:00;123.43333333333334
1071729215;2020-12-25 21:00:00;2020-12-25 21:30:00;110.83333333333333
1071729215;2020-12-25 21:30:00;2020-12-25 22:00:00;104.63333333333334
1071729215;2020-12-25 22:00:00;2020-12-25 22:30:00;101.0
1071729215;2020-12-25 22:30:00;2020-12-25 23:00:00;101.0
1071729215;2020-12-25 23:00:00;2020-12-25 23:30:00;101.0
1071729215;2020-12-25 23:30:00;2020-12-25 23:59:59;101.0
1071729215;2020-12-26 00:00:00;2020-12-26 00:30:00;101.0
1071729215;2020-12-26 00:30:00;2020-12-26 01:00:00;101.0
1071729215;2020-12-26 01:00:00;2020-12-26 01:30:00;101.0
1071729215;2020-12-26 01:30:00;2020-12-26 02:00:00;101.0
1071729215;2020-12-26 02:00:00;2020-12-26 02:30:00;101.0
1071729215;2020-12-26 02:30:00;2020-12-26 03:00:00;101.0
1071729215;2020-12-26 03:00:00;2020-12-26 03:30:00;101.0
1071729215;2020-12-26 03:30:00;2020-12-26 04:00:00;101.0
1071729215;2020-12-26 04:00:00;2020-12-26 04:30:00;105.0
1071729215;2020-12-26 04:30:00;2020-12-26 05:00:00;105.0
1071729215;2020-12-26 05:00:00;2020-12-26 05:30:00;105.0
1071729215;2020-12-26 05:30:00;2020-12-26 06:00:00;105.0
1071729215;2020-12-26 06:00:00;2020-12-26 06:30:00;105.0
1071729215;2020-12-26 06:30:00;2020-12-26 07:00:00;105.83333333333333
1071729215;2020-12-26 07:00:00;2020-12-26 07:30:00;97.56666666666666
1071729215;2020-12-26 07:30:00;2020-12-26 08:00:00;105.0
1071729215;2020-12-26 08:00:00;2020-12-26 08:30:00;103.26666666666667
1071729215;2020-12-26 08:30:00;2020-12-26 09:00:00;98.76666666666667
1071729215;2020-12-26 09:00:00;2020-12-26 09:30:00;106.86666666666666
1071729215;2020-12-26 09:30:00;2020-12-26 10:00:00;104.9
1071729215;2020-12-26 10:00:00;2020-12-26 10:30:00;112.3
1071729215;2020-12-26 10:30:00;2020-12-26 11:00:00;102.1
1071729215;2020-12-26 11:00:00;2020-12-26 11:30:00;101.83333333333333
1071729215;2020-12-26 11:30:00;2020-12-26 12:00:00;109.9
1071729215;2020-12-26 12:00:00;2020-12-26 12:30:00;103.2
1071729215;2020-12-26 12:30:00;2020-12-26 13:00:00;107.06666666666666
1071729215;2020-12-26 13:00:00;2020-12-26 13:30:00;93.73333333333333
1071729215;2020-12-26 13:30:00;2020-12-26 14:00:00;100.7
1071729215;2020-12-26 14:00:00;2020-12-26 14:30:00;94.7
1071729215;2020-12-26 14:30:00;2020-12-26 15:00:00;88.2
1071729215;2020-12-26 15:00:00;2020-12-26 15:30:00;86.3
1071729215;2020-12-26 15:30:00;2020-12-26 16:00:00;99.93333333333334
1071729215;2020-12-26 16:00:00;2020-12-26 16:30:00;98.13333333333334
1071729215;2020-12-26 16:30:00;2020-12-26 17:00:00;98.76666666666667
1071729215;2020-12-26 17:00:00;2020-12-26 17:30:00;99.76666666666667
1071729215;2020-12-26 17:30:00;2020-12-26 18:00:00;100.53333333333333
1071729215;2020-12-26 18:00:00;2020-12-26 18:30:00;110.86666666666666
1071729215;2020-12-26 18:30:00;2020-12-26 19:00:00;101.3
1071729215;2020-12-26 19:00:00;2020-12-26 19:30:00;98.66666666666667
1071729215;2020-12-26 19:30:00;2020-12-26 20:00:00;103.93333333333334
1071729215;2020-12-26 20:00:00;2020-12-26 20:30:00;106.0
1071729215;2020-12-26 20:30:00;2020-12-26 21:00:00;108.7
1071729215;2020-12-26 21:00:00;2020-12-26 21:30:00;101.86666666666666
1071729215;2020-12-26 21:30:00;2020-12-26 22:00:00;97.6
1071729215;2020-12-26 22:00:00;2020-12-26 22:30:00;100.73333333333333
1071729215;2020-12-26 22:30:00;2020-12-26 23:00:00;101.0
1071729215;2020-12-26 23:00:00;2020-12-26 23:30:00;101.0
1071729215;2020-12-26 23:30:00;2020-12-26 23:59:59;101.0
1071729215;2020-12-27 00:00:00;2020-12-27 00:30:00;101.0
1071729215;2020-12-27 00:30:00;2020-12-27 01:00:00;101.0
1071729215;2020-12-27 01:00:00;2020-12-27 01:30:00;101.0
1071729215;2020-12-27 01:30:00;2020-12-27 02:00:00;101.0
1071729215;2020-12-27 02:00:00;2020-12-27 02:30:00;101.0
1071729215;2020-12-27 02:30:00;2020-12-27 03:00:00;101.0
1071729215;2020-12-27 03:00:00;2020-12-27 03:30:00;101.0
1071729215;2020-12-27 03:30:00;2020-12-27 04:00:00;101.0
1071729215;2020-12-27 04:00:00;2020-12-27 04:30:00;95.0
1071729215;2020-12-27 04:30:00;2020-12-27 05:00:00;95.0
1071729215;2020-12-27 05:00:00;2020-12-27 05:30:00;97.0
1071729215;2020-12-27 05:30:00;2020-12-27 06:00:00;97.0
1071729215;2020-12-27 06:00:00;2020-12-27 06:30:00;97.0
1071729215;2020-12-27 06:30:00;2020-12-27 07:00:00;97.0
1071729215;2020-12-27 07:00:00;2020-12-27 07:30:00;101.0
1071729215;2020-12-27 07:30:00;2020-12-27 08:00:00;101.0
1071729215;2020-12-27 08:00:00;2020-12-27 08:30:00;97.0
1071729215;2020-12-27 08:30:00;2020-12-27 09:00:00;101.0
1071729215;2020-12-27 09:00:00;2020-12-27 09:30:00;98.13333333333334
1071729215;2020-12-27 09:30:00;2020-12-27 10:00:00;92.96666666666667
1071729215;2020-12-27 10:00:00;2020-12-27 10:30:00;106.8
1071729215;2020-12-27 10:30:00;2020-12-27 11:00:00;109.96666666666667
1071729215;2020-12-27 11:00:00;2020-12-27 11:30:00;102.16666666666667
1071729215;2020-12-27 11:30:00;2020-12-27 12:00:00;104.96666666666667
1071729215;2020-12-27 12:00:00;2020-12-27 12:30:00;96.3
1071729215;2020-12-27 12:30:00;2020-12-27 13:00:00;93.63333333333334
1071729215;2020-12-27 13:00:00;2020-12-27 13:30:00;103.4
1071729215;2020-12-27 13:30:00;2020-12-27 14:00:00;90.46666666666667
1071729215;2020-12-27 14:00:00;2020-12-27 14:30:00;86.96666666666667
1071729215;2020-12-27 14:30:00;2020-12-27 15:00:00;84.06666666666666
1071729215;2020-12-27 15:00:00;2020-12-27 15:30:00;80.56666666666666
1071729215;2020-12-27 15:30:00;2020-12-27 16:00:00;85.53333333333333
1071729215;2020-12-27 16:00:00;2020-12-27 16:30:00;91.03333333333333
1071729215;2020-12-27 16:30:00;2020-12-27 17:00:00;92.7
1071729215;2020-12-27 17:00:00;2020-12-27 17:30:00;97.93333333333334
1071729215;2020-12-27 17:30:00;2020-12-27 18:00:00;91.4
1071729215;2020-12-27 18:00:00;2020-12-27 18:30:00;108.93333333333334
1071729215;2020-12-27 18:30:00;2020-12-27 19:00:00;111.6
1071729215;2020-12-27 19:00:00;2020-12-27 19:30:00;103.16666666666667
1071729215;2020-12-27 19:30:00;2020-12-27 20:00:00;111.1
1071729215;2020-12-27 20:00:00;2020-12-27 20:30:00;112.4
1071729215;2020-12-27 20:30:00;2020-12-27 21:00:00;107.76666666666667
1071729215;2020-12-27 21:00:00;2020-12-27 21:30:00;106.96666666666667
1071729215;2020-12-27 21:30:00;2020-12-27 22:00:00;110.5
1071729215;2020-12-27 22:00:00;2020-12-27 22:30:00;101.0
1071729215;2020-12-27 22:30:00;2020-12-27 23:00:00;109.86666666666666
1071729215;2020-12-27 23:00:00;2020-12-27 23:30:00;102.46666666666667
1071729215;2020-12-27 23:30:00;2020-12-27 23:59:59;101.0
1071729215;2020-12-28 00:00:00;2020-12-28 00:30:00;101.0
1071729215;2020-12-28 00:30:00;2020-12-28 01:00:00;101.0
1071729215;2020-12-28 01:00:00;2020-12-28 01:30:00;101.0
1071729215;2020-12-28 01:30:00;2020-12-28 02:00:00;101.0
1071729215;2020-12-28 02:00:00;2020-12-28 02:30:00;101.0
1071729215;2020-12-28 02:30:00;2020-12-28 03:00:00;101.0
1071729215;2020-12-28 03:00:00;2020-12-28 03:30:00;101.0
1071729215;2020-12-28 03:30:00;2020-12-28 04:00:00;101.0
1071729215;2020-12-28 04:00:00;2020-12-28 04:30:00;105.0
1071729215;2020-12-28 04:30:00;2020-12-28 05:00:00;105.0
1071729215;2020-12-28 05:00:00;2020-12-28 05:30:00;105.0
1071729215;2020-12-28 05:30:00;2020-12-28 06:00:00;105.0
1071729215;2020-12-28 06:00:00;2020-12-28 06:30:00;108.1
1071729215;2020-12-28 06:30:00;2020-12-28 07:00:00;105.13333333333334
1071729215;2020-12-28 07:00:00;2020-12-28 07:30:00;110.7
1071729215;2020-12-28 07:30:00;2020-12-28 08:00:00;84.53333333333333
1071729215;2020-12-28 08:00:00;2020-12-28 08:30:00;99.36666666666666
1071729215;2020-12-28 08:30:00;2020-12-28 09:00:00;104.36666666666666
1071729215;2020-12-28 09:00:00;2020-12-28 09:30:00;105.53333333333333
1071729215;2020-12-28 09:30:00;2020-12-28 10:00:00;104.63333333333334
1071729215;2020-12-28 10:00:00;2020-12-28 10:30:00;104.3
1071729215;2020-12-28 10:30:00;2020-12-28 11:00:00;108.1
1071729215;2020-12-28 11:00:00;2020-12-28 11:30:00;110.66666666666667
1071729215;2020-12-28 11:30:00;2020-12-28 12:00:00;105.36666666666666
1071729215;2020-12-28 12:00:00;2020-12-28 12:30:00;88.36666666666666
1071729215;2020-12-28 12:30:00;2020-12-28 13:00:00;91.5
1071729215;2020-12-28 13:00:00;2020-12-28 13:30:00;97.23333333333333
1071729215;2020-12-28 13:30:00;2020-12-28 14:00:00;91.4
1071729215;2020-12-28 14:00:00;2020-12-28 14:30:00;95.36666666666666
1071729215;2020-12-28 14:30:00;2020-12-28 15:00:00;93.06666666666666
1071729215;2020-12-28 15:00:00;2020-12-28 15:30:00;91.7
1071729215;2020-12-28 15:30:00;2020-12-28 16:00:00;87.93333333333334
1071729215;2020-12-28 16:00:00;2020-12-28 16:30:00;98.5
1071729215;2020-12-28 16:30:00;2020-12-28 17:00:00;92.8
1071729215;2020-12-28 17:00:00;2020-12-28 17:30:00;96.96666666666667
1071729215;2020-12-28 17:30:00;2020-12-28 18:00:00;87.46666666666667
1071729215;2020-12-28 18:00:00;2020-12-28 18:30:00;102.4
1071729215;2020-12-28 18:30:00;2020-12-28 19:00:00;110.36666666666666
1071729215;2020-12-28 19:00:00;2020-12-28 19:30:00;106.46666666666667
1071729215;2020-12-28 19:30:00;2020-12-28 20:00:00;102.46666666666667
1071729215;2020-12-28 20:00:00;2020-12-28 20:30:00;110.33333333333333
1071729215;2020-12-28 20:30:00;2020-12-28 21:00:00;110.9
1071729215;2020-12-28 21:00:00;2020-12-28 21:30:00;101.36666666666666
1071729215;2020-12-28 21:30:00;2020-12-28 22:00:00;95.3
1071729215;2020-12-28 22:00:00;2020-12-28 22:30:00;92.26666666666667
1071729215;2020-12-28 22:30:00;2020-12-28 23:00:00;94.06666666666666
1071729215;2020-12-28 23:00:00;2020-12-28 23:30:00;98.46666666666667
1071729215;2020-12-28 23:30:00;2020-12-28 23:59:59;101.0
1071729215;2020-12-29 00:00:00;2020-12-29 00:30:00;101.0
1071729215;2020-12-29 00:30:00;2020-12-29 01:00:00;101.0
1071729215;2020-12-29 01:00:00;2020-12-29 01:30:00;101.0
1071729215;2020-12-29 01:30:00;2020-12-29 02:00:00;101.0
1071729215;2020-12-29 02:00:00;2020-12-29 02:30:00;101.0
1071729215;2020-12-29 02:30:00;2020-12-29 03:00:00;101.0
1071729215;2020-12-29 03:00:00;2020-12-29 03:30:00;101.0
1071729215;2020-12-29 03:30:00;2020-12-29 04:00:00;101.0
1071729215;2020-12-29 04:00:00;2020-12-29 04:30:00;93.0
1071729215;2020-12-29 04:30:00;2020-12-29 05:00:00;96.86666666666666
1071729215;2020-12-29 05:00:00;2020-12-29 05:30:00;100.1
1071729215;2020-12-29 05:30:00;2020-12-29 06:00:00;97.13333333333334
1071729215;2020-12-29 06:00:00;2020-12-29 06:30:00;102.63333333333334
1071729215;2020-12-29 06:30:00;2020-12-29 07:00:00;99.56666666666666
1071729215;2020-12-29 07:00:00;2020-12-29 07:30:00;98.4
1071729215;2020-12-29 07:30:00;2020-12-29 08:00:00;85.8
1071729215;2020-12-29 08:00:00;2020-12-29 08:30:00;94.06666666666666
1071729215;2020-12-29 08:30:00;2020-12-29 09:00:00;94.9
1071729215;2020-12-29 09:00:00;2020-12-29 09:30:00;102.63333333333334
1071729215;2020-12-29 09:30:00;2020-12-29 10:00:00;108.26666666666667
1071729215;2020-12-29 10:00:00;2020-12-29 10:30:00;114.13333333333334
1071729215;2020-12-29 10:30:00;2020-12-29 11:00:00;100.13333333333334
1071729215;2020-12-29 11:00:00;2020-12-29 11:30:00;106.96666666666667
1071729215;2020-12-29 11:30:00;2020-12-29 12:00:00;89.63333333333334
1071729215;2020-12-29 12:00:00;2020-12-29 12:30:00;117.16666666666667
1071729215;2020-12-29 12:30:00;2020-12-29 13:00:00;112.76666666666667
1071729215;2020-12-29 13:00:00;2020-12-29 13:30:00;104.3
1071729215;2020-12-29 13:30:00;2020-12-29 14:00:00;92.1
1071729215;2020-12-29 14:00:00;2020-12-29 14:30:00;86.16666666666667
1071729215;2020-12-29 14:30:00;2020-12-29 15:00:00;96.8
1071729215;2020-12-29 15:00:00;2020-12-29 15:30:00;87.93333333333334
1071729215;2020-12-29 15:30:00;2020-12-29 16:00:00;92.26666666666667
1071729215;2020-12-29 16:00:00;2020-12-29 16:30:00;91.96666666666667
1071729215;2020-12-29 16:30:00;2020-12-29 17:00:00;104.1
1071729215;2020-12-29 17:00:00;2020-12-29 17:30:00;94.1
1071729215;2020-12-29 17:30:00;2020-12-29 18:00:00;95.0
1071729215;2020-12-29 18:00:00;2020-12-29 18:30:00;94.9
1071729215;2020-12-29 18:30:00;2020-12-29 19:00:00;108.33333333333333
1071729215;2020-12-29 19:00:00;2020-12-29 19:30:00;112.5
1071729215;2020-12-29 19:30:00;2020-12-29 20:00:00;111.16666666666667
1071729215;2020-12-29 20:00:00;2020-12-29 20:30:00;99.83333333333333
1071729215;2020-12-29 20:30:00;2020-12-29 21:00:00;101.66666666666667
1071729215;2020-12-29 21:00:00;2020-12-29 21:30:00;104.13333333333334
1071729215;2020-12-29 21:30:00;2020-12-29 22:00:00;99.33333333333333
1071729215;2020-12-29 22:00:00;2020-12-29 22:30:00;96.83333333333333
1071729215;2020-12-29 22:30:00;2020-12-29 23:00:00;102.76666666666667
1071729215;2020-12-29 23:00:00;2020-12-29 23:30:00;111.86666666666666
1071729215;2020-12-29 23:30:00;2020-12-29 23:59:59;104.03333333333333
1071729215;2020-12-30 00:00:00;2020-12-30 00:30:00;101.0
1071729215;2020-12-30 00:30:00;2020-12-30 01:00:00;100.96666666666667
1071729215;2020-12-30 01:00:00;2020-12-30 01:30:00;97.23333333333333
1071729215;2020-12-30 01:30:00;2020-12-30 02:00:00;90.93333333333334
1071729215;2020-12-30 02:00:00;2020-12-30 02:30:00;91.06666666666666
1071729215;2020-12-30 02:30:00;2020-12-30 03:00:00;98.9
1071729215;2020-12-30 03:00:00;2020-12-30 03:30:00;101.0
1071729215;2020-12-30 03:30:00;2020-12-30 04:00:00;104.53333333333333
1071729215;2020-12-30 04:00:00;2020-12-30 04:30:00;106.66666666666667
1071729215;2020-12-30 04:30:00;2020-12-30 05:00:00;109.7
1071729215;2020-12-30 05:00:00;2020-12-30 05:30:00;105.8
1071729215;2020-12-30 05:30:00;2020-12-30 06:00:00;102.63333333333334
1071729215;2020-12-30 06:00:00;2020-12-30 06:30:00;101.93333333333334
1071729215;2020-12-30 06:30:00;2020-12-30 07:00:00;104.4
1071729215;2020-12-30 07:00:00;2020-12-30 07:30:00;99.73333333333333
1071729215;2020-12-30 07:30:00;2020-12-30 08:00:00;95.5
1071729215;2020-12-30 08:00:00;2020-12-30 08:30:00;101.4
1071729215;2020-12-30 08:30:00;2020-12-30 09:00:00;108.23333333333333
1071729215;2020-12-30 09:00:00;2020-12-30 09:30:00;93.8
1071729215;2020-12-30 09:30:00;2020-12-30 10:00:00;91.86666666666666
1071729215;2020-12-30 10:00:00;2020-12-30 10:30:00;100.4
1071729215;2020-12-30 10:30:00;2020-12-30 11:00:00;99.53333333333333
1071729215;2020-12-30 11:00:00;2020-12-30 11:30:00;93.16666666666667
1071729215;2020-12-30 11:30:00;2020-12-30 12:00:00;98.06666666666666
1071729215;2020-12-30 12:00:00;2020-12-30 12:30:00;95.3
1071729215;2020-12-30 12:30:00;2020-12-30 13:00:00;97.86666666666666
1071729215;2020-12-30 13:00:00;2020-12-30 13:30:00;94.33333333333333
1071729215;2020-12-30 13:30:00;2020-12-30 14:00:00;93.66666666666667
1071729215;2020-12-30 14:00:00;2020-12-30 14:30:00;91.0
1071729215;2020-12-30 14:30:00;2020-12-30 15:00:00;92.8
1071729215;2020-12-30 15:00:00;2020-12-30 15:30:00;96.16666666666667
1071729215;2020-12-30 15:30:00;2020-12-30 16:00:00;93.3
1071729215;2020-12-30 16:00:00;2020-12-30 16:30:00;99.23333333333333
1071729215;2020-12-30 16:30:00;2020-12-30 17:00:00;97.73333333333333
1071729215;2020-12-30 17:00:00;2020-12-30 17:30:00;103.43333333333334
1071729215;2020-12-30 17:30:00;2020-12-30 18:00:00;101.66666666666667
1071729215;2020-12-30 18:00:00;2020-12-30 18:30:00;95.73333333333333
1071729215;2020-12-30 18:30:00;2020-12-30 19:00:00;96.7
1071729215;2020-12-30 19:00:00;2020-12-30 19:30:00;109.23333333333333
1071729215;2020-12-30 19:30:00;2020-12-30 20:00:00;104.03333333333333
1071729215;2020-12-30 20:00:00;2020-12-30 20:30:00;95.6
1071729215;2020-12-30 20:30:00;2020-12-30 21:00:00;83.36666666666666
1071729215;2020-12-30 21:00:00;2020-12-30 21:30:00;98.36666666666666
1071729215;2020-12-30 21:30:00;2020-12-30 22:00:00;104.2
1071729215;2020-12-30 22:00:00;2020-12-30 22:30:00;93.9
1071729215;2020-12-30 22:30:00;2020-12-30 23:00:00;97.5
1071729215;2020-12-30 23:00:00;2020-12-30 23:30:00;101.0
1071729215;2020-12-30 23:30:00;2020-12-30 23:59:59;106.43333333333334
1071729215;2020-12-31 00:00:00;2020-12-31 00:30:00;101.13333333333334
1071729215;2020-12-31 00:30:00;2020-12-31 01:00:00;101.0
1071729215;2020-12-31 01:00:00;2020-12-31 01:30:00;101.0
1071729215;2020-12-31 01:30:00;2020-12-31 02:00:00;101.0
1071729215;2020-12-31 02:00:00;2020-12-31 02:30:00;101.0
1071729215;2020-12-31 02:30:00;2020-12-31 03:00:00;101.0
1071729215;2020-12-31 03:00:00;2020-12-31 03:30:00;101.0
1071729215;2020-12-31 03:30:00;2020-12-31 04:00:00;101.0
1071729215;2020-12-31 04:00:00;2020-12-31 04:30:00;106.53333333333333
1071729215;2020-12-31 04:30:00;2020-12-31 05:00:00;101.86666666666666
1071729215;2020-12-31 05:00:00;2020-12-31 05:30:00;115.13333333333334
1071729215;2020-12-31 05:30:00;2020-12-31 06:00:00;97.66666666666667
1071729215;2020-12-31 06:00:00;2020-12-31 06:30:00;87.86666666666666
1071729215;2020-12-31 06:30:00;2020-12-31 07:00:00;96.63333333333334
1071729215;2020-12-31 07:00:00;2020-12-31 07:30:00;105.7
1071729215;2020-12-31 07:30:00;2020-12-31 08:00:00;111.36666666666666
1071729215;2020-12-31 08:00:00;2020-12-31 08:30:00;106.06666666666666
1071729215;2020-12-31 08:30:00;2020-12-31 09:00:00;105.0
1071729215;2020-12-31 09:00:00;2020-12-31 09:30:00;106.36666666666666
1071729215;2020-12-31 09:30:00;2020-12-31 10:00:00;107.96666666666667
1071729215;2020-12-31 10:00:00;2020-12-31 10:30:00;111.2
1071729215;2020-12-31 10:30:00;2020-12-31 11:00:00;107.96666666666667
1071729215;2020-12-31 11:00:00;2020-12-31 11:30:00;108.33333333333333
1071729215;2020-12-31 11:30:00;2020-12-31 12:00:00;109.72413793103448
1071729215;2020-12-31 12:00:00;2020-12-31 12:30:00;112.5
1071729215;2020-12-31 12:30:00;2020-12-31 13:00:00;113.2
1071729215;2020-12-31 13:00:00;2020-12-31 13:30:00;107.36666666666666
1071729215;2020-12-31 13:30:00;2020-12-31 14:00:00;107.06666666666666
1071729215;2020-12-31 14:00:00;2020-12-31 14:30:00;109.0
1071729215;2020-12-31 14:30:00;2020-12-31 15:00:00;115.0
1071729215;2020-12-31 15:00:00;2020-12-31 15:30:00;105.36666666666666
1071729215;2020-12-31 15:30:00;2020-12-31 16:00:00;107.6
1071729215;2020-12-31 16:00:00;2020-12-31 16:30:00;106.96666666666667
1071729215;2020-12-31 16:30:00;2020-12-31 17:00:00;104.23333333333333
1071729215;2020-12-31 17:00:00;2020-12-31 17:30:00;100.82758620689656
1071729215;2020-12-31 17:30:00;2020-12-31 18:00:00;106.0
1071729215;2020-12-31 18:00:00;2020-12-31 18:30:00;109.0
1071729215;2020-12-31 18:30:00;2020-12-31 19:00:00;109.0
1071729215;2020-12-31 19:00:00;2020-12-31 19:30:00;92.2
1071729215;2020-12-31 19:30:00;2020-12-31 20:00:00;94.2
1071729215;2020-12-31 20:00:00;2020-12-31 20:30:00;102.2
1071729215;2020-12-31 20:30:00;2020-12-31 21:00:00;104.86666666666666
1071729215;2020-12-31 21:00:00;2020-12-31 21:30:00;102.06666666666666
1071729215;2020-12-31 21:30:00;2020-12-31 22:00:00;101.0
1071729215;2020-12-31 22:00:00;2020-12-31 22:30:00;101.0
1071729215;2020-12-31 22:30:00;2020-12-31 23:00:00;101.0
1071729215;2020-12-31 23:00:00;2020-12-31 23:30:00;101.0
1071729215;2020-12-31 23:30:00;2020-12-31 23:59:59;101.0
1071729215;2021-01-01 00:00:00;2021-01-01 00:30:00;109.56666666666666
1071729215;2021-01-01 00:30:00;2021-01-01 01:00:00;101.0
1071729215;2021-01-01 01:00:00;2021-01-01 01:30:00;101.0
1071729215;2021-01-01 01:30:00;2021-01-01 02:00:00;101.0
1071729215;2021-01-01 02:00:00;2021-01-01 02:30:00;101.0
1071729215;2021-01-01 02:30:00;2021-01-01 03:00:00;101.0
1071729215;2021-01-01 03:00:00;2021-01-01 03:30:00;101.0
1071729215;2021-01-01 03:30:00;2021-01-01 04:00:00;101.0
1071729215;2021-01-01 04:00:00;2021-01-01 04:30:00;105.0
1071729215;2021-01-01 04:30:00;2021-01-01 05:00:00;105.0
1071729215;2021-01-01 05:00:00;2021-01-01 05:30:00;105.0
1071729215;2021-01-01 05:30:00;2021-01-01 06:00:00;105.0
1071729215;2021-01-01 06:00:00;2021-01-01 06:30:00;105.0
1071729215;2021-01-01 06:30:00;2021-01-01 07:00:00;105.0
1071729215;2021-01-01 07:00:00;2021-01-01 07:30:00;105.0
1071729215;2021-01-01 07:30:00;2021-01-01 08:00:00;105.0
1071729215;2021-01-01 08:00:00;2021-01-01 08:30:00;107.4
1071729215;2021-01-01 08:30:00;2021-01-01 09:00:00;104.7
1071729215;2021-01-01 09:00:00;2021-01-01 09:30:00;110.36666666666666
1071729215;2021-01-01 09:30:00;2021-01-01 10:00:00;106.1
1071729215;2021-01-01 10:00:00;2021-01-01 10:30:00;105.8
1071729215;2021-01-01 10:30:00;2021-01-01 11:00:00;109.13333333333334
1071729215;2021-01-01 11:00:00;2021-01-01 11:30:00;109.7
1071729215;2021-01-01 11:30:00;2021-01-01 12:00:00;100.16666666666667
1071729215;2021-01-01 12:00:00;2021-01-01 12:30:00;115.93333333333334
1071729215;2021-01-01 12:30:00;2021-01-01 13:00:00;110.53333333333333
1071729215;2021-01-01 13:00:00;2021-01-01 13:30:00;105.86666666666666
1071729215;2021-01-01 13:30:00;2021-01-01 14:00:00;104.96666666666667
1071729215;2021-01-01 14:00:00;2021-01-01 14:30:00;108.03333333333333
1071729215;2021-01-01 14:30:00;2021-01-01 15:00:00;100.93333333333334
1071729215;2021-01-01 15:00:00;2021-01-01 15:30:00;97.3
1071729215;2021-01-01 15:30:00;2021-01-01 16:00:00;96.96666666666667
1071729215;2021-01-01 16:00:00;2021-01-01 16:30:00;105.46666666666667
1071729215;2021-01-01 16:30:00;2021-01-01 17:00:00;108.46666666666667
1071729215;2021-01-01 17:00:00;2021-01-01 17:30:00;102.3
1071729215;2021-01-01 17:30:00;2021-01-01 18:00:00;104.4
1071729215;2021-01-01 18:00:00;2021-01-01 18:30:00;102.1
1071729215;2021-01-01 18:30:00;2021-01-01 19:00:00;96.26666666666667
1071729215;2021-01-01 19:00:00;2021-01-01 19:30:00;105.1
1071729215;2021-01-01 19:30:00;2021-01-01 20:00:00;103.93333333333334
1071729215;2021-01-01 20:00:00;2021-01-01 20:30:00;96.4
1071729215;2021-01-01 20:30:00;2021-01-01 21:00:00;104.26666666666667
1071729215;2021-01-01 21:00:00;2021-01-01 21:30:00;103.13333333333334
1071729215;2021-01-01 21:30:00;2021-01-01 22:00:00;101.0
1071729215;2021-01-01 22:00:00;2021-01-01 22:30:00;92.76666666666667
1071729215;2021-01-01 22:30:00;2021-01-01 23:00:00;95.4
1071729215;2021-01-01 23:00:00;2021-01-01 23:30:00;80.0
1071729215;2021-01-01 23:30:00;2021-01-01 23:59:59;87.2
1071729215;2021-01-02 00:00:00;2021-01-02 00:30:00;105.86666666666666
1071729215;2021-01-02 00:30:00;2021-01-02 01:00:00;101.53333333333333
1071729215;2021-01-02 01:00:00;2021-01-02 01:30:00;101.0
1071729215;2021-01-02 01:30:00;2021-01-02 02:00:00;101.0
1071729215;2021-01-02 02:00:00;2021-01-02 02:30:00;101.0
1071729215;2021-01-02 02:30:00;2021-01-02 03:00:00;101.0
1071729215;2021-01-02 03:00:00;2021-01-02 03:30:00;101.0
1071729215;2021-01-02 03:30:00;2021-01-02 04:00:00;101.0
1071729215;2021-01-02 04:00:00;2021-01-02 04:30:00;90.0
1071729215;2021-01-02 04:30:00;2021-01-02 05:00:00;90.0
1071729215;2021-01-02 05:00:00;2021-01-02 05:30:00;101.16666666666667
1071729215;2021-01-02 05:30:00;2021-01-02 06:00:00;102.46666666666667
1071729215;2021-01-02 06:00:00;2021-01-02 06:30:00;95.86666666666666
1071729215;2021-01-02 06:30:00;2021-01-02 07:00:00;94.7
1071729215;2021-01-02 07:00:00;2021-01-02 07:30:00;96.66666666666667
1071729215;2021-01-02 07:30:00;2021-01-02 08:00:00;100.46666666666667
1071729215;2021-01-02 08:00:00;2021-01-02 08:30:00;108.9
1071729215;2021-01-02 08:30:00;2021-01-02 09:00:00;108.03333333333333
1071729215;2021-01-02 09:00:00;2021-01-02 09:30:00;100.83333333333333
1071729215;2021-01-02 09:30:00;2021-01-02 10:00:00;102.23333333333333
1071729215;2021-01-02 10:00:00;2021-01-02 10:30:00;106.0
1071729215;2021-01-02 10:30:00;2021-01-02 11:00:00;88.26666666666667
1071729215;2021-01-02 11:00:00;2021-01-02 11:30:00;97.13333333333334
1071729215;2021-01-02 11:30:00;2021-01-02 12:00:00;86.26666666666667
1071729215;2021-01-02 12:00:00;2021-01-02 12:30:00;93.43333333333334
1071729215;2021-01-02 12:30:00;2021-01-02 13:00:00;94.96666666666667
1071729215;2021-01-02 13:00:00;2021-01-02 13:30:00;88.73333333333333
1071729215;2021-01-02 13:30:00;2021-01-02 14:00:00;82.1
1071729215;2021-01-02 14:00:00;2021-01-02 14:30:00;86.66666666666667
1071729215;2021-01-02 14:30:00;2021-01-02 15:00:00;87.46666666666667
1071729215;2021-01-02 15:00:00;2021-01-02 15:30:00;89.5
1071729215;2021-01-02 15:30:00;2021-01-02 16:00:00;86.4
1071729215;2021-01-02 16:00:00;2021-01-02 16:30:00;81.13333333333334
1071729215;2021-01-02 16:30:00;2021-01-02 17:00:00;67.3
1071729215;2021-01-02 17:00:00;2021-01-02 17:30:00;60.8
1071729215;2021-01-02 17:30:00;2021-01-02 18:00:00;84.86666666666666
1071729215;2021-01-02 18:00:00;2021-01-02 18:30:00;97.33333333333333
1071729215;2021-01-02 18:30:00;2021-01-02 19:00:00;91.56666666666666
1071729215;2021-01-02 19:00:00;2021-01-02 19:30:00;119.3
1071729215;2021-01-02 19:30:00;2021-01-02 20:00:00;116.46666666666667
1071729215;2021-01-02 20:00:00;2021-01-02 20:30:00;105.13333333333334
1071729215;2021-01-02 20:30:00;2021-01-02 21:00:00;105.06666666666666
1071729215;2021-01-02 21:00:00;2021-01-02 21:30:00;94.03333333333333
1071729215;2021-01-02 21:30:00;2021-01-02 22:00:00;101.0
1071729215;2021-01-02 22:00:00;2021-01-02 22:30:00;91.6
1071729215;2021-01-02 22:30:00;2021-01-02 23:00:00;113.5
1071729215;2021-01-02 23:00:00;2021-01-02 23:30:00;99.23333333333333
1071729215;2021-01-02 23:30:00;2021-01-02 23:59:59;87.83333333333333
1071729215;2021-01-03 00:00:00;2021-01-03 00:30:00;98.46666666666667
1071729215;2021-01-03 00:30:00;2021-01-03 01:00:00;102.8
1071729215;2021-01-03 01:00:00;2021-01-03 01:30:00;101.0
1071729215;2021-01-03 01:30:00;2021-01-03 02:00:00;101.0
1071729215;2021-01-03 02:00:00;2021-01-03 02:30:00;101.0
1071729215;2021-01-03 02:30:00;2021-01-03 03:00:00;101.0
1071729215;2021-01-03 03:00:00;2021-01-03 03:30:00;101.0
1071729215;2021-01-03 03:30:00;2021-01-03 04:00:00;100.36666666666666
1071729215;2021-01-03 04:00:00;2021-01-03 04:30:00;92.93103448275862
1071729215;2021-01-03 04:30:00;2021-01-03 05:00:00;94.66666666666667
1071729215;2021-01-03 05:00:00;2021-01-03 05:30:00;97.0
1071729215;2021-01-03 05:30:00;2021-01-03 06:00:00;97.0
1071729215;2021-01-03 06:00:00;2021-01-03 06:30:00;97.0
1071729215;2021-01-03 06:30:00;2021-01-03 07:00:00;97.7
1071729215;2021-01-03 07:00:00;2021-01-03 07:30:00;98.1
1071729215;2021-01-03 07:30:00;2021-01-03 08:00:00;87.8
1071729215;2021-01-03 08:00:00;2021-01-03 08:30:00;100.33333333333333
1071729215;2021-01-03 08:30:00;2021-01-03 09:00:00;47.666666666666664
1071729215;2021-01-03 09:00:00;2021-01-03 09:30:00;67.66666666666667
1071729215;2021-01-03 09:30:00;2021-01-03 10:00:00;47.1
1071729215;2021-01-03 10:00:00;2021-01-03 10:30:00;21.333333333333332
1071729215;2021-01-03 10:30:00;2021-01-03 11:00:00;72.4
1071729215;2021-01-03 11:00:00;2021-01-03 11:30:00;86.23333333333333
1071729215;2021-01-03 11:30:00;2021-01-03 12:00:00;86.33333333333333
1071729215;2021-01-03 12:00:00;2021-01-03 12:30:00;94.33333333333333
1071729215;2021-01-03 12:30:00;2021-01-03 13:00:00;94.96666666666667
1071729215;2021-01-03 13:00:00;2021-01-03 13:30:00;94.46666666666667
1071729215;2021-01-03 13:30:00;2021-01-03 14:00:00;96.56666666666666
1071729215;2021-01-03 14:00:00;2021-01-03 14:30:00;88.76666666666667
1071729215;2021-01-03 14:30:00;2021-01-03 15:00:00;81.2
1071729215;2021-01-03 15:00:00;2021-01-03 15:30:00;62.56666666666667
1071729215;2021-01-03 15:30:00;2021-01-03 16:00:00;73.3
1071729215;2021-01-03 16:00:00;2021-01-03 16:30:00;74.1
1071729215;2021-01-03 16:30:00;2021-01-03 17:00:00;77.93333333333334
1071729215;2021-01-03 17:00:00;2021-01-03 17:30:00;75.06666666666666
1071729215;2021-01-03 17:30:00;2021-01-03 18:00:00;82.03333333333333
1071729215;2021-01-03 18:00:00;2021-01-03 18:30:00;83.4
1071729215;2021-01-03 18:30:00;2021-01-03 19:00:00;87.8
1071729215;2021-01-03 19:00:00;2021-01-03 19:30:00;107.7
1071729215;2021-01-03 19:30:00;2021-01-03 20:00:00;105.7
1071729215;2021-01-03 20:00:00;2021-01-03 20:30:00;104.2
1071729215;2021-01-03 20:30:00;2021-01-03 21:00:00;94.86666666666666
1071729215;2021-01-03 21:00:00;2021-01-03 21:30:00;103.36666666666666
1071729215;2021-01-03 21:30:00;2021-01-03 22:00:00;100.73333333333333
1071729215;2021-01-03 22:00:00;2021-01-03 22:30:00;109.4
1071729215;2021-01-03 22:30:00;2021-01-03 23:00:00;101.73333333333333
1071729215;2021-01-03 23:00:00;2021-01-03 23:30:00;101.0
1071729215;2021-01-03 23:30:00;2021-01-03 23:59:59;100.66666666666667
1071729215;2021-01-04 00:00:00;2021-01-04 00:30:00;100.86666666666666
1071729215;2021-01-04 00:30:00;2021-01-04 01:00:00;101.0
1071729215;2021-01-04 01:00:00;2021-01-04 01:30:00;101.0
1071729215;2021-01-04 01:30:00;2021-01-04 02:00:00;101.0
1071729215;2021-01-04 02:00:00;2021-01-04 02:30:00;101.0
1071729215;2021-01-04 02:30:00;2021-01-04 03:00:00;101.0
1071729215;2021-01-04 03:00:00;2021-01-04 03:30:00;93.6
1071729215;2021-01-04 03:30:00;2021-01-04 04:00:00;101.0
1071729215;2021-01-04 04:00:00;2021-01-04 04:30:00;104.46666666666667
1071729215;2021-01-04 04:30:00;2021-01-04 05:00:00;102.5
1071729215;2021-01-04 05:00:00;2021-01-04 05:30:00;105.2
1071729215;2021-01-04 05:30:00;2021-01-04 06:00:00;92.8
1071729215;2021-01-04 06:00:00;2021-01-04 06:30:00;105.96666666666667
1071729215;2021-01-04 06:30:00;2021-01-04 07:00:00;101.2
1071729215;2021-01-04 07:00:00;2021-01-04 07:30:00;100.73333333333333
1071729215;2021-01-04 07:30:00;2021-01-04 08:00:00;100.63333333333334
1071729215;2021-01-04 08:00:00;2021-01-04 08:30:00;96.86666666666666
1071729215;2021-01-04 08:30:00;2021-01-04 09:00:00;82.9
1071729215;2021-01-04 09:00:00;2021-01-04 09:30:00;99.96666666666667
1071729215;2021-01-04 09:30:00;2021-01-04 10:00:00;107.86666666666666
1071729215;2021-01-04 10:00:00;2021-01-04 10:30:00;94.1
1071729215;2021-01-04 10:30:00;2021-01-04 11:00:00;80.4
1071729215;2021-01-04 11:00:00;2021-01-04 11:30:00;99.16666666666667
1071729215;2021-01-04 11:30:00;2021-01-04 12:00:00;95.66666666666667
1071729215;2021-01-04 12:00:00;2021-01-04 12:30:00;90.73333333333333
1071729215;2021-01-04 12:30:00;2021-01-04 13:00:00;93.03333333333333
1071729215;2021-01-04 13:00:00;2021-01-04 13:30:00;98.03333333333333
1071729215;2021-01-04 13:30:00;2021-01-04 14:00:00;83.5
1071729215;2021-01-04 14:00:00;2021-01-04 14:30:00;93.1
1071729215;2021-01-04 14:30:00;2021-01-04 15:00:00;84.13333333333334
1071729215;2021-01-04 15:00:00;2021-01-04 15:30:00;82.0
1071729215;2021-01-04 15:30:00;2021-01-04 16:00:00;91.43333333333334
1071729215;2021-01-04 16:00:00;2021-01-04 16:30:00;88.03333333333333
1071729215;2021-01-04 16:30:00;2021-01-04 17:00:00;90.6
1071729215;2021-01-04 17:00:00;2021-01-04 17:30:00;94.36666666666666
1071729215;2021-01-04 17:30:00;2021-01-04 18:00:00;103.2
1071729215;2021-01-04 18:00:00;2021-01-04 18:30:00;87.26666666666667
1071729215;2021-01-04 18:30:00;2021-01-04 19:00:00;79.66666666666667
1071729215;2021-01-04 19:00:00;2021-01-04 19:30:00;94.5
1071729215;2021-01-04 19:30:00;2021-01-04 20:00:00;112.33333333333333
1071729215;2021-01-04 20:00:00;2021-01-04 20:30:00;100.83333333333333
1071729215;2021-01-04 20:30:00;2021-01-04 21:00:00;109.2
1071729215;2021-01-04 21:00:00;2021-01-04 21:30:00;101.23333333333333
1071729215;2021-01-04 21:30:00;2021-01-04 22:00:00;91.63333333333334
1071729215;2021-01-04 22:00:00;2021-01-04 22:30:00;93.63333333333334
1071729215;2021-01-04 22:30:00;2021-01-04 23:00:00;95.8
1071729215;2021-01-04 23:00:00;2021-01-04 23:30:00;91.9
1071729215;2021-01-04 23:30:00;2021-01-04 23:59:59;98.5
1071729215;2021-01-05 00:00:00;2021-01-05 00:30:00;79.4
1071729215;2021-01-05 00:30:00;2021-01-05 01:00:00;96.6
1071729215;2021-01-05 01:00:00;2021-01-05 01:30:00;100.0
1071729215;2021-01-05 01:30:00;2021-01-05 02:00:00;99.7
1071729215;2021-01-05 02:00:00;2021-01-05 02:30:00;101.0
1071729215;2021-01-05 02:30:00;2021-01-05 03:00:00;101.0
1071729215;2021-01-05 03:00:00;2021-01-05 03:30:00;101.0
1071729215;2021-01-05 03:30:00;2021-01-05 04:00:00;101.0
1071729215;2021-01-05 04:00:00;2021-01-05 04:30:00;96.56666666666666
1071729215;2021-01-05 04:30:00;2021-01-05 05:00:00;95.46666666666667
1071729215;2021-01-05 05:00:00;2021-01-05 05:30:00;93.73333333333333
1071729215;2021-01-05 05:30:00;2021-01-05 06:00:00;97.6
1071729215;2021-01-05 06:00:00;2021-01-05 06:30:00;86.3
1071729215;2021-01-05 06:30:00;2021-01-05 07:00:00;83.06666666666666
1071729215;2021-01-05 07:00:00;2021-01-05 07:30:00;93.8
1071729215;2021-01-05 07:30:00;2021-01-05 08:00:00;91.43333333333334
1071729215;2021-01-05 08:00:00;2021-01-05 08:30:00;85.73333333333333
1071729215;2021-01-05 08:30:00;2021-01-05 09:00:00;92.36666666666666
1071729215;2021-01-05 09:00:00;2021-01-05 09:30:00;89.63333333333334
1071729215;2021-01-05 09:30:00;2021-01-05 10:00:00;96.93333333333334
1071729215;2021-01-05 10:00:00;2021-01-05 10:30:00;93.93333333333334
1071729215;2021-01-05 10:30:00;2021-01-05 11:00:00;93.06666666666666
1071729215;2021-01-05 11:00:00;2021-01-05 11:30:00;97.86666666666666
1071729215;2021-01-05 11:30:00;2021-01-05 12:00:00;108.9
1071729215;2021-01-05 12:00:00;2021-01-05 12:30:00;96.63333333333334
1071729215;2021-01-05 12:30:00;2021-01-05 13:00:00;114.16666666666667
1071729215;2021-01-05 13:00:00;2021-01-05 13:30:00;109.7
1071729215;2021-01-05 13:30:00;2021-01-05 14:00:00;93.8
1071729215;2021-01-05 14:00:00;2021-01-05 14:30:00;101.76666666666667
1071729215;2021-01-05 14:30:00;2021-01-05 15:00:00;96.2
1071729215;2021-01-05 15:00:00;2021-01-05 15:30:00;94.46666666666667
1071729215;2021-01-05 15:30:00;2021-01-05 16:00:00;86.96666666666667
1071729215;2021-01-05 16:00:00;2021-01-05 16:30:00;96.46666666666667
1071729215;2021-01-05 16:30:00;2021-01-05 17:00:00;101.3
1071729215;2021-01-05 17:00:00;2021-01-05 17:30:00;100.96666666666667
1071729215;2021-01-05 17:30:00;2021-01-05 18:00:00;101.9
1071729215;2021-01-05 18:00:00;2021-01-05 18:30:00;108.43333333333334
1071729215;2021-01-05 18:30:00;2021-01-05 19:00:00;103.63333333333334
1071729215;2021-01-05 19:00:00;2021-01-05 19:30:00;101.23333333333333
1071729215;2021-01-05 19:30:00;2021-01-05 20:00:00;97.7
1071729215;2021-01-05 20:00:00;2021-01-05 20:30:00;109.0
1071729215;2021-01-05 20:30:00;2021-01-05 21:00:00;104.46666666666667
1071729215;2021-01-05 21:00:00;2021-01-05 21:30:00;103.7
1071729215;2021-01-05 21:30:00;2021-01-05 22:00:00;113.93333333333334
1071729215;2021-01-05 22:00:00;2021-01-05 22:30:00;101.73333333333333
1071729215;2021-01-05 22:30:00;2021-01-05 23:00:00;91.43333333333334
1071729215;2021-01-05 23:00:00;2021-01-05 23:30:00;86.6
1071729215;2021-01-05 23:30:00;2021-01-05 23:59:59;77.46666666666667
1071729215;2021-01-06 00:00:00;2021-01-06 00:30:00;83.36666666666666
1071729215;2021-01-06 00:30:00;2021-01-06 01:00:00;91.26666666666667
1071729215;2021-01-06 01:00:00;2021-01-06 01:30:00;101.0
1071729215;2021-01-06 01:30:00;2021-01-06 02:00:00;101.0
1071729215;2021-01-06 02:00:00;2021-01-06 02:30:00;101.0
1071729215;2021-01-06 02:30:00;2021-01-06 03:00:00;101.0
1071729215;2021-01-06 03:00:00;2021-01-06 03:30:00;101.0
1071729215;2021-01-06 03:30:00;2021-01-06 04:00:00;94.93333333333334
1071729215;2021-01-06 04:00:00;2021-01-06 04:30:00;92.7
1071729215;2021-01-06 04:30:00;2021-01-06 05:00:00;91.96666666666667
1071729215;2021-01-06 05:00:00;2021-01-06 05:30:00;98.33333333333333
1071729215;2021-01-06 05:30:00;2021-01-06 06:00:00;108.3
1071729215;2021-01-06 06:00:00;2021-01-06 06:30:00;103.3
1071729215;2021-01-06 06:30:00;2021-01-06 07:00:00;98.2
1071729215;2021-01-06 07:00:00;2021-01-06 07:30:00;92.66666666666667
1071729215;2021-01-06 07:30:00;2021-01-06 08:00:00;99.33333333333333
1071729215;2021-01-06 08:00:00;2021-01-06 08:30:00;98.43333333333334
1071729215;2021-01-06 08:30:00;2021-01-06 09:00:00;104.46666666666667
1071729215;2021-01-06 09:00:00;2021-01-06 09:30:00;102.1
1071729215;2021-01-06 09:30:00;2021-01-06 10:00:00;91.86666666666666
1071729215;2021-01-06 10:00:00;2021-01-06 10:30:00;100.16666666666667
1071729215;2021-01-06 10:30:00;2021-01-06 11:00:00;104.46666666666667
1071729215;2021-01-06 11:00:00;2021-01-06 11:30:00;97.16666666666667
1071729215;2021-01-06 11:30:00;2021-01-06 12:00:00;98.13333333333334
1071729215;2021-01-06 12:00:00;2021-01-06 12:30:00;108.23333333333333
1071729215;2021-01-06 12:30:00;2021-01-06 13:00:00;96.43333333333334
1071729215;2021-01-06 13:00:00;2021-01-06 13:30:00;93.73333333333333
1071729215;2021-01-06 13:30:00;2021-01-06 14:00:00;83.76666666666667
1071729215;2021-01-06 14:00:00;2021-01-06 14:30:00;88.66666666666667
1071729215;2021-01-06 14:30:00;2021-01-06 15:00:00;98.1
1071729215;2021-01-06 15:00:00;2021-01-06 15:30:00;88.46666666666667
1071729215;2021-01-06 15:30:00;2021-01-06 16:00:00;78.46666666666667
1071729215;2021-01-06 16:00:00;2021-01-06 16:30:00;86.46666666666667
1071729215;2021-01-06 16:30:00;2021-01-06 17:00:00;97.9
1071729215;2021-01-06 17:00:00;2021-01-06 17:30:00;97.7
1071729215;2021-01-06 17:30:00;2021-01-06 18:00:00;99.66666666666667
1071729215;2021-01-06 18:00:00;2021-01-06 18:30:00;102.43333333333334
1071729215;2021-01-06 18:30:00;2021-01-06 19:00:00;96.83333333333333
1071729215;2021-01-06 19:00:00;2021-01-06 19:30:00;99.83333333333333
1071729215;2021-01-06 19:30:00;2021-01-06 20:00:00;108.36666666666666
1071729215;2021-01-06 20:00:00;2021-01-06 20:30:00;108.53333333333333
1071729215;2021-01-06 20:30:00;2021-01-06 21:00:00;106.4
1071729215;2021-01-06 21:00:00;2021-01-06 21:30:00;103.53333333333333
1071729215;2021-01-06 21:30:00;2021-01-06 22:00:00;98.96666666666667
1071729215;2021-01-06 22:00:00;2021-01-06 22:30:00;101.0
1071729215;2021-01-06 22:30:00;2021-01-06 23:00:00;92.6
1071729215;2021-01-06 23:00:00;2021-01-06 23:30:00;91.76666666666667
1071729215;2021-01-06 23:30:00;2021-01-06 23:59:59;94.03333333333333
1071729215;2021-01-07 00:00:00;2021-01-07 00:30:00;101.0
1071729215;2021-01-07 00:30:00;2021-01-07 01:00:00;101.43333333333334
1071729215;2021-01-07 01:00:00;2021-01-07 01:30:00;102.06666666666666
1071729215;2021-01-07 01:30:00;2021-01-07 02:00:00;101.0
1071729215;2021-01-07 02:00:00;2021-01-07 02:30:00;101.0
1071729215;2021-01-07 02:30:00;2021-01-07 03:00:00;101.0
1071729215;2021-01-07 03:00:00;2021-01-07 03:30:00;94.7
1071729215;2021-01-07 03:30:00;2021-01-07 04:00:00;98.2
1071729215;2021-01-07 04:00:00;2021-01-07 04:30:00;94.33333333333333
1071729215;2021-01-07 04:30:00;2021-01-07 05:00:00;93.0
1071729215;2021-01-07 05:00:00;2021-01-07 05:30:00;101.23333333333333
1071729215;2021-01-07 05:30:00;2021-01-07 06:00:00;96.36666666666666
1071729215;2021-01-07 06:00:00;2021-01-07 06:30:00;99.9
1071729215;2021-01-07 06:30:00;2021-01-07 07:00:00;104.53333333333333
1071729215;2021-01-07 07:00:00;2021-01-07 07:30:00;110.66666666666667
1071729215;2021-01-07 07:30:00;2021-01-07 08:00:00;99.76666666666667
1071729215;2021-01-07 08:00:00;2021-01-07 08:30:00;97.03333333333333
1071729215;2021-01-07 08:30:00;2021-01-07 09:00:00;99.3
1071729215;2021-01-07 09:00:00;2021-01-07 09:30:00;98.63333333333334
1071729215;2021-01-07 09:30:00;2021-01-07 10:00:00;98.8
1071729215;2021-01-07 10:00:00;2021-01-07 10:30:00;100.33333333333333
1071729215;2021-01-07 10:30:00;2021-01-07 11:00:00;92.0
1071729215;2021-01-07 11:00:00;2021-01-07 11:30:00;93.36666666666666
1071729215;2021-01-07 11:30:00;2021-01-07 12:00:00;102.7
1071729215;2021-01-07 12:00:00;2021-01-07 12:30:00;100.73333333333333
1071729215;2021-01-07 12:30:00;2021-01-07 13:00:00;102.76666666666667
1071729215;2021-01-07 13:00:00;2021-01-07 13:30:00;99.63333333333334
1071729215;2021-01-07 13:30:00;2021-01-07 14:00:00;93.23333333333333
1071729215;2021-01-07 14:00:00;2021-01-07 14:30:00;96.16666666666667
1071729215;2021-01-07 14:30:00;2021-01-07 15:00:00;97.33333333333333
1071729215;2021-01-07 15:00:00;2021-01-07 15:30:00;86.3
1071729215;2021-01-07 15:30:00;2021-01-07 16:00:00;82.5
1071729215;2021-01-07 16:00:00;2021-01-07 16:30:00;85.86666666666666
1071729215;2021-01-07 16:30:00;2021-01-07 17:00:00;79.3
1071729215;2021-01-07 17:00:00;2021-01-07 17:30:00;81.9
1071729215;2021-01-07 17:30:00;2021-01-07 18:00:00;94.46666666666667
1071729215;2021-01-07 18:00:00;2021-01-07 18:30:00;79.4
1071729215;2021-01-07 18:30:00;2021-01-07 19:00:00;78.8
1071729215;2021-01-07 19:00:00;2021-01-07 19:30:00;89.82758620689656
1071729215;2021-01-07 19:30:00;2021-01-07 20:00:00;100.0
1071729215;2021-01-07 20:00:00;2021-01-07 20:30:00;104.83333333333333
1071729215;2021-01-07 20:30:00;2021-01-07 21:00:00;84.16666666666667
1071729215;2021-01-07 21:00:00;2021-01-07 21:30:00;101.9
1071729215;2021-01-07 21:30:00;2021-01-07 22:00:00;90.66666666666667
1071729215;2021-01-07 22:00:00;2021-01-07 22:30:00;97.03333333333333
1071729215;2021-01-07 22:30:00;2021-01-07 23:00:00;99.13333333333334
1071729215;2021-01-07 23:00:00;2021-01-07 23:30:00;94.0
1071729215;2021-01-07 23:30:00;2021-01-07 23:59:59;94.33333333333333
1071729215;2021-01-08 00:00:00;2021-01-08 00:30:00;105.56666666666666
1071729215;2021-01-08 00:30:00;2021-01-08 01:00:00;114.33333333333333
1071729215;2021-01-08 01:00:00;2021-01-08 01:30:00;117.6
1071729215;2021-01-08 01:30:00;2021-01-08 02:00:00;102.8
1071729215;2021-01-08 02:00:00;2021-01-08 02:30:00;97.53333333333333
1071729215;2021-01-08 02:30:00;2021-01-08 03:00:00;86.93333333333334
1071729215;2021-01-08 03:00:00;2021-01-08 03:30:00;94.23333333333333
1071729215;2021-01-08 03:30:00;2021-01-08 04:00:00;94.23333333333333
1071729215;2021-01-08 04:00:00;2021-01-08 04:30:00;94.93333333333334
1071729215;2021-01-08 04:30:00;2021-01-08 05:00:00;95.33333333333333
1071729215;2021-01-08 05:00:00;2021-01-08 05:30:00;89.46666666666667
1071729215;2021-01-08 05:30:00;2021-01-08 06:00:00;95.96666666666667
1071729215;2021-01-08 06:00:00;2021-01-08 06:30:00;93.66666666666667
1071729215;2021-01-08 06:30:00;2021-01-08 07:00:00;101.76666666666667
1071729215;2021-01-08 07:00:00;2021-01-08 07:30:00;81.76666666666667
1071729215;2021-01-08 07:30:00;2021-01-08 08:00:00;87.46666666666667
1071729215;2021-01-08 08:00:00;2021-01-08 08:30:00;83.3
1071729215;2021-01-08 08:30:00;2021-01-08 09:00:00;104.3
1071729215;2021-01-08 09:00:00;2021-01-08 09:30:00;97.4
1071729215;2021-01-08 09:30:00;2021-01-08 10:00:00;100.53333333333333
1071729215;2021-01-08 10:00:00;2021-01-08 10:30:00;95.26666666666667
1071729215;2021-01-08 10:30:00;2021-01-08 11:00:00;92.0
1071729215;2021-01-08 11:00:00;2021-01-08 11:30:00;103.76666666666667
1071729215;2021-01-08 11:30:00;2021-01-08 12:00:00;83.46666666666667
1071729215;2021-01-08 12:00:00;2021-01-08 12:30:00;90.56666666666666
1071729215;2021-01-08 12:30:00;2021-01-08 13:00:00;90.8
1071729215;2021-01-08 13:00:00;2021-01-08 13:30:00;96.73333333333333
1071729215;2021-01-08 13:30:00;2021-01-08 14:00:00;88.33333333333333
1071729215;2021-01-08 14:00:00;2021-01-08 14:30:00;86.7
1071729215;2021-01-08 14:30:00;2021-01-08 15:00:00;80.6
1071729215;2021-01-08 15:00:00;2021-01-08 15:30:00;84.5
1071729215;2021-01-08 15:30:00;2021-01-08 16:00:00;76.66666666666667
1071729215;2021-01-08 16:00:00;2021-01-08 16:30:00;85.9
1071729215;2021-01-08 16:30:00;2021-01-08 17:00:00;74.96666666666667
1071729215;2021-01-08 17:00:00;2021-01-08 17:30:00;62.6
1071729215;2021-01-08 17:30:00;2021-01-08 18:00:00;87.83333333333333
1071729215;2021-01-08 18:00:00;2021-01-08 18:30:00;83.4
1071729215;2021-01-08 18:30:00;2021-01-08 19:00:00;87.8
1071729215;2021-01-08 19:00:00;2021-01-08 19:30:00;89.66666666666667
1071729215;2021-01-08 19:30:00;2021-01-08 20:00:00;97.93333333333334
1071729215;2021-01-08 20:00:00;2021-01-08 20:30:00;109.66666666666667
1071729215;2021-01-08 20:30:00;2021-01-08 21:00:00;107.86666666666666
1071729215;2021-01-08 21:00:00;2021-01-08 21:30:00;92.1
1071729215;2021-01-08 21:30:00;2021-01-08 22:00:00;98.36666666666666
1071729215;2021-01-08 22:00:00;2021-01-08 22:30:00;98.76666666666667
1071729215;2021-01-08 22:30:00;2021-01-08 23:00:00;97.93333333333334
1071729215;2021-01-08 23:00:00;2021-01-08 23:30:00;102.43333333333334
1071729215;2021-01-08 23:30:00;2021-01-08 23:59:59;105.26666666666667
1071729215;2021-01-09 00:00:00;2021-01-09 00:30:00;99.8
1071729215;2021-01-09 00:30:00;2021-01-09 01:00:00;101.0
1071729215;2021-01-09 01:00:00;2021-01-09 01:30:00;101.0
1071729215;2021-01-09 01:30:00;2021-01-09 02:00:00;101.0
1071729215;2021-01-09 02:00:00;2021-01-09 02:30:00;101.0
1071729215;2021-01-09 02:30:00;2021-01-09 03:00:00;101.0
1071729215;2021-01-09 03:00:00;2021-01-09 03:30:00;101.0
1071729215;2021-01-09 03:30:00;2021-01-09 04:00:00;101.0
1071729215;2021-01-09 04:00:00;2021-01-09 04:30:00;106.43333333333334
1071729215;2021-01-09 04:30:00;2021-01-09 05:00:00;91.93333333333334
1071729215;2021-01-09 05:00:00;2021-01-09 05:30:00;89.76666666666667
1071729215;2021-01-09 05:30:00;2021-01-09 06:00:00;102.46666666666667
1071729215;2021-01-09 06:00:00;2021-01-09 06:30:00;99.4
1071729215;2021-01-09 06:30:00;2021-01-09 07:00:00;90.7
1071729215;2021-01-09 07:00:00;2021-01-09 07:30:00;90.26666666666667
1071729215;2021-01-09 07:30:00;2021-01-09 08:00:00;93.7
1071729215;2021-01-09 08:00:00;2021-01-09 08:30:00;103.86666666666666
1071729215;2021-01-09 08:30:00;2021-01-09 09:00:00;101.6
1071729215;2021-01-09 09:00:00;2021-01-09 09:30:00;105.1
1071729215;2021-01-09 09:30:00;2021-01-09 10:00:00;98.76666666666667
1071729215;2021-01-09 10:00:00;2021-01-09 10:30:00;90.23333333333333
1071729215;2021-01-09 10:30:00;2021-01-09 11:00:00;104.43333333333334
1071729215;2021-01-09 11:00:00;2021-01-09 11:30:00;109.2
1071729215;2021-01-09 11:30:00;2021-01-09 12:00:00;109.1
1071729215;2021-01-09 12:00:00;2021-01-09 12:30:00;109.46666666666667
1071729215;2021-01-09 12:30:00;2021-01-09 13:00:00;101.33333333333333
1071729215;2021-01-09 13:00:00;2021-01-09 13:30:00;113.83333333333333
1071729215;2021-01-09 13:30:00;2021-01-09 14:00:00;100.73333333333333
1071729215;2021-01-09 14:00:00;2021-01-09 14:30:00;95.96666666666667
1071729215;2021-01-09 14:30:00;2021-01-09 15:00:00;93.66666666666667
1071729215;2021-01-09 15:00:00;2021-01-09 15:30:00;89.4
1071729215;2021-01-09 15:30:00;2021-01-09 16:00:00;84.5
1071729215;2021-01-09 16:00:00;2021-01-09 16:30:00;84.43333333333334
1071729215;2021-01-09 16:30:00;2021-01-09 17:00:00;102.0
1071729215;2021-01-09 17:00:00;2021-01-09 17:30:00;87.1
1071729215;2021-01-09 17:30:00;2021-01-09 18:00:00;98.23333333333333
1071729215;2021-01-09 18:00:00;2021-01-09 18:30:00;94.96666666666667
1071729215;2021-01-09 18:30:00;2021-01-09 19:00:00;111.9
1071729215;2021-01-09 19:00:00;2021-01-09 19:30:00;103.8
1071729215;2021-01-09 19:30:00;2021-01-09 20:00:00;106.0
1071729215;2021-01-09 20:00:00;2021-01-09 20:30:00;109.73333333333333
1071729215;2021-01-09 20:30:00;2021-01-09 21:00:00;97.3
1071729215;2021-01-09 21:00:00;2021-01-09 21:30:00;98.2
1071729215;2021-01-09 21:30:00;2021-01-09 22:00:00;106.06666666666666
1071729215;2021-01-09 22:00:00;2021-01-09 22:30:00;98.7
1071729215;2021-01-09 22:30:00;2021-01-09 23:00:00;98.26666666666667
1071729215;2021-01-09 23:00:00;2021-01-09 23:30:00;90.86666666666666
1071729215;2021-01-09 23:30:00;2021-01-09 23:59:59;90.3
1071729215;2021-01-10 00:00:00;2021-01-10 00:30:00;97.8
1071729215;2021-01-10 00:30:00;2021-01-10 01:00:00;100.86666666666666
1071729215;2021-01-10 01:00:00;2021-01-10 01:30:00;101.0
1071729215;2021-01-10 01:30:00;2021-01-10 02:00:00;101.06666666666666
1071729215;2021-01-10 02:00:00;2021-01-10 02:30:00;96.4
1071729215;2021-01-10 02:30:00;2021-01-10 03:00:00;101.0
1071729215;2021-01-10 03:00:00;2021-01-10 03:30:00;101.0
1071729215;2021-01-10 03:30:00;2021-01-10 04:00:00;101.0
1071729215;2021-01-10 04:00:00;2021-01-10 04:30:00;106.8
1071729215;2021-01-10 04:30:00;2021-01-10 05:00:00;95.23333333333333
1071729215;2021-01-10 05:00:00;2021-01-10 05:30:00;114.0
1071729215;2021-01-10 05:30:00;2021-01-10 06:00:00;110.7
1071729215;2021-01-10 06:00:00;2021-01-10 06:30:00;102.53333333333333
1071729215;2021-01-10 06:30:00;2021-01-10 07:00:00;96.86666666666666
1071729215;2021-01-10 07:00:00;2021-01-10 07:30:00;101.13333333333334
1071729215;2021-01-10 07:30:00;2021-01-10 08:00:00;99.76666666666667
1071729215;2021-01-10 08:00:00;2021-01-10 08:30:00;108.43333333333334
1071729215;2021-01-10 08:30:00;2021-01-10 09:00:00;100.66666666666667
1071729215;2021-01-10 09:00:00;2021-01-10 09:30:00;95.7
1071729215;2021-01-10 09:30:00;2021-01-10 10:00:00;93.86666666666666
1071729215;2021-01-10 10:00:00;2021-01-10 10:30:00;97.13333333333334
1071729215;2021-01-10 10:30:00;2021-01-10 11:00:00;97.16666666666667
1071729215;2021-01-10 11:00:00;2021-01-10 11:30:00;99.56666666666666
1071729215;2021-01-10 11:30:00;2021-01-10 12:00:00;99.2
1071729215;2021-01-10 12:00:00;2021-01-10 12:30:00;102.16666666666667
1071729215;2021-01-10 12:30:00;2021-01-10 13:00:00;98.06666666666666
1071729215;2021-01-10 13:00:00;2021-01-10 13:30:00;78.66666666666667
1071729215;2021-01-10 13:30:00;2021-01-10 14:00:00;94.0
1071729215;2021-01-10 14:00:00;2021-01-10 14:30:00;93.96666666666667
1071729215;2021-01-10 14:30:00;2021-01-10 15:00:00;85.96666666666667
1071729215;2021-01-10 15:00:00;2021-01-10 15:30:00;85.83333333333333
1071729215;2021-01-10 15:30:00;2021-01-10 16:00:00;74.7
1071729215;2021-01-10 16:00:00;2021-01-10 16:30:00;73.43333333333334
1071729215;2021-01-10 16:30:00;2021-01-10 17:00:00;86.16666666666667
1071729215;2021-01-10 17:00:00;2021-01-10 17:30:00;90.16666666666667
1071729215;2021-01-10 17:30:00;2021-01-10 18:00:00;90.66666666666667
1071729215;2021-01-10 18:00:00;2021-01-10 18:30:00;94.73333333333333
1071729215;2021-01-10 18:30:00;2021-01-10 19:00:00;81.6
1071729215;2021-01-10 19:00:00;2021-01-10 19:30:00;103.86666666666666
1071729215;2021-01-10 19:30:00;2021-01-10 20:00:00;92.76666666666667
1071729215;2021-01-10 20:00:00;2021-01-10 20:30:00;101.03333333333333
1071729215;2021-01-10 20:30:00;2021-01-10 21:00:00;105.46666666666667
1071729215;2021-01-10 21:00:00;2021-01-10 21:30:00;102.4
1071729215;2021-01-10 21:30:00;2021-01-10 22:00:00;100.93333333333334
1071729215;2021-01-10 22:00:00;2021-01-10 22:30:00;101.0
1071729215;2021-01-10 22:30:00;2021-01-10 23:00:00;101.06666666666666
1071729215;2021-01-10 23:00:00;2021-01-10 23:30:00;101.06666666666666
1071729215;2021-01-10 23:30:00;2021-01-10 23:59:59;101.0
1071729215;2021-01-11 00:00:00;2021-01-11 00:30:00;101.0
1071729215;2021-01-11 00:30:00;2021-01-11 01:00:00;101.0
1071729215;2021-01-11 01:00:00;2021-01-11 01:30:00;101.0
1071729215;2021-01-11 01:30:00;2021-01-11 02:00:00;101.0
1071729215;2021-01-11 02:00:00;2021-01-11 02:30:00;101.0
1071729215;2021-01-11 02:30:00;2021-01-11 03:00:00;101.0
1071729215;2021-01-11 03:00:00;2021-01-11 03:30:00;101.0
1071729215;2021-01-11 03:30:00;2021-01-11 04:00:00;107.3
1071729215;2021-01-11 04:00:00;2021-01-11 04:30:00;111.93333333333334
1071729215;2021-01-11 04:30:00;2021-01-11 05:00:00;101.23333333333333
1071729215;2021-01-11 05:00:00;2021-01-11 05:30:00;99.4
1071729215;2021-01-11 05:30:00;2021-01-11 06:00:00;103.43333333333334
1071729215;2021-01-11 06:00:00;2021-01-11 06:30:00;91.46666666666667
1071729215;2021-01-11 06:30:00;2021-01-11 07:00:00;109.83333333333333
1071729215;2021-01-11 07:00:00;2021-01-11 07:30:00;98.6
1071729215;2021-01-11 07:30:00;2021-01-11 08:00:00;102.13333333333334
1071729215;2021-01-11 08:00:00;2021-01-11 08:30:00;108.93333333333334
1071729215;2021-01-11 08:30:00;2021-01-11 09:00:00;94.76666666666667
1071729215;2021-01-11 09:00:00;2021-01-11 09:30:00;101.86666666666666
1071729215;2021-01-11 09:30:00;2021-01-11 10:00:00;98.93333333333334
1071729215;2021-01-11 10:00:00;2021-01-11 10:30:00;96.6
1071729215;2021-01-11 10:30:00;2021-01-11 11:00:00;101.13333333333334
1071729215;2021-01-11 11:00:00;2021-01-11 11:30:00;88.7
1071729215;2021-01-11 11:30:00;2021-01-11 12:00:00;93.36666666666666
1071729215;2021-01-11 12:00:00;2021-01-11 12:30:00;92.43333333333334
1071729215;2021-01-11 12:30:00;2021-01-11 13:00:00;87.16666666666667
1071729215;2021-01-11 13:00:00;2021-01-11 13:30:00;87.6
1071729215;2021-01-11 13:30:00;2021-01-11 14:00:00;86.1
1071729215;2021-01-11 14:00:00;2021-01-11 14:30:00;94.4
1071729215;2021-01-11 14:30:00;2021-01-11 15:00:00;75.66666666666667
1071729215;2021-01-11 15:00:00;2021-01-11 15:30:00;78.4
1071729215;2021-01-11 15:30:00;2021-01-11 16:00:00;86.06666666666666
1071729215;2021-01-11 16:00:00;2021-01-11 16:30:00;84.63333333333334
1071729215;2021-01-11 16:30:00;2021-01-11 17:00:00;86.06666666666666
1071729215;2021-01-11 17:00:00;2021-01-11 17:30:00;82.03333333333333
1071729215;2021-01-11 17:30:00;2021-01-11 18:00:00;87.5
1071729215;2021-01-11 18:00:00;2021-01-11 18:30:00;86.5
1071729215;2021-01-11 18:30:00;2021-01-11 19:00:00;90.6
1071729215;2021-01-11 19:00:00;2021-01-11 19:30:00;85.06666666666666
1071729215;2021-01-11 19:30:00;2021-01-11 20:00:00;65.06666666666666
1071729215;2021-01-11 20:00:00;2021-01-11 20:30:00;82.13333333333334
1071729215;2021-01-11 20:30:00;2021-01-11 21:00:00;109.06666666666666
1071729215;2021-01-11 21:00:00;2021-01-11 21:30:00;104.13333333333334
1071729215;2021-01-11 21:30:00;2021-01-11 22:00:00;87.8
1071729215;2021-01-11 22:00:00;2021-01-11 22:30:00;96.8
1071729215;2021-01-11 22:30:00;2021-01-11 23:00:00;100.6
1071729215;2021-01-11 23:00:00;2021-01-11 23:30:00;96.93333333333334
1071729215;2021-01-11 23:30:00;2021-01-11 23:59:59;95.26666666666667
1071729215;2021-01-12 00:00:00;2021-01-12 00:30:00;93.53333333333333
1071729215;2021-01-12 00:30:00;2021-01-12 01:00:00;81.9
1071729215;2021-01-12 01:00:00;2021-01-12 01:30:00;78.33333333333333
1071729215;2021-01-12 01:30:00;2021-01-12 02:00:00;61.6
1071729215;2021-01-12 02:00:00;2021-01-12 02:30:00;76.26666666666667
1071729215;2021-01-12 02:30:00;2021-01-12 03:00:00;100.8
1071729215;2021-01-12 03:00:00;2021-01-12 03:30:00;101.0
1071729215;2021-01-12 03:30:00;2021-01-12 04:00:00;101.0
1071729215;2021-01-12 04:00:00;2021-01-12 04:30:00;92.06666666666666
1071729215;2021-01-12 04:30:00;2021-01-12 05:00:00;90.23333333333333
1071729215;2021-01-12 05:00:00;2021-01-12 05:30:00;90.4
1071729215;2021-01-12 05:30:00;2021-01-12 06:00:00;87.6
1071729215;2021-01-12 06:00:00;2021-01-12 06:30:00;97.66666666666667
1071729215;2021-01-12 06:30:00;2021-01-12 07:00:00;92.63333333333334
1071729215;2021-01-12 07:00:00;2021-01-12 07:30:00;90.73333333333333
1071729215;2021-01-12 07:30:00;2021-01-12 08:00:00;90.93333333333334
1071729215;2021-01-12 08:00:00;2021-01-12 08:30:00;91.06666666666666
1071729215;2021-01-12 08:30:00;2021-01-12 09:00:00;89.83333333333333
1071729215;2021-01-12 09:00:00;2021-01-12 09:30:00;89.41379310344827
1071729215;2021-01-12 09:30:00;2021-01-12 10:00:00;93.83333333333333
1071729215;2021-01-12 10:00:00;2021-01-12 10:30:00;94.1
1071729215;2021-01-12 10:30:00;2021-01-12 11:00:00;91.03333333333333
1071729215;2021-01-12 11:00:00;2021-01-12 11:30:00;90.56666666666666
1071729215;2021-01-12 11:30:00;2021-01-12 12:00:00;94.43333333333334
1071729215;2021-01-12 12:00:00;2021-01-12 12:30:00;98.46666666666667
1071729215;2021-01-12 12:30:00;2021-01-12 13:00:00;93.2
1071729215;2021-01-12 13:00:00;2021-01-12 13:30:00;88.0
1071729215;2021-01-12 13:30:00;2021-01-12 14:00:00;97.93333333333334
1071729215;2021-01-12 14:00:00;2021-01-12 14:30:00;91.26666666666667
1071729215;2021-01-12 14:30:00;2021-01-12 15:00:00;98.13333333333334
1071729215;2021-01-12 15:00:00;2021-01-12 15:30:00;86.63333333333334
1071729215;2021-01-12 15:30:00;2021-01-12 16:00:00;75.6
1071729215;2021-01-12 16:00:00;2021-01-12 16:30:00;91.83333333333333
1071729215;2021-01-12 16:30:00;2021-01-12 17:00:00;95.46666666666667
1071729215;2021-01-12 17:00:00;2021-01-12 17:30:00;92.63333333333334
1071729215;2021-01-12 17:30:00;2021-01-12 18:00:00;88.86666666666666
1071729215;2021-01-12 18:00:00;2021-01-12 18:30:00;93.9
1071729215;2021-01-12 18:30:00;2021-01-12 19:00:00;78.73333333333333
1071729215;2021-01-12 19:00:00;2021-01-12 19:30:00;94.23333333333333
1071729215;2021-01-12 19:30:00;2021-01-12 20:00:00;100.0
1071729215;2021-01-12 20:00:00;2021-01-12 20:30:00;94.86666666666666
1071729215;2021-01-12 20:30:00;2021-01-12 21:00:00;92.0
1071729215;2021-01-12 21:00:00;2021-01-12 21:30:00;105.36666666666666
1071729215;2021-01-12 21:30:00;2021-01-12 22:00:00;103.6
1071729215;2021-01-12 22:00:00;2021-01-12 22:30:00;102.33333333333333
1071729215;2021-01-12 22:30:00;2021-01-12 23:00:00;100.36666666666666
1071729215;2021-01-12 23:00:00;2021-01-12 23:30:00;97.4
1071729215;2021-01-12 23:30:00;2021-01-12 23:59:59;100.53333333333333
1071729215;2021-01-13 00:00:00;2021-01-13 00:30:00;101.06666666666666
1071729215;2021-01-13 00:30:00;2021-01-13 01:00:00;101.0
1071729215;2021-01-13 01:00:00;2021-01-13 01:30:00;101.0
1071729215;2021-01-13 01:30:00;2021-01-13 02:00:00;101.0
1071729215;2021-01-13 02:00:00;2021-01-13 02:30:00;101.0
1071729215;2021-01-13 02:30:00;2021-01-13 03:00:00;101.0
1071729215;2021-01-13 03:00:00;2021-01-13 03:30:00;96.66666666666667
1071729215;2021-01-13 03:30:00;2021-01-13 04:00:00;100.33333333333333
1071729215;2021-01-13 04:00:00;2021-01-13 04:30:00;91.13333333333334
1071729215;2021-01-13 04:30:00;2021-01-13 05:00:00;96.86666666666666
1071729215;2021-01-13 05:00:00;2021-01-13 05:30:00;92.66666666666667
1071729215;2021-01-13 05:30:00;2021-01-13 06:00:00;100.1
1071729215;2021-01-13 06:00:00;2021-01-13 06:30:00;100.36666666666666
1071729215;2021-01-13 06:30:00;2021-01-13 07:00:00;97.93333333333334
1071729215;2021-01-13 07:00:00;2021-01-13 07:30:00;95.16666666666667
1071729215;2021-01-13 07:30:00;2021-01-13 08:00:00;94.1
1071729215;2021-01-13 08:00:00;2021-01-13 08:30:00;91.33333333333333
1071729215;2021-01-13 08:30:00;2021-01-13 09:00:00;97.0
1071729215;2021-01-13 09:00:00;2021-01-13 09:30:00;98.13333333333334
1071729215;2021-01-13 09:30:00;2021-01-13 10:00:00;96.46666666666667
1071729215;2021-01-13 10:00:00;2021-01-13 10:30:00;87.26666666666667
1071729215;2021-01-13 10:30:00;2021-01-13 11:00:00;93.0
1071729215;2021-01-13 11:00:00;2021-01-13 11:30:00;79.8
1071729215;2021-01-13 11:30:00;2021-01-13 12:00:00;85.36666666666666
1071729215;2021-01-13 12:00:00;2021-01-13 12:30:00;85.56666666666666
1071729215;2021-01-13 12:30:00;2021-01-13 13:00:00;92.33333333333333
1071729215;2021-01-13 13:00:00;2021-01-13 13:30:00;88.7
1071729215;2021-01-13 13:30:00;2021-01-13 14:00:00;81.3
1071729215;2021-01-13 14:00:00;2021-01-13 14:30:00;80.4
1071729215;2021-01-13 14:30:00;2021-01-13 15:00:00;68.73333333333333
1071729215;2021-01-13 15:00:00;2021-01-13 15:30:00;74.9
1071729215;2021-01-13 15:30:00;2021-01-13 16:00:00;82.16666666666667
1071729215;2021-01-13 16:00:00;2021-01-13 16:30:00;86.16666666666667
1071729215;2021-01-13 16:30:00;2021-01-13 17:00:00;87.13333333333334
1071729215;2021-01-13 17:00:00;2021-01-13 17:30:00;76.66666666666667
1071729215;2021-01-13 17:30:00;2021-01-13 18:00:00;87.8
1071729215;2021-01-13 18:00:00;2021-01-13 18:30:00;79.96666666666667
1071729215;2021-01-13 18:30:00;2021-01-13 19:00:00;70.6
1071729215;2021-01-13 19:00:00;2021-01-13 19:30:00;68.13333333333334
1071729215;2021-01-13 19:30:00;2021-01-13 20:00:00;98.4
1071729215;2021-01-13 20:00:00;2021-01-13 20:30:00;89.23333333333333
1071729215;2021-01-13 20:30:00;2021-01-13 21:00:00;86.7
1071729215;2021-01-13 21:00:00;2021-01-13 21:30:00;81.03333333333333
1071729215;2021-01-13 21:30:00;2021-01-13 22:00:00;98.2
1071729215;2021-01-13 22:00:00;2021-01-13 22:30:00;98.86666666666666
1071729215;2021-01-13 22:30:00;2021-01-13 23:00:00;100.36666666666666
1071729215;2021-01-13 23:00:00;2021-01-13 23:30:00;96.5
1071729215;2021-01-13 23:30:00;2021-01-13 23:59:59;101.0
1071729215;2021-01-14 00:00:00;2021-01-14 00:30:00;92.43333333333334
1071729215;2021-01-14 00:30:00;2021-01-14 01:00:00;96.4
1071729215;2021-01-14 01:00:00;2021-01-14 01:30:00;101.0
1071729215;2021-01-14 01:30:00;2021-01-14 02:00:00;101.0
1071729215;2021-01-14 02:00:00;2021-01-14 02:30:00;91.63333333333334
1071729215;2021-01-14 02:30:00;2021-01-14 03:00:00;101.0
1071729215;2021-01-14 03:00:00;2021-01-14 03:30:00;79.33333333333333
1071729215;2021-01-14 03:30:00;2021-01-14 04:00:00;101.86666666666666
1071729215;2021-01-14 04:00:00;2021-01-14 04:30:00;91.83333333333333
1071729215;2021-01-14 04:30:00;2021-01-14 05:00:00;92.9
1071729215;2021-01-14 05:00:00;2021-01-14 05:30:00;99.1
1071729215;2021-01-14 05:30:00;2021-01-14 06:00:00;94.5
1071729215;2021-01-14 06:00:00;2021-01-14 06:30:00;90.8
1071729215;2021-01-14 06:30:00;2021-01-14 07:00:00;92.96666666666667
1071729215;2021-01-14 07:00:00;2021-01-14 07:30:00;94.66666666666667
1071729215;2021-01-14 07:30:00;2021-01-14 08:00:00;72.46666666666667
1071729215;2021-01-14 08:00:00;2021-01-14 08:30:00;92.56666666666666
1071729215;2021-01-14 08:30:00;2021-01-14 09:00:00;83.5
1071729215;2021-01-14 09:00:00;2021-01-14 09:30:00;98.66666666666667
1071729215;2021-01-14 09:30:00;2021-01-14 10:00:00;87.56666666666666
1071729215;2021-01-14 10:00:00;2021-01-14 10:30:00;90.7
1071729215;2021-01-14 10:30:00;2021-01-14 11:00:00;79.2
1071729215;2021-01-14 11:00:00;2021-01-14 11:30:00;94.76666666666667
1071729215;2021-01-14 11:30:00;2021-01-14 12:00:00;83.13333333333334
1071729215;2021-01-14 12:00:00;2021-01-14 12:30:00;98.16666666666667
1071729215;2021-01-14 12:30:00;2021-01-14 13:00:00;94.56666666666666
1071729215;2021-01-14 13:00:00;2021-01-14 13:30:00;90.73333333333333
1071729215;2021-01-14 13:30:00;2021-01-14 14:00:00;95.26666666666667
1071729215;2021-01-14 14:00:00;2021-01-14 14:30:00;81.53333333333333
1071729215;2021-01-14 14:30:00;2021-01-14 15:00:00;85.8
1071729215;2021-01-14 15:00:00;2021-01-14 15:30:00;89.13333333333334
1071729215;2021-01-14 15:30:00;2021-01-14 16:00:00;78.83333333333333
1071729215;2021-01-14 16:00:00;2021-01-14 16:30:00;93.66666666666667
1071729215;2021-01-14 16:30:00;2021-01-14 17:00:00;81.3
1071729215;2021-01-14 17:00:00;2021-01-14 17:30:00;89.7
1071729215;2021-01-14 17:30:00;2021-01-14 18:00:00;97.9
1071729215;2021-01-14 18:00:00;2021-01-14 18:30:00;89.36666666666666
1071729215;2021-01-14 18:30:00;2021-01-14 19:00:00;92.2
1071729215;2021-01-14 19:00:00;2021-01-14 19:30:00;102.56666666666666
1071729215;2021-01-14 19:30:00;2021-01-14 20:00:00;103.73333333333333
1071729215;2021-01-14 20:00:00;2021-01-14 20:30:00;101.26666666666667
1071729215;2021-01-14 20:30:00;2021-01-14 21:00:00;100.76666666666667
1071729215;2021-01-14 21:00:00;2021-01-14 21:30:00;98.23333333333333
1071729215;2021-01-14 21:30:00;2021-01-14 22:00:00;98.83333333333333
1071729215;2021-01-14 22:00:00;2021-01-14 22:30:00;98.83333333333333
1071729215;2021-01-14 22:30:00;2021-01-14 23:00:00;97.96666666666667
1071729215;2021-01-14 23:00:00;2021-01-14 23:30:00;95.36666666666666
1071729215;2021-01-14 23:30:00;2021-01-14 23:59:59;100.73333333333333
1071729215;2021-01-15 00:00:00;2021-01-15 00:30:00;101.0
1071729215;2021-01-15 00:30:00;2021-01-15 01:00:00;97.8
1071729215;2021-01-15 01:00:00;2021-01-15 01:30:00;101.0
1071729215;2021-01-15 01:30:00;2021-01-15 02:00:00;101.0
1071729215;2021-01-15 02:00:00;2021-01-15 02:30:00;101.0
1071729215;2021-01-15 02:30:00;2021-01-15 03:00:00;97.93333333333334
1071729215;2021-01-15 03:00:00;2021-01-15 03:30:00;95.4
1071729215;2021-01-15 03:30:00;2021-01-15 04:00:00;101.0
1071729215;2021-01-15 04:00:00;2021-01-15 04:30:00;100.0
1071729215;2021-01-15 04:30:00;2021-01-15 05:00:00;97.53333333333333
1071729215;2021-01-15 05:00:00;2021-01-15 05:30:00;103.23333333333333
1071729215;2021-01-15 05:30:00;2021-01-15 06:00:00;109.2
1071729215;2021-01-15 06:00:00;2021-01-15 06:30:00;105.5
1071729215;2021-01-15 06:30:00;2021-01-15 07:00:00;94.33333333333333
1071729215;2021-01-15 07:00:00;2021-01-15 07:30:00;95.66666666666667
1071729215;2021-01-15 07:30:00;2021-01-15 08:00:00;95.5
1071729215;2021-01-15 08:00:00;2021-01-15 08:30:00;105.03333333333333
1071729215;2021-01-15 08:30:00;2021-01-15 09:00:00;98.0
1071729215;2021-01-15 09:00:00;2021-01-15 09:30:00;104.1
1071729215;2021-01-15 09:30:00;2021-01-15 10:00:00;95.13333333333334
1071729215;2021-01-15 10:00:00;2021-01-15 10:30:00;100.16666666666667
1071729215;2021-01-15 10:30:00;2021-01-15 11:00:00;95.96666666666667
1071729215;2021-01-15 11:00:00;2021-01-15 11:30:00;92.0
1071729215;2021-01-15 11:30:00;2021-01-15 12:00:00;107.53333333333333
1071729215;2021-01-15 12:00:00;2021-01-15 12:30:00;89.96666666666667
1071729215;2021-01-15 12:30:00;2021-01-15 13:00:00;92.36666666666666
1071729215;2021-01-15 13:00:00;2021-01-15 13:30:00;96.0
1071729215;2021-01-15 13:30:00;2021-01-15 14:00:00;97.4
1071729215;2021-01-15 14:00:00;2021-01-15 14:30:00;95.9
1071729215;2021-01-15 14:30:00;2021-01-15 15:00:00;97.3103448275862
1071729215;2021-01-15 15:00:00;2021-01-15 15:30:00;89.43333333333334
1071729215;2021-01-15 15:30:00;2021-01-15 16:00:00;100.8
1071729215;2021-01-15 16:00:00;2021-01-15 16:30:00;88.66666666666667
1071729215;2021-01-15 16:30:00;2021-01-15 17:00:00;82.3
1071729215;2021-01-15 17:00:00;2021-01-15 17:30:00;89.86666666666666
1071729215;2021-01-15 17:30:00;2021-01-15 18:00:00;104.03333333333333
1071729215;2021-01-15 18:00:00;2021-01-15 18:30:00;103.06666666666666
1071729215;2021-01-15 18:30:00;2021-01-15 19:00:00;90.53333333333333
1071729215;2021-01-15 19:00:00;2021-01-15 19:30:00;102.56666666666666
1071729215;2021-01-15 19:30:00;2021-01-15 20:00:00;90.6
1071729215;2021-01-15 20:00:00;2021-01-15 20:30:00;80.16666666666667
1071729215;2021-01-15 20:30:00;2021-01-15 21:00:00;108.36666666666666
1071729215;2021-01-15 21:00:00;2021-01-15 21:30:00;84.8
1071729215;2021-01-15 21:30:00;2021-01-15 22:00:00;81.5
1071729215;2021-01-15 22:00:00;2021-01-15 22:30:00;102.7
1071729215;2021-01-15 22:30:00;2021-01-15 23:00:00;95.13333333333334
1071729215;2021-01-15 23:00:00;2021-01-15 23:30:00;98.76666666666667
1071729215;2021-01-15 23:30:00;2021-01-15 23:59:59;101.0
1071729215;2021-01-16 00:00:00;2021-01-16 00:30:00;101.0
1071729215;2021-01-16 00:30:00;2021-01-16 01:00:00;101.0
1071729215;2021-01-16 01:00:00;2021-01-16 01:30:00;101.0
1071729215;2021-01-16 01:30:00;2021-01-16 02:00:00;101.0
1071729215;2021-01-16 02:00:00;2021-01-16 02:30:00;101.0
1071729215;2021-01-16 02:30:00;2021-01-16 03:00:00;101.0
1071729215;2021-01-16 03:00:00;2021-01-16 03:30:00;101.0
1071729215;2021-01-16 03:30:00;2021-01-16 04:00:00;101.0
1071729215;2021-01-16 04:00:00;2021-01-16 04:30:00;90.0
1071729215;2021-01-16 04:30:00;2021-01-16 05:00:00;91.6
1071729215;2021-01-16 05:00:00;2021-01-16 05:30:00;99.16666666666667
1071729215;2021-01-16 05:30:00;2021-01-16 06:00:00;103.53333333333333
1071729215;2021-01-16 06:00:00;2021-01-16 06:30:00;100.2
1071729215;2021-01-16 06:30:00;2021-01-16 07:00:00;100.0
1071729215;2021-01-16 07:00:00;2021-01-16 07:30:00;102.66666666666667
1071729215;2021-01-16 07:30:00;2021-01-16 08:00:00;91.3
1071729215;2021-01-16 08:00:00;2021-01-16 08:30:00;98.53333333333333
1071729215;2021-01-16 08:30:00;2021-01-16 09:00:00;92.76666666666667
1071729215;2021-01-16 09:00:00;2021-01-16 09:30:00;111.66666666666667
1071729215;2021-01-16 09:30:00;2021-01-16 10:00:00;100.23333333333333
1071729215;2021-01-16 10:00:00;2021-01-16 10:30:00;91.63333333333334
1071729215;2021-01-16 10:30:00;2021-01-16 11:00:00;92.43333333333334
1071729215;2021-01-16 11:00:00;2021-01-16 11:30:00;95.9
1071729215;2021-01-16 11:30:00;2021-01-16 12:00:00;93.4
1071729215;2021-01-16 12:00:00;2021-01-16 12:30:00;91.76666666666667
1071729215;2021-01-16 12:30:00;2021-01-16 13:00:00;92.86666666666666
1071729215;2021-01-16 13:00:00;2021-01-16 13:30:00;104.63333333333334
1071729215;2021-01-16 13:30:00;2021-01-16 14:00:00;104.7
1071729215;2021-01-16 14:00:00;2021-01-16 14:30:00;105.66666666666667
1071729215;2021-01-16 14:30:00;2021-01-16 15:00:00;103.66666666666667
1071729215;2021-01-16 15:00:00;2021-01-16 15:30:00;95.4
1071729215;2021-01-16 15:30:00;2021-01-16 16:00:00;96.63333333333334
1071729215;2021-01-16 16:00:00;2021-01-16 16:30:00;99.16666666666667
1071729215;2021-01-16 16:30:00;2021-01-16 17:00:00;87.5
1071729215;2021-01-16 17:00:00;2021-01-16 17:30:00;86.16666666666667
1071729215;2021-01-16 17:30:00;2021-01-16 18:00:00;91.23333333333333
1071729215;2021-01-16 18:00:00;2021-01-16 18:30:00;95.56666666666666
1071729215;2021-01-16 18:30:00;2021-01-16 19:00:00;98.06666666666666
1071729215;2021-01-16 19:00:00;2021-01-16 19:30:00;94.3
1071729215;2021-01-16 19:30:00;2021-01-16 20:00:00;97.16666666666667
1071729215;2021-01-16 20:00:00;2021-01-16 20:30:00;93.13333333333334
1071729215;2021-01-16 20:30:00;2021-01-16 21:00:00;102.26666666666667
1071729215;2021-01-16 21:00:00;2021-01-16 21:30:00;87.0
1071729215;2021-01-16 21:30:00;2021-01-16 22:00:00;90.8
1071729215;2021-01-16 22:00:00;2021-01-16 22:30:00;101.2
1071729215;2021-01-16 22:30:00;2021-01-16 23:00:00;101.2
1071729215;2021-01-16 23:00:00;2021-01-16 23:30:00;92.93333333333334
1071729215;2021-01-16 23:30:00;2021-01-16 23:59:59;95.2
1071729215;2021-01-17 00:00:00;2021-01-17 00:30:00;97.4
1071729215;2021-01-17 00:30:00;2021-01-17 01:00:00;97.66666666666667
1071729215;2021-01-17 01:00:00;2021-01-17 01:30:00;99.33333333333333
1071729215;2021-01-17 01:30:00;2021-01-17 02:00:00;92.3
1071729215;2021-01-17 02:00:00;2021-01-17 02:30:00;89.96666666666667
1071729215;2021-01-17 02:30:00;2021-01-17 03:00:00;90.46666666666667
1071729215;2021-01-17 03:00:00;2021-01-17 03:30:00;101.0
1071729215;2021-01-17 03:30:00;2021-01-17 04:00:00;77.8
1071729215;2021-01-17 04:00:00;2021-01-17 04:30:00;79.93333333333334
1071729215;2021-01-17 04:30:00;2021-01-17 05:00:00;89.5
1071729215;2021-01-17 05:00:00;2021-01-17 05:30:00;91.66666666666667
1071729215;2021-01-17 05:30:00;2021-01-17 06:00:00;97.0
1071729215;2021-01-17 06:00:00;2021-01-17 06:30:00;96.6
1071729215;2021-01-17 06:30:00;2021-01-17 07:00:00;89.96666666666667
1071729215;2021-01-17 07:00:00;2021-01-17 07:30:00;95.4
1071729215;2021-01-17 07:30:00;2021-01-17 08:00:00;99.86666666666666
1071729215;2021-01-17 08:00:00;2021-01-17 08:30:00;93.7
1071729215;2021-01-17 08:30:00;2021-01-17 09:00:00;99.86666666666666
1071729215;2021-01-17 09:00:00;2021-01-17 09:30:00;103.26666666666667
1071729215;2021-01-17 09:30:00;2021-01-17 10:00:00;110.93333333333334
1071729215;2021-01-17 10:00:00;2021-01-17 10:30:00;99.83333333333333
1071729215;2021-01-17 10:30:00;2021-01-17 11:00:00;93.23333333333333
1071729215;2021-01-17 11:00:00;2021-01-17 11:30:00;101.66666666666667
1071729215;2021-01-17 11:30:00;2021-01-17 12:00:00;110.06666666666666
1071729215;2021-01-17 12:00:00;2021-01-17 12:30:00;108.3
1071729215;2021-01-17 12:30:00;2021-01-17 13:00:00;106.83333333333333
1071729215;2021-01-17 13:00:00;2021-01-17 13:30:00;98.9
1071729215;2021-01-17 13:30:00;2021-01-17 14:00:00;93.03333333333333
1071729215;2021-01-17 14:00:00;2021-01-17 14:30:00;99.36666666666666
1071729215;2021-01-17 14:30:00;2021-01-17 15:00:00;90.86666666666666
1071729215;2021-01-17 15:00:00;2021-01-17 15:30:00;92.26666666666667
1071729215;2021-01-17 15:30:00;2021-01-17 16:00:00;97.06666666666666
1071729215;2021-01-17 16:00:00;2021-01-17 16:30:00;83.8
1071729215;2021-01-17 16:30:00;2021-01-17 17:00:00;87.96666666666667
1071729215;2021-01-17 17:00:00;2021-01-17 17:30:00;94.06666666666666
1071729215;2021-01-17 17:30:00;2021-01-17 18:00:00;86.43333333333334
1071729215;2021-01-17 18:00:00;2021-01-17 18:30:00;91.43333333333334
1071729215;2021-01-17 18:30:00;2021-01-17 19:00:00;98.1
1071729215;2021-01-17 19:00:00;2021-01-17 19:30:00;102.1
1071729215;2021-01-17 19:30:00;2021-01-17 20:00:00;109.76666666666667
1071729215;2021-01-17 20:00:00;2021-01-17 20:30:00;99.53333333333333
1071729215;2021-01-17 20:30:00;2021-01-17 21:00:00;92.03333333333333
1071729215;2021-01-17 21:00:00;2021-01-17 21:30:00;101.2
1071729215;2021-01-17 21:30:00;2021-01-17 22:00:00;100.66666666666667
1071729215;2021-01-17 22:00:00;2021-01-17 22:30:00;101.66666666666667
1071729215;2021-01-17 22:30:00;2021-01-17 23:00:00;102.0
1071729215;2021-01-17 23:00:00;2021-01-17 23:30:00;101.93333333333334
1071729215;2021-01-17 23:30:00;2021-01-17 23:59:59;101.0
1071729215;2021-01-18 00:00:00;2021-01-18 00:30:00;100.23333333333333
1071729215;2021-01-18 00:30:00;2021-01-18 01:00:00;100.56666666666666
1071729215;2021-01-18 01:00:00;2021-01-18 01:30:00;101.73333333333333
1071729215;2021-01-18 01:30:00;2021-01-18 02:00:00;122.06666666666666
1071729215;2021-01-18 02:00:00;2021-01-18 02:30:00;107.63333333333334
1071729215;2021-01-18 02:30:00;2021-01-18 03:00:00;100.53333333333333
1071729215;2021-01-18 03:00:00;2021-01-18 03:30:00;105.8
1071729215;2021-01-18 03:30:00;2021-01-18 04:00:00;108.36666666666666
1071729215;2021-01-18 04:00:00;2021-01-18 04:30:00;100.46666666666667
1071729215;2021-01-18 04:30:00;2021-01-18 05:00:00;100.0
1071729215;2021-01-18 05:00:00;2021-01-18 05:30:00;101.03333333333333
1071729215;2021-01-18 05:30:00;2021-01-18 06:00:00;98.06666666666666
1071729215;2021-01-18 06:00:00;2021-01-18 06:30:00;105.23333333333333
1071729215;2021-01-18 06:30:00;2021-01-18 07:00:00;103.4
1071729215;2021-01-18 07:00:00;2021-01-18 07:30:00;102.63333333333334
1071729215;2021-01-18 07:30:00;2021-01-18 08:00:00;90.26666666666667
1071729215;2021-01-18 08:00:00;2021-01-18 08:30:00;98.06666666666666
1071729215;2021-01-18 08:30:00;2021-01-18 09:00:00;89.76666666666667
1071729215;2021-01-18 09:00:00;2021-01-18 09:30:00;101.2
1071729215;2021-01-18 09:30:00;2021-01-18 10:00:00;95.86666666666666
1071729215;2021-01-18 10:00:00;2021-01-18 10:30:00;99.93333333333334
1071729215;2021-01-18 10:30:00;2021-01-18 11:00:00;101.73333333333333
1071729215;2021-01-18 11:00:00;2021-01-18 11:30:00;105.8
1071729215;2021-01-18 11:30:00;2021-01-18 12:00:00;88.2
1071729215;2021-01-18 12:00:00;2021-01-18 12:30:00;95.3
1071729215;2021-01-18 12:30:00;2021-01-18 13:00:00;94.0
1071729215;2021-01-18 13:00:00;2021-01-18 13:30:00;104.76666666666667
1071729215;2021-01-18 13:30:00;2021-01-18 14:00:00;111.73333333333333
1071729215;2021-01-18 14:00:00;2021-01-18 14:30:00;93.33333333333333
1071729215;2021-01-18 14:30:00;2021-01-18 15:00:00;90.5
1071729215;2021-01-18 15:00:00;2021-01-18 15:30:00;95.03333333333333
1071729215;2021-01-18 15:30:00;2021-01-18 16:00:00;89.4
1071729215;2021-01-18 16:00:00;2021-01-18 16:30:00;95.83333333333333
1071729215;2021-01-18 16:30:00;2021-01-18 17:00:00;98.46666666666667
1071729215;2021-01-18 17:00:00;2021-01-18 17:30:00;83.26666666666667
1071729215;2021-01-18 17:30:00;2021-01-18 18:00:00;85.8
1071729215;2021-01-18 18:00:00;2021-01-18 18:30:00;92.5
1071729215;2021-01-18 18:30:00;2021-01-18 19:00:00;100.83333333333333
1071729215;2021-01-18 19:00:00;2021-01-18 19:30:00;101.73333333333333
1071729215;2021-01-18 19:30:00;2021-01-18 20:00:00;94.86666666666666
1071729215;2021-01-18 20:00:00;2021-01-18 20:30:00;94.6
1071729215;2021-01-18 20:30:00;2021-01-18 21:00:00;106.5
1071729215;2021-01-18 21:00:00;2021-01-18 21:30:00;97.13333333333334
1071729215;2021-01-18 21:30:00;2021-01-18 22:00:00;80.33333333333333
1071729215;2021-01-18 22:00:00;2021-01-18 22:30:00;104.46666666666667
1071729215;2021-01-18 22:30:00;2021-01-18 23:00:00;98.4
1071729215;2021-01-18 23:00:00;2021-01-18 23:30:00;106.6
1071729215;2021-01-18 23:30:00;2021-01-18 23:59:59;97.46666666666667
1071729215;2021-01-19 00:00:00;2021-01-19 00:30:00;100.53333333333333
1071729215;2021-01-19 00:30:00;2021-01-19 01:00:00;102.43333333333334
1071729215;2021-01-19 01:00:00;2021-01-19 01:30:00;100.13333333333334
1071729215;2021-01-19 01:30:00;2021-01-19 02:00:00;101.0
1071729215;2021-01-19 02:00:00;2021-01-19 02:30:00;101.0
1071729215;2021-01-19 02:30:00;2021-01-19 03:00:00;101.0
1071729215;2021-01-19 03:00:00;2021-01-19 03:30:00;101.0
1071729215;2021-01-19 03:30:00;2021-01-19 04:00:00;101.0
1071729215;2021-01-19 04:00:00;2021-01-19 04:30:00;98.5
1071729215;2021-01-19 04:30:00;2021-01-19 05:00:00;99.73333333333333
1071729215;2021-01-19 05:00:00;2021-01-19 05:30:00;99.2
1071729215;2021-01-19 05:30:00;2021-01-19 06:00:00;102.2
1071729215;2021-01-19 06:00:00;2021-01-19 06:30:00;99.0
1071729215;2021-01-19 06:30:00;2021-01-19 07:00:00;111.66666666666667
1071729215;2021-01-19 07:00:00;2021-01-19 07:30:00;93.53333333333333
1071729215;2021-01-19 07:30:00;2021-01-19 08:00:00;92.0
1071729215;2021-01-19 08:00:00;2021-01-19 08:30:00;95.33333333333333
1071729215;2021-01-19 08:30:00;2021-01-19 09:00:00;95.33333333333333
1071729215;2021-01-19 09:00:00;2021-01-19 09:30:00;93.73333333333333
1071729215;2021-01-19 09:30:00;2021-01-19 10:00:00;96.33333333333333
1071729215;2021-01-19 10:00:00;2021-01-19 10:30:00;100.16666666666667
1071729215;2021-01-19 10:30:00;2021-01-19 11:00:00;102.4
1071729215;2021-01-19 11:00:00;2021-01-19 11:30:00;91.23333333333333
1071729215;2021-01-19 11:30:00;2021-01-19 12:00:00;99.23333333333333
1071729215;2021-01-19 12:00:00;2021-01-19 12:30:00;94.96666666666667
1071729215;2021-01-19 12:30:00;2021-01-19 13:00:00;88.73333333333333
1071729215;2021-01-19 13:00:00;2021-01-19 13:30:00;93.96666666666667
1071729215;2021-01-19 13:30:00;2021-01-19 14:00:00;104.66666666666667
1071729215;2021-01-19 14:00:00;2021-01-19 14:30:00;98.03333333333333
1071729215;2021-01-19 14:30:00;2021-01-19 15:00:00;100.63333333333334
1071729215;2021-01-19 15:00:00;2021-01-19 15:30:00;91.8
1071729215;2021-01-19 15:30:00;2021-01-19 16:00:00;98.3
1071729215;2021-01-19 16:00:00;2021-01-19 16:30:00;83.36666666666666
1071729215;2021-01-19 16:30:00;2021-01-19 17:00:00;84.55172413793103
1071729215;2021-01-19 17:00:00;2021-01-19 17:30:00;90.26666666666667
1071729215;2021-01-19 17:30:00;2021-01-19 18:00:00;102.1
1071729215;2021-01-19 18:00:00;2021-01-19 18:30:00;90.76666666666667
1071729215;2021-01-19 18:30:00;2021-01-19 19:00:00;90.03333333333333
1071729215;2021-01-19 19:00:00;2021-01-19 19:30:00;97.53333333333333
1071729215;2021-01-19 19:30:00;2021-01-19 20:00:00;106.1
1071729215;2021-01-19 20:00:00;2021-01-19 20:30:00;94.6
1071729215;2021-01-19 20:30:00;2021-01-19 21:00:00;88.46666666666667
1071729215;2021-01-19 21:00:00;2021-01-19 21:30:00;99.13333333333334
1071729215;2021-01-19 21:30:00;2021-01-19 22:00:00;91.16666666666667
1071729215;2021-01-19 22:00:00;2021-01-19 22:30:00;98.56666666666666
1071729215;2021-01-19 22:30:00;2021-01-19 23:00:00;78.5
1071729215;2021-01-19 23:00:00;2021-01-19 23:30:00;83.73333333333333
1071729215;2021-01-19 23:30:00;2021-01-19 23:59:59;97.8
1071729215;2021-01-20 00:00:00;2021-01-20 00:30:00;98.06666666666666
1071729215;2021-01-20 00:30:00;2021-01-20 01:00:00;91.03333333333333
1071729215;2021-01-20 01:00:00;2021-01-20 01:30:00;101.0
1071729215;2021-01-20 01:30:00;2021-01-20 02:00:00;101.0
1071729215;2021-01-20 02:00:00;2021-01-20 02:30:00;101.0
1071729215;2021-01-20 02:30:00;2021-01-20 03:00:00;94.5
1071729215;2021-01-20 03:00:00;2021-01-20 03:30:00;94.93333333333334
1071729215;2021-01-20 03:30:00;2021-01-20 04:00:00;89.7
1071729215;2021-01-20 04:00:00;2021-01-20 04:30:00;91.13333333333334
1071729215;2021-01-20 04:30:00;2021-01-20 05:00:00;85.76666666666667
1071729215;2021-01-20 05:00:00;2021-01-20 05:30:00;99.23333333333333
1071729215;2021-01-20 05:30:00;2021-01-20 06:00:00;97.5
1071729215;2021-01-20 06:00:00;2021-01-20 06:30:00;89.93333333333334
1071729215;2021-01-20 06:30:00;2021-01-20 07:00:00;101.6
1071729215;2021-01-20 07:00:00;2021-01-20 07:30:00;90.83333333333333
1071729215;2021-01-20 07:30:00;2021-01-20 08:00:00;86.56666666666666
1071729215;2021-01-20 08:00:00;2021-01-20 08:30:00;98.93333333333334
1071729215;2021-01-20 08:30:00;2021-01-20 09:00:00;101.36666666666666
1071729215;2021-01-20 09:00:00;2021-01-20 09:30:00;95.13333333333334
1071729215;2021-01-20 09:30:00;2021-01-20 10:00:00;96.06666666666666
1071729215;2021-01-20 10:00:00;2021-01-20 10:30:00;95.56666666666666
1071729215;2021-01-20 10:30:00;2021-01-20 11:00:00;94.46666666666667
1071729215;2021-01-20 11:00:00;2021-01-20 11:30:00;89.2
1071729215;2021-01-20 11:30:00;2021-01-20 12:00:00;104.5
1071729215;2021-01-20 12:00:00;2021-01-20 12:30:00;93.1
1071729215;2021-01-20 12:30:00;2021-01-20 13:00:00;99.63333333333334
1071729215;2021-01-20 13:00:00;2021-01-20 13:30:00;105.73333333333333
1071729215;2021-01-20 13:30:00;2021-01-20 14:00:00;100.03333333333333
1071729215;2021-01-20 14:00:00;2021-01-20 14:30:00;100.76666666666667
1071729215;2021-01-20 14:30:00;2021-01-20 15:00:00;88.43333333333334
1071729215;2021-01-20 15:00:00;2021-01-20 15:30:00;80.93333333333334
1071729215;2021-01-20 15:30:00;2021-01-20 16:00:00;85.7
1071729215;2021-01-20 16:00:00;2021-01-20 16:30:00;86.93333333333334
1071729215;2021-01-20 16:30:00;2021-01-20 17:00:00;81.93333333333334
1071729215;2021-01-20 17:00:00;2021-01-20 17:30:00;78.4
1071729215;2021-01-20 17:30:00;2021-01-20 18:00:00;84.0
1071729215;2021-01-20 18:00:00;2021-01-20 18:30:00;99.3
1071729215;2021-01-20 18:30:00;2021-01-20 19:00:00;78.66666666666667
1071729215;2021-01-20 19:00:00;2021-01-20 19:30:00;99.83333333333333
1071729215;2021-01-20 19:30:00;2021-01-20 20:00:00;71.73333333333333
1071729215;2021-01-20 20:00:00;2021-01-20 20:30:00;101.93333333333334
1071729215;2021-01-20 20:30:00;2021-01-20 21:00:00;86.0
1071729215;2021-01-20 21:00:00;2021-01-20 21:30:00;90.53333333333333
1071729215;2021-01-20 21:30:00;2021-01-20 22:00:00;91.33333333333333
1071729215;2021-01-20 22:00:00;2021-01-20 22:30:00;86.36666666666666
1071729215;2021-01-20 22:30:00;2021-01-20 23:00:00;85.8
1071729215;2021-01-20 23:00:00;2021-01-20 23:30:00;94.73333333333333
1071729215;2021-01-20 23:30:00;2021-01-20 23:59:59;89.8
1071729215;2021-01-21 00:00:00;2021-01-21 00:30:00;96.46666666666667
1071729215;2021-01-21 00:30:00;2021-01-21 01:00:00;88.43333333333334
1071729215;2021-01-21 01:00:00;2021-01-21 01:30:00;99.75862068965517
1071729215;2021-01-21 01:30:00;2021-01-21 02:00:00;101.0
1071729215;2021-01-21 02:00:00;2021-01-21 02:30:00;101.0
1071729215;2021-01-21 02:30:00;2021-01-21 03:00:00;101.0
1071729215;2021-01-21 03:00:00;2021-01-21 03:30:00;101.0
1071729215;2021-01-21 03:30:00;2021-01-21 04:00:00;101.0
1071729215;2021-01-21 04:00:00;2021-01-21 04:30:00;97.76666666666667
1071729215;2021-01-21 04:30:00;2021-01-21 05:00:00;94.73333333333333
1071729215;2021-01-21 05:00:00;2021-01-21 05:30:00;90.63333333333334
1071729215;2021-01-21 05:30:00;2021-01-21 06:00:00;85.96666666666667
1071729215;2021-01-21 06:00:00;2021-01-21 06:30:00;100.8
1071729215;2021-01-21 06:30:00;2021-01-21 07:00:00;73.86666666666666
1071729215;2021-01-21 07:00:00;2021-01-21 07:30:00;73.3
1071729215;2021-01-21 07:30:00;2021-01-21 08:00:00;84.03333333333333
1071729215;2021-01-21 08:00:00;2021-01-21 08:30:00;89.5
1071729215;2021-01-21 08:30:00;2021-01-21 09:00:00;90.6
1071729215;2021-01-21 09:00:00;2021-01-21 09:30:00;99.36666666666666
1071729215;2021-01-21 09:30:00;2021-01-21 10:00:00;97.66666666666667
1071729215;2021-01-21 10:00:00;2021-01-21 10:30:00;93.63333333333334
1071729215;2021-01-21 10:30:00;2021-01-21 11:00:00;92.53333333333333
1071729215;2021-01-21 11:00:00;2021-01-21 11:30:00;101.73333333333333
1071729215;2021-01-21 11:30:00;2021-01-21 12:00:00;99.2
1071729215;2021-01-21 12:00:00;2021-01-21 12:30:00;103.83333333333333
1071729215;2021-01-21 12:30:00;2021-01-21 13:00:00;112.03333333333333
1071729215;2021-01-21 13:00:00;2021-01-21 13:30:00;90.73333333333333
1071729215;2021-01-21 13:30:00;2021-01-21 14:00:00;104.43333333333334
1071729215;2021-01-21 14:00:00;2021-01-21 14:30:00;91.76666666666667
1071729215;2021-01-21 14:30:00;2021-01-21 15:00:00;105.5
1071729215;2021-01-21 15:00:00;2021-01-21 15:30:00;98.96666666666667
1071729215;2021-01-21 15:30:00;2021-01-21 16:00:00;83.43333333333334
1071729215;2021-01-21 16:00:00;2021-01-21 16:30:00;94.03333333333333
1071729215;2021-01-21 16:30:00;2021-01-21 17:00:00;101.56666666666666
1071729215;2021-01-21 17:00:00;2021-01-21 17:30:00;107.16666666666667
1071729215;2021-01-21 17:30:00;2021-01-21 18:00:00;101.36666666666666
1071729215;2021-01-21 18:00:00;2021-01-21 18:30:00;83.9
1071729215;2021-01-21 18:30:00;2021-01-21 19:00:00;98.2
1071729215;2021-01-21 19:00:00;2021-01-21 19:30:00;100.53333333333333
1071729215;2021-01-21 19:30:00;2021-01-21 20:00:00;95.86666666666666
1071729215;2021-01-21 20:00:00;2021-01-21 20:30:00;98.16666666666667
1071729215;2021-01-21 20:30:00;2021-01-21 21:00:00;94.4
1071729215;2021-01-21 21:00:00;2021-01-21 21:30:00;95.76666666666667
1071729215;2021-01-21 21:30:00;2021-01-21 22:00:00;102.46666666666667
1071729215;2021-01-21 22:00:00;2021-01-21 22:30:00;101.0
1071729215;2021-01-21 22:30:00;2021-01-21 23:00:00;97.4
1071729215;2021-01-21 23:00:00;2021-01-21 23:30:00;96.1
1071729215;2021-01-21 23:30:00;2021-01-21 23:59:59;90.26666666666667
1071729215;2021-01-22 00:00:00;2021-01-22 00:30:00;87.0
1071729215;2021-01-22 00:30:00;2021-01-22 01:00:00;87.66666666666667
1071729215;2021-01-22 01:00:00;2021-01-22 01:30:00;92.53333333333333
1071729215;2021-01-22 01:30:00;2021-01-22 02:00:00;91.46666666666667
1071729215;2021-01-22 02:00:00;2021-01-22 02:30:00;79.0
1071729215;2021-01-22 02:30:00;2021-01-22 03:00:00;82.5
1071729215;2021-01-22 03:00:00;2021-01-22 03:30:00;94.5
1071729215;2021-01-22 03:30:00;2021-01-22 04:00:00;101.0
1071729215;2021-01-22 04:00:00;2021-01-22 04:30:00;100.0
1071729215;2021-01-22 04:30:00;2021-01-22 05:00:00;95.06666666666666
1071729215;2021-01-22 05:00:00;2021-01-22 05:30:00;102.9
1071729215;2021-01-22 05:30:00;2021-01-22 06:00:00;104.83333333333333
1071729215;2021-01-22 06:00:00;2021-01-22 06:30:00;86.93333333333334
1071729215;2021-01-22 06:30:00;2021-01-22 07:00:00;93.33333333333333
1071729215;2021-01-22 07:00:00;2021-01-22 07:30:00;95.96666666666667
1071729215;2021-01-22 07:30:00;2021-01-22 08:00:00;89.33333333333333
1071729215;2021-01-22 08:00:00;2021-01-22 08:30:00;102.26666666666667
1071729215;2021-01-22 08:30:00;2021-01-22 09:00:00;97.26666666666667
1071729215;2021-01-22 09:00:00;2021-01-22 09:30:00;102.46666666666667
1071729215;2021-01-22 09:30:00;2021-01-22 10:00:00;93.46666666666667
1071729215;2021-01-22 10:00:00;2021-01-22 10:30:00;87.4
1071729215;2021-01-22 10:30:00;2021-01-22 11:00:00;91.63333333333334
1071729215;2021-01-22 11:00:00;2021-01-22 11:30:00;103.9
1071729215;2021-01-22 11:30:00;2021-01-22 12:00:00;97.56666666666666
1071729215;2021-01-22 12:00:00;2021-01-22 12:30:00;93.66666666666667
1071729215;2021-01-22 12:30:00;2021-01-22 13:00:00;87.43333333333334
1071729215;2021-01-22 13:00:00;2021-01-22 13:30:00;89.3
1071729215;2021-01-22 13:30:00;2021-01-22 14:00:00;102.1
1071729215;2021-01-22 14:00:00;2021-01-22 14:30:00;94.23333333333333
1071729215;2021-01-22 14:30:00;2021-01-22 15:00:00;87.46666666666667
1071729215;2021-01-22 15:00:00;2021-01-22 15:30:00;94.33333333333333
1071729215;2021-01-22 15:30:00;2021-01-22 16:00:00;86.83333333333333
1071729215;2021-01-22 16:00:00;2021-01-22 16:30:00;83.4
1071729215;2021-01-22 16:30:00;2021-01-22 17:00:00;98.46666666666667
1071729215;2021-01-22 17:00:00;2021-01-22 17:30:00;92.1
1071729215;2021-01-22 17:30:00;2021-01-22 18:00:00;101.3
1071729215;2021-01-22 18:00:00;2021-01-22 18:30:00;101.93333333333334
1071729215;2021-01-22 18:30:00;2021-01-22 19:00:00;90.46666666666667
1071729215;2021-01-22 19:00:00;2021-01-22 19:30:00;97.36666666666666
1071729215;2021-01-22 19:30:00;2021-01-22 20:00:00;101.13333333333334
1071729215;2021-01-22 20:00:00;2021-01-22 20:30:00;96.66666666666667
1071729215;2021-01-22 20:30:00;2021-01-22 21:00:00;104.66666666666667
1071729215;2021-01-22 21:00:00;2021-01-22 21:30:00;101.0
1071729215;2021-01-22 21:30:00;2021-01-22 22:00:00;97.4
1071729215;2021-01-22 22:00:00;2021-01-22 22:30:00;100.4
1071729215;2021-01-22 22:30:00;2021-01-22 23:00:00;101.0
1071729215;2021-01-22 23:00:00;2021-01-22 23:30:00;101.33333333333333
1071729215;2021-01-22 23:30:00;2021-01-22 23:59:59;102.26666666666667
1071729215;2021-01-23 00:00:00;2021-01-23 00:30:00;101.0
1071729215;2021-01-23 00:30:00;2021-01-23 01:00:00;101.0
1071729215;2021-01-23 01:00:00;2021-01-23 01:30:00;101.0
1071729215;2021-01-23 01:30:00;2021-01-23 02:00:00;101.0
1071729215;2021-01-23 02:00:00;2021-01-23 02:30:00;101.0
1071729215;2021-01-23 02:30:00;2021-01-23 03:00:00;95.6
1071729215;2021-01-23 03:00:00;2021-01-23 03:30:00;101.0
1071729215;2021-01-23 03:30:00;2021-01-23 04:00:00;101.0
1071729215;2021-01-23 04:00:00;2021-01-23 04:30:00;90.23333333333333
1071729215;2021-01-23 04:30:00;2021-01-23 05:00:00;90.5
1071729215;2021-01-23 05:00:00;2021-01-23 05:30:00;97.43333333333334
1071729215;2021-01-23 05:30:00;2021-01-23 06:00:00;109.56666666666666
1071729215;2021-01-23 06:00:00;2021-01-23 06:30:00;101.0
1071729215;2021-01-23 06:30:00;2021-01-23 07:00:00;101.86666666666666
1071729215;2021-01-23 07:00:00;2021-01-23 07:30:00;96.66666666666667
1071729215;2021-01-23 07:30:00;2021-01-23 08:00:00;90.0
1071729215;2021-01-23 08:00:00;2021-01-23 08:30:00;98.96666666666667
1071729215;2021-01-23 08:30:00;2021-01-23 09:00:00;97.06666666666666
1071729215;2021-01-23 09:00:00;2021-01-23 09:30:00;107.9
1071729215;2021-01-23 09:30:00;2021-01-23 10:00:00;103.43333333333334
1071729215;2021-01-23 10:00:00;2021-01-23 10:30:00;112.03333333333333
1071729215;2021-01-23 10:30:00;2021-01-23 11:00:00;105.83333333333333
1071729215;2021-01-23 11:00:00;2021-01-23 11:30:00;105.0
1071729215;2021-01-23 11:30:00;2021-01-23 12:00:00;105.1
1071729215;2021-01-23 12:00:00;2021-01-23 12:30:00;100.2
1071729215;2021-01-23 12:30:00;2021-01-23 13:00:00;101.83333333333333
1071729215;2021-01-23 13:00:00;2021-01-23 13:30:00;92.16666666666667
1071729215;2021-01-23 13:30:00;2021-01-23 14:00:00;106.13333333333334
1071729215;2021-01-23 14:00:00;2021-01-23 14:30:00;108.23333333333333
1071729215;2021-01-23 14:30:00;2021-01-23 15:00:00;101.76666666666667
1071729215;2021-01-23 15:00:00;2021-01-23 15:30:00;97.7
1071729215;2021-01-23 15:30:00;2021-01-23 16:00:00;109.26666666666667
1071729215;2021-01-23 16:00:00;2021-01-23 16:30:00;100.66666666666667
1071729215;2021-01-23 16:30:00;2021-01-23 17:00:00;91.66666666666667
1071729215;2021-01-23 17:00:00;2021-01-23 17:30:00;100.0
1071729215;2021-01-23 17:30:00;2021-01-23 18:00:00;93.48275862068965
1071729215;2021-01-23 18:00:00;2021-01-23 18:30:00;108.05
1071729215;2021-01-23 18:30:00;2021-01-23 19:00:00;106.47619047619048
1071729215;2021-01-23 19:00:00;2021-01-23 19:30:00;108.56521739130434
1071729215;2021-01-23 19:30:00;2021-01-23 20:00:00;107.79166666666667
1071729215;2021-01-23 20:00:00;2021-01-23 20:30:00;111.0
1071729215;2021-01-23 20:30:00;2021-01-23 21:00:00;109.83333333333333
1071729215;2021-01-23 21:00:00;2021-01-23 21:30:00;105.80952380952381
1071729215;2021-01-23 21:30:00;2021-01-23 22:00:00;93.70833333333333
1071729215;2021-01-23 22:00:00;2021-01-23 22:30:00;105.0
1071729215;2021-01-23 22:30:00;2021-01-23 23:00:00;89.0
1071729215;2021-01-23 23:00:00;2021-01-23 23:30:00;80.39285714285714
1071729215;2021-01-23 23:30:00;2021-01-23 23:59:59;95.33333333333333
1071729215;2021-01-24 00:00:00;2021-01-24 00:30:00;100.66666666666667
1071729215;2021-01-24 00:30:00;2021-01-24 01:00:00;91.0
1071729215;2021-01-24 01:00:00;2021-01-24 01:30:00;98.6
1071729215;2021-01-24 01:30:00;2021-01-24 02:00:00;77.0
1071729215;2021-01-24 02:00:00;2021-01-24 02:30:00;79.16666666666667
1071729215;2021-01-24 02:30:00;2021-01-24 03:00:00;88.0
1071729215;2021-01-24 03:00:00;2021-01-24 03:30:00;98.33333333333333
1071729215;2021-01-24 03:30:00;2021-01-24 04:00:00;101.0
1071729215;2021-01-24 04:00:00;2021-01-24 04:30:00;95.0
1071729215;2021-01-24 04:30:00;2021-01-24 05:00:00;91.8
1071729215;2021-01-24 05:00:00;2021-01-24 05:30:00;90.0
1071729215;2021-01-24 05:30:00;2021-01-24 06:00:00;94.9
1071729215;2021-01-24 06:00:00;2021-01-24 06:30:00;94.0
1071729215;2021-01-24 06:30:00;2021-01-24 07:00:00;95.0
1071729215;2021-01-24 07:00:00;2021-01-24 07:30:00;97.4
1071729215;2021-01-24 07:30:00;2021-01-24 08:00:00;101.06666666666666
1071729215;2021-01-24 08:00:00;2021-01-24 08:30:00;97.33333333333333
1071729215;2021-01-24 08:30:00;2021-01-24 09:00:00;94.73333333333333
1071729215;2021-01-24 09:00:00;2021-01-24 09:30:00;110.0
1071729215;2021-01-24 09:30:00;2021-01-24 10:00:00;86.8
1071729215;2021-01-24 10:00:00;2021-01-24 10:30:00;95.43333333333334
1071729215;2021-01-24 10:30:00;2021-01-24 11:00:00;98.3
1071729215;2021-01-24 11:00:00;2021-01-24 11:30:00;102.6
1071729215;2021-01-24 11:30:00;2021-01-24 12:00:00;105.6
1071729215;2021-01-24 12:00:00;2021-01-24 12:30:00;101.24137931034483
1071729215;2021-01-24 12:30:00;2021-01-24 13:00:00;109.93103448275862
1071729215;2021-01-24 13:00:00;2021-01-24 13:30:00;101.64285714285714
1071729215;2021-01-24 13:30:00;2021-01-24 14:00:00;103.58620689655173
1071729215;2021-01-24 14:00:00;2021-01-24 14:30:00;95.21428571428571
1071729215;2021-01-24 14:30:00;2021-01-24 15:00:00;89.7
1071729215;2021-01-24 15:00:00;2021-01-24 15:30:00;95.65384615384616
1071729215;2021-01-24 15:30:00;2021-01-24 16:00:00;88.04166666666667
1071729215;2021-01-24 16:00:00;2021-01-24 16:30:00;90.75862068965517
1071729215;2021-01-24 16:30:00;2021-01-24 17:00:00;81.16
1071729215;2021-01-24 17:00:00;2021-01-24 17:30:00;100.03571428571429
1071729215;2021-01-24 17:30:00;2021-01-24 18:00:00;89.73333333333333
1071729215;2021-01-24 18:00:00;2021-01-24 18:30:00;97.1
1071729215;2021-01-24 18:30:00;2021-01-24 19:00:00;107.76666666666667
1071729215;2021-01-24 19:00:00;2021-01-24 19:30:00;100.16666666666667
1071729215;2021-01-24 19:30:00;2021-01-24 20:00:00;111.13333333333334
1071729215;2021-01-24 20:00:00;2021-01-24 20:30:00;90.8
1071729215;2021-01-24 20:30:00;2021-01-24 21:00:00;107.7
1071729215;2021-01-24 21:00:00;2021-01-24 21:30:00;106.96666666666667
1071729215;2021-01-24 21:30:00;2021-01-24 22:00:00;104.3
1071729215;2021-01-24 22:00:00;2021-01-24 22:30:00;113.86206896551724
1071729215;2021-01-24 22:30:00;2021-01-24 23:00:00;101.0
1071729215;2021-01-24 23:00:00;2021-01-24 23:30:00;101.0
1071729215;2021-01-24 23:30:00;2021-01-24 23:59:59;99.66666666666667
1071729215;2021-01-25 00:00:00;2021-01-25 00:30:00;99.6
1071729215;2021-01-25 00:30:00;2021-01-25 01:00:00;101.0
1071729215;2021-01-25 01:00:00;2021-01-25 01:30:00;101.0
1071729215;2021-01-25 01:30:00;2021-01-25 02:00:00;101.0
1071729215;2021-01-25 02:00:00;2021-01-25 02:30:00;101.0
1071729215;2021-01-25 02:30:00;2021-01-25 03:00:00;101.0
1071729215;2021-01-25 03:00:00;2021-01-25 03:30:00;106.06666666666666
1071729215;2021-01-25 03:30:00;2021-01-25 04:00:00;104.83333333333333
1071729215;2021-01-25 04:00:00;2021-01-25 04:30:00;100.2
1071729215;2021-01-25 04:30:00;2021-01-25 05:00:00;104.73333333333333
1071729215;2021-01-25 05:00:00;2021-01-25 05:30:00;105.0
1071729215;2021-01-25 05:30:00;2021-01-25 06:00:00;103.43333333333334
1071729215;2021-01-25 06:00:00;2021-01-25 06:30:00;99.33333333333333
1071729215;2021-01-25 06:30:00;2021-01-25 07:00:00;90.13333333333334
1071729215;2021-01-25 07:00:00;2021-01-25 07:30:00;103.46666666666667
1071729215;2021-01-25 07:30:00;2021-01-25 08:00:00;105.43333333333334
1071729215;2021-01-25 08:00:00;2021-01-25 08:30:00;86.1
1071729215;2021-01-25 08:30:00;2021-01-25 09:00:00;98.0
1071729215;2021-01-25 09:00:00;2021-01-25 09:30:00;98.5
1071729215;2021-01-25 09:30:00;2021-01-25 10:00:00;84.63333333333334
1071729215;2021-01-25 10:00:00;2021-01-25 10:30:00;95.26666666666667
1071729215;2021-01-25 10:30:00;2021-01-25 11:00:00;87.53333333333333
1071729215;2021-01-25 11:00:00;2021-01-25 11:30:00;108.23333333333333
1071729215;2021-01-25 11:30:00;2021-01-25 12:00:00;103.33333333333333
1071729215;2021-01-25 12:00:00;2021-01-25 12:30:00;95.73333333333333
1071729215;2021-01-25 12:30:00;2021-01-25 13:00:00;81.3913043478261
1071729215;2021-01-25 13:00:00;2021-01-25 13:30:00;92.03571428571429
1071729215;2021-01-25 13:30:00;2021-01-25 14:00:00;93.95652173913044
1071729215;2021-01-25 14:00:00;2021-01-25 14:30:00;88.6086956521739
1071729215;2021-01-25 14:30:00;2021-01-25 15:00:00;93.27272727272727
1071729215;2021-01-25 15:00:00;2021-01-25 15:30:00;92.21739130434783
1071729215;2021-01-25 15:30:00;2021-01-25 16:00:00;83.9090909090909
1071729215;2021-01-25 16:00:00;2021-01-25 16:30:00;74.92
1071729215;2021-01-25 16:30:00;2021-01-25 17:00:00;87.7
1071729215;2021-01-25 17:00:00;2021-01-25 17:30:00;92.76666666666667
1071729215;2021-01-25 17:30:00;2021-01-25 18:00:00;96.0
1071729215;2021-01-25 18:00:00;2021-01-25 18:30:00;82.66666666666667
1071729215;2021-01-25 18:30:00;2021-01-25 19:00:00;95.03333333333333
1071729215;2021-01-25 19:00:00;2021-01-25 19:30:00;82.23333333333333
1071729215;2021-01-25 19:30:00;2021-01-25 20:00:00;95.33333333333333
1071729215;2021-01-25 20:00:00;2021-01-25 20:30:00;108.53333333333333
1071729215;2021-01-25 20:30:00;2021-01-25 21:00:00;104.86666666666666
1071729215;2021-01-25 21:00:00;2021-01-25 21:30:00;95.9
1071729215;2021-01-25 21:30:00;2021-01-25 22:00:00;87.7
1071729215;2021-01-25 22:00:00;2021-01-25 22:30:00;81.86666666666666
1071729215;2021-01-25 22:30:00;2021-01-25 23:00:00;90.7
1071729215;2021-01-25 23:00:00;2021-01-25 23:30:00;98.73333333333333
1071729215;2021-01-25 23:30:00;2021-01-25 23:59:59;101.0
1071729215;2021-01-26 00:00:00;2021-01-26 00:30:00;101.0
1071729215;2021-01-26 00:30:00;2021-01-26 01:00:00;101.0
1071729215;2021-01-26 01:00:00;2021-01-26 01:30:00;101.0
1071729215;2021-01-26 01:30:00;2021-01-26 02:00:00;101.0
1071729215;2021-01-26 02:00:00;2021-01-26 02:30:00;101.0
1071729215;2021-01-26 02:30:00;2021-01-26 03:00:00;101.0
1071729215;2021-01-26 03:00:00;2021-01-26 03:30:00;101.0
1071729215;2021-01-26 03:30:00;2021-01-26 04:00:00;101.0
1071729215;2021-01-26 04:00:00;2021-01-26 04:30:00;89.63333333333334
1071729215;2021-01-26 04:30:00;2021-01-26 05:00:00;91.96666666666667
1071729215;2021-01-26 05:00:00;2021-01-26 05:30:00;92.9
1071729215;2021-01-26 05:30:00;2021-01-26 06:00:00;99.23333333333333
1071729215;2021-01-26 06:00:00;2021-01-26 06:30:00;101.9
1071729215;2021-01-26 06:30:00;2021-01-26 07:00:00;87.93333333333334
1071729215;2021-01-26 07:00:00;2021-01-26 07:30:00;98.33333333333333
1071729215;2021-01-26 07:30:00;2021-01-26 08:00:00;91.03333333333333
1071729215;2021-01-26 08:00:00;2021-01-26 08:30:00;106.76666666666667
1071729215;2021-01-26 08:30:00;2021-01-26 09:00:00;88.66666666666667
1071729215;2021-01-26 09:00:00;2021-01-26 09:30:00;92.5
1071729215;2021-01-26 09:30:00;2021-01-26 10:00:00;57.7
1071729215;2021-01-26 10:00:00;2021-01-26 10:30:00;85.13333333333334
1071729215;2021-01-26 10:30:00;2021-01-26 11:00:00;92.33333333333333
1071729215;2021-01-26 11:00:00;2021-01-26 11:30:00;98.46666666666667
1071729215;2021-01-26 11:30:00;2021-01-26 12:00:00;96.76666666666667
1071729215;2021-01-26 12:00:00;2021-01-26 12:30:00;53.7
1071729215;2021-01-26 12:30:00;2021-01-26 13:00:00;75.66666666666667
1071729215;2021-01-26 13:00:00;2021-01-26 13:30:00;87.36666666666666
1071729215;2021-01-26 13:30:00;2021-01-26 14:00:00;96.86666666666666
1071729215;2021-01-26 14:00:00;2021-01-26 14:30:00;87.03333333333333
1071729215;2021-01-26 14:30:00;2021-01-26 15:00:00;91.33333333333333
1071729215;2021-01-26 15:00:00;2021-01-26 15:30:00;95.86666666666666
1071729215;2021-01-26 15:30:00;2021-01-26 16:00:00;100.83333333333333
1071729215;2021-01-26 16:00:00;2021-01-26 16:30:00;90.16666666666667
1071729215;2021-01-26 16:30:00;2021-01-26 17:00:00;90.73333333333333
1071729215;2021-01-26 17:00:00;2021-01-26 17:30:00;91.8
1071729215;2021-01-26 17:30:00;2021-01-26 18:00:00;83.53333333333333
1071729215;2021-01-26 18:00:00;2021-01-26 18:30:00;95.0
1071729215;2021-01-26 18:30:00;2021-01-26 19:00:00;96.8
1071729215;2021-01-26 19:00:00;2021-01-26 19:30:00;87.46666666666667
1071729215;2021-01-26 19:30:00;2021-01-26 20:00:00;101.5
1071729215;2021-01-26 20:00:00;2021-01-26 20:30:00;106.5
1071729215;2021-01-26 20:30:00;2021-01-26 21:00:00;95.26666666666667
1071729215;2021-01-26 21:00:00;2021-01-26 21:30:00;98.93333333333334
1071729215;2021-01-26 21:30:00;2021-01-26 22:00:00;99.33333333333333
1071729215;2021-01-26 22:00:00;2021-01-26 22:30:00;100.03333333333333
1071729215;2021-01-26 22:30:00;2021-01-26 23:00:00;87.1
1071729215;2021-01-26 23:00:00;2021-01-26 23:30:00;93.26666666666667
1071729215;2021-01-26 23:30:00;2021-01-26 23:59:59;96.16666666666667
1071729215;2021-01-27 00:00:00;2021-01-27 00:30:00;77.56666666666666
1071729215;2021-01-27 00:30:00;2021-01-27 01:00:00;89.0
1071729215;2021-01-27 01:00:00;2021-01-27 01:30:00;100.96666666666667
1071729215;2021-01-27 01:30:00;2021-01-27 02:00:00;101.0
1071729215;2021-01-27 02:00:00;2021-01-27 02:30:00;101.0
1071729215;2021-01-27 02:30:00;2021-01-27 03:00:00;101.0
1071729215;2021-01-27 03:00:00;2021-01-27 03:30:00;93.93333333333334
1071729215;2021-01-27 03:30:00;2021-01-27 04:00:00;101.0
1071729215;2021-01-27 04:00:00;2021-01-27 04:30:00;88.46666666666667
1071729215;2021-01-27 04:30:00;2021-01-27 05:00:00;90.5
1071729215;2021-01-27 05:00:00;2021-01-27 05:30:00;95.96666666666667
1071729215;2021-01-27 05:30:00;2021-01-27 06:00:00;107.63333333333334
1071729215;2021-01-27 06:00:00;2021-01-27 06:30:00;95.23333333333333
1071729215;2021-01-27 06:30:00;2021-01-27 07:00:00;96.36666666666666
1071729215;2021-01-27 07:00:00;2021-01-27 07:30:00;88.96666666666667
1071729215;2021-01-27 07:30:00;2021-01-27 08:00:00;111.36666666666666
1071729215;2021-01-27 08:00:00;2021-01-27 08:30:00;91.36666666666666
1071729215;2021-01-27 08:30:00;2021-01-27 09:00:00;97.76666666666667
1071729215;2021-01-27 09:00:00;2021-01-27 09:30:00;92.43333333333334
1071729215;2021-01-27 09:30:00;2021-01-27 10:00:00;92.23333333333333
1071729215;2021-01-27 10:00:00;2021-01-27 10:30:00;88.2
1071729215;2021-01-27 10:30:00;2021-01-27 11:00:00;86.0
1071729215;2021-01-27 11:00:00;2021-01-27 11:30:00;93.3
1071729215;2021-01-27 11:30:00;2021-01-27 12:00:00;91.86666666666666
1071729215;2021-01-27 12:00:00;2021-01-27 12:30:00;97.76666666666667
1071729215;2021-01-27 12:30:00;2021-01-27 13:00:00;94.1
1071729215;2021-01-27 13:00:00;2021-01-27 13:30:00;107.33333333333333
1071729215;2021-01-27 13:30:00;2021-01-27 14:00:00;96.33333333333333
1071729215;2021-01-27 14:00:00;2021-01-27 14:30:00;93.0
1071729215;2021-01-27 14:30:00;2021-01-27 15:00:00;91.93333333333334
1071729215;2021-01-27 15:00:00;2021-01-27 15:30:00;94.86666666666666
1071729215;2021-01-27 15:30:00;2021-01-27 16:00:00;93.2
1071729215;2021-01-27 16:00:00;2021-01-27 16:30:00;100.86666666666666
1071729215;2021-01-27 16:30:00;2021-01-27 17:00:00;91.3
1071729215;2021-01-27 17:00:00;2021-01-27 17:30:00;100.03333333333333
1071729215;2021-01-27 17:30:00;2021-01-27 18:00:00;97.96666666666667
1071729215;2021-01-27 18:00:00;2021-01-27 18:30:00;98.53333333333333
1071729215;2021-01-27 18:30:00;2021-01-27 19:00:00;95.86666666666666
1071729215;2021-01-27 19:00:00;2021-01-27 19:30:00;108.46666666666667
1071729215;2021-01-27 19:30:00;2021-01-27 20:00:00;100.5
1071729215;2021-01-27 20:00:00;2021-01-27 20:30:00;95.06666666666666
1071729215;2021-01-27 20:30:00;2021-01-27 21:00:00;99.96666666666667
1071729215;2021-01-27 21:00:00;2021-01-27 21:30:00;97.4
1071729215;2021-01-27 21:30:00;2021-01-27 22:00:00;110.1
1071729215;2021-01-27 22:00:00;2021-01-27 22:30:00;92.96666666666667
1071729215;2021-01-27 22:30:00;2021-01-27 23:00:00;108.7
1071729215;2021-01-27 23:00:00;2021-01-27 23:30:00;99.2
1071729215;2021-01-27 23:30:00;2021-01-27 23:59:59;102.86666666666666
1071729215;2021-01-28 00:00:00;2021-01-28 00:30:00;101.0
1071729215;2021-01-28 00:30:00;2021-01-28 01:00:00;101.0
1071729215;2021-01-28 01:00:00;2021-01-28 01:30:00;95.7
1071729215;2021-01-28 01:30:00;2021-01-28 02:00:00;93.73333333333333
1071729215;2021-01-28 02:00:00;2021-01-28 02:30:00;99.55172413793103
1071729215;2021-01-28 02:30:00;2021-01-28 03:00:00;81.66666666666667
1071729215;2021-01-28 03:00:00;2021-01-28 03:30:00;84.26666666666667
1071729215;2021-01-28 03:30:00;2021-01-28 04:00:00;96.03333333333333
1071729215;2021-01-28 04:00:00;2021-01-28 04:30:00;91.36666666666666
1071729215;2021-01-28 04:30:00;2021-01-28 05:00:00;92.63333333333334
1071729215;2021-01-28 05:00:00;2021-01-28 05:30:00;91.8
1071729215;2021-01-28 05:30:00;2021-01-28 06:00:00;98.23333333333333
1071729215;2021-01-28 06:00:00;2021-01-28 06:30:00;103.16666666666667
1071729215;2021-01-28 06:30:00;2021-01-28 07:00:00;99.76666666666667
1071729215;2021-01-28 07:00:00;2021-01-28 07:30:00;89.73333333333333
1071729215;2021-01-28 07:30:00;2021-01-28 08:00:00;91.6
1071729215;2021-01-28 08:00:00;2021-01-28 08:30:00;93.03333333333333
1071729215;2021-01-28 08:30:00;2021-01-28 09:00:00;111.63333333333334
1071729215;2021-01-28 09:00:00;2021-01-28 09:30:00;102.13333333333334
1071729215;2021-01-28 09:30:00;2021-01-28 10:00:00;97.86666666666666
1071729215;2021-01-28 10:00:00;2021-01-28 10:30:00;99.3
1071729215;2021-01-28 10:30:00;2021-01-28 11:00:00;99.46666666666667
1071729215;2021-01-28 11:00:00;2021-01-28 11:30:00;103.66666666666667
1071729215;2021-01-28 11:30:00;2021-01-28 12:00:00;96.9
1071729215;2021-01-28 12:00:00;2021-01-28 12:30:00;101.9
1071729215;2021-01-28 12:30:00;2021-01-28 13:00:00;104.26666666666667
1071729215;2021-01-28 13:00:00;2021-01-28 13:30:00;93.8
1071729215;2021-01-28 13:30:00;2021-01-28 14:00:00;102.4
1071729215;2021-01-28 14:00:00;2021-01-28 14:30:00;92.56666666666666
1071729215;2021-01-28 14:30:00;2021-01-28 15:00:00;96.43333333333334
1071729215;2021-01-28 15:00:00;2021-01-28 15:30:00;102.7
1071729215;2021-01-28 15:30:00;2021-01-28 16:00:00;95.1
1071729215;2021-01-28 16:00:00;2021-01-28 16:30:00;83.56666666666666
1071729215;2021-01-28 16:30:00;2021-01-28 17:00:00;90.6
1071729215;2021-01-28 17:00:00;2021-01-28 17:30:00;94.9
1071729215;2021-01-28 17:30:00;2021-01-28 18:00:00;105.63333333333334
1071729215;2021-01-28 18:00:00;2021-01-28 18:30:00;92.06666666666666
1071729215;2021-01-28 18:30:00;2021-01-28 19:00:00;94.93333333333334
1071729215;2021-01-28 19:00:00;2021-01-28 19:30:00;100.7
1071729215;2021-01-28 19:30:00;2021-01-28 20:00:00;101.13333333333334
1071729215;2021-01-28 20:00:00;2021-01-28 20:30:00;100.7
1071729215;2021-01-28 20:30:00;2021-01-28 21:00:00;100.3
1071729215;2021-01-28 21:00:00;2021-01-28 21:30:00;95.36666666666666
1071729215;2021-01-28 21:30:00;2021-01-28 22:00:00;90.6
1071729215;2021-01-28 22:00:00;2021-01-28 22:30:00;91.76666666666667
1071729215;2021-01-28 22:30:00;2021-01-28 23:00:00;96.6
1071729215;2021-01-28 23:00:00;2021-01-28 23:30:00;89.0
1071729215;2021-01-28 23:30:00;2021-01-28 23:59:59;90.9
1071729215;2021-01-29 00:00:00;2021-01-29 00:30:00;91.5
1071729215;2021-01-29 00:30:00;2021-01-29 01:00:00;101.0
1071729215;2021-01-29 01:00:00;2021-01-29 01:30:00;101.0
1071729215;2021-01-29 01:30:00;2021-01-29 02:00:00;101.0
1071729215;2021-01-29 02:00:00;2021-01-29 02:30:00;101.0
1071729215;2021-01-29 02:30:00;2021-01-29 03:00:00;100.0
1071729215;2021-01-29 03:00:00;2021-01-29 03:30:00;100.8
1071729215;2021-01-29 03:30:00;2021-01-29 04:00:00;97.23333333333333
1071729215;2021-01-29 04:00:00;2021-01-29 04:30:00;89.8
1071729215;2021-01-29 04:30:00;2021-01-29 05:00:00;93.2
1071729215;2021-01-29 05:00:00;2021-01-29 05:30:00;106.16666666666667
1071729215;2021-01-29 05:30:00;2021-01-29 06:00:00;107.5
1071729215;2021-01-29 06:00:00;2021-01-29 06:30:00;100.89655172413794
1071729215;2021-01-29 06:30:00;2021-01-29 07:00:00;94.56666666666666
1071729215;2021-01-29 07:00:00;2021-01-29 07:30:00;88.8
1071729215;2021-01-29 07:30:00;2021-01-29 08:00:00;93.7
1071729215;2021-01-29 08:00:00;2021-01-29 08:30:00;103.23333333333333
1071729215;2021-01-29 08:30:00;2021-01-29 09:00:00;99.46666666666667
1071729215;2021-01-29 09:00:00;2021-01-29 09:30:00;101.13333333333334
1071729215;2021-01-29 09:30:00;2021-01-29 10:00:00;105.96666666666667
1071729215;2021-01-29 10:00:00;2021-01-29 10:30:00;107.46666666666667
1071729215;2021-01-29 10:30:00;2021-01-29 11:00:00;86.56666666666666
1071729215;2021-01-29 11:00:00;2021-01-29 11:30:00;101.76666666666667
1071729215;2021-01-29 11:30:00;2021-01-29 12:00:00;105.66666666666667
1071729215;2021-01-29 12:00:00;2021-01-29 12:30:00;96.6
1071729215;2021-01-29 12:30:00;2021-01-29 13:00:00;93.93333333333334
1071729215;2021-01-29 13:00:00;2021-01-29 13:30:00;97.5
1071729215;2021-01-29 13:30:00;2021-01-29 14:00:00;103.2
1071729215;2021-01-29 14:00:00;2021-01-29 14:30:00;108.66666666666667
1071729215;2021-01-29 14:30:00;2021-01-29 15:00:00;102.1
1071729215;2021-01-29 15:00:00;2021-01-29 15:30:00;92.73333333333333
1071729215;2021-01-29 15:30:00;2021-01-29 16:00:00;94.03333333333333
1071729215;2021-01-29 16:00:00;2021-01-29 16:30:00;97.96666666666667
1071729215;2021-01-29 16:30:00;2021-01-29 17:00:00;100.5
1071729215;2021-01-29 17:00:00;2021-01-29 17:30:00;109.63333333333334
1071729215;2021-01-29 17:30:00;2021-01-29 18:00:00;99.8
1071729215;2021-01-29 18:00:00;2021-01-29 18:30:00;105.53333333333333
1071729215;2021-01-29 18:30:00;2021-01-29 19:00:00;97.5
1071729215;2021-01-29 19:00:00;2021-01-29 19:30:00;104.66666666666667
1071729215;2021-01-29 19:30:00;2021-01-29 20:00:00;100.3
1071729215;2021-01-29 20:00:00;2021-01-29 20:30:00;108.5
1071729215;2021-01-29 20:30:00;2021-01-29 21:00:00;107.93333333333334
1071729215;2021-01-29 21:00:00;2021-01-29 21:30:00;101.0
1071729215;2021-01-29 21:30:00;2021-01-29 22:00:00;94.26666666666667
1071729215;2021-01-29 22:00:00;2021-01-29 22:30:00;93.33333333333333
1071729215;2021-01-29 22:30:00;2021-01-29 23:00:00;101.13333333333334
1071729215;2021-01-29 23:00:00;2021-01-29 23:30:00;93.25
1071729215;2021-01-29 23:30:00;2021-01-29 23:59:59;104.73333333333333
1071729215;2021-01-30 00:00:00;2021-01-30 00:30:00;83.4
1071729215;2021-01-30 00:30:00;2021-01-30 01:00:00;80.23333333333333
1071729215;2021-01-30 01:00:00;2021-01-30 01:30:00;95.5
1071729215;2021-01-30 01:30:00;2021-01-30 02:00:00;93.7
1071729215;2021-01-30 02:00:00;2021-01-30 02:30:00;101.0
1071729215;2021-01-30 02:30:00;2021-01-30 03:00:00;101.0
1071729215;2021-01-30 03:00:00;2021-01-30 03:30:00;101.0
1071729215;2021-01-30 03:30:00;2021-01-30 04:00:00;101.0
1071729215;2021-01-30 04:00:00;2021-01-30 04:30:00;92.06666666666666
1071729215;2021-01-30 04:30:00;2021-01-30 05:00:00;90.0
1071729215;2021-01-30 05:00:00;2021-01-30 05:30:00;100.7
1071729215;2021-01-30 05:30:00;2021-01-30 06:00:00;100.8
1071729215;2021-01-30 06:00:00;2021-01-30 06:30:00;93.4
1071729215;2021-01-30 06:30:00;2021-01-30 07:00:00;97.66666666666667
1071729215;2021-01-30 07:00:00;2021-01-30 07:30:00;95.2
1071729215;2021-01-30 07:30:00;2021-01-30 08:00:00;107.7
1071729215;2021-01-30 08:00:00;2021-01-30 08:30:00;91.36666666666666
1071729215;2021-01-30 08:30:00;2021-01-30 09:00:00;104.5
1071729215;2021-01-30 09:00:00;2021-01-30 09:30:00;91.8
1071729215;2021-01-30 09:30:00;2021-01-30 10:00:00;108.46666666666667
1071729215;2021-01-30 10:00:00;2021-01-30 10:30:00;106.36666666666666
1071729215;2021-01-30 10:30:00;2021-01-30 11:00:00;103.3
1071729215;2021-01-30 11:00:00;2021-01-30 11:30:00;110.16666666666667
1071729215;2021-01-30 11:30:00;2021-01-30 12:00:00;113.33333333333333
1071729215;2021-01-30 12:00:00;2021-01-30 12:30:00;100.2
1071729215;2021-01-30 12:30:00;2021-01-30 13:00:00;101.3
1071729215;2021-01-30 13:00:00;2021-01-30 13:30:00;89.66666666666667
1071729215;2021-01-30 13:30:00;2021-01-30 14:00:00;98.6
1071729215;2021-01-30 14:00:00;2021-01-30 14:30:00;105.4
1071729215;2021-01-30 14:30:00;2021-01-30 15:00:00;102.23333333333333
1071729215;2021-01-30 15:00:00;2021-01-30 15:30:00;107.93333333333334
1071729215;2021-01-30 15:30:00;2021-01-30 16:00:00;112.06666666666666
1071729215;2021-01-30 16:00:00;2021-01-30 16:30:00;101.9
1071729215;2021-01-30 16:30:00;2021-01-30 17:00:00;101.0
1071729215;2021-01-30 17:00:00;2021-01-30 17:30:00;105.43333333333334
1071729215;2021-01-30 17:30:00;2021-01-30 18:00:00;93.33333333333333
1071729215;2021-01-30 18:00:00;2021-01-30 18:30:00;101.34482758620689
1071729215;2021-01-30 18:30:00;2021-01-30 19:00:00;89.5
1071729215;2021-01-30 19:00:00;2021-01-30 19:30:00;107.56666666666666
1071729215;2021-01-30 19:30:00;2021-01-30 20:00:00;103.3
1071729215;2021-01-30 20:00:00;2021-01-30 20:30:00;102.53333333333333
1071729215;2021-01-30 20:30:00;2021-01-30 21:00:00;99.06666666666666
1071729215;2021-01-30 21:00:00;2021-01-30 21:30:00;99.36666666666666
1071729215;2021-01-30 21:30:00;2021-01-30 22:00:00;96.1
1071729215;2021-01-30 22:00:00;2021-01-30 22:30:00;89.53333333333333
1071729215;2021-01-30 22:30:00;2021-01-30 23:00:00;94.5
1071729215;2021-01-30 23:00:00;2021-01-30 23:30:00;99.56666666666666
1071729215;2021-01-30 23:30:00;2021-01-30 23:59:59;87.53333333333333
1071729215;2021-01-31 00:00:00;2021-01-31 00:30:00;94.83333333333333
1071729215;2021-01-31 00:30:00;2021-01-31 01:00:00;100.63333333333334
1071729215;2021-01-31 01:00:00;2021-01-31 01:30:00;101.0
1071729215;2021-01-31 01:30:00;2021-01-31 02:00:00;101.86666666666666
1071729215;2021-01-31 02:00:00;2021-01-31 02:30:00;97.37931034482759
1071729215;2021-01-31 02:30:00;2021-01-31 03:00:00;101.0
1071729215;2021-01-31 03:00:00;2021-01-31 03:30:00;93.76666666666667
1071729215;2021-01-31 03:30:00;2021-01-31 04:00:00;100.6
1071729215;2021-01-31 04:00:00;2021-01-31 04:30:00;95.0
1071729215;2021-01-31 04:30:00;2021-01-31 05:00:00;95.0
1071729215;2021-01-31 05:00:00;2021-01-31 05:30:00;97.2
1071729215;2021-01-31 05:30:00;2021-01-31 06:00:00;87.93333333333334
1071729215;2021-01-31 06:00:00;2021-01-31 06:30:00;84.2
1071729215;2021-01-31 06:30:00;2021-01-31 07:00:00;83.9
1071729215;2021-01-31 07:00:00;2021-01-31 07:30:00;91.76666666666667
1071729215;2021-01-31 07:30:00;2021-01-31 08:00:00;102.33333333333333
1071729215;2021-01-31 08:00:00;2021-01-31 08:30:00;104.23333333333333
1071729215;2021-01-31 08:30:00;2021-01-31 09:00:00;94.03333333333333
1071729215;2021-01-31 09:00:00;2021-01-31 09:30:00;94.8
1071729215;2021-01-31 09:30:00;2021-01-31 10:00:00;104.66666666666667
1071729215;2021-01-31 10:00:00;2021-01-31 10:30:00;104.9
1071729215;2021-01-31 10:30:00;2021-01-31 11:00:00;103.96666666666667
1071729215;2021-01-31 11:00:00;2021-01-31 11:30:00;103.5
1071729215;2021-01-31 11:30:00;2021-01-31 12:00:00;111.13333333333334
1071729215;2021-01-31 12:00:00;2021-01-31 12:30:00;101.53333333333333
1071729215;2021-01-31 12:30:00;2021-01-31 13:00:00;100.66666666666667
1071729215;2021-01-31 13:00:00;2021-01-31 13:30:00;108.66666666666667
1071729215;2021-01-31 13:30:00;2021-01-31 14:00:00;90.36666666666666
1071729215;2021-01-31 14:00:00;2021-01-31 14:30:00;93.8
1071729215;2021-01-31 14:30:00;2021-01-31 15:00:00;88.96666666666667
1071729215;2021-01-31 15:00:00;2021-01-31 15:30:00;88.33333333333333
1071729215;2021-01-31 15:30:00;2021-01-31 16:00:00;96.66666666666667
1071729215;2021-01-31 16:00:00;2021-01-31 16:30:00;88.4
1071729215;2021-01-31 16:30:00;2021-01-31 17:00:00;99.16666666666667
1071729215;2021-01-31 17:00:00;2021-01-31 17:30:00;96.93103448275862
1071729215;2021-01-31 17:30:00;2021-01-31 18:00:00;101.33333333333333
1071729215;2021-01-31 18:00:00;2021-01-31 18:30:00;100.6
1071729215;2021-01-31 18:30:00;2021-01-31 19:00:00;100.0
1071729215;2021-01-31 19:00:00;2021-01-31 19:30:00;102.63333333333334
1071729215;2021-01-31 19:30:00;2021-01-31 20:00:00;104.13333333333334
1071729215;2021-01-31 20:00:00;2021-01-31 20:30:00;102.1
1071729215;2021-01-31 20:30:00;2021-01-31 21:00:00;106.23333333333333
1071729215;2021-01-31 21:00:00;2021-01-31 21:30:00;108.8
1071729215;2021-01-31 21:30:00;2021-01-31 22:00:00;93.9
1071729215;2021-01-31 22:00:00;2021-01-31 22:30:00;98.26666666666667
1071729215;2021-01-31 22:30:00;2021-01-31 23:00:00;98.9
1071729215;2021-01-31 23:00:00;2021-01-31 23:30:00;81.86666666666666
1071729215;2021-01-31 23:30:00;2021-01-31 23:59:59;94.53333333333333
1071729215;2021-02-01 00:00:00;2021-02-01 00:30:00;99.4
1071729215;2021-02-01 00:30:00;2021-02-01 01:00:00;101.0
1071729215;2021-02-01 01:00:00;2021-02-01 01:30:00;101.0
1071729215;2021-02-01 01:30:00;2021-02-01 02:00:00;101.0
1071729215;2021-02-01 02:00:00;2021-02-01 02:30:00;101.0
1071729215;2021-02-01 02:30:00;2021-02-01 03:00:00;101.0
1071729215;2021-02-01 03:00:00;2021-02-01 03:30:00;101.0
1071729215;2021-02-01 03:30:00;2021-02-01 04:00:00;102.76666666666667
1071729215;2021-02-01 04:00:00;2021-02-01 04:30:00;106.65517241379311
1071729215;2021-02-01 04:30:00;2021-02-01 05:00:00;108.8
1071729215;2021-02-01 05:00:00;2021-02-01 05:30:00;98.6896551724138
1071729215;2021-02-01 05:30:00;2021-02-01 06:00:00;106.63333333333334
1071729215;2021-02-01 06:00:00;2021-02-01 06:30:00;106.76666666666667
1071729215;2021-02-01 06:30:00;2021-02-01 07:00:00;105.86666666666666
1071729215;2021-02-01 07:00:00;2021-02-01 07:30:00;93.6
1071729215;2021-02-01 07:30:00;2021-02-01 08:00:00;99.56666666666666
1071729215;2021-02-01 08:00:00;2021-02-01 08:30:00;91.0
1071729215;2021-02-01 08:30:00;2021-02-01 09:00:00;97.13333333333334
1071729215;2021-02-01 09:00:00;2021-02-01 09:30:00;91.76666666666667
1071729215;2021-02-01 09:30:00;2021-02-01 10:00:00;101.68181818181819
1071729215;2021-02-01 10:00:00;2021-02-01 10:30:00;98.86666666666666
1071729215;2021-02-01 10:30:00;2021-02-01 11:00:00;99.36666666666666
1071729215;2021-02-01 11:00:00;2021-02-01 11:30:00;106.25
1071729215;2021-02-01 11:30:00;2021-02-01 12:00:00;103.88461538461539
1071729215;2021-02-01 12:00:00;2021-02-01 12:30:00;101.46153846153847
1071729215;2021-02-01 12:30:00;2021-02-01 13:00:00;117.7
1071729215;2021-02-01 13:00:00;2021-02-01 13:30:00;99.43333333333334
1071729215;2021-02-01 13:30:00;2021-02-01 14:00:00;95.53333333333333
1071729215;2021-02-01 14:00:00;2021-02-01 14:30:00;95.9
1071729215;2021-02-01 14:30:00;2021-02-01 15:00:00;88.0
1071729215;2021-02-01 15:00:00;2021-02-01 15:30:00;94.73333333333333
1071729215;2021-02-01 15:30:00;2021-02-01 16:00:00;108.76666666666667
1071729215;2021-02-01 16:00:00;2021-02-01 16:30:00;98.26666666666667
1071729215;2021-02-01 16:30:00;2021-02-01 17:00:00;101.8
1071729215;2021-02-01 17:00:00;2021-02-01 17:30:00;101.33333333333333
1071729215;2021-02-01 17:30:00;2021-02-01 18:00:00;96.8
1071729215;2021-02-01 18:00:00;2021-02-01 18:30:00;100.4
1071729215;2021-02-01 18:30:00;2021-02-01 19:00:00;92.7
1071729215;2021-02-01 19:00:00;2021-02-01 19:30:00;93.2
1071729215;2021-02-01 19:30:00;2021-02-01 20:00:00;93.03333333333333
1071729215;2021-02-01 20:00:00;2021-02-01 20:30:00;108.33333333333333
1071729215;2021-02-01 20:30:00;2021-02-01 21:00:00;105.16666666666667
1071729215;2021-02-01 21:00:00;2021-02-01 21:30:00;102.36666666666666
1071729215;2021-02-01 21:30:00;2021-02-01 22:00:00;97.16666666666667
1071729215;2021-02-01 22:00:00;2021-02-01 22:30:00;84.2
1071729215;2021-02-01 22:30:00;2021-02-01 23:00:00;77.9
1071729215;2021-02-01 23:00:00;2021-02-01 23:30:00;97.2
1071729215;2021-02-01 23:30:00;2021-02-01 23:59:59;99.1
1071729215;2021-02-02 00:00:00;2021-02-02 00:30:00;97.0
1071729215;2021-02-02 00:30:00;2021-02-02 01:00:00;101.0
1071729215;2021-02-02 01:00:00;2021-02-02 01:30:00;101.0
1071729215;2021-02-02 01:30:00;2021-02-02 02:00:00;101.0
1071729215;2021-02-02 02:00:00;2021-02-02 02:30:00;101.0
1071729215;2021-02-02 02:30:00;2021-02-02 03:00:00;94.83333333333333
1071729215;2021-02-02 03:00:00;2021-02-02 03:30:00;100.43333333333334
1071729215;2021-02-02 03:30:00;2021-02-02 04:00:00;97.4
1071729215;2021-02-02 04:00:00;2021-02-02 04:30:00;90.26666666666667
1071729215;2021-02-02 04:30:00;2021-02-02 05:00:00;90.23333333333333
1071729215;2021-02-02 05:00:00;2021-02-02 05:30:00;93.76666666666667
1071729215;2021-02-02 05:30:00;2021-02-02 06:00:00;97.4
1071729215;2021-02-02 06:00:00;2021-02-02 06:30:00;89.56666666666666
1071729215;2021-02-02 06:30:00;2021-02-02 07:00:00;90.66666666666667
1071729215;2021-02-02 07:00:00;2021-02-02 07:30:00;87.86666666666666
1071729215;2021-02-02 07:30:00;2021-02-02 08:00:00;89.1
1071729215;2021-02-02 08:00:00;2021-02-02 08:30:00;94.56666666666666
1071729215;2021-02-02 08:30:00;2021-02-02 09:00:00;89.03333333333333
1071729215;2021-02-02 09:00:00;2021-02-02 09:30:00;95.63333333333334
1071729215;2021-02-02 09:30:00;2021-02-02 10:00:00;88.76666666666667
1071729215;2021-02-02 10:00:00;2021-02-02 10:30:00;101.23333333333333
1071729215;2021-02-02 10:30:00;2021-02-02 11:00:00;96.4
1071729215;2021-02-02 11:00:00;2021-02-02 11:30:00;95.2
1071729215;2021-02-02 11:30:00;2021-02-02 12:00:00;86.36666666666666
1071729215;2021-02-02 12:00:00;2021-02-02 12:30:00;86.2
1071729215;2021-02-02 12:30:00;2021-02-02 13:00:00;103.0
1071729215;2021-02-02 13:00:00;2021-02-02 13:30:00;85.26666666666667
1071729215;2021-02-02 13:30:00;2021-02-02 14:00:00;87.83333333333333
1071729215;2021-02-02 14:00:00;2021-02-02 14:30:00;92.56666666666666
1071729215;2021-02-02 14:30:00;2021-02-02 15:00:00;107.43333333333334
1071729215;2021-02-02 15:00:00;2021-02-02 15:30:00;98.53333333333333
1071729215;2021-02-02 15:30:00;2021-02-02 16:00:00;85.23333333333333
1071729215;2021-02-02 16:00:00;2021-02-02 16:30:00;77.6
1071729215;2021-02-02 16:30:00;2021-02-02 17:00:00;86.63333333333334
1071729215;2021-02-02 17:00:00;2021-02-02 17:30:00;87.33333333333333
1071729215;2021-02-02 17:30:00;2021-02-02 18:00:00;91.3
1071729215;2021-02-02 18:00:00;2021-02-02 18:30:00;90.53333333333333
1071729215;2021-02-02 18:30:00;2021-02-02 19:00:00;78.83333333333333
1071729215;2021-02-02 19:00:00;2021-02-02 19:30:00;87.0
1071729215;2021-02-02 19:30:00;2021-02-02 20:00:00;84.0
1071729215;2021-02-02 20:00:00;2021-02-02 20:30:00;88.86666666666666
1071729215;2021-02-02 20:30:00;2021-02-02 21:00:00;92.46666666666667
1071729215;2021-02-02 21:00:00;2021-02-02 21:30:00;91.26666666666667
1071729215;2021-02-02 21:30:00;2021-02-02 22:00:00;94.9
1071729215;2021-02-02 22:00:00;2021-02-02 22:30:00;93.06666666666666
1071729215;2021-02-02 22:30:00;2021-02-02 23:00:00;96.3
1071729215;2021-02-02 23:00:00;2021-02-02 23:30:00;98.63333333333334
1071729215;2021-02-02 23:30:00;2021-02-02 23:59:59;95.4
1071729215;2021-02-03 00:00:00;2021-02-03 00:30:00;92.56666666666666
1071729215;2021-02-03 00:30:00;2021-02-03 01:00:00;94.53333333333333
1071729215;2021-02-03 01:00:00;2021-02-03 01:30:00;97.26666666666667
1071729215;2021-02-03 01:30:00;2021-02-03 02:00:00;101.0
1071729215;2021-02-03 02:00:00;2021-02-03 02:30:00;101.0
1071729215;2021-02-03 02:30:00;2021-02-03 03:00:00;101.0
1071729215;2021-02-03 03:00:00;2021-02-03 03:30:00;91.86666666666666
1071729215;2021-02-03 03:30:00;2021-02-03 04:00:00;92.03333333333333
1071729215;2021-02-03 04:00:00;2021-02-03 04:30:00;89.46666666666667
1071729215;2021-02-03 04:30:00;2021-02-03 05:00:00;88.13333333333334
1071729215;2021-02-03 05:00:00;2021-02-03 05:30:00;98.5
1071729215;2021-02-03 05:30:00;2021-02-03 06:00:00;86.83333333333333
1071729215;2021-02-03 06:00:00;2021-02-03 06:30:00;95.2
1071729215;2021-02-03 06:30:00;2021-02-03 07:00:00;86.93333333333334
1071729215;2021-02-03 07:00:00;2021-02-03 07:30:00;85.56666666666666
1071729215;2021-02-03 07:30:00;2021-02-03 08:00:00;93.43333333333334
1071729215;2021-02-03 08:00:00;2021-02-03 08:30:00;93.0
1071729215;2021-02-03 08:30:00;2021-02-03 09:00:00;96.76666666666667
1071729215;2021-02-03 09:00:00;2021-02-03 09:30:00;101.8
1071729215;2021-02-03 09:30:00;2021-02-03 10:00:00;93.1
1071729215;2021-02-03 10:00:00;2021-02-03 10:30:00;87.9
1071729215;2021-02-03 10:30:00;2021-02-03 11:00:00;104.56666666666666
1071729215;2021-02-03 11:00:00;2021-02-03 11:30:00;88.7
1071729215;2021-02-03 11:30:00;2021-02-03 12:00:00;87.53333333333333
1071729215;2021-02-03 12:00:00;2021-02-03 12:30:00;89.96666666666667
1071729215;2021-02-03 12:30:00;2021-02-03 13:00:00;104.93333333333334
1071729215;2021-02-03 13:00:00;2021-02-03 13:30:00;92.3
1071729215;2021-02-03 13:30:00;2021-02-03 14:00:00;93.5
1071729215;2021-02-03 14:00:00;2021-02-03 14:30:00;101.9
1071729215;2021-02-03 14:30:00;2021-02-03 15:00:00;97.66666666666667
1071729215;2021-02-03 15:00:00;2021-02-03 15:30:00;97.93333333333334
1071729215;2021-02-03 15:30:00;2021-02-03 16:00:00;88.16666666666667
1071729215;2021-02-03 16:00:00;2021-02-03 16:30:00;83.4
1071729215;2021-02-03 16:30:00;2021-02-03 17:00:00;97.46666666666667
1071729215;2021-02-03 17:00:00;2021-02-03 17:30:00;84.5
1071729215;2021-02-03 17:30:00;2021-02-03 18:00:00;84.43333333333334
1071729215;2021-02-03 18:00:00;2021-02-03 18:30:00;86.53333333333333
1071729215;2021-02-03 18:30:00;2021-02-03 19:00:00;90.73333333333333
1071729215;2021-02-03 19:00:00;2021-02-03 19:30:00;90.03333333333333
1071729215;2021-02-03 19:30:00;2021-02-03 20:00:00;97.0
1071729215;2021-02-03 20:00:00;2021-02-03 20:30:00;101.93333333333334
1071729215;2021-02-03 20:30:00;2021-02-03 21:00:00;87.3
1071729215;2021-02-03 21:00:00;2021-02-03 21:30:00;97.8
1071729215;2021-02-03 21:30:00;2021-02-03 22:00:00;107.83333333333333
1071729215;2021-02-03 22:00:00;2021-02-03 22:30:00;98.13333333333334
1071729215;2021-02-03 22:30:00;2021-02-03 23:00:00;97.13333333333334
1071729215;2021-02-03 23:00:00;2021-02-03 23:30:00;76.83333333333333
1071729215;2021-02-03 23:30:00;2021-02-03 23:59:59;72.93333333333334
1071729215;2021-02-04 00:00:00;2021-02-04 00:30:00;81.72413793103448
1071729215;2021-02-04 00:30:00;2021-02-04 01:00:00;93.92857142857143
1071729215;2021-02-04 01:00:00;2021-02-04 01:30:00;101.0
1071729215;2021-02-04 01:30:00;2021-02-04 02:00:00;101.0
1071729215;2021-02-04 02:00:00;2021-02-04 02:30:00;101.0
1071729215;2021-02-04 02:30:00;2021-02-04 03:00:00;101.0
1071729215;2021-02-04 03:00:00;2021-02-04 03:30:00;101.0
1071729215;2021-02-04 03:30:00;2021-02-04 04:00:00;101.0
1071729215;2021-02-04 04:00:00;2021-02-04 04:30:00;100.63333333333334
1071729215;2021-02-04 04:30:00;2021-02-04 05:00:00;93.5
1071729215;2021-02-04 05:00:00;2021-02-04 05:30:00;88.53333333333333
1071729215;2021-02-04 05:30:00;2021-02-04 06:00:00;107.1
1071729215;2021-02-04 06:00:00;2021-02-04 06:30:00;100.86666666666666
1071729215;2021-02-04 06:30:00;2021-02-04 07:00:00;100.3
1071729215;2021-02-04 07:00:00;2021-02-04 07:30:00;98.13333333333334
1071729215;2021-02-04 07:30:00;2021-02-04 08:00:00;97.73333333333333
1071729215;2021-02-04 08:00:00;2021-02-04 08:30:00;85.9
1071729215;2021-02-04 08:30:00;2021-02-04 09:00:00;93.8
1071729215;2021-02-04 09:00:00;2021-02-04 09:30:00;92.96666666666667
1071729215;2021-02-04 09:30:00;2021-02-04 10:00:00;86.73333333333333
1071729215;2021-02-04 10:00:00;2021-02-04 10:30:00;92.5
1071729215;2021-02-04 10:30:00;2021-02-04 11:00:00;91.76666666666667
1071729215;2021-02-04 11:00:00;2021-02-04 11:30:00;97.76666666666667
1071729215;2021-02-04 11:30:00;2021-02-04 12:00:00;98.63333333333334
1071729215;2021-02-04 12:00:00;2021-02-04 12:30:00;94.76666666666667
1071729215;2021-02-04 12:30:00;2021-02-04 13:00:00;94.76666666666667
1071729215;2021-02-04 13:00:00;2021-02-04 13:30:00;87.63333333333334
1071729215;2021-02-04 13:30:00;2021-02-04 14:00:00;103.56666666666666
1071729215;2021-02-04 14:00:00;2021-02-04 14:30:00;94.56666666666666
1071729215;2021-02-04 14:30:00;2021-02-04 15:00:00;94.0
1071729215;2021-02-04 15:00:00;2021-02-04 15:30:00;104.23333333333333
1071729215;2021-02-04 15:30:00;2021-02-04 16:00:00;94.1
1071729215;2021-02-04 16:00:00;2021-02-04 16:30:00;94.13333333333334
1071729215;2021-02-04 16:30:00;2021-02-04 17:00:00;92.8
1071729215;2021-02-04 17:00:00;2021-02-04 17:30:00;88.83333333333333
1071729215;2021-02-04 17:30:00;2021-02-04 18:00:00;98.83333333333333
1071729215;2021-02-04 18:00:00;2021-02-04 18:30:00;93.73333333333333
1071729215;2021-02-04 18:30:00;2021-02-04 19:00:00;99.73333333333333
1071729215;2021-02-04 19:00:00;2021-02-04 19:30:00;89.1
1071729215;2021-02-04 19:30:00;2021-02-04 20:00:00;92.4
1071729215;2021-02-04 20:00:00;2021-02-04 20:30:00;98.46666666666667
1071729215;2021-02-04 20:30:00;2021-02-04 21:00:00;91.03333333333333
1071729215;2021-02-04 21:00:00;2021-02-04 21:30:00;100.93333333333334
1071729215;2021-02-04 21:30:00;2021-02-04 22:00:00;87.4
1071729215;2021-02-04 22:00:00;2021-02-04 22:30:00;96.6
1071729215;2021-02-04 22:30:00;2021-02-04 23:00:00;79.0
1071729215;2021-02-04 23:00:00;2021-02-04 23:30:00;83.9
1071729215;2021-02-04 23:30:00;2021-02-04 23:59:59;97.7
1071729215;2021-02-05 00:00:00;2021-02-05 00:30:00;101.0
1071729215;2021-02-05 00:30:00;2021-02-05 01:00:00;101.0
1071729215;2021-02-05 01:00:00;2021-02-05 01:30:00;101.0
1071729215;2021-02-05 01:30:00;2021-02-05 02:00:00;101.0
1071729215;2021-02-05 02:00:00;2021-02-05 02:30:00;101.0
1071729215;2021-02-05 02:30:00;2021-02-05 03:00:00;101.33333333333333
1071729215;2021-02-05 03:00:00;2021-02-05 03:30:00;88.03333333333333
1071729215;2021-02-05 03:30:00;2021-02-05 04:00:00;89.3
1071729215;2021-02-05 04:00:00;2021-02-05 04:30:00;74.4
1071729215;2021-02-05 04:30:00;2021-02-05 05:00:00;89.56666666666666
1071729215;2021-02-05 05:00:00;2021-02-05 05:30:00;90.0
1071729215;2021-02-05 05:30:00;2021-02-05 06:00:00;95.9
1071729215;2021-02-05 06:00:00;2021-02-05 06:30:00;107.63333333333334
1071729215;2021-02-05 06:30:00;2021-02-05 07:00:00;100.53333333333333
1071729215;2021-02-05 07:00:00;2021-02-05 07:30:00;97.5
1071729215;2021-02-05 07:30:00;2021-02-05 08:00:00;97.8
1071729215;2021-02-05 08:00:00;2021-02-05 08:30:00;99.6
1071729215;2021-02-05 08:30:00;2021-02-05 09:00:00;97.46666666666667
1071729215;2021-02-05 09:00:00;2021-02-05 09:30:00;104.06666666666666
1071729215;2021-02-05 09:30:00;2021-02-05 10:00:00;99.8
1071729215;2021-02-05 10:00:00;2021-02-05 10:30:00;93.9
1071729215;2021-02-05 10:30:00;2021-02-05 11:00:00;93.66666666666667
1071729215;2021-02-05 11:00:00;2021-02-05 11:30:00;106.86666666666666
1071729215;2021-02-05 11:30:00;2021-02-05 12:00:00;91.06666666666666
1071729215;2021-02-05 12:00:00;2021-02-05 12:30:00;69.33333333333333
1071729215;2021-02-05 12:30:00;2021-02-05 13:00:00;94.7
1071729215;2021-02-05 13:00:00;2021-02-05 13:30:00;99.86666666666666
1071729215;2021-02-05 13:30:00;2021-02-05 14:00:00;86.43333333333334
1071729215;2021-02-05 14:00:00;2021-02-05 14:30:00;89.86666666666666
1071729215;2021-02-05 14:30:00;2021-02-05 15:00:00;102.96666666666667
1071729215;2021-02-05 15:00:00;2021-02-05 15:30:00;96.66666666666667
1071729215;2021-02-05 15:30:00;2021-02-05 16:00:00;103.4
1071729215;2021-02-05 16:00:00;2021-02-05 16:30:00;96.73333333333333
1071729215;2021-02-05 16:30:00;2021-02-05 17:00:00;94.03333333333333
1071729215;2021-02-05 17:00:00;2021-02-05 17:30:00;106.56666666666666
1071729215;2021-02-05 17:30:00;2021-02-05 18:00:00;96.83333333333333
1071729215;2021-02-05 18:00:00;2021-02-05 18:30:00;87.2
1071729215;2021-02-05 18:30:00;2021-02-05 19:00:00;92.73333333333333
1071729215;2021-02-05 19:00:00;2021-02-05 19:30:00;101.86666666666666
1071729215;2021-02-05 19:30:00;2021-02-05 20:00:00;92.26666666666667
1071729215;2021-02-05 20:00:00;2021-02-05 20:30:00;95.9
1071729215;2021-02-05 20:30:00;2021-02-05 21:00:00;104.66666666666667
1071729215;2021-02-05 21:00:00;2021-02-05 21:30:00;89.06666666666666
1071729215;2021-02-05 21:30:00;2021-02-05 22:00:00;92.1
1071729215;2021-02-05 22:00:00;2021-02-05 22:30:00;94.96666666666667
1071729215;2021-02-05 22:30:00;2021-02-05 23:00:00;91.93333333333334
1071729215;2021-02-05 23:00:00;2021-02-05 23:30:00;84.4
1071729215;2021-02-05 23:30:00;2021-02-05 23:59:59;91.86666666666666
1071729215;2021-02-06 00:00:00;2021-02-06 00:30:00;105.0
1071729215;2021-02-06 00:30:00;2021-02-06 01:00:00;97.4
1071729215;2021-02-06 01:00:00;2021-02-06 01:30:00;101.0
1071729215;2021-02-06 01:30:00;2021-02-06 02:00:00;101.0
1071729215;2021-02-06 02:00:00;2021-02-06 02:30:00;101.0
1071729215;2021-02-06 02:30:00;2021-02-06 03:00:00;100.76666666666667
1071729215;2021-02-06 03:00:00;2021-02-06 03:30:00;101.0
1071729215;2021-02-06 03:30:00;2021-02-06 04:00:00;67.7
1071729215;2021-02-06 04:00:00;2021-02-06 04:30:00;65.96666666666667
1071729215;2021-02-06 04:30:00;2021-02-06 05:00:00;83.1
1071729215;2021-02-06 05:00:00;2021-02-06 05:30:00;91.96666666666667
1071729215;2021-02-06 05:30:00;2021-02-06 06:00:00;90.96666666666667
1071729215;2021-02-06 06:00:00;2021-02-06 06:30:00;96.06666666666666
1071729215;2021-02-06 06:30:00;2021-02-06 07:00:00;76.0
1071729215;2021-02-06 07:00:00;2021-02-06 07:30:00;85.43333333333334
1071729215;2021-02-06 07:30:00;2021-02-06 08:00:00;87.26666666666667
1071729215;2021-02-06 08:00:00;2021-02-06 08:30:00;82.0
1071729215;2021-02-06 08:30:00;2021-02-06 09:00:00;105.06666666666666
1071729215;2021-02-06 09:00:00;2021-02-06 09:30:00;104.9
1071729215;2021-02-06 09:30:00;2021-02-06 10:00:00;76.66666666666667
1071729215;2021-02-06 10:00:00;2021-02-06 10:30:00;96.3
1071729215;2021-02-06 10:30:00;2021-02-06 11:00:00;100.06666666666666
1071729215;2021-02-06 11:00:00;2021-02-06 11:30:00;99.66666666666667
1071729215;2021-02-06 11:30:00;2021-02-06 12:00:00;84.63333333333334
1071729215;2021-02-06 12:00:00;2021-02-06 12:30:00;96.6
1071729215;2021-02-06 12:30:00;2021-02-06 13:00:00;103.8
1071729215;2021-02-06 13:00:00;2021-02-06 13:30:00;95.06666666666666
1071729215;2021-02-06 13:30:00;2021-02-06 14:00:00;106.7
1071729215;2021-02-06 14:00:00;2021-02-06 14:30:00;100.13333333333334
1071729215;2021-02-06 14:30:00;2021-02-06 15:00:00;96.3
1071729215;2021-02-06 15:00:00;2021-02-06 15:30:00;94.83333333333333
1071729215;2021-02-06 15:30:00;2021-02-06 16:00:00;94.0
1071729215;2021-02-06 16:00:00;2021-02-06 16:30:00;89.1
1071729215;2021-02-06 16:30:00;2021-02-06 17:00:00;90.0
1071729215;2021-02-06 17:00:00;2021-02-06 17:30:00;108.43333333333334
1071729215;2021-02-06 17:30:00;2021-02-06 18:00:00;88.7
1071729215;2021-02-06 18:00:00;2021-02-06 18:30:00;90.03333333333333
1071729215;2021-02-06 18:30:00;2021-02-06 19:00:00;99.53333333333333
1071729215;2021-02-06 19:00:00;2021-02-06 19:30:00;104.7
1071729215;2021-02-06 19:30:00;2021-02-06 20:00:00;95.73333333333333
1071729215;2021-02-06 20:00:00;2021-02-06 20:30:00;101.26666666666667
1071729215;2021-02-06 20:30:00;2021-02-06 21:00:00;86.9
1071729215;2021-02-06 21:00:00;2021-02-06 21:30:00;96.8
1071729215;2021-02-06 21:30:00;2021-02-06 22:00:00;99.46666666666667
1071729215;2021-02-06 22:00:00;2021-02-06 22:30:00;98.06666666666666
1071729215;2021-02-06 22:30:00;2021-02-06 23:00:00;99.53333333333333
1071729215;2021-02-06 23:00:00;2021-02-06 23:30:00;92.0
1071729215;2021-02-06 23:30:00;2021-02-06 23:59:59;91.46666666666667
1071729215;2021-02-07 00:00:00;2021-02-07 00:30:00;79.4
1071729215;2021-02-07 00:30:00;2021-02-07 01:00:00;86.96666666666667
1071729215;2021-02-07 01:00:00;2021-02-07 01:30:00;96.6
1071729215;2021-02-07 01:30:00;2021-02-07 02:00:00;100.96666666666667
1071729215;2021-02-07 02:00:00;2021-02-07 02:30:00;101.0
1071729215;2021-02-07 02:30:00;2021-02-07 03:00:00;101.86666666666666
1071729215;2021-02-07 03:00:00;2021-02-07 03:30:00;109.46666666666667
1071729215;2021-02-07 03:30:00;2021-02-07 04:00:00;94.96666666666667
1071729215;2021-02-07 04:00:00;2021-02-07 04:30:00;92.2
1071729215;2021-02-07 04:30:00;2021-02-07 05:00:00;77.0
1071729215;2021-02-07 05:00:00;2021-02-07 05:30:00;80.4
1071729215;2021-02-07 05:30:00;2021-02-07 06:00:00;89.63333333333334
1071729215;2021-02-07 06:00:00;2021-02-07 06:30:00;90.2
1071729215;2021-02-07 06:30:00;2021-02-07 07:00:00;96.03333333333333
1071729215;2021-02-07 07:00:00;2021-02-07 07:30:00;93.03333333333333
1071729215;2021-02-07 07:30:00;2021-02-07 08:00:00;96.16666666666667
1071729215;2021-02-07 08:00:00;2021-02-07 08:30:00;94.0
1071729215;2021-02-07 08:30:00;2021-02-07 09:00:00;77.83333333333333
1071729215;2021-02-07 09:00:00;2021-02-07 09:30:00;85.7
1071729215;2021-02-07 09:30:00;2021-02-07 10:00:00;97.26666666666667
1071729215;2021-02-07 10:00:00;2021-02-07 10:30:00;104.6
1071729215;2021-02-07 10:30:00;2021-02-07 11:00:00;97.4
1071729215;2021-02-07 11:00:00;2021-02-07 11:30:00;112.83333333333333
1071729215;2021-02-07 11:30:00;2021-02-07 12:00:00;101.0
1071729215;2021-02-07 12:00:00;2021-02-07 12:30:00;103.26666666666667
1071729215;2021-02-07 12:30:00;2021-02-07 13:00:00;100.03333333333333
1071729215;2021-02-07 13:00:00;2021-02-07 13:30:00;82.43333333333334
1071729215;2021-02-07 13:30:00;2021-02-07 14:00:00;85.86666666666666
1071729215;2021-02-07 14:00:00;2021-02-07 14:30:00;85.1
1071729215;2021-02-07 14:30:00;2021-02-07 15:00:00;86.86206896551724
1071729215;2021-02-07 15:00:00;2021-02-07 15:30:00;85.5
1071729215;2021-02-07 15:30:00;2021-02-07 16:00:00;82.8
1071729215;2021-02-07 16:00:00;2021-02-07 16:30:00;76.8
1071729215;2021-02-07 16:30:00;2021-02-07 17:00:00;64.7
1071729215;2021-02-07 17:00:00;2021-02-07 17:30:00;75.5
1071729215;2021-02-07 17:30:00;2021-02-07 18:00:00;74.56666666666666
1071729215;2021-02-07 18:00:00;2021-02-07 18:30:00;93.93333333333334
1071729215;2021-02-07 18:30:00;2021-02-07 19:00:00;86.06666666666666
1071729215;2021-02-07 19:00:00;2021-02-07 19:30:00;97.6
1071729215;2021-02-07 19:30:00;2021-02-07 20:00:00;105.46666666666667
1071729215;2021-02-07 20:00:00;2021-02-07 20:30:00;104.3
1071729215;2021-02-07 20:30:00;2021-02-07 21:00:00;107.66666666666667
1071729215;2021-02-07 21:00:00;2021-02-07 21:30:00;104.13333333333334
1071729215;2021-02-07 21:30:00;2021-02-07 22:00:00;109.23333333333333
1071729215;2021-02-07 22:00:00;2021-02-07 22:30:00;112.0
1071729215;2021-02-07 22:30:00;2021-02-07 23:00:00;133.4
1071729215;2021-02-07 23:00:00;2021-02-07 23:30:00;125.0
1071729215;2021-02-07 23:30:00;2021-02-07 23:59:59;100.96666666666667
1071729215;2021-02-08 00:00:00;2021-02-08 00:30:00;101.0
1071729215;2021-02-08 00:30:00;2021-02-08 01:00:00;101.0
1071729215;2021-02-08 01:00:00;2021-02-08 01:30:00;101.0
1071729215;2021-02-08 01:30:00;2021-02-08 02:00:00;101.0
1071729215;2021-02-08 02:00:00;2021-02-08 02:30:00;101.0
1071729215;2021-02-08 02:30:00;2021-02-08 03:00:00;101.0
1071729215;2021-02-08 03:00:00;2021-02-08 03:30:00;93.56666666666666
1071729215;2021-02-08 03:30:00;2021-02-08 04:00:00;102.53333333333333
1071729215;2021-02-08 04:00:00;2021-02-08 04:30:00;101.03333333333333
1071729215;2021-02-08 04:30:00;2021-02-08 05:00:00;95.33333333333333
1071729215;2021-02-08 05:00:00;2021-02-08 05:30:00;82.46666666666667
1071729215;2021-02-08 05:30:00;2021-02-08 06:00:00;101.43333333333334
1071729215;2021-02-08 06:00:00;2021-02-08 06:30:00;90.63333333333334
1071729215;2021-02-08 06:30:00;2021-02-08 07:00:00;96.03333333333333
1071729215;2021-02-08 07:00:00;2021-02-08 07:30:00;101.26666666666667
1071729215;2021-02-08 07:30:00;2021-02-08 08:00:00;95.43333333333334
1071729215;2021-02-08 08:00:00;2021-02-08 08:30:00;107.93333333333334
1071729215;2021-02-08 08:30:00;2021-02-08 09:00:00;102.7
1071729215;2021-02-08 09:00:00;2021-02-08 09:30:00;90.03333333333333
1071729215;2021-02-08 09:30:00;2021-02-08 10:00:00;94.03333333333333
1071729215;2021-02-08 10:00:00;2021-02-08 10:30:00;94.2
1071729215;2021-02-08 10:30:00;2021-02-08 11:00:00;100.83333333333333
1071729215;2021-02-08 11:00:00;2021-02-08 11:30:00;104.33333333333333
1071729215;2021-02-08 11:30:00;2021-02-08 12:00:00;89.83333333333333
1071729215;2021-02-08 12:00:00;2021-02-08 12:30:00;93.16666666666667
1071729215;2021-02-08 12:30:00;2021-02-08 13:00:00;91.4
1071729215;2021-02-08 13:00:00;2021-02-08 13:30:00;92.6
1071729215;2021-02-08 13:30:00;2021-02-08 14:00:00;96.1
1071729215;2021-02-08 14:00:00;2021-02-08 14:30:00;89.06666666666666
1071729215;2021-02-08 14:30:00;2021-02-08 15:00:00;86.86666666666666
1071729215;2021-02-08 15:00:00;2021-02-08 15:30:00;92.86666666666666
1071729215;2021-02-08 15:30:00;2021-02-08 16:00:00;90.4
1071729215;2021-02-08 16:00:00;2021-02-08 16:30:00;97.03333333333333
1071729215;2021-02-08 16:30:00;2021-02-08 17:00:00;96.9
1071729215;2021-02-08 17:00:00;2021-02-08 17:30:00;90.53333333333333
1071729215;2021-02-08 17:30:00;2021-02-08 18:00:00;99.23333333333333
1071729215;2021-02-08 18:00:00;2021-02-08 18:30:00;90.43333333333334
1071729215;2021-02-08 18:30:00;2021-02-08 19:00:00;102.7
1071729215;2021-02-08 19:00:00;2021-02-08 19:30:00;59.4
1071729215;2021-02-08 19:30:00;2021-02-08 20:00:00;94.03333333333333
1071729215;2021-02-08 20:00:00;2021-02-08 20:30:00;95.2
1071729215;2021-02-08 20:30:00;2021-02-08 21:00:00;89.7
1071729215;2021-02-08 21:00:00;2021-02-08 21:30:00;80.16666666666667
1071729215;2021-02-08 21:30:00;2021-02-08 22:00:00;80.93333333333334
1071729215;2021-02-08 22:00:00;2021-02-08 22:30:00;100.5
1071729215;2021-02-08 22:30:00;2021-02-08 23:00:00;87.0
1071729215;2021-02-08 23:00:00;2021-02-08 23:30:00;88.66666666666667
1071729215;2021-02-08 23:30:00;2021-02-08 23:59:59;96.13333333333334
1071729215;2021-02-09 00:00:00;2021-02-09 00:30:00;92.3
1071729215;2021-02-09 00:30:00;2021-02-09 01:00:00;86.83333333333333
1071729215;2021-02-09 01:00:00;2021-02-09 01:30:00;76.4
1071729215;2021-02-09 01:30:00;2021-02-09 02:00:00;84.4
1071729215;2021-02-09 02:00:00;2021-02-09 02:30:00;99.53333333333333
1071729215;2021-02-09 02:30:00;2021-02-09 03:00:00;101.0
1071729215;2021-02-09 03:00:00;2021-02-09 03:30:00;101.0
1071729215;2021-02-09 03:30:00;2021-02-09 04:00:00;101.0
1071729215;2021-02-09 04:00:00;2021-02-09 04:30:00;93.0
1071729215;2021-02-09 04:30:00;2021-02-09 05:00:00;92.8
1071729215;2021-02-09 05:00:00;2021-02-09 05:30:00;94.56666666666666
1071729215;2021-02-09 05:30:00;2021-02-09 06:00:00;88.13333333333334
1071729215;2021-02-09 06:00:00;2021-02-09 06:30:00;91.7
1071729215;2021-02-09 06:30:00;2021-02-09 07:00:00;61.46666666666667
1071729215;2021-02-09 07:00:00;2021-02-09 07:30:00;92.93333333333334
1071729215;2021-02-09 07:30:00;2021-02-09 08:00:00;92.03333333333333
1071729215;2021-02-09 08:00:00;2021-02-09 08:30:00;92.63333333333334
1071729215;2021-02-09 08:30:00;2021-02-09 09:00:00;92.43333333333334
1071729215;2021-02-09 09:00:00;2021-02-09 09:30:00;89.03333333333333
1071729215;2021-02-09 09:30:00;2021-02-09 10:00:00;91.8
1071729215;2021-02-09 10:00:00;2021-02-09 10:30:00;88.7
1071729215;2021-02-09 10:30:00;2021-02-09 11:00:00;87.0
1071729215;2021-02-09 11:00:00;2021-02-09 11:30:00;95.73333333333333
1071729215;2021-02-09 11:30:00;2021-02-09 12:00:00;94.3
1071729215;2021-02-09 12:00:00;2021-02-09 12:30:00;94.06666666666666
1071729215;2021-02-09 12:30:00;2021-02-09 13:00:00;88.36666666666666
1071729215;2021-02-09 13:00:00;2021-02-09 13:30:00;96.16666666666667
1071729215;2021-02-09 13:30:00;2021-02-09 14:00:00;93.26666666666667
1071729215;2021-02-09 14:00:00;2021-02-09 14:30:00;91.06666666666666
1071729215;2021-02-09 14:30:00;2021-02-09 15:00:00;105.56666666666666
1071729215;2021-02-09 15:00:00;2021-02-09 15:30:00;92.03333333333333
1071729215;2021-02-09 15:30:00;2021-02-09 16:00:00;89.2
1071729215;2021-02-09 16:00:00;2021-02-09 16:30:00;100.33333333333333
1071729215;2021-02-09 16:30:00;2021-02-09 17:00:00;84.26666666666667
1071729215;2021-02-09 17:00:00;2021-02-09 17:30:00;92.06666666666666
1071729215;2021-02-09 17:30:00;2021-02-09 18:00:00;99.6
1071729215;2021-02-09 18:00:00;2021-02-09 18:30:00;92.13333333333334
1071729215;2021-02-09 18:30:00;2021-02-09 19:00:00;96.76666666666667
1071729215;2021-02-09 19:00:00;2021-02-09 19:30:00;94.03333333333333
1071729215;2021-02-09 19:30:00;2021-02-09 20:00:00;96.9
1071729215;2021-02-09 20:00:00;2021-02-09 20:30:00;93.9
1071729215;2021-02-09 20:30:00;2021-02-09 21:00:00;92.33333333333333
1071729215;2021-02-09 21:00:00;2021-02-09 21:30:00;99.3
1071729215;2021-02-09 21:30:00;2021-02-09 22:00:00;89.23333333333333
1071729215;2021-02-09 22:00:00;2021-02-09 22:30:00;89.73333333333333
1071729215;2021-02-09 22:30:00;2021-02-09 23:00:00;95.06666666666666
1071729215;2021-02-09 23:00:00;2021-02-09 23:30:00;96.43333333333334
1071729215;2021-02-09 23:30:00;2021-02-09 23:59:59;84.9
1071729215;2021-02-10 00:00:00;2021-02-10 00:30:00;88.0
1071729215;2021-02-10 00:30:00;2021-02-10 01:00:00;97.0
1071729215;2021-02-10 01:00:00;2021-02-10 01:30:00;93.63333333333334
1071729215;2021-02-10 01:30:00;2021-02-10 02:00:00;101.0
1071729215;2021-02-10 02:00:00;2021-02-10 02:30:00;96.9
1071729215;2021-02-10 02:30:00;2021-02-10 03:00:00;99.73333333333333
1071729215;2021-02-10 03:00:00;2021-02-10 03:30:00;92.33333333333333
1071729215;2021-02-10 03:30:00;2021-02-10 04:00:00;97.4
1071729215;2021-02-10 04:00:00;2021-02-10 04:30:00;88.9
1071729215;2021-02-10 04:30:00;2021-02-10 05:00:00;88.73333333333333
1071729215;2021-02-10 05:00:00;2021-02-10 05:30:00;93.03333333333333
1071729215;2021-02-10 05:30:00;2021-02-10 06:00:00;100.0
1071729215;2021-02-10 06:00:00;2021-02-10 06:30:00;84.76666666666667
1071729215;2021-02-10 06:30:00;2021-02-10 07:00:00;89.0
1071729215;2021-02-10 07:00:00;2021-02-10 07:30:00;85.8
1071729215;2021-02-10 07:30:00;2021-02-10 08:00:00;97.53333333333333
1071729215;2021-02-10 08:00:00;2021-02-10 08:30:00;92.93333333333334
1071729215;2021-02-10 08:30:00;2021-02-10 09:00:00;86.96666666666667
1071729215;2021-02-10 09:00:00;2021-02-10 09:30:00;80.93333333333334
1071729215;2021-02-10 09:30:00;2021-02-10 10:00:00;103.63333333333334
1071729215;2021-02-10 10:00:00;2021-02-10 10:30:00;89.06666666666666
1071729215;2021-02-10 10:30:00;2021-02-10 11:00:00;88.6
1071729215;2021-02-10 11:00:00;2021-02-10 11:30:00;91.66666666666667
1071729215;2021-02-10 11:30:00;2021-02-10 12:00:00;89.73333333333333
1071729215;2021-02-10 12:00:00;2021-02-10 12:30:00;107.13333333333334
1071729215;2021-02-10 12:30:00;2021-02-10 13:00:00;96.73333333333333
1071729215;2021-02-10 13:00:00;2021-02-10 13:30:00;101.3
1071729215;2021-02-10 13:30:00;2021-02-10 14:00:00;85.16666666666667
1071729215;2021-02-10 14:00:00;2021-02-10 14:30:00;92.73333333333333
1071729215;2021-02-10 14:30:00;2021-02-10 15:00:00;86.76666666666667
1071729215;2021-02-10 15:00:00;2021-02-10 15:30:00;79.13333333333334
1071729215;2021-02-10 15:30:00;2021-02-10 16:00:00;56.43333333333333
1071729215;2021-02-10 16:00:00;2021-02-10 16:30:00;53.4
1071729215;2021-02-10 16:30:00;2021-02-10 17:00:00;49.9
1071729215;2021-02-10 17:00:00;2021-02-10 17:30:00;53.86666666666667
1071729215;2021-02-10 17:30:00;2021-02-10 18:00:00;80.36666666666666
1071729215;2021-02-10 18:00:00;2021-02-10 18:30:00;86.33333333333333
1071729215;2021-02-10 18:30:00;2021-02-10 19:00:00;78.03333333333333
1071729215;2021-02-10 19:00:00;2021-02-10 19:30:00;84.8
1071729215;2021-02-10 19:30:00;2021-02-10 20:00:00;69.86666666666666
1071729215;2021-02-10 20:00:00;2021-02-10 20:30:00;87.9
1071729215;2021-02-10 20:30:00;2021-02-10 21:00:00;75.13333333333334
1071729215;2021-02-10 21:00:00;2021-02-10 21:30:00;75.5
1071729215;2021-02-10 21:30:00;2021-02-10 22:00:00;106.06666666666666
1071729215;2021-02-10 22:00:00;2021-02-10 22:30:00;98.6
1071729215;2021-02-10 22:30:00;2021-02-10 23:00:00;84.76666666666667
1071729215;2021-02-10 23:00:00;2021-02-10 23:30:00;92.53333333333333
1071729215;2021-02-10 23:30:00;2021-02-10 23:59:59;92.63333333333334
1071729215;2021-02-11 00:00:00;2021-02-11 00:30:00;99.06666666666666
1071729215;2021-02-11 00:30:00;2021-02-11 01:00:00;97.53333333333333
1071729215;2021-02-11 01:00:00;2021-02-11 01:30:00;98.5
1071729215;2021-02-11 01:30:00;2021-02-11 02:00:00;101.0
1071729215;2021-02-11 02:00:00;2021-02-11 02:30:00;91.0
1071729215;2021-02-11 02:30:00;2021-02-11 03:00:00;101.0
1071729215;2021-02-11 03:00:00;2021-02-11 03:30:00;97.26666666666667
1071729215;2021-02-11 03:30:00;2021-02-11 04:00:00;93.26666666666667
1071729215;2021-02-11 04:00:00;2021-02-11 04:30:00;88.76666666666667
1071729215;2021-02-11 04:30:00;2021-02-11 05:00:00;86.93333333333334
1071729215;2021-02-11 05:00:00;2021-02-11 05:30:00;96.86666666666666
1071729215;2021-02-11 05:30:00;2021-02-11 06:00:00;92.6
1071729215;2021-02-11 06:00:00;2021-02-11 06:30:00;100.66666666666667
1071729215;2021-02-11 06:30:00;2021-02-11 07:00:00;102.93333333333334
1071729215;2021-02-11 07:00:00;2021-02-11 07:30:00;98.93333333333334
1071729215;2021-02-11 07:30:00;2021-02-11 08:00:00;93.36666666666666
1071729215;2021-02-11 08:00:00;2021-02-11 08:30:00;93.89655172413794
1071729215;2021-02-11 08:30:00;2021-02-11 09:00:00;94.73333333333333
1071729215;2021-02-11 09:00:00;2021-02-11 09:30:00;87.8
1071729215;2021-02-11 09:30:00;2021-02-11 10:00:00;89.16666666666667
1071729215;2021-02-11 10:00:00;2021-02-11 10:30:00;90.13333333333334
1071729215;2021-02-11 10:30:00;2021-02-11 11:00:00;88.5
1071729215;2021-02-11 11:00:00;2021-02-11 11:30:00;90.5
1071729215;2021-02-11 11:30:00;2021-02-11 12:00:00;100.76666666666667
1071729215;2021-02-11 12:00:00;2021-02-11 12:30:00;89.1
1071729215;2021-02-11 12:30:00;2021-02-11 13:00:00;88.73333333333333
1071729215;2021-02-11 13:00:00;2021-02-11 13:30:00;95.56666666666666
1071729215;2021-02-11 13:30:00;2021-02-11 14:00:00;97.43333333333334
1071729215;2021-02-11 14:00:00;2021-02-11 14:30:00;96.13333333333334
1071729215;2021-02-11 14:30:00;2021-02-11 15:00:00;87.9
1071729215;2021-02-11 15:00:00;2021-02-11 15:30:00;81.03333333333333
1071729215;2021-02-11 15:30:00;2021-02-11 16:00:00;83.63333333333334
1071729215;2021-02-11 16:00:00;2021-02-11 16:30:00;87.56666666666666
1071729215;2021-02-11 16:30:00;2021-02-11 17:00:00;101.03333333333333
1071729215;2021-02-11 17:00:00;2021-02-11 17:30:00;91.0
1071729215;2021-02-11 17:30:00;2021-02-11 18:00:00;90.86666666666666
1071729215;2021-02-11 18:00:00;2021-02-11 18:30:00;91.86666666666666
1071729215;2021-02-11 18:30:00;2021-02-11 19:00:00;90.7
1071729215;2021-02-11 19:00:00;2021-02-11 19:30:00;94.13333333333334
1071729215;2021-02-11 19:30:00;2021-02-11 20:00:00;95.13333333333334
1071729215;2021-02-11 20:00:00;2021-02-11 20:30:00;101.4
1071729215;2021-02-11 20:30:00;2021-02-11 21:00:00;103.66666666666667
1071729215;2021-02-11 21:00:00;2021-02-11 21:30:00;96.93333333333334
1071729215;2021-02-11 21:30:00;2021-02-11 22:00:00;95.56666666666666
1071729215;2021-02-11 22:00:00;2021-02-11 22:30:00;97.66666666666667
1071729215;2021-02-11 22:30:00;2021-02-11 23:00:00;82.66666666666667
1071729215;2021-02-11 23:00:00;2021-02-11 23:30:00;100.53333333333333
1071729215;2021-02-11 23:30:00;2021-02-11 23:59:59;91.73333333333333
1071729215;2021-02-12 00:00:00;2021-02-12 00:30:00;87.8
1071729215;2021-02-12 00:30:00;2021-02-12 01:00:00;79.23333333333333
1071729215;2021-02-12 01:00:00;2021-02-12 01:30:00;84.8
1071729215;2021-02-12 01:30:00;2021-02-12 02:00:00;94.6
1071729215;2021-02-12 02:00:00;2021-02-12 02:30:00;101.0
1071729215;2021-02-12 02:30:00;2021-02-12 03:00:00;101.0
1071729215;2021-02-12 03:00:00;2021-02-12 03:30:00;101.0
1071729215;2021-02-12 03:30:00;2021-02-12 04:00:00;101.0
1071729215;2021-02-12 04:00:00;2021-02-12 04:30:00;100.0
1071729215;2021-02-12 04:30:00;2021-02-12 05:00:00;100.0
1071729215;2021-02-12 05:00:00;2021-02-12 05:30:00;90.7
1071729215;2021-02-12 05:30:00;2021-02-12 06:00:00;99.76666666666667
1071729215;2021-02-12 06:00:00;2021-02-12 06:30:00;105.16666666666667
1071729215;2021-02-12 06:30:00;2021-02-12 07:00:00;99.96666666666667
1071729215;2021-02-12 07:00:00;2021-02-12 07:30:00;106.46666666666667
1071729215;2021-02-12 07:30:00;2021-02-12 08:00:00;91.13333333333334
1071729215;2021-02-12 08:00:00;2021-02-12 08:30:00;97.36666666666666
1071729215;2021-02-12 08:30:00;2021-02-12 09:00:00;92.4
1071729215;2021-02-12 09:00:00;2021-02-12 09:30:00;96.46666666666667
1071729215;2021-02-12 09:30:00;2021-02-12 10:00:00;96.6
1071729215;2021-02-12 10:00:00;2021-02-12 10:30:00;66.03333333333333
1071729215;2021-02-12 10:30:00;2021-02-12 11:00:00;19.466666666666665
1071729215;2021-02-12 11:00:00;2021-02-12 11:30:00;29.7
1071729215;2021-02-12 11:30:00;2021-02-12 12:00:00;78.9
1071729215;2021-02-12 12:00:00;2021-02-12 12:30:00;83.33333333333333
1071729215;2021-02-12 12:30:00;2021-02-12 13:00:00;83.0
1071729215;2021-02-12 13:00:00;2021-02-12 13:30:00;86.03333333333333
1071729215;2021-02-12 13:30:00;2021-02-12 14:00:00;78.73333333333333
1071729215;2021-02-12 14:00:00;2021-02-12 14:30:00;56.833333333333336
1071729215;2021-02-12 14:30:00;2021-02-12 15:00:00;100.26666666666667
1071729215;2021-02-12 15:00:00;2021-02-12 15:30:00;92.0
1071729215;2021-02-12 15:30:00;2021-02-12 16:00:00;93.13333333333334
1071729215;2021-02-12 16:00:00;2021-02-12 16:30:00;81.0
1071729215;2021-02-12 16:30:00;2021-02-12 17:00:00;89.4
1071729215;2021-02-12 17:00:00;2021-02-12 17:30:00;102.9
1071729215;2021-02-12 17:30:00;2021-02-12 18:00:00;93.2
1071729215;2021-02-12 18:00:00;2021-02-12 18:30:00;96.1
1071729215;2021-02-12 18:30:00;2021-02-12 19:00:00;93.0
1071729215;2021-02-12 19:00:00;2021-02-12 19:30:00;80.26666666666667
1071729215;2021-02-12 19:30:00;2021-02-12 20:00:00;89.26666666666667
1071729215;2021-02-12 20:00:00;2021-02-12 20:30:00;88.2
1071729215;2021-02-12 20:30:00;2021-02-12 21:00:00;87.83333333333333
1071729215;2021-02-12 21:00:00;2021-02-12 21:30:00;94.3
1071729215;2021-02-12 21:30:00;2021-02-12 22:00:00;86.3
1071729215;2021-02-12 22:00:00;2021-02-12 22:30:00;91.83333333333333
1071729215;2021-02-12 22:30:00;2021-02-12 23:00:00;99.76666666666667
1071729215;2021-02-12 23:00:00;2021-02-12 23:30:00;101.53333333333333
1071729215;2021-02-12 23:30:00;2021-02-12 23:59:59;91.26666666666667
1071729215;2021-02-13 00:00:00;2021-02-13 00:30:00;95.13333333333334
1071729215;2021-02-13 00:30:00;2021-02-13 01:00:00;79.7
1071729215;2021-02-13 01:00:00;2021-02-13 01:30:00;86.73333333333333
1071729215;2021-02-13 01:30:00;2021-02-13 02:00:00;90.8
1071729215;2021-02-13 02:00:00;2021-02-13 02:30:00;100.16666666666667
1071729215;2021-02-13 02:30:00;2021-02-13 03:00:00;97.46666666666667
1071729215;2021-02-13 03:00:00;2021-02-13 03:30:00;101.0
1071729215;2021-02-13 03:30:00;2021-02-13 04:00:00;91.2
1071729215;2021-02-13 04:00:00;2021-02-13 04:30:00;87.1
1071729215;2021-02-13 04:30:00;2021-02-13 05:00:00;91.66666666666667
1071729215;2021-02-13 05:00:00;2021-02-13 05:30:00;92.13333333333334
1071729215;2021-02-13 05:30:00;2021-02-13 06:00:00;105.26666666666667
1071729215;2021-02-13 06:00:00;2021-02-13 06:30:00;96.66666666666667
1071729215;2021-02-13 06:30:00;2021-02-13 07:00:00;97.26666666666667
1071729215;2021-02-13 07:00:00;2021-02-13 07:30:00;105.0
1071729215;2021-02-13 07:30:00;2021-02-13 08:00:00;99.6
1071729215;2021-02-13 08:00:00;2021-02-13 08:30:00;106.0
1071729215;2021-02-13 08:30:00;2021-02-13 09:00:00;106.23333333333333
1071729215;2021-02-13 09:00:00;2021-02-13 09:30:00;97.63333333333334
1071729215;2021-02-13 09:30:00;2021-02-13 10:00:00;110.7
1071729215;2021-02-13 10:00:00;2021-02-13 10:30:00;110.43333333333334
1071729215;2021-02-13 10:30:00;2021-02-13 11:00:00;94.53333333333333
1071729215;2021-02-13 11:00:00;2021-02-13 11:30:00;91.92857142857143
1071729215;2021-02-13 11:30:00;2021-02-13 12:00:00;101.63333333333334
1071729215;2021-02-13 12:00:00;2021-02-13 12:30:00;98.46666666666667
1071729215;2021-02-13 12:30:00;2021-02-13 13:00:00;101.86666666666666
1071729215;2021-02-13 13:00:00;2021-02-13 13:30:00;103.96666666666667
1071729215;2021-02-13 13:30:00;2021-02-13 14:00:00;99.53333333333333
1071729215;2021-02-13 14:00:00;2021-02-13 14:30:00;107.66666666666667
1071729215;2021-02-13 14:30:00;2021-02-13 15:00:00;101.53333333333333
1071729215;2021-02-13 15:00:00;2021-02-13 15:30:00;105.73333333333333
1071729215;2021-02-13 15:30:00;2021-02-13 16:00:00;91.53333333333333
1071729215;2021-02-13 16:00:00;2021-02-13 16:30:00;99.2
1071729215;2021-02-13 16:30:00;2021-02-13 17:00:00;97.3
1071729215;2021-02-13 17:00:00;2021-02-13 17:30:00;94.4
1071729215;2021-02-13 17:30:00;2021-02-13 18:00:00;93.36666666666666
1071729215;2021-02-13 18:00:00;2021-02-13 18:30:00;102.83333333333333
1071729215;2021-02-13 18:30:00;2021-02-13 19:00:00;98.76666666666667
1071729215;2021-02-13 19:00:00;2021-02-13 19:30:00;101.6
1071729215;2021-02-13 19:30:00;2021-02-13 20:00:00;118.6
1071729215;2021-02-13 20:00:00;2021-02-13 20:30:00;109.5
1071729215;2021-02-13 20:30:00;2021-02-13 21:00:00;105.96666666666667
1071729215;2021-02-13 21:00:00;2021-02-13 21:30:00;104.4
1071729215;2021-02-13 21:30:00;2021-02-13 22:00:00;101.83333333333333
1071729215;2021-02-13 22:00:00;2021-02-13 22:30:00;100.3
1071729215;2021-02-13 22:30:00;2021-02-13 23:00:00;76.23333333333333
1071729215;2021-02-13 23:00:00;2021-02-13 23:30:00;96.66666666666667
1071729215;2021-02-13 23:30:00;2021-02-13 23:59:59;101.33333333333333
1071729215;2021-02-14 00:00:00;2021-02-14 00:30:00;101.0
1071729215;2021-02-14 00:30:00;2021-02-14 01:00:00;101.0
1071729215;2021-02-14 01:00:00;2021-02-14 01:30:00;101.0
1071729215;2021-02-14 01:30:00;2021-02-14 02:00:00;93.4
1071729215;2021-02-14 02:00:00;2021-02-14 02:30:00;101.0
1071729215;2021-02-14 02:30:00;2021-02-14 03:00:00;101.0
1071729215;2021-02-14 03:00:00;2021-02-14 03:30:00;101.0
1071729215;2021-02-14 03:30:00;2021-02-14 04:00:00;108.06666666666666
1071729215;2021-02-14 04:00:00;2021-02-14 04:30:00;95.0
1071729215;2021-02-14 04:30:00;2021-02-14 05:00:00;102.4
1071729215;2021-02-14 05:00:00;2021-02-14 05:30:00;93.46666666666667
1071729215;2021-02-14 05:30:00;2021-02-14 06:00:00;92.6
1071729215;2021-02-14 06:00:00;2021-02-14 06:30:00;92.33333333333333
1071729215;2021-02-14 06:30:00;2021-02-14 07:00:00;87.9
1071729215;2021-02-14 07:00:00;2021-02-14 07:30:00;103.1
1071729215;2021-02-14 07:30:00;2021-02-14 08:00:00;100.03333333333333
1071729215;2021-02-14 08:00:00;2021-02-14 08:30:00;92.53333333333333
1071729215;2021-02-14 08:30:00;2021-02-14 09:00:00;98.13333333333334
1071729215;2021-02-14 09:00:00;2021-02-14 09:30:00;96.0
1071729215;2021-02-14 09:30:00;2021-02-14 10:00:00;108.8
1071729215;2021-02-14 10:00:00;2021-02-14 10:30:00;116.26666666666667
1071729215;2021-02-14 10:30:00;2021-02-14 11:00:00;101.5
1071729215;2021-02-14 11:00:00;2021-02-14 11:30:00;99.56666666666666
1071729215;2021-02-14 11:30:00;2021-02-14 12:00:00;107.26666666666667
1071729215;2021-02-14 12:00:00;2021-02-14 12:30:00;101.9
1071729215;2021-02-14 12:30:00;2021-02-14 13:00:00;99.9
1071729215;2021-02-14 13:00:00;2021-02-14 13:30:00;91.8
1071729215;2021-02-14 13:30:00;2021-02-14 14:00:00;90.2
1071729215;2021-02-14 14:00:00;2021-02-14 14:30:00;90.13333333333334
1071729215;2021-02-14 14:30:00;2021-02-14 15:00:00;92.06666666666666
1071729215;2021-02-14 15:00:00;2021-02-14 15:30:00;89.96666666666667
1071729215;2021-02-14 15:30:00;2021-02-14 16:00:00;87.26666666666667
1071729215;2021-02-14 16:00:00;2021-02-14 16:30:00;92.6
1071729215;2021-02-14 16:30:00;2021-02-14 17:00:00;82.46666666666667
1071729215;2021-02-14 17:00:00;2021-02-14 17:30:00;91.63333333333334
1071729215;2021-02-14 17:30:00;2021-02-14 18:00:00;88.33333333333333
1071729215;2021-02-14 18:00:00;2021-02-14 18:30:00;83.46666666666667
1071729215;2021-02-14 18:30:00;2021-02-14 19:00:00;102.0
1071729215;2021-02-14 19:00:00;2021-02-14 19:30:00;94.86666666666666
1071729215;2021-02-14 19:30:00;2021-02-14 20:00:00;98.63333333333334
1071729215;2021-02-14 20:00:00;2021-02-14 20:30:00;108.06666666666666
1071729215;2021-02-14 20:30:00;2021-02-14 21:00:00;103.23333333333333
1071729215;2021-02-14 21:00:00;2021-02-14 21:30:00;105.96666666666667
1071729215;2021-02-14 21:30:00;2021-02-14 22:00:00;102.66666666666667
1071729215;2021-02-14 22:00:00;2021-02-14 22:30:00;108.93333333333334
1071729215;2021-02-14 22:30:00;2021-02-14 23:00:00;104.73333333333333
1071729215;2021-02-14 23:00:00;2021-02-14 23:30:00;101.0
1071729215;2021-02-14 23:30:00;2021-02-14 23:59:59;101.0
1071729215;2021-02-15 00:00:00;2021-02-15 00:30:00;104.63333333333334
1071729215;2021-02-15 00:30:00;2021-02-15 01:00:00;101.0
1071729215;2021-02-15 01:00:00;2021-02-15 01:30:00;101.0
1071729215;2021-02-15 01:30:00;2021-02-15 02:00:00;101.0
1071729215;2021-02-15 02:00:00;2021-02-15 02:30:00;101.0
1071729215;2021-02-15 02:30:00;2021-02-15 03:00:00;101.0
1071729215;2021-02-15 03:00:00;2021-02-15 03:30:00;109.53333333333333
1071729215;2021-02-15 03:30:00;2021-02-15 04:00:00;106.26666666666667
1071729215;2021-02-15 04:00:00;2021-02-15 04:30:00;106.46666666666667
1071729215;2021-02-15 04:30:00;2021-02-15 05:00:00;106.46666666666667
1071729215;2021-02-15 05:00:00;2021-02-15 05:30:00;104.56666666666666
1071729215;2021-02-15 05:30:00;2021-02-15 06:00:00;90.86666666666666
1071729215;2021-02-15 06:00:00;2021-02-15 06:30:00;95.93333333333334
1071729215;2021-02-15 06:30:00;2021-02-15 07:00:00;100.86666666666666
1071729215;2021-02-15 07:00:00;2021-02-15 07:30:00;96.9
1071729215;2021-02-15 07:30:00;2021-02-15 08:00:00;89.13333333333334
1071729215;2021-02-15 08:00:00;2021-02-15 08:30:00;91.0
1071729215;2021-02-15 08:30:00;2021-02-15 09:00:00;96.63333333333334
1071729215;2021-02-15 09:00:00;2021-02-15 09:30:00;92.26666666666667
1071729215;2021-02-15 09:30:00;2021-02-15 10:00:00;96.96666666666667
1071729215;2021-02-15 10:00:00;2021-02-15 10:30:00;95.4
1071729215;2021-02-15 10:30:00;2021-02-15 11:00:00;94.4
1071729215;2021-02-15 11:00:00;2021-02-15 11:30:00;107.16666666666667
1071729215;2021-02-15 11:30:00;2021-02-15 12:00:00;104.7
1071729215;2021-02-15 12:00:00;2021-02-15 12:30:00;106.4
1071729215;2021-02-15 12:30:00;2021-02-15 13:00:00;92.03333333333333
1071729215;2021-02-15 13:00:00;2021-02-15 13:30:00;95.35714285714286
1071729215;2021-02-15 13:30:00;2021-02-15 14:00:00;96.46666666666667
1071729215;2021-02-15 14:00:00;2021-02-15 14:30:00;89.03333333333333
1071729215;2021-02-15 14:30:00;2021-02-15 15:00:00;99.26666666666667
1071729215;2021-02-15 15:00:00;2021-02-15 15:30:00;104.33333333333333
1071729215;2021-02-15 15:30:00;2021-02-15 16:00:00;109.23333333333333
1071729215;2021-02-15 16:00:00;2021-02-15 16:30:00;93.1
1071729215;2021-02-15 16:30:00;2021-02-15 17:00:00;87.16666666666667
1071729215;2021-02-15 17:00:00;2021-02-15 17:30:00;102.46666666666667
1071729215;2021-02-15 17:30:00;2021-02-15 18:00:00;93.1
1071729215;2021-02-15 18:00:00;2021-02-15 18:30:00;98.9
1071729215;2021-02-15 18:30:00;2021-02-15 19:00:00;102.8
1071729215;2021-02-15 19:00:00;2021-02-15 19:30:00;98.2
1071729215;2021-02-15 19:30:00;2021-02-15 20:00:00;113.06666666666666
1071729215;2021-02-15 20:00:00;2021-02-15 20:30:00;115.06666666666666
1071729215;2021-02-15 20:30:00;2021-02-15 21:00:00;89.53333333333333
1071729215;2021-02-15 21:00:00;2021-02-15 21:30:00;95.43333333333334
1071729215;2021-02-15 21:30:00;2021-02-15 22:00:00;101.1
1071729215;2021-02-15 22:00:00;2021-02-15 22:30:00;109.76666666666667
1071729215;2021-02-15 22:30:00;2021-02-15 23:00:00;99.26666666666667
1071729215;2021-02-15 23:00:00;2021-02-15 23:30:00;102.8
1071729215;2021-02-15 23:30:00;2021-02-15 23:59:59;102.33333333333333
1071729215;2021-02-16 00:00:00;2021-02-16 00:30:00;101.0
1071729215;2021-02-16 00:30:00;2021-02-16 01:00:00;97.2
1071729215;2021-02-16 01:00:00;2021-02-16 01:30:00;101.0
1071729215;2021-02-16 01:30:00;2021-02-16 02:00:00;101.0
1071729215;2021-02-16 02:00:00;2021-02-16 02:30:00;101.0
1071729215;2021-02-16 02:30:00;2021-02-16 03:00:00;94.53333333333333
1071729215;2021-02-16 03:00:00;2021-02-16 03:30:00;96.2
1071729215;2021-02-16 03:30:00;2021-02-16 04:00:00;89.0
1071729215;2021-02-16 04:00:00;2021-02-16 04:30:00;89.4
1071729215;2021-02-16 04:30:00;2021-02-16 05:00:00;92.3
1071729215;2021-02-16 05:00:00;2021-02-16 05:30:00;96.16666666666667
1071729215;2021-02-16 05:30:00;2021-02-16 06:00:00;95.96666666666667
1071729215;2021-02-16 06:00:00;2021-02-16 06:30:00;101.26666666666667
1071729215;2021-02-16 06:30:00;2021-02-16 07:00:00;91.3
1071729215;2021-02-16 07:00:00;2021-02-16 07:30:00;100.5
1071729215;2021-02-16 07:30:00;2021-02-16 08:00:00;92.16666666666667
1071729215;2021-02-16 08:00:00;2021-02-16 08:30:00;101.26666666666667
1071729215;2021-02-16 08:30:00;2021-02-16 09:00:00;98.53333333333333
1071729215;2021-02-16 09:00:00;2021-02-16 09:30:00;102.2
1071729215;2021-02-16 09:30:00;2021-02-16 10:00:00;96.33333333333333
1071729215;2021-02-16 10:00:00;2021-02-16 10:30:00;97.96666666666667
1071729215;2021-02-16 10:30:00;2021-02-16 11:00:00;101.03333333333333
1071729215;2021-02-16 11:00:00;2021-02-16 11:30:00;103.06666666666666
1071729215;2021-02-16 11:30:00;2021-02-16 12:00:00;95.13333333333334
1071729215;2021-02-16 12:00:00;2021-02-16 12:30:00;90.73333333333333
1071729215;2021-02-16 12:30:00;2021-02-16 13:00:00;100.9
1071729215;2021-02-16 13:00:00;2021-02-16 13:30:00;89.26666666666667
1071729215;2021-02-16 13:30:00;2021-02-16 14:00:00;99.03333333333333
1071729215;2021-02-16 14:00:00;2021-02-16 14:30:00;101.6
1071729215;2021-02-16 14:30:00;2021-02-16 15:00:00;86.46666666666667
1071729215;2021-02-16 15:00:00;2021-02-16 15:30:00;97.8
1071729215;2021-02-16 15:30:00;2021-02-16 16:00:00;102.3
1071729215;2021-02-16 16:00:00;2021-02-16 16:30:00;93.73333333333333
1071729215;2021-02-16 16:30:00;2021-02-16 17:00:00;90.93333333333334
1071729215;2021-02-16 17:00:00;2021-02-16 17:30:00;88.0
1071729215;2021-02-16 17:30:00;2021-02-16 18:00:00;95.26666666666667
1071729215;2021-02-16 18:00:00;2021-02-16 18:30:00;99.03333333333333
1071729215;2021-02-16 18:30:00;2021-02-16 19:00:00;111.33333333333333
1071729215;2021-02-16 19:00:00;2021-02-16 19:30:00;100.46666666666667
1071729215;2021-02-16 19:30:00;2021-02-16 20:00:00;107.9
1071729215;2021-02-16 20:00:00;2021-02-16 20:30:00;94.6
1071729215;2021-02-16 20:30:00;2021-02-16 21:00:00;98.06666666666666
1071729215;2021-02-16 21:00:00;2021-02-16 21:30:00;100.9
1071729215;2021-02-16 21:30:00;2021-02-16 22:00:00;109.83333333333333
1071729215;2021-02-16 22:00:00;2021-02-16 22:30:00;97.2
1071729215;2021-02-16 22:30:00;2021-02-16 23:00:00;102.63333333333334
1071729215;2021-02-16 23:00:00;2021-02-16 23:30:00;101.0
1071729215;2021-02-16 23:30:00;2021-02-16 23:59:59;92.8
1071729215;2021-02-17 00:00:00;2021-02-17 00:30:00;95.53333333333333
1071729215;2021-02-17 00:30:00;2021-02-17 01:00:00;101.0
1071729215;2021-02-17 01:00:00;2021-02-17 01:30:00;101.0
1071729215;2021-02-17 01:30:00;2021-02-17 02:00:00;91.4
1071729215;2021-02-17 02:00:00;2021-02-17 02:30:00;93.23333333333333
1071729215;2021-02-17 02:30:00;2021-02-17 03:00:00;97.03333333333333
1071729215;2021-02-17 03:00:00;2021-02-17 03:30:00;93.2
1071729215;2021-02-17 03:30:00;2021-02-17 04:00:00;94.96666666666667
1071729215;2021-02-17 04:00:00;2021-02-17 04:30:00;93.86666666666666
1071729215;2021-02-17 04:30:00;2021-02-17 05:00:00;91.7
1071729215;2021-02-17 05:00:00;2021-02-17 05:30:00;93.46666666666667
1071729215;2021-02-17 05:30:00;2021-02-17 06:00:00;98.86666666666666
1071729215;2021-02-17 06:00:00;2021-02-17 06:30:00;106.0
1071729215;2021-02-17 06:30:00;2021-02-17 07:00:00;100.9
1071729215;2021-02-17 07:00:00;2021-02-17 07:30:00;96.53333333333333
1071729215;2021-02-17 07:30:00;2021-02-17 08:00:00;92.03333333333333
1071729215;2021-02-17 08:00:00;2021-02-17 08:30:00;97.5
1071729215;2021-02-17 08:30:00;2021-02-17 09:00:00;106.36666666666666
1071729215;2021-02-17 09:00:00;2021-02-17 09:30:00;93.46666666666667
1071729215;2021-02-17 09:30:00;2021-02-17 10:00:00;97.66666666666667
1071729215;2021-02-17 10:00:00;2021-02-17 10:30:00;84.86666666666666
1071729215;2021-02-17 10:30:00;2021-02-17 11:00:00;106.3
1071729215;2021-02-17 11:00:00;2021-02-17 11:30:00;101.0
1071729215;2021-02-17 11:30:00;2021-02-17 12:00:00;97.7
1071729215;2021-02-17 12:00:00;2021-02-17 12:30:00;100.66666666666667
1071729215;2021-02-17 12:30:00;2021-02-17 13:00:00;93.6
1071729215;2021-02-17 13:00:00;2021-02-17 13:30:00;99.76666666666667
1071729215;2021-02-17 13:30:00;2021-02-17 14:00:00;99.4
1071729215;2021-02-17 14:00:00;2021-02-17 14:30:00;94.3
1071729215;2021-02-17 14:30:00;2021-02-17 15:00:00;94.96666666666667
1071729215;2021-02-17 15:00:00;2021-02-17 15:30:00;96.03333333333333
1071729215;2021-02-17 15:30:00;2021-02-17 16:00:00;95.66666666666667
1071729215;2021-02-17 16:00:00;2021-02-17 16:30:00;100.6
1071729215;2021-02-17 16:30:00;2021-02-17 17:00:00;101.03333333333333
1071729215;2021-02-17 17:00:00;2021-02-17 17:30:00;98.36666666666666
1071729215;2021-02-17 17:30:00;2021-02-17 18:00:00;105.76666666666667
1071729215;2021-02-17 18:00:00;2021-02-17 18:30:00;101.7
1071729215;2021-02-17 18:30:00;2021-02-17 19:00:00;100.63333333333334
1071729215;2021-02-17 19:00:00;2021-02-17 19:30:00;96.4
1071729215;2021-02-17 19:30:00;2021-02-17 20:00:00;91.53333333333333
1071729215;2021-02-17 20:00:00;2021-02-17 20:30:00;106.93333333333334
1071729215;2021-02-17 20:30:00;2021-02-17 21:00:00;95.96666666666667
1071729215;2021-02-17 21:00:00;2021-02-17 21:30:00;98.16666666666667
1071729215;2021-02-17 21:30:00;2021-02-17 22:00:00;92.43333333333334
1071729215;2021-02-17 22:00:00;2021-02-17 22:30:00;99.1
1071729215;2021-02-17 22:30:00;2021-02-17 23:00:00;89.16666666666667
1071729215;2021-02-17 23:00:00;2021-02-17 23:30:00;99.66666666666667
1071729215;2021-02-17 23:30:00;2021-02-17 23:59:59;91.36666666666666
1071729215;2021-02-18 00:00:00;2021-02-18 00:30:00;85.2
1071729215;2021-02-18 00:30:00;2021-02-18 01:00:00;89.16666666666667
1071729215;2021-02-18 01:00:00;2021-02-18 01:30:00;98.6
1071729215;2021-02-18 01:30:00;2021-02-18 02:00:00;101.0
1071729215;2021-02-18 02:00:00;2021-02-18 02:30:00;93.56666666666666
1071729215;2021-02-18 02:30:00;2021-02-18 03:00:00;101.0
1071729215;2021-02-18 03:00:00;2021-02-18 03:30:00;101.0
1071729215;2021-02-18 03:30:00;2021-02-18 04:00:00;104.5
1071729215;2021-02-18 04:00:00;2021-02-18 04:30:00;96.2
1071729215;2021-02-18 04:30:00;2021-02-18 05:00:00;99.03333333333333
1071729215;2021-02-18 05:00:00;2021-02-18 05:30:00;101.4
1071729215;2021-02-18 05:30:00;2021-02-18 06:00:00;109.86666666666666
1071729215;2021-02-18 06:00:00;2021-02-18 06:30:00;101.9
1071729215;2021-02-18 06:30:00;2021-02-18 07:00:00;89.83333333333333
1071729215;2021-02-18 07:00:00;2021-02-18 07:30:00;103.63333333333334
1071729215;2021-02-18 07:30:00;2021-02-18 08:00:00;91.33333333333333
1071729215;2021-02-18 08:00:00;2021-02-18 08:30:00;89.36666666666666
1071729215;2021-02-18 08:30:00;2021-02-18 09:00:00;100.96666666666667
1071729215;2021-02-18 09:00:00;2021-02-18 09:30:00;94.66666666666667
1071729215;2021-02-18 09:30:00;2021-02-18 10:00:00;102.23333333333333
1071729215;2021-02-18 10:00:00;2021-02-18 10:30:00;103.9
1071729215;2021-02-18 10:30:00;2021-02-18 11:00:00;94.7
1071729215;2021-02-18 11:00:00;2021-02-18 11:30:00;93.43333333333334
1071729215;2021-02-18 11:30:00;2021-02-18 12:00:00;93.2
1071729215;2021-02-18 12:00:00;2021-02-18 12:30:00;98.13333333333334
1071729215;2021-02-18 12:30:00;2021-02-18 13:00:00;101.33333333333333
1071729215;2021-02-18 13:00:00;2021-02-18 13:30:00;102.46666666666667
1071729215;2021-02-18 13:30:00;2021-02-18 14:00:00;95.8
1071729215;2021-02-18 14:00:00;2021-02-18 14:30:00;109.9
1071729215;2021-02-18 14:30:00;2021-02-18 15:00:00;92.26666666666667
1071729215;2021-02-18 15:00:00;2021-02-18 15:30:00;92.13333333333334
1071729215;2021-02-18 15:30:00;2021-02-18 16:00:00;100.03333333333333
1071729215;2021-02-18 16:00:00;2021-02-18 16:30:00;101.0
1071729215;2021-02-18 16:30:00;2021-02-18 17:00:00;99.46666666666667
1071729215;2021-02-18 17:00:00;2021-02-18 17:30:00;100.0
1071729215;2021-02-18 17:30:00;2021-02-18 18:00:00;97.0
1071729215;2021-02-18 18:00:00;2021-02-18 18:30:00;101.36666666666666
1071729215;2021-02-18 18:30:00;2021-02-18 19:00:00;87.76666666666667
1071729215;2021-02-18 19:00:00;2021-02-18 19:30:00;102.43333333333334
1071729215;2021-02-18 19:30:00;2021-02-18 20:00:00;95.86666666666666
1071729215;2021-02-18 20:00:00;2021-02-18 20:30:00;106.56666666666666
1071729215;2021-02-18 20:30:00;2021-02-18 21:00:00;98.76666666666667
1071729215;2021-02-18 21:00:00;2021-02-18 21:30:00;110.53333333333333
1071729215;2021-02-18 21:30:00;2021-02-18 22:00:00;79.6
1071729215;2021-02-18 22:00:00;2021-02-18 22:30:00;96.13333333333334
1071729215;2021-02-18 22:30:00;2021-02-18 23:00:00;91.93333333333334
1071729215;2021-02-18 23:00:00;2021-02-18 23:30:00;92.93333333333334
1071729215;2021-02-18 23:30:00;2021-02-18 23:59:59;79.2
1071729215;2021-02-19 00:00:00;2021-02-19 00:30:00;83.9
1071729215;2021-02-19 00:30:00;2021-02-19 01:00:00;89.8
1071729215;2021-02-19 01:00:00;2021-02-19 01:30:00;94.4
1071729215;2021-02-19 01:30:00;2021-02-19 02:00:00;87.33333333333333
1071729215;2021-02-19 02:00:00;2021-02-19 02:30:00;95.53333333333333
1071729215;2021-02-19 02:30:00;2021-02-19 03:00:00;100.13333333333334
1071729215;2021-02-19 03:00:00;2021-02-19 03:30:00;84.13333333333334
1071729215;2021-02-19 03:30:00;2021-02-19 04:00:00;99.4
1071729215;2021-02-19 04:00:00;2021-02-19 04:30:00;81.4
1071729215;2021-02-19 04:30:00;2021-02-19 05:00:00;87.86666666666666
1071729215;2021-02-19 05:00:00;2021-02-19 05:30:00;97.66666666666667
1071729215;2021-02-19 05:30:00;2021-02-19 06:00:00;104.4
1071729215;2021-02-19 06:00:00;2021-02-19 06:30:00;97.23333333333333
1071729215;2021-02-19 06:30:00;2021-02-19 07:00:00;98.43333333333334
1071729215;2021-02-19 07:00:00;2021-02-19 07:30:00;94.0
1071729215;2021-02-19 07:30:00;2021-02-19 08:00:00;94.83333333333333
1071729215;2021-02-19 08:00:00;2021-02-19 08:30:00;92.0
1071729215;2021-02-19 08:30:00;2021-02-19 09:00:00;102.56666666666666
1071729215;2021-02-19 09:00:00;2021-02-19 09:30:00;102.76666666666667
1071729215;2021-02-19 09:30:00;2021-02-19 10:00:00;95.23333333333333
1071729215;2021-02-19 10:00:00;2021-02-19 10:30:00;100.63333333333334
1071729215;2021-02-19 10:30:00;2021-02-19 11:00:00;97.03333333333333
1071729215;2021-02-19 11:00:00;2021-02-19 11:30:00;91.2
1071729215;2021-02-19 11:30:00;2021-02-19 12:00:00;94.0
1071729215;2021-02-19 12:00:00;2021-02-19 12:30:00;97.4
1071729215;2021-02-19 12:30:00;2021-02-19 13:00:00;98.23333333333333
1071729215;2021-02-19 13:00:00;2021-02-19 13:30:00;100.8
1071729215;2021-02-19 13:30:00;2021-02-19 14:00:00;96.33333333333333
1071729215;2021-02-19 14:00:00;2021-02-19 14:30:00;95.13333333333334
1071729215;2021-02-19 14:30:00;2021-02-19 15:00:00;97.6
1071729215;2021-02-19 15:00:00;2021-02-19 15:30:00;108.7
1071729215;2021-02-19 15:30:00;2021-02-19 16:00:00;97.83333333333333
1071729215;2021-02-19 16:00:00;2021-02-19 16:30:00;101.36666666666666
1071729215;2021-02-19 16:30:00;2021-02-19 17:00:00;90.93333333333334
1071729215;2021-02-19 17:00:00;2021-02-19 17:30:00;86.83333333333333
1071729215;2021-02-19 17:30:00;2021-02-19 18:00:00;86.1
1071729215;2021-02-19 18:00:00;2021-02-19 18:30:00;101.26666666666667
1071729215;2021-02-19 18:30:00;2021-02-19 19:00:00;99.3
1071729215;2021-02-19 19:00:00;2021-02-19 19:30:00;93.33333333333333
1071729215;2021-02-19 19:30:00;2021-02-19 20:00:00;99.8
1071729215;2021-02-19 20:00:00;2021-02-19 20:30:00;79.0
1071729215;2021-02-19 20:30:00;2021-02-19 21:00:00;90.6
1071729215;2021-02-19 21:00:00;2021-02-19 21:30:00;93.63333333333334
1071729215;2021-02-19 21:30:00;2021-02-19 22:00:00;102.8
1071729215;2021-02-19 22:00:00;2021-02-19 22:30:00;103.16666666666667
1071729215;2021-02-19 22:30:00;2021-02-19 23:00:00;94.0
1071729215;2021-02-19 23:00:00;2021-02-19 23:30:00;88.6
1071729215;2021-02-19 23:30:00;2021-02-19 23:59:59;97.06666666666666
1071729215;2021-02-20 00:00:00;2021-02-20 00:30:00;89.26666666666667
1071729215;2021-02-20 00:30:00;2021-02-20 01:00:00;80.86666666666666
1071729215;2021-02-20 01:00:00;2021-02-20 01:30:00;96.26666666666667
1071729215;2021-02-20 01:30:00;2021-02-20 02:00:00;101.0
1071729215;2021-02-20 02:00:00;2021-02-20 02:30:00;101.0
1071729215;2021-02-20 02:30:00;2021-02-20 03:00:00;101.0
1071729215;2021-02-20 03:00:00;2021-02-20 03:30:00;97.4
1071729215;2021-02-20 03:30:00;2021-02-20 04:00:00;102.9
1071729215;2021-02-20 04:00:00;2021-02-20 04:30:00;94.6
1071729215;2021-02-20 04:30:00;2021-02-20 05:00:00;89.5
1071729215;2021-02-20 05:00:00;2021-02-20 05:30:00;93.46666666666667
1071729215;2021-02-20 05:30:00;2021-02-20 06:00:00;97.23333333333333
1071729215;2021-02-20 06:00:00;2021-02-20 06:30:00;91.2
1071729215;2021-02-20 06:30:00;2021-02-20 07:00:00;92.63333333333334
1071729215;2021-02-20 07:00:00;2021-02-20 07:30:00;97.4
1071729215;2021-02-20 07:30:00;2021-02-20 08:00:00;92.03333333333333
1071729215;2021-02-20 08:00:00;2021-02-20 08:30:00;104.16666666666667
1071729215;2021-02-20 08:30:00;2021-02-20 09:00:00;99.43333333333334
1071729215;2021-02-20 09:00:00;2021-02-20 09:30:00;100.76666666666667
1071729215;2021-02-20 09:30:00;2021-02-20 10:00:00;109.0
1071729215;2021-02-20 10:00:00;2021-02-20 10:30:00;96.7
1071729215;2021-02-20 10:30:00;2021-02-20 11:00:00;90.06666666666666
1071729215;2021-02-20 11:00:00;2021-02-20 11:30:00;104.0
1071729215;2021-02-20 11:30:00;2021-02-20 12:00:00;112.9
1071729215;2021-02-20 12:00:00;2021-02-20 12:30:00;104.36666666666666
1071729215;2021-02-20 12:30:00;2021-02-20 13:00:00;104.66666666666667
1071729215;2021-02-20 13:00:00;2021-02-20 13:30:00;96.46666666666667
1071729215;2021-02-20 13:30:00;2021-02-20 14:00:00;110.76666666666667
1071729215;2021-02-20 14:00:00;2021-02-20 14:30:00;103.53333333333333
1071729215;2021-02-20 14:30:00;2021-02-20 15:00:00;112.93333333333334
1071729215;2021-02-20 15:00:00;2021-02-20 15:30:00;112.56666666666666
1071729215;2021-02-20 15:30:00;2021-02-20 16:00:00;100.86666666666666
1071729215;2021-02-20 16:00:00;2021-02-20 16:30:00;107.03333333333333
1071729215;2021-02-20 16:30:00;2021-02-20 17:00:00;87.56666666666666
1071729215;2021-02-20 17:00:00;2021-02-20 17:30:00;98.3
1071729215;2021-02-20 17:30:00;2021-02-20 18:00:00;103.2
1071729215;2021-02-20 18:00:00;2021-02-20 18:30:00;84.6
1071729215;2021-02-20 18:30:00;2021-02-20 19:00:00;87.53333333333333
1071729215;2021-02-20 19:00:00;2021-02-20 19:30:00;108.5
1071729215;2021-02-20 19:30:00;2021-02-20 20:00:00;109.53333333333333
1071729215;2021-02-20 20:00:00;2021-02-20 20:30:00;115.0
1071729215;2021-02-20 20:30:00;2021-02-20 21:00:00;104.46666666666667
1071729215;2021-02-20 21:00:00;2021-02-20 21:30:00;100.8
1071729215;2021-02-20 21:30:00;2021-02-20 22:00:00;89.8
1071729215;2021-02-20 22:00:00;2021-02-20 22:30:00;98.33333333333333
1071729215;2021-02-20 22:30:00;2021-02-20 23:00:00;91.4
1071729215;2021-02-20 23:00:00;2021-02-20 23:30:00;87.26666666666667
1071729215;2021-02-20 23:30:00;2021-02-20 23:59:59;96.76666666666667
1071729215;2021-02-21 00:00:00;2021-02-21 00:30:00;101.0
1071729215;2021-02-21 00:30:00;2021-02-21 01:00:00;103.33333333333333
1071729215;2021-02-21 01:00:00;2021-02-21 01:30:00;101.0
1071729215;2021-02-21 01:30:00;2021-02-21 02:00:00;101.0
1071729215;2021-02-21 02:00:00;2021-02-21 02:30:00;101.0
1071729215;2021-02-21 02:30:00;2021-02-21 03:00:00;101.0
1071729215;2021-02-21 03:00:00;2021-02-21 03:30:00;101.0
1071729215;2021-02-21 03:30:00;2021-02-21 04:00:00;101.0
1071729215;2021-02-21 04:00:00;2021-02-21 04:30:00;95.0
1071729215;2021-02-21 04:30:00;2021-02-21 05:00:00;95.0
1071729215;2021-02-21 05:00:00;2021-02-21 05:30:00;97.0
1071729215;2021-02-21 05:30:00;2021-02-21 06:00:00;91.0
1071729215;2021-02-21 06:00:00;2021-02-21 06:30:00;92.2
1071729215;2021-02-21 06:30:00;2021-02-21 07:00:00;80.0
1071729215;2021-02-21 07:00:00;2021-02-21 07:30:00;86.33333333333333
1071729215;2021-02-21 07:30:00;2021-02-21 08:00:00;98.46666666666667
1071729215;2021-02-21 08:00:00;2021-02-21 08:30:00;92.26666666666667
1071729215;2021-02-21 08:30:00;2021-02-21 09:00:00;93.66666666666667
1071729215;2021-02-21 09:00:00;2021-02-21 09:30:00;105.63333333333334
1071729215;2021-02-21 09:30:00;2021-02-21 10:00:00;96.0
1071729215;2021-02-21 10:00:00;2021-02-21 10:30:00;97.4
1071729215;2021-02-21 10:30:00;2021-02-21 11:00:00;105.96666666666667
1071729215;2021-02-21 11:00:00;2021-02-21 11:30:00;104.63333333333334
1071729215;2021-02-21 11:30:00;2021-02-21 12:00:00;102.63333333333334
1071729215;2021-02-21 12:00:00;2021-02-21 12:30:00;94.13333333333334
1071729215;2021-02-21 12:30:00;2021-02-21 13:00:00;99.4
1071729215;2021-02-21 13:00:00;2021-02-21 13:30:00;99.43333333333334
1071729215;2021-02-21 13:30:00;2021-02-21 14:00:00;91.7
1071729215;2021-02-21 14:00:00;2021-02-21 14:30:00;93.86666666666666
1071729215;2021-02-21 14:30:00;2021-02-21 15:00:00;97.93333333333334
1071729215;2021-02-21 15:00:00;2021-02-21 15:30:00;92.63333333333334
1071729215;2021-02-21 15:30:00;2021-02-21 16:00:00;104.26666666666667
1071729215;2021-02-21 16:00:00;2021-02-21 16:30:00;93.93333333333334
1071729215;2021-02-21 16:30:00;2021-02-21 17:00:00;87.53333333333333
1071729215;2021-02-21 17:00:00;2021-02-21 17:30:00;94.4
1071729215;2021-02-21 17:30:00;2021-02-21 18:00:00;101.06666666666666
1071729215;2021-02-21 18:00:00;2021-02-21 18:30:00;103.93333333333334
1071729215;2021-02-21 18:30:00;2021-02-21 19:00:00;91.23333333333333
1071729215;2021-02-21 19:00:00;2021-02-21 19:30:00;104.93333333333334
1071729215;2021-02-21 19:30:00;2021-02-21 20:00:00;114.46666666666667
1071729215;2021-02-21 20:00:00;2021-02-21 20:30:00;107.0
1071729215;2021-02-21 20:30:00;2021-02-21 21:00:00;96.03333333333333
1071729215;2021-02-21 21:00:00;2021-02-21 21:30:00;114.9
1071729215;2021-02-21 21:30:00;2021-02-21 22:00:00;115.13333333333334
1071729215;2021-02-21 22:00:00;2021-02-21 22:30:00;106.0
1071729215;2021-02-21 22:30:00;2021-02-21 23:00:00;112.43333333333334
1071729215;2021-02-21 23:00:00;2021-02-21 23:30:00;100.1
1071729215;2021-02-21 23:30:00;2021-02-21 23:59:59;101.0
1071729215;2021-02-22 00:00:00;2021-02-22 00:30:00;98.6
1071729215;2021-02-22 00:30:00;2021-02-22 01:00:00;101.0
1071729215;2021-02-22 01:00:00;2021-02-22 01:30:00;101.0
1071729215;2021-02-22 01:30:00;2021-02-22 02:00:00;101.0
1071729215;2021-02-22 02:00:00;2021-02-22 02:30:00;101.0
1071729215;2021-02-22 02:30:00;2021-02-22 03:00:00;101.0
1071729215;2021-02-22 03:00:00;2021-02-22 03:30:00;101.0
1071729215;2021-02-22 03:30:00;2021-02-22 04:00:00;115.76666666666667
1071729215;2021-02-22 04:00:00;2021-02-22 04:30:00;109.63333333333334
1071729215;2021-02-22 04:30:00;2021-02-22 05:00:00;109.36666666666666
1071729215;2021-02-22 05:00:00;2021-02-22 05:30:00;101.73333333333333
1071729215;2021-02-22 05:30:00;2021-02-22 06:00:00;108.2
1071729215;2021-02-22 06:00:00;2021-02-22 06:30:00;91.56666666666666
1071729215;2021-02-22 06:30:00;2021-02-22 07:00:00;98.93333333333334
1071729215;2021-02-22 07:00:00;2021-02-22 07:30:00;102.56666666666666
1071729215;2021-02-22 07:30:00;2021-02-22 08:00:00;99.3
1071729215;2021-02-22 08:00:00;2021-02-22 08:30:00;96.66666666666667
1071729215;2021-02-22 08:30:00;2021-02-22 09:00:00;96.86666666666666
1071729215;2021-02-22 09:00:00;2021-02-22 09:30:00;100.8
1071729215;2021-02-22 09:30:00;2021-02-22 10:00:00;97.06666666666666
1071729215;2021-02-22 10:00:00;2021-02-22 10:30:00;107.83333333333333
1071729215;2021-02-22 10:30:00;2021-02-22 11:00:00;97.5
1071729215;2021-02-22 11:00:00;2021-02-22 11:30:00;107.5
1071729215;2021-02-22 11:30:00;2021-02-22 12:00:00;88.66666666666667
1071729215;2021-02-22 12:00:00;2021-02-22 12:30:00;95.9
1071729215;2021-02-22 12:30:00;2021-02-22 13:00:00;94.7
1071729215;2021-02-22 13:00:00;2021-02-22 13:30:00;103.56666666666666
1071729215;2021-02-22 13:30:00;2021-02-22 14:00:00;103.66666666666667
1071729215;2021-02-22 14:00:00;2021-02-22 14:30:00;88.46666666666667
1071729215;2021-02-22 14:30:00;2021-02-22 15:00:00;87.66666666666667
1071729215;2021-02-22 15:00:00;2021-02-22 15:30:00;102.86666666666666
1071729215;2021-02-22 15:30:00;2021-02-22 16:00:00;99.63333333333334
1071729215;2021-02-22 16:00:00;2021-02-22 16:30:00;93.73333333333333
1071729215;2021-02-22 16:30:00;2021-02-22 17:00:00;87.46666666666667
1071729215;2021-02-22 17:00:00;2021-02-22 17:30:00;93.1
1071729215;2021-02-22 17:30:00;2021-02-22 18:00:00;87.06666666666666
1071729215;2021-02-22 18:00:00;2021-02-22 18:30:00;87.06666666666666
1071729215;2021-02-22 18:30:00;2021-02-22 19:00:00;92.06666666666666
1071729215;2021-02-22 19:00:00;2021-02-22 19:30:00;104.2
1071729215;2021-02-22 19:30:00;2021-02-22 20:00:00;96.4
1071729215;2021-02-22 20:00:00;2021-02-22 20:30:00;119.63333333333334
1071729215;2021-02-22 20:30:00;2021-02-22 21:00:00;93.93333333333334
1071729215;2021-02-22 21:00:00;2021-02-22 21:30:00;98.2
1071729215;2021-02-22 21:30:00;2021-02-22 22:00:00;98.06666666666666
1071729215;2021-02-22 22:00:00;2021-02-22 22:30:00;107.66666666666667
1071729215;2021-02-22 22:30:00;2021-02-22 23:00:00;86.13333333333334
1071729215;2021-02-22 23:00:00;2021-02-22 23:30:00;90.6
1071729215;2021-02-22 23:30:00;2021-02-22 23:59:59;99.0
1071729215;2021-02-23 00:00:00;2021-02-23 00:30:00;101.0
1071729215;2021-02-23 00:30:00;2021-02-23 01:00:00;84.53333333333333
1071729215;2021-02-23 01:00:00;2021-02-23 01:30:00;92.23333333333333
1071729215;2021-02-23 01:30:00;2021-02-23 02:00:00;91.03333333333333
1071729215;2021-02-23 02:00:00;2021-02-23 02:30:00;94.06666666666666
1071729215;2021-02-23 02:30:00;2021-02-23 03:00:00;92.46666666666667
1071729215;2021-02-23 03:00:00;2021-02-23 03:30:00;89.06666666666666
1071729215;2021-02-23 03:30:00;2021-02-23 04:00:00;98.33333333333333
1071729215;2021-02-23 04:00:00;2021-02-23 04:30:00;93.8
1071729215;2021-02-23 04:30:00;2021-02-23 05:00:00;89.26666666666667
1071729215;2021-02-23 05:00:00;2021-02-23 05:30:00;98.6
1071729215;2021-02-23 05:30:00;2021-02-23 06:00:00;109.1
1071729215;2021-02-23 06:00:00;2021-02-23 06:30:00;97.03333333333333
1071729215;2021-02-23 06:30:00;2021-02-23 07:00:00;98.8
1071729215;2021-02-23 07:00:00;2021-02-23 07:30:00;101.9
1071729215;2021-02-23 07:30:00;2021-02-23 08:00:00;91.03333333333333
1071729215;2021-02-23 08:00:00;2021-02-23 08:30:00;101.16666666666667
1071729215;2021-02-23 08:30:00;2021-02-23 09:00:00;95.03333333333333
1071729215;2021-02-23 09:00:00;2021-02-23 09:30:00;93.93333333333334
1071729215;2021-02-23 09:30:00;2021-02-23 10:00:00;88.26666666666667
1071729215;2021-02-23 10:00:00;2021-02-23 10:30:00;92.73333333333333
1071729215;2021-02-23 10:30:00;2021-02-23 11:00:00;94.96666666666667
1071729215;2021-02-23 11:00:00;2021-02-23 11:30:00;87.13333333333334
1071729215;2021-02-23 11:30:00;2021-02-23 12:00:00;91.96666666666667
1071729215;2021-02-23 12:00:00;2021-02-23 12:30:00;99.3
1071729215;2021-02-23 12:30:00;2021-02-23 13:00:00;97.2
1071729215;2021-02-23 13:00:00;2021-02-23 13:30:00;99.16666666666667
1071729215;2021-02-23 13:30:00;2021-02-23 14:00:00;91.2
1071729215;2021-02-23 14:00:00;2021-02-23 14:30:00;93.36666666666666
1071729215;2021-02-23 14:30:00;2021-02-23 15:00:00;95.06666666666666
1071729215;2021-02-23 15:00:00;2021-02-23 15:30:00;97.7
1071729215;2021-02-23 15:30:00;2021-02-23 16:00:00;104.48275862068965
1071729215;2021-02-23 16:00:00;2021-02-23 16:30:00;93.9
1071729215;2021-02-23 16:30:00;2021-02-23 17:00:00;100.2
1071729215;2021-02-23 17:00:00;2021-02-23 17:30:00;101.62068965517241
1071729215;2021-02-23 17:30:00;2021-02-23 18:00:00;99.74074074074075
1071729215;2021-02-23 18:00:00;2021-02-23 18:30:00;103.16666666666667
1071729215;2021-02-23 18:30:00;2021-02-23 19:00:00;97.86666666666666
1071729215;2021-02-23 19:00:00;2021-02-23 19:30:00;102.36666666666666
1071729215;2021-02-23 19:30:00;2021-02-23 20:00:00;99.71428571428571
1071729215;2021-02-23 20:00:00;2021-02-23 20:30:00;94.53333333333333
1071729215;2021-02-23 20:30:00;2021-02-23 21:00:00;73.93333333333334
1071729215;2021-02-23 21:00:00;2021-02-23 21:30:00;96.4
1071729215;2021-02-23 21:30:00;2021-02-23 22:00:00;101.53333333333333
1071729215;2021-02-23 22:00:00;2021-02-23 22:30:00;101.0
1071729215;2021-02-23 22:30:00;2021-02-23 23:00:00;100.1
1071729215;2021-02-23 23:00:00;2021-02-23 23:30:00;100.7
1071729215;2021-02-23 23:30:00;2021-02-23 23:59:59;101.5
1071729215;2021-02-24 00:00:00;2021-02-24 00:30:00;101.0
1071729215;2021-02-24 00:30:00;2021-02-24 01:00:00;95.93333333333334
1071729215;2021-02-24 01:00:00;2021-02-24 01:30:00;99.36666666666666
1071729215;2021-02-24 01:30:00;2021-02-24 02:00:00;97.16666666666667
1071729215;2021-02-24 02:00:00;2021-02-24 02:30:00;92.8
1071729215;2021-02-24 02:30:00;2021-02-24 03:00:00;94.3
1071729215;2021-02-24 03:00:00;2021-02-24 03:30:00;101.0
1071729215;2021-02-24 03:30:00;2021-02-24 04:00:00;96.63333333333334
1071729215;2021-02-24 04:00:00;2021-02-24 04:30:00;86.0
1071729215;2021-02-24 04:30:00;2021-02-24 05:00:00;91.63333333333334
1071729215;2021-02-24 05:00:00;2021-02-24 05:30:00;93.7
1071729215;2021-02-24 05:30:00;2021-02-24 06:00:00;98.73333333333333
1071729215;2021-02-24 06:00:00;2021-02-24 06:30:00;95.83333333333333
1071729215;2021-02-24 06:30:00;2021-02-24 07:00:00;96.33333333333333
1071729215;2021-02-24 07:00:00;2021-02-24 07:30:00;95.33333333333333
1071729215;2021-02-24 07:30:00;2021-02-24 08:00:00;93.6
1071729215;2021-02-24 08:00:00;2021-02-24 08:30:00;92.5
1071729215;2021-02-24 08:30:00;2021-02-24 09:00:00;95.22727272727273
1071729215;2021-02-24 09:00:00;2021-02-24 09:30:00;94.04347826086956
1071729215;2021-02-24 09:30:00;2021-02-24 10:00:00;93.46666666666667
1071729215;2021-02-24 10:00:00;2021-02-24 10:30:00;93.4
1071729215;2021-02-24 10:30:00;2021-02-24 11:00:00;100.33333333333333
1071729215;2021-02-24 11:00:00;2021-02-24 11:30:00;85.93333333333334
1071729215;2021-02-24 11:30:00;2021-02-24 12:00:00;102.1
1071729215;2021-02-24 12:00:00;2021-02-24 12:30:00;100.33333333333333
1071729215;2021-02-24 12:30:00;2021-02-24 13:00:00;93.66666666666667
1071729215;2021-02-24 13:00:00;2021-02-24 13:30:00;99.96666666666667
1071729215;2021-02-24 13:30:00;2021-02-24 14:00:00;103.33333333333333
1071729215;2021-02-24 14:00:00;2021-02-24 14:30:00;97.06666666666666
1071729215;2021-02-24 14:30:00;2021-02-24 15:00:00;104.53333333333333
1071729215;2021-02-24 15:00:00;2021-02-24 15:30:00;96.96666666666667
1071729215;2021-02-24 15:30:00;2021-02-24 16:00:00;85.46666666666667
1071729215;2021-02-24 16:00:00;2021-02-24 16:30:00;99.3
1071729215;2021-02-24 16:30:00;2021-02-24 17:00:00;102.5
1071729215;2021-02-24 17:00:00;2021-02-24 17:30:00;93.13333333333334
1071729215;2021-02-24 17:30:00;2021-02-24 18:00:00;93.43333333333334
1071729215;2021-02-24 18:00:00;2021-02-24 18:30:00;100.6
1071729215;2021-02-24 18:30:00;2021-02-24 19:00:00;94.46666666666667
1071729215;2021-02-24 19:00:00;2021-02-24 19:30:00;95.66666666666667
1071729215;2021-02-24 19:30:00;2021-02-24 20:00:00;98.17241379310344
1071729215;2021-02-24 20:00:00;2021-02-24 20:30:00;98.86666666666666
1071729215;2021-02-24 20:30:00;2021-02-24 21:00:00;102.33333333333333
1071729215;2021-02-24 21:00:00;2021-02-24 21:30:00;104.9
1071729215;2021-02-24 21:30:00;2021-02-24 22:00:00;101.4
1071729215;2021-02-24 22:00:00;2021-02-24 22:30:00;101.0
1071729215;2021-02-24 22:30:00;2021-02-24 23:00:00;99.46666666666667
1071729215;2021-02-24 23:00:00;2021-02-24 23:30:00;101.0
1071729215;2021-02-24 23:30:00;2021-02-24 23:59:59;101.0
1071729215;2021-02-25 00:00:00;2021-02-25 00:30:00;101.0
1071729215;2021-02-25 00:30:00;2021-02-25 01:00:00;101.0
1071729215;2021-02-25 01:00:00;2021-02-25 01:30:00;101.0
1071729215;2021-02-25 01:30:00;2021-02-25 02:00:00;101.0
1071729215;2021-02-25 02:00:00;2021-02-25 02:30:00;101.0
1071729215;2021-02-25 02:30:00;2021-02-25 03:00:00;101.0
1071729215;2021-02-25 03:00:00;2021-02-25 03:30:00;101.0
1071729215;2021-02-25 03:30:00;2021-02-25 04:00:00;101.0
1071729215;2021-02-25 04:00:00;2021-02-25 04:30:00;87.36666666666666
1071729215;2021-02-25 04:30:00;2021-02-25 05:00:00;95.36666666666666
1071729215;2021-02-25 05:00:00;2021-02-25 05:30:00;102.96666666666667
1071729215;2021-02-25 05:30:00;2021-02-25 06:00:00;114.16666666666667
1071729215;2021-02-25 06:00:00;2021-02-25 06:30:00;107.23333333333333
1071729215;2021-02-25 06:30:00;2021-02-25 07:00:00;106.33333333333333
1071729215;2021-02-25 07:00:00;2021-02-25 07:30:00;101.3
1071729215;2021-02-25 07:30:00;2021-02-25 08:00:00;99.26666666666667
1071729215;2021-02-25 08:00:00;2021-02-25 08:30:00;103.1
1071729215;2021-02-25 08:30:00;2021-02-25 09:00:00;99.77777777777777
1071729215;2021-02-25 09:00:00;2021-02-25 09:30:00;103.29166666666667
1071729215;2021-02-25 09:30:00;2021-02-25 10:00:00;87.86206896551724
1071729215;2021-02-25 10:00:00;2021-02-25 10:30:00;86.03448275862068
1071729215;2021-02-25 10:30:00;2021-02-25 11:00:00;98.4
1071729215;2021-02-25 11:00:00;2021-02-25 11:30:00;93.03333333333333
1071729215;2021-02-25 11:30:00;2021-02-25 12:00:00;94.83333333333333
1071729215;2021-02-25 12:00:00;2021-02-25 12:30:00;104.5
1071729215;2021-02-25 12:30:00;2021-02-25 13:00:00;89.3
1071729215;2021-02-25 13:00:00;2021-02-25 13:30:00;113.0
1071729215;2021-02-25 13:30:00;2021-02-25 14:00:00;109.9
1071729215;2021-02-25 14:00:00;2021-02-25 14:30:00;103.26666666666667
1071729215;2021-02-25 14:30:00;2021-02-25 15:00:00;96.1
1071729215;2021-02-25 15:00:00;2021-02-25 15:30:00;100.03333333333333
1071729215;2021-02-25 15:30:00;2021-02-25 16:00:00;89.8
1071729215;2021-02-25 16:00:00;2021-02-25 16:30:00;95.6
1071729215;2021-02-25 16:30:00;2021-02-25 17:00:00;103.5
1071729215;2021-02-25 17:00:00;2021-02-25 17:30:00;104.93333333333334
1071729215;2021-02-25 17:30:00;2021-02-25 18:00:00;110.46666666666667
1071729215;2021-02-25 18:00:00;2021-02-25 18:30:00;96.6
1071729215;2021-02-25 18:30:00;2021-02-25 19:00:00;104.1
1071729215;2021-02-25 19:00:00;2021-02-25 19:30:00;94.4
1071729215;2021-02-25 19:30:00;2021-02-25 20:00:00;96.9
1071729215;2021-02-25 20:00:00;2021-02-25 20:30:00;101.0
1071729215;2021-02-25 20:30:00;2021-02-25 21:00:00;101.0
1071729215;2021-02-25 21:00:00;2021-02-25 21:30:00;96.46666666666667
1071729215;2021-02-25 21:30:00;2021-02-25 22:00:00;93.8
1071729215;2021-02-25 22:00:00;2021-02-25 22:30:00;110.26666666666667
1071729215;2021-02-25 22:30:00;2021-02-25 23:00:00;94.76666666666667
1071729215;2021-02-25 23:00:00;2021-02-25 23:30:00;95.26666666666667
1071729215;2021-02-25 23:30:00;2021-02-25 23:59:59;96.86666666666666
1071729215;2021-02-26 00:00:00;2021-02-26 00:30:00;96.66666666666667
1071729215;2021-02-26 00:30:00;2021-02-26 01:00:00;99.2
1071729215;2021-02-26 01:00:00;2021-02-26 01:30:00;101.0
1071729215;2021-02-26 01:30:00;2021-02-26 02:00:00;101.0
1071729215;2021-02-26 02:00:00;2021-02-26 02:30:00;101.0
1071729215;2021-02-26 02:30:00;2021-02-26 03:00:00;101.0
1071729215;2021-02-26 03:00:00;2021-02-26 03:30:00;101.0
1071729215;2021-02-26 03:30:00;2021-02-26 04:00:00;109.4
1071729215;2021-02-26 04:00:00;2021-02-26 04:30:00;103.16666666666667
1071729215;2021-02-26 04:30:00;2021-02-26 05:00:00;106.73333333333333
1071729215;2021-02-26 05:00:00;2021-02-26 05:30:00;106.36666666666666
1071729215;2021-02-26 05:30:00;2021-02-26 06:00:00;100.7
1071729215;2021-02-26 06:00:00;2021-02-26 06:30:00;98.0
1071729215;2021-02-26 06:30:00;2021-02-26 07:00:00;89.3
1071729215;2021-02-26 07:00:00;2021-02-26 07:30:00;99.83333333333333
1071729215;2021-02-26 07:30:00;2021-02-26 08:00:00;93.86666666666666
1071729215;2021-02-26 08:00:00;2021-02-26 08:30:00;92.66666666666667
1071729215;2021-02-26 08:30:00;2021-02-26 09:00:00;107.8
1071729215;2021-02-26 09:00:00;2021-02-26 09:30:00;104.53333333333333
1071729215;2021-02-26 09:30:00;2021-02-26 10:00:00;101.96666666666667
1071729215;2021-02-26 10:00:00;2021-02-26 10:30:00;100.36666666666666
1071729215;2021-02-26 10:30:00;2021-02-26 11:00:00;88.86666666666666
1071729215;2021-02-26 11:00:00;2021-02-26 11:30:00;106.33333333333333
1071729215;2021-02-26 11:30:00;2021-02-26 12:00:00;110.9
1071729215;2021-02-26 12:00:00;2021-02-26 12:30:00;93.3
1071729215;2021-02-26 12:30:00;2021-02-26 13:00:00;115.3
1071729215;2021-02-26 13:00:00;2021-02-26 13:30:00;102.96666666666667
1071729215;2021-02-26 13:30:00;2021-02-26 14:00:00;107.7
1071729215;2021-02-26 14:00:00;2021-02-26 14:30:00;104.13333333333334
1071729215;2021-02-26 14:30:00;2021-02-26 15:00:00;105.8
1071729215;2021-02-26 15:00:00;2021-02-26 15:30:00;98.4
1071729215;2021-02-26 15:30:00;2021-02-26 16:00:00;106.33333333333333
1071729215;2021-02-26 16:00:00;2021-02-26 16:30:00;91.73333333333333
1071729215;2021-02-26 16:30:00;2021-02-26 17:00:00;100.13333333333334
1071729215;2021-02-26 17:00:00;2021-02-26 17:30:00;99.96666666666667
1071729215;2021-02-26 17:30:00;2021-02-26 18:00:00;107.06666666666666
1071729215;2021-02-26 18:00:00;2021-02-26 18:30:00;104.6
1071729215;2021-02-26 18:30:00;2021-02-26 19:00:00;98.96666666666667
1071729215;2021-02-26 19:00:00;2021-02-26 19:30:00;102.4
1071729215;2021-02-26 19:30:00;2021-02-26 20:00:00;101.36666666666666
1071729215;2021-02-26 20:00:00;2021-02-26 20:30:00;108.66666666666667
1071729215;2021-02-26 20:30:00;2021-02-26 21:00:00;94.16666666666667
1071729215;2021-02-26 21:00:00;2021-02-26 21:30:00;91.4
1071729215;2021-02-26 21:30:00;2021-02-26 22:00:00;87.16666666666667
1071729215;2021-02-26 22:00:00;2021-02-26 22:30:00;99.66666666666667
1071729215;2021-02-26 22:30:00;2021-02-26 23:00:00;88.76666666666667
1071729215;2021-02-26 23:00:00;2021-02-26 23:30:00;101.0
1071729215;2021-02-26 23:30:00;2021-02-26 23:59:59;100.46666666666667
1071729215;2021-02-27 00:00:00;2021-02-27 00:30:00;95.16666666666667
1071729215;2021-02-27 00:30:00;2021-02-27 01:00:00;98.2
1071729215;2021-02-27 01:00:00;2021-02-27 01:30:00;100.93333333333334
1071729215;2021-02-27 01:30:00;2021-02-27 02:00:00;100.03333333333333
1071729215;2021-02-27 02:00:00;2021-02-27 02:30:00;101.0
1071729215;2021-02-27 02:30:00;2021-02-27 03:00:00;101.0
1071729215;2021-02-27 03:00:00;2021-02-27 03:30:00;101.0
1071729215;2021-02-27 03:30:00;2021-02-27 04:00:00;101.0
1071729215;2021-02-27 04:00:00;2021-02-27 04:30:00;93.9
1071729215;2021-02-27 04:30:00;2021-02-27 05:00:00;89.1
1071729215;2021-02-27 05:00:00;2021-02-27 05:30:00;99.76666666666667
1071729215;2021-02-27 05:30:00;2021-02-27 06:00:00;97.16666666666667
1071729215;2021-02-27 06:00:00;2021-02-27 06:30:00;99.46666666666667
1071729215;2021-02-27 06:30:00;2021-02-27 07:00:00;96.53333333333333
1071729215;2021-02-27 07:00:00;2021-02-27 07:30:00;98.0
1071729215;2021-02-27 07:30:00;2021-02-27 08:00:00;91.8
1071729215;2021-02-27 08:00:00;2021-02-27 08:30:00;111.13333333333334
1071729215;2021-02-27 08:30:00;2021-02-27 09:00:00;115.1
1071729215;2021-02-27 09:00:00;2021-02-27 09:30:00;106.5
1071729215;2021-02-27 09:30:00;2021-02-27 10:00:00;114.1
1071729215;2021-02-27 10:00:00;2021-02-27 10:30:00;98.9
1071729215;2021-02-27 10:30:00;2021-02-27 11:00:00;103.43333333333334
1071729215;2021-02-27 11:00:00;2021-02-27 11:30:00;106.86666666666666
1071729215;2021-02-27 11:30:00;2021-02-27 12:00:00;107.73333333333333
1071729215;2021-02-27 12:00:00;2021-02-27 12:30:00;109.73333333333333
1071729215;2021-02-27 12:30:00;2021-02-27 13:00:00;109.5
1071729215;2021-02-27 13:00:00;2021-02-27 13:30:00;105.2
1071729215;2021-02-27 13:30:00;2021-02-27 14:00:00;110.43333333333334
1071729215;2021-02-27 14:00:00;2021-02-27 14:30:00;107.23333333333333
1071729215;2021-02-27 14:30:00;2021-02-27 15:00:00;100.16666666666667
1071729215;2021-02-27 15:00:00;2021-02-27 15:30:00;111.26666666666667
1071729215;2021-02-27 15:30:00;2021-02-27 16:00:00;108.46666666666667
1071729215;2021-02-27 16:00:00;2021-02-27 16:30:00;110.26666666666667
1071729215;2021-02-27 16:30:00;2021-02-27 17:00:00;115.1
1071729215;2021-02-27 17:00:00;2021-02-27 17:30:00;100.66666666666667
1071729215;2021-02-27 17:30:00;2021-02-27 18:00:00;110.36666666666666
1071729215;2021-02-27 18:00:00;2021-02-27 18:30:00;110.76666666666667
1071729215;2021-02-27 18:30:00;2021-02-27 19:00:00;101.76666666666667
1071729215;2021-02-27 19:00:00;2021-02-27 19:30:00;111.5
1071729215;2021-02-27 19:30:00;2021-02-27 20:00:00;113.5
1071729215;2021-02-27 20:00:00;2021-02-27 20:30:00;114.86206896551724
1071729215;2021-02-27 20:30:00;2021-02-27 21:00:00;111.1
1071729215;2021-02-27 21:00:00;2021-02-27 21:30:00;112.66666666666667
1071729215;2021-02-27 21:30:00;2021-02-27 22:00:00;112.66666666666667
1071729215;2021-02-27 22:00:00;2021-02-27 22:30:00;103.33333333333333
1071729215;2021-02-27 22:30:00;2021-02-27 23:00:00;101.0
1071729215;2021-02-27 23:00:00;2021-02-27 23:30:00;101.0
1071729215;2021-02-27 23:30:00;2021-02-27 23:59:59;101.0
1071729215;2021-02-28 00:00:00;2021-02-28 00:30:00;101.06666666666666
1071729215;2021-02-28 00:30:00;2021-02-28 01:00:00;96.33333333333333
1071729215;2021-02-28 01:00:00;2021-02-28 01:30:00;99.66666666666667
1071729215;2021-02-28 01:30:00;2021-02-28 02:00:00;101.0
1071729215;2021-02-28 02:00:00;2021-02-28 02:30:00;98.6
1071729215;2021-02-28 02:30:00;2021-02-28 03:00:00;100.53333333333333
1071729215;2021-02-28 03:00:00;2021-02-28 03:30:00;96.7
1071729215;2021-02-28 03:30:00;2021-02-28 04:00:00;101.0
1071729215;2021-02-28 04:00:00;2021-02-28 04:30:00;91.46666666666667
1071729215;2021-02-28 04:30:00;2021-02-28 05:00:00;93.66666666666667
1071729215;2021-02-28 05:00:00;2021-02-28 05:30:00;93.8
1071729215;2021-02-28 05:30:00;2021-02-28 06:00:00;90.33333333333333
1071729215;2021-02-28 06:00:00;2021-02-28 06:30:00;93.48275862068965
1071729215;2021-02-28 06:30:00;2021-02-28 07:00:00;91.16666666666667
1071729215;2021-02-28 07:00:00;2021-02-28 07:30:00;101.8
1071729215;2021-02-28 07:30:00;2021-02-28 08:00:00;104.86666666666666
1071729215;2021-02-28 08:00:00;2021-02-28 08:30:00;107.51724137931035
1071729215;2021-02-28 08:30:00;2021-02-28 09:00:00;113.7
1071729215;2021-02-28 09:00:00;2021-02-28 09:30:00;110.56666666666666
1071729215;2021-02-28 09:30:00;2021-02-28 10:00:00;102.5
1071729215;2021-02-28 10:00:00;2021-02-28 10:30:00;113.7
1071729215;2021-02-28 10:30:00;2021-02-28 11:00:00;110.13333333333334
1071729215;2021-02-28 11:00:00;2021-02-28 11:30:00;108.43333333333334
1071729215;2021-02-28 11:30:00;2021-02-28 12:00:00;109.06666666666666
1071729215;2021-02-28 12:00:00;2021-02-28 12:30:00;110.66666666666667
1071729215;2021-02-28 12:30:00;2021-02-28 13:00:00;96.9
1071729215;2021-02-28 13:00:00;2021-02-28 13:30:00;91.53333333333333
1071729215;2021-02-28 13:30:00;2021-02-28 14:00:00;89.26666666666667
1071729215;2021-02-28 14:00:00;2021-02-28 14:30:00;88.93333333333334
1071729215;2021-02-28 14:30:00;2021-02-28 15:00:00;93.56666666666666
1071729215;2021-02-28 15:00:00;2021-02-28 15:30:00;95.66666666666667
1071729215;2021-02-28 15:30:00;2021-02-28 16:00:00;85.1
1071729215;2021-02-28 16:00:00;2021-02-28 16:30:00;88.8
1071729215;2021-02-28 16:30:00;2021-02-28 17:00:00;97.36666666666666
1071729215;2021-02-28 17:00:00;2021-02-28 17:30:00;106.13333333333334
1071729215;2021-02-28 17:30:00;2021-02-28 18:00:00;102.5
1071729215;2021-02-28 18:00:00;2021-02-28 18:30:00;104.7
1071729215;2021-02-28 18:30:00;2021-02-28 19:00:00;97.26666666666667
1071729215;2021-02-28 19:00:00;2021-02-28 19:30:00;114.2
1071729215;2021-02-28 19:30:00;2021-02-28 20:00:00;104.36666666666666
1071729215;2021-02-28 20:00:00;2021-02-28 20:30:00;109.58620689655173
1071729215;2021-02-28 20:30:00;2021-02-28 21:00:00;109.56666666666666
1071729215;2021-02-28 21:00:00;2021-02-28 21:30:00;98.53333333333333
1071729215;2021-02-28 21:30:00;2021-02-28 22:00:00;101.0
1071729215;2021-02-28 22:00:00;2021-02-28 22:30:00;109.56666666666666
1071729215;2021-02-28 22:30:00;2021-02-28 23:00:00;97.0
1071729215;2021-02-28 23:00:00;2021-02-28 23:30:00;109.53333333333333
1071729215;2021-02-28 23:30:00;2021-02-28 23:59:59;102.1
1071729215;2021-03-01 00:00:00;2021-03-01 00:30:00;105.73333333333333
1071729215;2021-03-01 00:30:00;2021-03-01 01:00:00;102.53333333333333
1071729215;2021-03-01 01:00:00;2021-03-01 01:30:00;91.0
1071729215;2021-03-01 01:30:00;2021-03-01 02:00:00;96.73333333333333
1071729215;2021-03-01 02:00:00;2021-03-01 02:30:00;107.0
1071729215;2021-03-01 02:30:00;2021-03-01 03:00:00;105.66666666666667
1071729215;2021-03-01 03:00:00;2021-03-01 03:30:00;93.2
1071729215;2021-03-01 03:30:00;2021-03-01 04:00:00;98.03333333333333
1071729215;2021-03-01 04:00:00;2021-03-01 04:30:00;112.43333333333334
1071729215;2021-03-01 04:30:00;2021-03-01 05:00:00;102.33333333333333
1071729215;2021-03-01 05:00:00;2021-03-01 05:30:00;98.1
1071729215;2021-03-01 05:30:00;2021-03-01 06:00:00;110.7
1071729215;2021-03-01 06:00:00;2021-03-01 06:30:00;99.0
1071729215;2021-03-01 06:30:00;2021-03-01 07:00:00;105.8
1071729215;2021-03-01 07:00:00;2021-03-01 07:30:00;120.03333333333333
1071729215;2021-03-01 07:30:00;2021-03-01 08:00:00;99.0
1071729215;2021-03-01 08:00:00;2021-03-01 08:30:00;111.86206896551724
1071729215;2021-03-01 08:30:00;2021-03-01 09:00:00;96.3
1071729215;2021-03-01 09:00:00;2021-03-01 09:30:00;103.65384615384616
1071729215;2021-03-01 09:30:00;2021-03-01 10:00:00;90.66666666666667
1071729215;2021-03-01 10:00:00;2021-03-01 10:30:00;99.83333333333333
1071729215;2021-03-01 10:30:00;2021-03-01 11:00:00;101.56666666666666
1071729215;2021-03-01 11:00:00;2021-03-01 11:30:00;97.06666666666666
1071729215;2021-03-01 11:30:00;2021-03-01 12:00:00;95.86666666666666
1071729215;2021-03-01 12:00:00;2021-03-01 12:30:00;104.36666666666666
1071729215;2021-03-01 12:30:00;2021-03-01 13:00:00;94.1
1071729215;2021-03-01 13:00:00;2021-03-01 13:30:00;94.2
1071729215;2021-03-01 13:30:00;2021-03-01 14:00:00;103.6
1071729215;2021-03-01 14:00:00;2021-03-01 14:30:00;94.9
1071729215;2021-03-01 14:30:00;2021-03-01 15:00:00;94.43333333333334
1071729215;2021-03-01 15:00:00;2021-03-01 15:30:00;97.7
1071729215;2021-03-01 15:30:00;2021-03-01 16:00:00;100.56666666666666
1071729215;2021-03-01 16:00:00;2021-03-01 16:30:00;6.533333333333333
1071729215;2021-03-01 16:30:00;2021-03-01 17:00:00;
1071729215;2021-03-01 17:00:00;2021-03-01 17:30:00;
1071729215;2021-03-01 17:30:00;2021-03-01 18:00:00;
1071729215;2021-03-01 18:00:00;2021-03-01 18:30:00;
1071729215;2021-03-01 18:30:00;2021-03-01 19:00:00;
1071729215;2021-03-01 19:00:00;2021-03-01 19:30:00;
1071729215;2021-03-01 19:30:00;2021-03-01 20:00:00;60.6
1071729215;2021-03-01 20:00:00;2021-03-01 20:30:00;113.3
1071729215;2021-03-01 20:30:00;2021-03-01 21:00:00;107.3
1071729215;2021-03-01 21:00:00;2021-03-01 21:30:00;97.76666666666667
1071729215;2021-03-01 21:30:00;2021-03-01 22:00:00;98.33333333333333
1071729215;2021-03-01 22:00:00;2021-03-01 22:30:00;101.53333333333333
1071729215;2021-03-01 22:30:00;2021-03-01 23:00:00;101.73333333333333
1071729215;2021-03-01 23:00:00;2021-03-01 23:30:00;100.0
1071729215;2021-03-01 23:30:00;2021-03-01 23:59:59;100.1
1071729215;2021-03-02 00:00:00;2021-03-02 00:30:00;101.0
1071729215;2021-03-02 00:30:00;2021-03-02 01:00:00;101.0
1071729215;2021-03-02 01:00:00;2021-03-02 01:30:00;101.0
1071729215;2021-03-02 01:30:00;2021-03-02 02:00:00;101.0
1071729215;2021-03-02 02:00:00;2021-03-02 02:30:00;101.0
1071729215;2021-03-02 02:30:00;2021-03-02 03:00:00;101.0
1071729215;2021-03-02 03:00:00;2021-03-02 03:30:00;94.13333333333334
1071729215;2021-03-02 03:30:00;2021-03-02 04:00:00;92.66666666666667
1071729215;2021-03-02 04:00:00;2021-03-02 04:30:00;89.4
1071729215;2021-03-02 04:30:00;2021-03-02 05:00:00;98.7
1071729215;2021-03-02 05:00:00;2021-03-02 05:30:00;91.1
1071729215;2021-03-02 05:30:00;2021-03-02 06:00:00;97.46666666666667
1071729215;2021-03-02 06:00:00;2021-03-02 06:30:00;88.93333333333334
1071729215;2021-03-02 06:30:00;2021-03-02 07:00:00;94.76666666666667
1071729215;2021-03-02 07:00:00;2021-03-02 07:30:00;90.63333333333334
1071729215;2021-03-02 07:30:00;2021-03-02 08:00:00;90.26666666666667
1071729215;2021-03-02 08:00:00;2021-03-02 08:30:00;91.9
1071729215;2021-03-02 08:30:00;2021-03-02 09:00:00;107.1
1071729215;2021-03-02 09:00:00;2021-03-02 09:30:00;107.03333333333333
1071729215;2021-03-02 09:30:00;2021-03-02 10:00:00;108.53333333333333
1071729215;2021-03-02 10:00:00;2021-03-02 10:30:00;103.66666666666667
1071729215;2021-03-02 10:30:00;2021-03-02 11:00:00;108.06666666666666
1071729215;2021-03-02 11:00:00;2021-03-02 11:30:00;98.6
1071729215;2021-03-02 11:30:00;2021-03-02 12:00:00;104.76666666666667
1071729215;2021-03-02 12:00:00;2021-03-02 12:30:00;93.56666666666666
1071729215;2021-03-02 12:30:00;2021-03-02 13:00:00;100.6
1071729215;2021-03-02 13:00:00;2021-03-02 13:30:00;102.7
1071729215;2021-03-02 13:30:00;2021-03-02 14:00:00;100.03333333333333
1071729215;2021-03-02 14:00:00;2021-03-02 14:30:00;109.0
1071729215;2021-03-02 14:30:00;2021-03-02 15:00:00;102.56666666666666
1071729215;2021-03-02 15:00:00;2021-03-02 15:30:00;90.26666666666667
1071729215;2021-03-02 15:30:00;2021-03-02 16:00:00;90.8
1071729215;2021-03-02 16:00:00;2021-03-02 16:30:00;86.93333333333334
1071729215;2021-03-02 16:30:00;2021-03-02 17:00:00;106.6
1071729215;2021-03-02 17:00:00;2021-03-02 17:30:00;92.8
1071729215;2021-03-02 17:30:00;2021-03-02 18:00:00;93.56666666666666
1071729215;2021-03-02 18:00:00;2021-03-02 18:30:00;101.03333333333333
1071729215;2021-03-02 18:30:00;2021-03-02 19:00:00;92.63333333333334
1071729215;2021-03-02 19:00:00;2021-03-02 19:30:00;100.8
1071729215;2021-03-02 19:30:00;2021-03-02 20:00:00;104.7
1071729215;2021-03-02 20:00:00;2021-03-02 20:30:00;98.86666666666666
1071729215;2021-03-02 20:30:00;2021-03-02 21:00:00;88.7
1071729215;2021-03-02 21:00:00;2021-03-02 21:30:00;102.36666666666666
1071729215;2021-03-02 21:30:00;2021-03-02 22:00:00;102.6
1071729215;2021-03-02 22:00:00;2021-03-02 22:30:00;87.03333333333333
1071729215;2021-03-02 22:30:00;2021-03-02 23:00:00;95.13333333333334
1071729215;2021-03-02 23:00:00;2021-03-02 23:30:00;100.96666666666667
1071729215;2021-03-02 23:30:00;2021-03-02 23:59:59;101.0
1071729215;2021-03-03 00:00:00;2021-03-03 00:30:00;101.0
1071729215;2021-03-03 00:30:00;2021-03-03 01:00:00;101.0
1071729215;2021-03-03 01:00:00;2021-03-03 01:30:00;94.0
1071729215;2021-03-03 01:30:00;2021-03-03 02:00:00;101.0
1071729215;2021-03-03 02:00:00;2021-03-03 02:30:00;101.0
1071729215;2021-03-03 02:30:00;2021-03-03 03:00:00;101.0
1071729215;2021-03-03 03:00:00;2021-03-03 03:30:00;101.0
1071729215;2021-03-03 03:30:00;2021-03-03 04:00:00;100.2
1071729215;2021-03-03 04:00:00;2021-03-03 04:30:00;87.63333333333334
1071729215;2021-03-03 04:30:00;2021-03-03 05:00:00;93.93333333333334
1071729215;2021-03-03 05:00:00;2021-03-03 05:30:00;102.3
1071729215;2021-03-03 05:30:00;2021-03-03 06:00:00;102.76666666666667
1071729215;2021-03-03 06:00:00;2021-03-03 06:30:00;96.33333333333333
1071729215;2021-03-03 06:30:00;2021-03-03 07:00:00;118.43333333333334
1071729215;2021-03-03 07:00:00;2021-03-03 07:30:00;98.76666666666667
1071729215;2021-03-03 07:30:00;2021-03-03 08:00:00;92.23333333333333
1071729215;2021-03-03 08:00:00;2021-03-03 08:30:00;93.76666666666667
1071729215;2021-03-03 08:30:00;2021-03-03 09:00:00;98.66666666666667
1071729215;2021-03-03 09:00:00;2021-03-03 09:30:00;87.83333333333333
1071729215;2021-03-03 09:30:00;2021-03-03 10:00:00;106.36666666666666
1071729215;2021-03-03 10:00:00;2021-03-03 10:30:00;97.96666666666667
1071729215;2021-03-03 10:30:00;2021-03-03 11:00:00;99.76666666666667
1071729215;2021-03-03 11:00:00;2021-03-03 11:30:00;93.93333333333334
1071729215;2021-03-03 11:30:00;2021-03-03 12:00:00;96.8
1071729215;2021-03-03 12:00:00;2021-03-03 12:30:00;77.76666666666667
1071729215;2021-03-03 12:30:00;2021-03-03 13:00:00;90.93333333333334
1071729215;2021-03-03 13:00:00;2021-03-03 13:30:00;113.63333333333334
1071729215;2021-03-03 13:30:00;2021-03-03 14:00:00;100.53333333333333
1071729215;2021-03-03 14:00:00;2021-03-03 14:30:00;96.66666666666667
1071729215;2021-03-03 14:30:00;2021-03-03 15:00:00;100.2
1071729215;2021-03-03 15:00:00;2021-03-03 15:30:00;107.53333333333333
1071729215;2021-03-03 15:30:00;2021-03-03 16:00:00;100.9
1071729215;2021-03-03 16:00:00;2021-03-03 16:30:00;95.56666666666666
1071729215;2021-03-03 16:30:00;2021-03-03 17:00:00;111.7
1071729215;2021-03-03 17:00:00;2021-03-03 17:30:00;98.36666666666666
1071729215;2021-03-03 17:30:00;2021-03-03 18:00:00;95.9
1071729215;2021-03-03 18:00:00;2021-03-03 18:30:00;110.53333333333333
1071729215;2021-03-03 18:30:00;2021-03-03 19:00:00;117.06666666666666
1071729215;2021-03-03 19:00:00;2021-03-03 19:30:00;104.66666666666667
1071729215;2021-03-03 19:30:00;2021-03-03 20:00:00;96.16666666666667
1071729215;2021-03-03 20:00:00;2021-03-03 20:30:00;113.2
1071729215;2021-03-03 20:30:00;2021-03-03 21:00:00;97.03333333333333
1071729215;2021-03-03 21:00:00;2021-03-03 21:30:00;94.86666666666666
1071729215;2021-03-03 21:30:00;2021-03-03 22:00:00;110.83333333333333
1071729215;2021-03-03 22:00:00;2021-03-03 22:30:00;97.4
1071729215;2021-03-03 22:30:00;2021-03-03 23:00:00;106.23333333333333
1071729215;2021-03-03 23:00:00;2021-03-03 23:30:00;94.33333333333333
1071729215;2021-03-03 23:30:00;2021-03-03 23:59:59;100.6
1071729215;2021-03-04 00:00:00;2021-03-04 00:30:00;100.13333333333334
1071729215;2021-03-04 00:30:00;2021-03-04 01:00:00;99.6
1071729215;2021-03-04 01:00:00;2021-03-04 01:30:00;106.06666666666666
1071729215;2021-03-04 01:30:00;2021-03-04 02:00:00;101.0
1071729215;2021-03-04 02:00:00;2021-03-04 02:30:00;100.5
1071729215;2021-03-04 02:30:00;2021-03-04 03:00:00;93.66666666666667
1071729215;2021-03-04 03:00:00;2021-03-04 03:30:00;88.6
1071729215;2021-03-04 03:30:00;2021-03-04 04:00:00;100.8
1071729215;2021-03-04 04:00:00;2021-03-04 04:30:00;95.1
1071729215;2021-03-04 04:30:00;2021-03-04 05:00:00;96.36666666666666
1071729215;2021-03-04 05:00:00;2021-03-04 05:30:00;101.66666666666667
1071729215;2021-03-04 05:30:00;2021-03-04 06:00:00;108.86666666666666
1071729215;2021-03-04 06:00:00;2021-03-04 06:30:00;108.4
1071729215;2021-03-04 06:30:00;2021-03-04 07:00:00;105.76666666666667
1071729215;2021-03-04 07:00:00;2021-03-04 07:30:00;102.73333333333333
1071729215;2021-03-04 07:30:00;2021-03-04 08:00:00;95.3
1071729215;2021-03-04 08:00:00;2021-03-04 08:30:00;100.83333333333333
1071729215;2021-03-04 08:30:00;2021-03-04 09:00:00;108.0
1071729215;2021-03-04 09:00:00;2021-03-04 09:30:00;88.16666666666667
1071729215;2021-03-04 09:30:00;2021-03-04 10:00:00;116.9
1071729215;2021-03-04 10:00:00;2021-03-04 10:30:00;97.2
1071729215;2021-03-04 10:30:00;2021-03-04 11:00:00;91.33333333333333
1071729215;2021-03-04 11:00:00;2021-03-04 11:30:00;91.8
1071729215;2021-03-04 11:30:00;2021-03-04 12:00:00;102.93333333333334
1071729215;2021-03-04 12:00:00;2021-03-04 12:30:00;105.9
1071729215;2021-03-04 12:30:00;2021-03-04 13:00:00;102.86666666666666
1071729215;2021-03-04 13:00:00;2021-03-04 13:30:00;101.43333333333334
1071729215;2021-03-04 13:30:00;2021-03-04 14:00:00;105.1
1071729215;2021-03-04 14:00:00;2021-03-04 14:30:00;95.8
1071729215;2021-03-04 14:30:00;2021-03-04 15:00:00;111.8
1071729215;2021-03-04 15:00:00;2021-03-04 15:30:00;102.33333333333333
1071729215;2021-03-04 15:30:00;2021-03-04 16:00:00;93.66666666666667
1071729215;2021-03-04 16:00:00;2021-03-04 16:30:00;95.76666666666667
1071729215;2021-03-04 16:30:00;2021-03-04 17:00:00;107.23333333333333
1071729215;2021-03-04 17:00:00;2021-03-04 17:30:00;106.13333333333334
1071729215;2021-03-04 17:30:00;2021-03-04 18:00:00;103.53333333333333
1071729215;2021-03-04 18:00:00;2021-03-04 18:30:00;107.1
1071729215;2021-03-04 18:30:00;2021-03-04 19:00:00;95.2
1071729215;2021-03-04 19:00:00;2021-03-04 19:30:00;92.9
1071729215;2021-03-04 19:30:00;2021-03-04 20:00:00;103.73333333333333
1071729215;2021-03-04 20:00:00;2021-03-04 20:30:00;104.23333333333333
1071729215;2021-03-04 20:30:00;2021-03-04 21:00:00;106.76666666666667
1071729215;2021-03-04 21:00:00;2021-03-04 21:30:00;105.73333333333333
1071729215;2021-03-04 21:30:00;2021-03-04 22:00:00;94.6
1071729215;2021-03-04 22:00:00;2021-03-04 22:30:00;95.93333333333334
1071729215;2021-03-04 22:30:00;2021-03-04 23:00:00;82.0
1071729215;2021-03-04 23:00:00;2021-03-04 23:30:00;85.33333333333333
1071729215;2021-03-04 23:30:00;2021-03-04 23:59:59;105.26666666666667
1071729215;2021-03-05 00:00:00;2021-03-05 00:30:00;96.86666666666666
1071729215;2021-03-05 00:30:00;2021-03-05 01:00:00;89.6
1071729215;2021-03-05 01:00:00;2021-03-05 01:30:00;106.36666666666666
1071729215;2021-03-05 01:30:00;2021-03-05 02:00:00;100.0
1071729215;2021-03-05 02:00:00;2021-03-05 02:30:00;96.23333333333333
1071729215;2021-03-05 02:30:00;2021-03-05 03:00:00;99.63333333333334
1071729215;2021-03-05 03:00:00;2021-03-05 03:30:00;98.33333333333333
1071729215;2021-03-05 03:30:00;2021-03-05 04:00:00;104.23333333333333
1071729215;2021-03-05 04:00:00;2021-03-05 04:30:00;102.83333333333333
1071729215;2021-03-05 04:30:00;2021-03-05 05:00:00;93.9
1071729215;2021-03-05 05:00:00;2021-03-05 05:30:00;103.83333333333333
1071729215;2021-03-05 05:30:00;2021-03-05 06:00:00;99.23333333333333
1071729215;2021-03-05 06:00:00;2021-03-05 06:30:00;101.23333333333333
1071729215;2021-03-05 06:30:00;2021-03-05 07:00:00;95.13333333333334
1071729215;2021-03-05 07:00:00;2021-03-05 07:30:00;92.7
1071729215;2021-03-05 07:30:00;2021-03-05 08:00:00;86.86666666666666
1071729215;2021-03-05 08:00:00;2021-03-05 08:30:00;106.86666666666666
1071729215;2021-03-05 08:30:00;2021-03-05 09:00:00;102.0
1071729215;2021-03-05 09:00:00;2021-03-05 09:30:00;92.8
1071729215;2021-03-05 09:30:00;2021-03-05 10:00:00;113.93333333333334
1071729215;2021-03-05 10:00:00;2021-03-05 10:30:00;113.7
1071729215;2021-03-05 10:30:00;2021-03-05 11:00:00;97.76666666666667
1071729215;2021-03-05 11:00:00;2021-03-05 11:30:00;101.63333333333334
1071729215;2021-03-05 11:30:00;2021-03-05 12:00:00;104.53333333333333
1071729215;2021-03-05 12:00:00;2021-03-05 12:30:00;97.53333333333333
1071729215;2021-03-05 12:30:00;2021-03-05 13:00:00;105.03333333333333
1071729215;2021-03-05 13:00:00;2021-03-05 13:30:00;93.23333333333333
1071729215;2021-03-05 13:30:00;2021-03-05 14:00:00;100.96666666666667
1071729215;2021-03-05 14:00:00;2021-03-05 14:30:00;103.26666666666667
1071729215;2021-03-05 14:30:00;2021-03-05 15:00:00;103.1
1071729215;2021-03-05 15:00:00;2021-03-05 15:30:00;101.0
1071729215;2021-03-05 15:30:00;2021-03-05 16:00:00;104.86666666666666
1071729215;2021-03-05 16:00:00;2021-03-05 16:30:00;108.2
1071729215;2021-03-05 16:30:00;2021-03-05 17:00:00;109.86666666666666
1071729215;2021-03-05 17:00:00;2021-03-05 17:30:00;101.4
1071729215;2021-03-05 17:30:00;2021-03-05 18:00:00;106.13333333333334
1071729215;2021-03-05 18:00:00;2021-03-05 18:30:00;108.2
1071729215;2021-03-05 18:30:00;2021-03-05 19:00:00;106.96666666666667
1071729215;2021-03-05 19:00:00;2021-03-05 19:30:00;102.1
1071729215;2021-03-05 19:30:00;2021-03-05 20:00:00;95.0
1071729215;2021-03-05 20:00:00;2021-03-05 20:30:00;113.93333333333334
1071729215;2021-03-05 20:30:00;2021-03-05 21:00:00;120.2
1071729215;2021-03-05 21:00:00;2021-03-05 21:30:00;118.03333333333333
1071729215;2021-03-05 21:30:00;2021-03-05 22:00:00;105.56666666666666
1071729215;2021-03-05 22:00:00;2021-03-05 22:30:00;113.63333333333334
1071729215;2021-03-05 22:30:00;2021-03-05 23:00:00;107.66666666666667
1071729215;2021-03-05 23:00:00;2021-03-05 23:30:00;100.4
1071729215;2021-03-05 23:30:00;2021-03-05 23:59:59;99.9
1071729215;2021-03-06 00:00:00;2021-03-06 00:30:00;100.7
1071729215;2021-03-06 00:30:00;2021-03-06 01:00:00;102.33333333333333
1071729215;2021-03-06 01:00:00;2021-03-06 01:30:00;92.83333333333333
1071729215;2021-03-06 01:30:00;2021-03-06 02:00:00;97.33333333333333
1071729215;2021-03-06 02:00:00;2021-03-06 02:30:00;79.0
1071729215;2021-03-06 02:30:00;2021-03-06 03:00:00;82.5
1071729215;2021-03-06 03:00:00;2021-03-06 03:30:00;93.5
1071729215;2021-03-06 03:30:00;2021-03-06 04:00:00;101.0
1071729215;2021-03-06 04:00:00;2021-03-06 04:30:00;89.9
1071729215;2021-03-06 04:30:00;2021-03-06 05:00:00;89.6
1071729215;2021-03-06 05:00:00;2021-03-06 05:30:00;95.48275862068965
1071729215;2021-03-06 05:30:00;2021-03-06 06:00:00;102.56666666666666
1071729215;2021-03-06 06:00:00;2021-03-06 06:30:00;98.26666666666667
1071729215;2021-03-06 06:30:00;2021-03-06 07:00:00;101.7
1071729215;2021-03-06 07:00:00;2021-03-06 07:30:00;105.41379310344827
1071729215;2021-03-06 07:30:00;2021-03-06 08:00:00;98.16666666666667
1071729215;2021-03-06 08:00:00;2021-03-06 08:30:00;100.03333333333333
1071729215;2021-03-06 08:30:00;2021-03-06 09:00:00;92.4
1071729215;2021-03-06 09:00:00;2021-03-06 09:30:00;97.93333333333334
1071729215;2021-03-06 09:30:00;2021-03-06 10:00:00;95.6
1071729215;2021-03-06 10:00:00;2021-03-06 10:30:00;99.86666666666666
1071729215;2021-03-06 10:30:00;2021-03-06 11:00:00;116.33333333333333
1071729215;2021-03-06 11:00:00;2021-03-06 11:30:00;107.23333333333333
1071729215;2021-03-06 11:30:00;2021-03-06 12:00:00;99.26666666666667
1071729215;2021-03-06 12:00:00;2021-03-06 12:30:00;95.41379310344827
1071729215;2021-03-06 12:30:00;2021-03-06 13:00:00;95.53333333333333
1071729215;2021-03-06 13:00:00;2021-03-06 13:30:00;95.5
1071729215;2021-03-06 13:30:00;2021-03-06 14:00:00;89.06666666666666
1071729215;2021-03-06 14:00:00;2021-03-06 14:30:00;91.76666666666667
1071729215;2021-03-06 14:30:00;2021-03-06 15:00:00;95.86666666666666
1071729215;2021-03-06 15:00:00;2021-03-06 15:30:00;86.9
1071729215;2021-03-06 15:30:00;2021-03-06 16:00:00;94.2
1071729215;2021-03-06 16:00:00;2021-03-06 16:30:00;108.33333333333333
1071729215;2021-03-06 16:30:00;2021-03-06 17:00:00;87.56666666666666
1071729215;2021-03-06 17:00:00;2021-03-06 17:30:00;73.93333333333334
1071729215;2021-03-06 17:30:00;2021-03-06 18:00:00;69.76666666666667
1071729215;2021-03-06 18:00:00;2021-03-06 18:30:00;76.7
1071729215;2021-03-06 18:30:00;2021-03-06 19:00:00;92.46666666666667
1071729215;2021-03-06 19:00:00;2021-03-06 19:30:00;99.7
1071729215;2021-03-06 19:30:00;2021-03-06 20:00:00;111.2
1071729215;2021-03-06 20:00:00;2021-03-06 20:30:00;111.1
1071729215;2021-03-06 20:30:00;2021-03-06 21:00:00;111.86666666666666
1071729215;2021-03-06 21:00:00;2021-03-06 21:30:00;105.86666666666666
1071729215;2021-03-06 21:30:00;2021-03-06 22:00:00;103.86666666666666
1071729215;2021-03-06 22:00:00;2021-03-06 22:30:00;105.2
1071729215;2021-03-06 22:30:00;2021-03-06 23:00:00;106.46666666666667
1071729215;2021-03-06 23:00:00;2021-03-06 23:30:00;87.56666666666666
1071729215;2021-03-06 23:30:00;2021-03-06 23:59:59;98.86666666666666
1071729215;2021-03-07 00:00:00;2021-03-07 00:30:00;97.8
1071729215;2021-03-07 00:30:00;2021-03-07 01:00:00;85.1
1071729215;2021-03-07 01:00:00;2021-03-07 01:30:00;91.06666666666666
1071729215;2021-03-07 01:30:00;2021-03-07 02:00:00;95.03333333333333
1071729215;2021-03-07 02:00:00;2021-03-07 02:30:00;89.0
1071729215;2021-03-07 02:30:00;2021-03-07 03:00:00;84.13333333333334
1071729215;2021-03-07 03:00:00;2021-03-07 03:30:00;94.2
1071729215;2021-03-07 03:30:00;2021-03-07 04:00:00;97.93333333333334
1071729215;2021-03-07 04:00:00;2021-03-07 04:30:00;93.53333333333333
1071729215;2021-03-07 04:30:00;2021-03-07 05:00:00;92.3
1071729215;2021-03-07 05:00:00;2021-03-07 05:30:00;94.66666666666667
1071729215;2021-03-07 05:30:00;2021-03-07 06:00:00;92.06666666666666
1071729215;2021-03-07 06:00:00;2021-03-07 06:30:00;90.13333333333334
1071729215;2021-03-07 06:30:00;2021-03-07 07:00:00;92.63333333333334
1071729215;2021-03-07 07:00:00;2021-03-07 07:30:00;93.86666666666666
1071729215;2021-03-07 07:30:00;2021-03-07 08:00:00;105.3
1071729215;2021-03-07 08:00:00;2021-03-07 08:30:00;99.53333333333333
1071729215;2021-03-07 08:30:00;2021-03-07 09:00:00;111.4
1071729215;2021-03-07 09:00:00;2021-03-07 09:30:00;107.26666666666667
1071729215;2021-03-07 09:30:00;2021-03-07 10:00:00;105.36666666666666
1071729215;2021-03-07 10:00:00;2021-03-07 10:30:00;107.53333333333333
1071729215;2021-03-07 10:30:00;2021-03-07 11:00:00;108.56666666666666
1071729215;2021-03-07 11:00:00;2021-03-07 11:30:00;102.3
1071729215;2021-03-07 11:30:00;2021-03-07 12:00:00;102.16666666666667
1071729215;2021-03-07 12:00:00;2021-03-07 12:30:00;96.23333333333333
1071729215;2021-03-07 12:30:00;2021-03-07 13:00:00;92.03333333333333
1071729215;2021-03-07 13:00:00;2021-03-07 13:30:00;86.83333333333333
1071729215;2021-03-07 13:30:00;2021-03-07 14:00:00;90.26666666666667
1071729215;2021-03-07 14:00:00;2021-03-07 14:30:00;89.93333333333334
1071729215;2021-03-07 14:30:00;2021-03-07 15:00:00;91.56666666666666
1071729215;2021-03-07 15:00:00;2021-03-07 15:30:00;92.36666666666666
1071729215;2021-03-07 15:30:00;2021-03-07 16:00:00;96.53333333333333
1071729215;2021-03-07 16:00:00;2021-03-07 16:30:00;95.0
1071729215;2021-03-07 16:30:00;2021-03-07 17:00:00;95.3
1071729215;2021-03-07 17:00:00;2021-03-07 17:30:00;87.93333333333334
1071729215;2021-03-07 17:30:00;2021-03-07 18:00:00;80.26666666666667
1071729215;2021-03-07 18:00:00;2021-03-07 18:30:00;102.66666666666667
1071729215;2021-03-07 18:30:00;2021-03-07 19:00:00;101.5
1071729215;2021-03-07 19:00:00;2021-03-07 19:30:00;105.86666666666666
1071729215;2021-03-07 19:30:00;2021-03-07 20:00:00;107.3
1071729215;2021-03-07 20:00:00;2021-03-07 20:30:00;100.93333333333334
1071729215;2021-03-07 20:30:00;2021-03-07 21:00:00;106.7
1071729215;2021-03-07 21:00:00;2021-03-07 21:30:00;102.65517241379311
1071729215;2021-03-07 21:30:00;2021-03-07 22:00:00;110.96666666666667
1071729215;2021-03-07 22:00:00;2021-03-07 22:30:00;103.56666666666666
1071729215;2021-03-07 22:30:00;2021-03-07 23:00:00;93.33333333333333
1071729215;2021-03-07 23:00:00;2021-03-07 23:30:00;95.1
1071729215;2021-03-07 23:30:00;2021-03-07 23:59:59;107.03333333333333
1071729215;2021-03-08 00:00:00;2021-03-08 00:30:00;94.3
1071729215;2021-03-08 00:30:00;2021-03-08 01:00:00;100.26666666666667
1071729215;2021-03-08 01:00:00;2021-03-08 01:30:00;100.83333333333333
1071729215;2021-03-08 01:30:00;2021-03-08 02:00:00;104.2
1071729215;2021-03-08 02:00:00;2021-03-08 02:30:00;101.0
1071729215;2021-03-08 02:30:00;2021-03-08 03:00:00;111.63333333333334
1071729215;2021-03-08 03:00:00;2021-03-08 03:30:00;116.86666666666666
1071729215;2021-03-08 03:30:00;2021-03-08 04:00:00;99.63333333333334
1071729215;2021-03-08 04:00:00;2021-03-08 04:30:00;101.43333333333334
1071729215;2021-03-08 04:30:00;2021-03-08 05:00:00;104.13333333333334
1071729215;2021-03-08 05:00:00;2021-03-08 05:30:00;105.7
1071729215;2021-03-08 05:30:00;2021-03-08 06:00:00;108.9
1071729215;2021-03-08 06:00:00;2021-03-08 06:30:00;97.36666666666666
1071729215;2021-03-08 06:30:00;2021-03-08 07:00:00;99.26666666666667
1071729215;2021-03-08 07:00:00;2021-03-08 07:30:00;100.1
1071729215;2021-03-08 07:30:00;2021-03-08 08:00:00;91.53333333333333
1071729215;2021-03-08 08:00:00;2021-03-08 08:30:00;94.33333333333333
1071729215;2021-03-08 08:30:00;2021-03-08 09:00:00;103.63333333333334
1071729215;2021-03-08 09:00:00;2021-03-08 09:30:00;97.66666666666667
1071729215;2021-03-08 09:30:00;2021-03-08 10:00:00;104.23333333333333
1071729215;2021-03-08 10:00:00;2021-03-08 10:30:00;114.86666666666666
1071729215;2021-03-08 10:30:00;2021-03-08 11:00:00;101.6
1071729215;2021-03-08 11:00:00;2021-03-08 11:30:00;92.4
1071729215;2021-03-08 11:30:00;2021-03-08 12:00:00;100.0
1071729215;2021-03-08 12:00:00;2021-03-08 12:30:00;102.26666666666667
1071729215;2021-03-08 12:30:00;2021-03-08 13:00:00;97.06666666666666
1071729215;2021-03-08 13:00:00;2021-03-08 13:30:00;81.53333333333333
1071729215;2021-03-08 13:30:00;2021-03-08 14:00:00;92.1
1071729215;2021-03-08 14:00:00;2021-03-08 14:30:00;82.2
1071729215;2021-03-08 14:30:00;2021-03-08 15:00:00;98.5
1071729215;2021-03-08 15:00:00;2021-03-08 15:30:00;94.73333333333333
1071729215;2021-03-08 15:30:00;2021-03-08 16:00:00;101.1
1071729215;2021-03-08 16:00:00;2021-03-08 16:30:00;93.66666666666667
1071729215;2021-03-08 16:30:00;2021-03-08 17:00:00;108.33333333333333
1071729215;2021-03-08 17:00:00;2021-03-08 17:30:00;104.5
1071729215;2021-03-08 17:30:00;2021-03-08 18:00:00;98.7
1071729215;2021-03-08 18:00:00;2021-03-08 18:30:00;94.06666666666666
1071729215;2021-03-08 18:30:00;2021-03-08 19:00:00;104.6
1071729215;2021-03-08 19:00:00;2021-03-08 19:30:00;100.26666666666667
1071729215;2021-03-08 19:30:00;2021-03-08 20:00:00;94.2
1071729215;2021-03-08 20:00:00;2021-03-08 20:30:00;107.86666666666666
1071729215;2021-03-08 20:30:00;2021-03-08 21:00:00;101.2
1071729215;2021-03-08 21:00:00;2021-03-08 21:30:00;99.76666666666667
1071729215;2021-03-08 21:30:00;2021-03-08 22:00:00;101.8
1071729215;2021-03-08 22:00:00;2021-03-08 22:30:00;101.0
1071729215;2021-03-08 22:30:00;2021-03-08 23:00:00;101.0
1071729215;2021-03-08 23:00:00;2021-03-08 23:30:00;101.0
1071729215;2021-03-08 23:30:00;2021-03-08 23:59:59;88.93333333333334
1071729215;2021-03-09 00:00:00;2021-03-09 00:30:00;99.3
1071729215;2021-03-09 00:30:00;2021-03-09 01:00:00;101.0
1071729215;2021-03-09 01:00:00;2021-03-09 01:30:00;101.0
1071729215;2021-03-09 01:30:00;2021-03-09 02:00:00;101.0
1071729215;2021-03-09 02:00:00;2021-03-09 02:30:00;101.0
1071729215;2021-03-09 02:30:00;2021-03-09 03:00:00;101.0
1071729215;2021-03-09 03:00:00;2021-03-09 03:30:00;101.0
1071729215;2021-03-09 03:30:00;2021-03-09 04:00:00;101.0
1071729215;2021-03-09 04:00:00;2021-03-09 04:30:00;93.0
1071729215;2021-03-09 04:30:00;2021-03-09 05:00:00;94.03333333333333
1071729215;2021-03-09 05:00:00;2021-03-09 05:30:00;100.16666666666667
1071729215;2021-03-09 05:30:00;2021-03-09 06:00:00;112.2
1071729215;2021-03-09 06:00:00;2021-03-09 06:30:00;101.76666666666667
1071729215;2021-03-09 06:30:00;2021-03-09 07:00:00;103.33333333333333
1071729215;2021-03-09 07:00:00;2021-03-09 07:30:00;97.76666666666667
1071729215;2021-03-09 07:30:00;2021-03-09 08:00:00;86.7
1071729215;2021-03-09 08:00:00;2021-03-09 08:30:00;88.23333333333333
1071729215;2021-03-09 08:30:00;2021-03-09 09:00:00;92.76666666666667
1071729215;2021-03-09 09:00:00;2021-03-09 09:30:00;99.93103448275862
1071729215;2021-03-09 09:30:00;2021-03-09 10:00:00;97.63333333333334
1071729215;2021-03-09 10:00:00;2021-03-09 10:30:00;91.8
1071729215;2021-03-09 10:30:00;2021-03-09 11:00:00;86.1
1071729215;2021-03-09 11:00:00;2021-03-09 11:30:00;91.93333333333334
1071729215;2021-03-09 11:30:00;2021-03-09 12:00:00;100.36666666666666
1071729215;2021-03-09 12:00:00;2021-03-09 12:30:00;94.83333333333333
1071729215;2021-03-09 12:30:00;2021-03-09 13:00:00;94.23333333333333
1071729215;2021-03-09 13:00:00;2021-03-09 13:30:00;92.8
1071729215;2021-03-09 13:30:00;2021-03-09 14:00:00;100.2
1071729215;2021-03-09 14:00:00;2021-03-09 14:30:00;95.66666666666667
1071729215;2021-03-09 14:30:00;2021-03-09 15:00:00;94.43333333333334
1071729215;2021-03-09 15:00:00;2021-03-09 15:30:00;92.6
1071729215;2021-03-09 15:30:00;2021-03-09 16:00:00;97.33333333333333
1071729215;2021-03-09 16:00:00;2021-03-09 16:30:00;96.06666666666666
1071729215;2021-03-09 16:30:00;2021-03-09 17:00:00;87.36666666666666
1071729215;2021-03-09 17:00:00;2021-03-09 17:30:00;91.96666666666667
1071729215;2021-03-09 17:30:00;2021-03-09 18:00:00;94.8
1071729215;2021-03-09 18:00:00;2021-03-09 18:30:00;87.6
1071729215;2021-03-09 18:30:00;2021-03-09 19:00:00;90.2
1071729215;2021-03-09 19:00:00;2021-03-09 19:30:00;90.7
1071729215;2021-03-09 19:30:00;2021-03-09 20:00:00;98.76666666666667
1071729215;2021-03-09 20:00:00;2021-03-09 20:30:00;95.16666666666667
1071729215;2021-03-09 20:30:00;2021-03-09 21:00:00;95.13333333333334
1071729215;2021-03-09 21:00:00;2021-03-09 21:30:00;86.5
1071729215;2021-03-09 21:30:00;2021-03-09 22:00:00;93.5
1071729215;2021-03-09 22:00:00;2021-03-09 22:30:00;92.03333333333333
1071729215;2021-03-09 22:30:00;2021-03-09 23:00:00;95.66666666666667
1071729215;2021-03-09 23:00:00;2021-03-09 23:30:00;85.0
1071729215;2021-03-09 23:30:00;2021-03-09 23:59:59;88.93333333333334
1071729215;2021-03-10 00:00:00;2021-03-10 00:30:00;88.5
1071729215;2021-03-10 00:30:00;2021-03-10 01:00:00;101.0
1071729215;2021-03-10 01:00:00;2021-03-10 01:30:00;101.0
1071729215;2021-03-10 01:30:00;2021-03-10 02:00:00;101.0
1071729215;2021-03-10 02:00:00;2021-03-10 02:30:00;101.0
1071729215;2021-03-10 02:30:00;2021-03-10 03:00:00;101.0
1071729215;2021-03-10 03:00:00;2021-03-10 03:30:00;101.0
1071729215;2021-03-10 03:30:00;2021-03-10 04:00:00;101.0
1071729215;2021-03-10 04:00:00;2021-03-10 04:30:00;89.0
1071729215;2021-03-10 04:30:00;2021-03-10 05:00:00;89.36666666666666
1071729215;2021-03-10 05:00:00;2021-03-10 05:30:00;92.73333333333333
1071729215;2021-03-10 05:30:00;2021-03-10 06:00:00;99.3
1071729215;2021-03-10 06:00:00;2021-03-10 06:30:00;91.5
1071729215;2021-03-10 06:30:00;2021-03-10 07:00:00;93.06666666666666
1071729215;2021-03-10 07:00:00;2021-03-10 07:30:00;94.4
1071729215;2021-03-10 07:30:00;2021-03-10 08:00:00;96.83333333333333
1071729215;2021-03-10 08:00:00;2021-03-10 08:30:00;86.73333333333333
1071729215;2021-03-10 08:30:00;2021-03-10 09:00:00;88.66666666666667
1071729215;2021-03-10 09:00:00;2021-03-10 09:30:00;91.8
1071729215;2021-03-10 09:30:00;2021-03-10 10:00:00;58.55172413793103
1071729215;2021-03-10 10:00:00;2021-03-10 10:30:00;77.83333333333333
1071729215;2021-03-10 10:30:00;2021-03-10 11:00:00;91.36666666666666
1071729215;2021-03-10 11:00:00;2021-03-10 11:30:00;106.66666666666667
1071729215;2021-03-10 11:30:00;2021-03-10 12:00:00;99.93333333333334
1071729215;2021-03-10 12:00:00;2021-03-10 12:30:00;99.46666666666667
1071729215;2021-03-10 12:30:00;2021-03-10 13:00:00;101.4
1071729215;2021-03-10 13:00:00;2021-03-10 13:30:00;93.9
1071729215;2021-03-10 13:30:00;2021-03-10 14:00:00;98.76666666666667
1071729215;2021-03-10 14:00:00;2021-03-10 14:30:00;94.36666666666666
1071729215;2021-03-10 14:30:00;2021-03-10 15:00:00;106.33333333333333
1071729215;2021-03-10 15:00:00;2021-03-10 15:30:00;101.2
1071729215;2021-03-10 15:30:00;2021-03-10 16:00:00;87.16666666666667
1071729215;2021-03-10 16:00:00;2021-03-10 16:30:00;100.2
1071729215;2021-03-10 16:30:00;2021-03-10 17:00:00;91.76666666666667
1071729215;2021-03-10 17:00:00;2021-03-10 17:30:00;98.16666666666667
1071729215;2021-03-10 17:30:00;2021-03-10 18:00:00;105.5
1071729215;2021-03-10 18:00:00;2021-03-10 18:30:00;103.5
1071729215;2021-03-10 18:30:00;2021-03-10 19:00:00;102.8
1071729215;2021-03-10 19:00:00;2021-03-10 19:30:00;97.06666666666666
1071729215;2021-03-10 19:30:00;2021-03-10 20:00:00;100.03333333333333
1071729215;2021-03-10 20:00:00;2021-03-10 20:30:00;107.26666666666667
1071729215;2021-03-10 20:30:00;2021-03-10 21:00:00;99.3
1071729215;2021-03-10 21:00:00;2021-03-10 21:30:00;94.66666666666667
1071729215;2021-03-10 21:30:00;2021-03-10 22:00:00;101.0
1071729215;2021-03-10 22:00:00;2021-03-10 22:30:00;97.66666666666667
1071729215;2021-03-10 22:30:00;2021-03-10 23:00:00;95.0
1071729215;2021-03-10 23:00:00;2021-03-10 23:30:00;99.53333333333333
1071729215;2021-03-10 23:30:00;2021-03-10 23:59:59;79.5
1071729215;2021-03-11 00:00:00;2021-03-11 00:30:00;85.16666666666667
1071729215;2021-03-11 00:30:00;2021-03-11 01:00:00;93.83333333333333
1071729215;2021-03-11 01:00:00;2021-03-11 01:30:00;101.0
1071729215;2021-03-11 01:30:00;2021-03-11 02:00:00;101.0
1071729215;2021-03-11 02:00:00;2021-03-11 02:30:00;93.6
1071729215;2021-03-11 02:30:00;2021-03-11 03:00:00;101.0
1071729215;2021-03-11 03:00:00;2021-03-11 03:30:00;101.0
1071729215;2021-03-11 03:30:00;2021-03-11 04:00:00;101.0
1071729215;2021-03-11 04:00:00;2021-03-11 04:30:00;93.0
1071729215;2021-03-11 04:30:00;2021-03-11 05:00:00;88.46666666666667
1071729215;2021-03-11 05:00:00;2021-03-11 05:30:00;110.1
1071729215;2021-03-11 05:30:00;2021-03-11 06:00:00;105.16666666666667
1071729215;2021-03-11 06:00:00;2021-03-11 06:30:00;98.5
1071729215;2021-03-11 06:30:00;2021-03-11 07:00:00;90.46666666666667
1071729215;2021-03-11 07:00:00;2021-03-11 07:30:00;95.26666666666667
1071729215;2021-03-11 07:30:00;2021-03-11 08:00:00;114.43333333333334
1071729215;2021-03-11 08:00:00;2021-03-11 08:30:00;98.56666666666666
1071729215;2021-03-11 08:30:00;2021-03-11 09:00:00;85.36666666666666
1071729215;2021-03-11 09:00:00;2021-03-11 09:30:00;102.33333333333333
1071729215;2021-03-11 09:30:00;2021-03-11 10:00:00;104.53333333333333
1071729215;2021-03-11 10:00:00;2021-03-11 10:30:00;109.0
1071729215;2021-03-11 10:30:00;2021-03-11 11:00:00;89.43333333333334
1071729215;2021-03-11 11:00:00;2021-03-11 11:30:00;111.33333333333333
1071729215;2021-03-11 11:30:00;2021-03-11 12:00:00;100.4
1071729215;2021-03-11 12:00:00;2021-03-11 12:30:00;107.33333333333333
1071729215;2021-03-11 12:30:00;2021-03-11 13:00:00;101.2
1071729215;2021-03-11 13:00:00;2021-03-11 13:30:00;99.26666666666667
1071729215;2021-03-11 13:30:00;2021-03-11 14:00:00;109.26666666666667
1071729215;2021-03-11 14:00:00;2021-03-11 14:30:00;100.33333333333333
1071729215;2021-03-11 14:30:00;2021-03-11 15:00:00;90.5
1071729215;2021-03-11 15:00:00;2021-03-11 15:30:00;92.9
1071729215;2021-03-11 15:30:00;2021-03-11 16:00:00;93.46666666666667
1071729215;2021-03-11 16:00:00;2021-03-11 16:30:00;113.8
1071729215;2021-03-11 16:30:00;2021-03-11 17:00:00;91.13333333333334
1071729215;2021-03-11 17:00:00;2021-03-11 17:30:00;89.13333333333334
1071729215;2021-03-11 17:30:00;2021-03-11 18:00:00;84.86666666666666
1071729215;2021-03-11 18:00:00;2021-03-11 18:30:00;79.63333333333334
1071729215;2021-03-11 18:30:00;2021-03-11 19:00:00;98.23333333333333
1071729215;2021-03-11 19:00:00;2021-03-11 19:30:00;84.0
1071729215;2021-03-11 19:30:00;2021-03-11 20:00:00;88.73333333333333
1071729215;2021-03-11 20:00:00;2021-03-11 20:30:00;84.2
1071729215;2021-03-11 20:30:00;2021-03-11 21:00:00;87.3
1071729215;2021-03-11 21:00:00;2021-03-11 21:30:00;97.63333333333334
1071729215;2021-03-11 21:30:00;2021-03-11 22:00:00;90.36666666666666
1071729215;2021-03-11 22:00:00;2021-03-11 22:30:00;92.06666666666666
1071729215;2021-03-11 22:30:00;2021-03-11 23:00:00;100.2
1071729215;2021-03-11 23:00:00;2021-03-11 23:30:00;94.7
1071729215;2021-03-11 23:30:00;2021-03-11 23:59:59;75.5
1071729215;2021-03-12 00:00:00;2021-03-12 00:30:00;85.7
1071729215;2021-03-12 00:30:00;2021-03-12 01:00:00;95.6
1071729215;2021-03-12 01:00:00;2021-03-12 01:30:00;101.0
1071729215;2021-03-12 01:30:00;2021-03-12 02:00:00;101.0
1071729215;2021-03-12 02:00:00;2021-03-12 02:30:00;101.0
1071729215;2021-03-12 02:30:00;2021-03-12 03:00:00;101.0
1071729215;2021-03-12 03:00:00;2021-03-12 03:30:00;101.0
1071729215;2021-03-12 03:30:00;2021-03-12 04:00:00;101.0
1071729215;2021-03-12 04:00:00;2021-03-12 04:30:00;100.0
1071729215;2021-03-12 04:30:00;2021-03-12 05:00:00;100.0
1071729215;2021-03-12 05:00:00;2021-03-12 05:30:00;101.1
1071729215;2021-03-12 05:30:00;2021-03-12 06:00:00;99.66666666666667
1071729215;2021-03-12 06:00:00;2021-03-12 06:30:00;90.5
1071729215;2021-03-12 06:30:00;2021-03-12 07:00:00;97.76666666666667
1071729215;2021-03-12 07:00:00;2021-03-12 07:30:00;94.73333333333333
1071729215;2021-03-12 07:30:00;2021-03-12 08:00:00;95.73333333333333
1071729215;2021-03-12 08:00:00;2021-03-12 08:30:00;91.23333333333333
1071729215;2021-03-12 08:30:00;2021-03-12 09:00:00;89.3
1071729215;2021-03-12 09:00:00;2021-03-12 09:30:00;98.1
1071729215;2021-03-12 09:30:00;2021-03-12 10:00:00;101.9
1071729215;2021-03-12 10:00:00;2021-03-12 10:30:00;104.06666666666666
1071729215;2021-03-12 10:30:00;2021-03-12 11:00:00;97.7
1071729215;2021-03-12 11:00:00;2021-03-12 11:30:00;98.13333333333334
1071729215;2021-03-12 11:30:00;2021-03-12 12:00:00;97.53333333333333
1071729215;2021-03-12 12:00:00;2021-03-12 12:30:00;90.43333333333334
1071729215;2021-03-12 12:30:00;2021-03-12 13:00:00;106.16666666666667
1071729215;2021-03-12 13:00:00;2021-03-12 13:30:00;94.8
1071729215;2021-03-12 13:30:00;2021-03-12 14:00:00;90.13333333333334
1071729215;2021-03-12 14:00:00;2021-03-12 14:30:00;98.3
1071729215;2021-03-12 14:30:00;2021-03-12 15:00:00;109.06666666666666
1071729215;2021-03-12 15:00:00;2021-03-12 15:30:00;95.36666666666666
1071729215;2021-03-12 15:30:00;2021-03-12 16:00:00;91.1
1071729215;2021-03-12 16:00:00;2021-03-12 16:30:00;103.16666666666667
1071729215;2021-03-12 16:30:00;2021-03-12 17:00:00;108.7
1071729215;2021-03-12 17:00:00;2021-03-12 17:30:00;108.7
1071729215;2021-03-12 17:30:00;2021-03-12 18:00:00;103.03333333333333
1071729215;2021-03-12 18:00:00;2021-03-12 18:30:00;101.96666666666667
1071729215;2021-03-12 18:30:00;2021-03-12 19:00:00;110.26666666666667
1071729215;2021-03-12 19:00:00;2021-03-12 19:30:00;103.13333333333334
1071729215;2021-03-12 19:30:00;2021-03-12 20:00:00;102.43333333333334
1071729215;2021-03-12 20:00:00;2021-03-12 20:30:00;99.96666666666667
1071729215;2021-03-12 20:30:00;2021-03-12 21:00:00;106.46666666666667
1071729215;2021-03-12 21:00:00;2021-03-12 21:30:00;101.7
1071729215;2021-03-12 21:30:00;2021-03-12 22:00:00;111.86666666666666
1071729215;2021-03-12 22:00:00;2021-03-12 22:30:00;92.73333333333333
1071729215;2021-03-12 22:30:00;2021-03-12 23:00:00;87.06666666666666
1071729215;2021-03-12 23:00:00;2021-03-12 23:30:00;102.16666666666667
1071729215;2021-03-12 23:30:00;2021-03-12 23:59:59;100.83333333333333
1071729215;2021-03-13 00:00:00;2021-03-13 00:30:00;94.5
1071729215;2021-03-13 00:30:00;2021-03-13 01:00:00;92.76666666666667
1071729215;2021-03-13 01:00:00;2021-03-13 01:30:00;82.66666666666667
1071729215;2021-03-13 01:30:00;2021-03-13 02:00:00;88.16666666666667
1071729215;2021-03-13 02:00:00;2021-03-13 02:30:00;103.53333333333333
1071729215;2021-03-13 02:30:00;2021-03-13 03:00:00;96.6
1071729215;2021-03-13 03:00:00;2021-03-13 03:30:00;101.0
1071729215;2021-03-13 03:30:00;2021-03-13 04:00:00;95.3
1071729215;2021-03-13 04:00:00;2021-03-13 04:30:00;95.43333333333334
1071729215;2021-03-13 04:30:00;2021-03-13 05:00:00;89.16666666666667
1071729215;2021-03-13 05:00:00;2021-03-13 05:30:00;96.8
1071729215;2021-03-13 05:30:00;2021-03-13 06:00:00;100.0
1071729215;2021-03-13 06:00:00;2021-03-13 06:30:00;101.93333333333334
1071729215;2021-03-13 06:30:00;2021-03-13 07:00:00;107.2
1071729215;2021-03-13 07:00:00;2021-03-13 07:30:00;97.53333333333333
1071729215;2021-03-13 07:30:00;2021-03-13 08:00:00;99.56666666666666
1071729215;2021-03-13 08:00:00;2021-03-13 08:30:00;101.83333333333333
1071729215;2021-03-13 08:30:00;2021-03-13 09:00:00;104.3
1071729215;2021-03-13 09:00:00;2021-03-13 09:30:00;97.63333333333334
1071729215;2021-03-13 09:30:00;2021-03-13 10:00:00;102.33333333333333
1071729215;2021-03-13 10:00:00;2021-03-13 10:30:00;109.43333333333334
1071729215;2021-03-13 10:30:00;2021-03-13 11:00:00;103.0
1071729215;2021-03-13 11:00:00;2021-03-13 11:30:00;112.1
1071729215;2021-03-13 11:30:00;2021-03-13 12:00:00;95.9
1071729215;2021-03-13 12:00:00;2021-03-13 12:30:00;106.96666666666667
1071729215;2021-03-13 12:30:00;2021-03-13 13:00:00;110.9
1071729215;2021-03-13 13:00:00;2021-03-13 13:30:00;117.6
1071729215;2021-03-13 13:30:00;2021-03-13 14:00:00;105.7
1071729215;2021-03-13 14:00:00;2021-03-13 14:30:00;110.83333333333333
1071729215;2021-03-13 14:30:00;2021-03-13 15:00:00;108.36666666666666
1071729215;2021-03-13 15:00:00;2021-03-13 15:30:00;100.7
1071729215;2021-03-13 15:30:00;2021-03-13 16:00:00;98.83333333333333
1071729215;2021-03-13 16:00:00;2021-03-13 16:30:00;112.93333333333334
1071729215;2021-03-13 16:30:00;2021-03-13 17:00:00;104.36666666666666
1071729215;2021-03-13 17:00:00;2021-03-13 17:30:00;108.1
1071729215;2021-03-13 17:30:00;2021-03-13 18:00:00;113.46666666666667
1071729215;2021-03-13 18:00:00;2021-03-13 18:30:00;107.83333333333333
1071729215;2021-03-13 18:30:00;2021-03-13 19:00:00;97.23333333333333
1071729215;2021-03-13 19:00:00;2021-03-13 19:30:00;110.76666666666667
1071729215;2021-03-13 19:30:00;2021-03-13 20:00:00;115.56666666666666
1071729215;2021-03-13 20:00:00;2021-03-13 20:30:00;115.83333333333333
1071729215;2021-03-13 20:30:00;2021-03-13 21:00:00;106.3
1071729215;2021-03-13 21:00:00;2021-03-13 21:30:00;105.86666666666666
1071729215;2021-03-13 21:30:00;2021-03-13 22:00:00;100.86666666666666
1071729215;2021-03-13 22:00:00;2021-03-13 22:30:00;100.96666666666667
1071729215;2021-03-13 22:30:00;2021-03-13 23:00:00;100.76666666666667
1071729215;2021-03-13 23:00:00;2021-03-13 23:30:00;101.0
1071729215;2021-03-13 23:30:00;2021-03-13 23:59:59;101.0
1071729215;2021-03-14 00:00:00;2021-03-14 00:30:00;101.0
1071729215;2021-03-14 00:30:00;2021-03-14 01:00:00;101.0
1071729215;2021-03-14 01:00:00;2021-03-14 01:30:00;110.26666666666667
1071729215;2021-03-14 01:30:00;2021-03-14 02:00:00;113.0
1071729215;2021-03-14 02:00:00;2021-03-14 02:30:00;117.83333333333333
1071729215;2021-03-14 02:30:00;2021-03-14 03:00:00;97.33333333333333
1071729215;2021-03-14 03:00:00;2021-03-14 03:30:00;100.26666666666667
1071729215;2021-03-14 03:30:00;2021-03-14 04:00:00;90.1
1071729215;2021-03-14 04:00:00;2021-03-14 04:30:00;94.26666666666667
1071729215;2021-03-14 04:30:00;2021-03-14 05:00:00;90.43333333333334
1071729215;2021-03-14 05:00:00;2021-03-14 05:30:00;96.33333333333333
1071729215;2021-03-14 05:30:00;2021-03-14 06:00:00;102.16666666666667
1071729215;2021-03-14 06:00:00;2021-03-14 06:30:00;99.7
1071729215;2021-03-14 06:30:00;2021-03-14 07:00:00;100.86666666666666
1071729215;2021-03-14 07:00:00;2021-03-14 07:30:00;104.33333333333333
1071729215;2021-03-14 07:30:00;2021-03-14 08:00:00;114.2
1071729215;2021-03-14 08:00:00;2021-03-14 08:30:00;98.13333333333334
1071729215;2021-03-14 08:30:00;2021-03-14 09:00:00;97.43333333333334
1071729215;2021-03-14 09:00:00;2021-03-14 09:30:00;102.1
1071729215;2021-03-14 09:30:00;2021-03-14 10:00:00;104.93333333333334
1071729215;2021-03-14 10:00:00;2021-03-14 10:30:00;97.43333333333334
1071729215;2021-03-14 10:30:00;2021-03-14 11:00:00;107.66666666666667
1071729215;2021-03-14 11:00:00;2021-03-14 11:30:00;108.03333333333333
1071729215;2021-03-14 11:30:00;2021-03-14 12:00:00;106.6
1071729215;2021-03-14 12:00:00;2021-03-14 12:30:00;112.3
1071729215;2021-03-14 12:30:00;2021-03-14 13:00:00;98.9
1071729215;2021-03-14 13:00:00;2021-03-14 13:30:00;91.4
1071729215;2021-03-14 13:30:00;2021-03-14 14:00:00;104.5
1071729215;2021-03-14 14:00:00;2021-03-14 14:30:00;109.23333333333333
1071729215;2021-03-14 14:30:00;2021-03-14 15:00:00;97.7
1071729215;2021-03-14 15:00:00;2021-03-14 15:30:00;91.1
1071729215;2021-03-14 15:30:00;2021-03-14 16:00:00;98.46666666666667
1071729215;2021-03-14 16:00:00;2021-03-14 16:30:00;102.13333333333334
1071729215;2021-03-14 16:30:00;2021-03-14 17:00:00;91.73333333333333
1071729215;2021-03-14 17:00:00;2021-03-14 17:30:00;96.0
1071729215;2021-03-14 17:30:00;2021-03-14 18:00:00;105.2
1071729215;2021-03-14 18:00:00;2021-03-14 18:30:00;103.6
1071729215;2021-03-14 18:30:00;2021-03-14 19:00:00;98.83333333333333
1071729215;2021-03-14 19:00:00;2021-03-14 19:30:00;97.46666666666667
1071729215;2021-03-14 19:30:00;2021-03-14 20:00:00;110.0
1071729215;2021-03-14 20:00:00;2021-03-14 20:30:00;112.26666666666667
1071729215;2021-03-14 20:30:00;2021-03-14 21:00:00;101.06666666666666
1071729215;2021-03-14 21:00:00;2021-03-14 21:30:00;108.26666666666667
1071729215;2021-03-14 21:30:00;2021-03-14 22:00:00;118.5
1071729215;2021-03-14 22:00:00;2021-03-14 22:30:00;109.33333333333333
1071729215;2021-03-14 22:30:00;2021-03-14 23:00:00;115.16666666666667
1071729215;2021-03-14 23:00:00;2021-03-14 23:30:00;106.86666666666666
1071729215;2021-03-14 23:30:00;2021-03-14 23:59:59;103.0
1071729215;2021-03-15 00:00:00;2021-03-15 00:30:00;103.56666666666666
1071729215;2021-03-15 00:30:00;2021-03-15 01:00:00;101.0
1071729215;2021-03-15 01:00:00;2021-03-15 01:30:00;101.0
1071729215;2021-03-15 01:30:00;2021-03-15 02:00:00;101.0
1071729215;2021-03-15 02:00:00;2021-03-15 02:30:00;101.0
1071729215;2021-03-15 02:30:00;2021-03-15 03:00:00;111.0
1071729215;2021-03-15 03:00:00;2021-03-15 03:30:00;116.86666666666666
1071729215;2021-03-15 03:30:00;2021-03-15 04:00:00;106.0
1071729215;2021-03-15 04:00:00;2021-03-15 04:30:00;107.13333333333334
1071729215;2021-03-15 04:30:00;2021-03-15 05:00:00;105.0
1071729215;2021-03-15 05:00:00;2021-03-15 05:30:00;100.56666666666666
1071729215;2021-03-15 05:30:00;2021-03-15 06:00:00;117.7
1071729215;2021-03-15 06:00:00;2021-03-15 06:30:00;110.03333333333333
1071729215;2021-03-15 06:30:00;2021-03-15 07:00:00;101.33333333333333
1071729215;2021-03-15 07:00:00;2021-03-15 07:30:00;106.9
1071729215;2021-03-15 07:30:00;2021-03-15 08:00:00;100.93333333333334
1071729215;2021-03-15 08:00:00;2021-03-15 08:30:00;85.63333333333334
1071729215;2021-03-15 08:30:00;2021-03-15 09:00:00;98.8
1071729215;2021-03-15 09:00:00;2021-03-15 09:30:00;94.16666666666667
1071729215;2021-03-15 09:30:00;2021-03-15 10:00:00;100.93333333333334
1071729215;2021-03-15 10:00:00;2021-03-15 10:30:00;96.1
1071729215;2021-03-15 10:30:00;2021-03-15 11:00:00;99.63333333333334
1071729215;2021-03-15 11:00:00;2021-03-15 11:30:00;99.1
1071729215;2021-03-15 11:30:00;2021-03-15 12:00:00;94.8
1071729215;2021-03-15 12:00:00;2021-03-15 12:30:00;90.1
1071729215;2021-03-15 12:30:00;2021-03-15 13:00:00;97.53333333333333
1071729215;2021-03-15 13:00:00;2021-03-15 13:30:00;107.33333333333333
1071729215;2021-03-15 13:30:00;2021-03-15 14:00:00;101.83333333333333
1071729215;2021-03-15 14:00:00;2021-03-15 14:30:00;99.26666666666667
1071729215;2021-03-15 14:30:00;2021-03-15 15:00:00;110.56666666666666
1071729215;2021-03-15 15:00:00;2021-03-15 15:30:00;99.7
1071729215;2021-03-15 15:30:00;2021-03-15 16:00:00;100.1
1071729215;2021-03-15 16:00:00;2021-03-15 16:30:00;100.06666666666666
1071729215;2021-03-15 16:30:00;2021-03-15 17:00:00;85.73333333333333
1071729215;2021-03-15 17:00:00;2021-03-15 17:30:00;95.53333333333333
1071729215;2021-03-15 17:30:00;2021-03-15 18:00:00;90.73333333333333
1071729215;2021-03-15 18:00:00;2021-03-15 18:30:00;99.56666666666666
1071729215;2021-03-15 18:30:00;2021-03-15 19:00:00;90.33333333333333
1071729215;2021-03-15 19:00:00;2021-03-15 19:30:00;106.53333333333333
1071729215;2021-03-15 19:30:00;2021-03-15 20:00:00;110.63333333333334
1071729215;2021-03-15 20:00:00;2021-03-15 20:30:00;106.46666666666667
1071729215;2021-03-15 20:30:00;2021-03-15 21:00:00;97.36666666666666
1071729215;2021-03-15 21:00:00;2021-03-15 21:30:00;93.73333333333333
1071729215;2021-03-15 21:30:00;2021-03-15 22:00:00;105.8
1071729215;2021-03-15 22:00:00;2021-03-15 22:30:00;99.66666666666667
1071729215;2021-03-15 22:30:00;2021-03-15 23:00:00;95.66666666666667
1071729215;2021-03-15 23:00:00;2021-03-15 23:30:00;97.66666666666667
1071729215;2021-03-15 23:30:00;2021-03-15 23:59:59;101.0
1071729215;2021-03-16 00:00:00;2021-03-16 00:30:00;100.1
1071729215;2021-03-16 00:30:00;2021-03-16 01:00:00;97.9
1071729215;2021-03-16 01:00:00;2021-03-16 01:30:00;97.43333333333334
1071729215;2021-03-16 01:30:00;2021-03-16 02:00:00;101.0
1071729215;2021-03-16 02:00:00;2021-03-16 02:30:00;101.0
1071729215;2021-03-16 02:30:00;2021-03-16 03:00:00;101.0
1071729215;2021-03-16 03:00:00;2021-03-16 03:30:00;101.0
1071729215;2021-03-16 03:30:00;2021-03-16 04:00:00;101.0
1071729215;2021-03-16 04:00:00;2021-03-16 04:30:00;93.0
1071729215;2021-03-16 04:30:00;2021-03-16 05:00:00;88.7
1071729215;2021-03-16 05:00:00;2021-03-16 05:30:00;100.36666666666666
1071729215;2021-03-16 05:30:00;2021-03-16 06:00:00;93.6
1071729215;2021-03-16 06:00:00;2021-03-16 06:30:00;91.33333333333333
1071729215;2021-03-16 06:30:00;2021-03-16 07:00:00;94.06666666666666
1071729215;2021-03-16 07:00:00;2021-03-16 07:30:00;104.0
1071729215;2021-03-16 07:30:00;2021-03-16 08:00:00;90.66666666666667
1071729215;2021-03-16 08:00:00;2021-03-16 08:30:00;88.86666666666666
1071729215;2021-03-16 08:30:00;2021-03-16 09:00:00;96.8
1071729215;2021-03-16 09:00:00;2021-03-16 09:30:00;82.8
1071729215;2021-03-16 09:30:00;2021-03-16 10:00:00;102.4
1071729215;2021-03-16 10:00:00;2021-03-16 10:30:00;105.83333333333333
1071729215;2021-03-16 10:30:00;2021-03-16 11:00:00;92.63333333333334
1071729215;2021-03-16 11:00:00;2021-03-16 11:30:00;99.43333333333334
1071729215;2021-03-16 11:30:00;2021-03-16 12:00:00;94.63333333333334
1071729215;2021-03-16 12:00:00;2021-03-16 12:30:00;93.9
1071729215;2021-03-16 12:30:00;2021-03-16 13:00:00;91.2
1071729215;2021-03-16 13:00:00;2021-03-16 13:30:00;101.33333333333333
1071729215;2021-03-16 13:30:00;2021-03-16 14:00:00;90.6
1071729215;2021-03-16 14:00:00;2021-03-16 14:30:00;94.36666666666666
1071729215;2021-03-16 14:30:00;2021-03-16 15:00:00;91.86666666666666
1071729215;2021-03-16 15:00:00;2021-03-16 15:30:00;88.36666666666666
1071729215;2021-03-16 15:30:00;2021-03-16 16:00:00;105.03333333333333
1071729215;2021-03-16 16:00:00;2021-03-16 16:30:00;95.23333333333333
1071729215;2021-03-16 16:30:00;2021-03-16 17:00:00;100.1
1071729215;2021-03-16 17:00:00;2021-03-16 17:30:00;102.06666666666666
1071729215;2021-03-16 17:30:00;2021-03-16 18:00:00;108.53333333333333
1071729215;2021-03-16 18:00:00;2021-03-16 18:30:00;102.03333333333333
1071729215;2021-03-16 18:30:00;2021-03-16 19:00:00;104.63333333333334
1071729215;2021-03-16 19:00:00;2021-03-16 19:30:00;118.8
1071729215;2021-03-16 19:30:00;2021-03-16 20:00:00;93.03333333333333
1071729215;2021-03-16 20:00:00;2021-03-16 20:30:00;97.4
1071729215;2021-03-16 20:30:00;2021-03-16 21:00:00;108.0
1071729215;2021-03-16 21:00:00;2021-03-16 21:30:00;93.96666666666667
1071729215;2021-03-16 21:30:00;2021-03-16 22:00:00;93.96666666666667
1071729215;2021-03-16 22:00:00;2021-03-16 22:30:00;100.8
1071729215;2021-03-16 22:30:00;2021-03-16 23:00:00;99.23333333333333
1071729215;2021-03-16 23:00:00;2021-03-16 23:30:00;99.33333333333333
1071729215;2021-03-16 23:30:00;2021-03-16 23:59:59;92.53333333333333
1071729215;2021-03-17 00:00:00;2021-03-17 00:30:00;101.0
1071729215;2021-03-17 00:30:00;2021-03-17 01:00:00;95.63333333333334
1071729215;2021-03-17 01:00:00;2021-03-17 01:30:00;101.0
1071729215;2021-03-17 01:30:00;2021-03-17 02:00:00;101.0
1071729215;2021-03-17 02:00:00;2021-03-17 02:30:00;101.0
1071729215;2021-03-17 02:30:00;2021-03-17 03:00:00;101.0
1071729215;2021-03-17 03:00:00;2021-03-17 03:30:00;101.0
1071729215;2021-03-17 03:30:00;2021-03-17 04:00:00;101.0
1071729215;2021-03-17 04:00:00;2021-03-17 04:30:00;88.66666666666667
1071729215;2021-03-17 04:30:00;2021-03-17 05:00:00;89.7
1071729215;2021-03-17 05:00:00;2021-03-17 05:30:00;114.76666666666667
1071729215;2021-03-17 05:30:00;2021-03-17 06:00:00;98.43333333333334
1071729215;2021-03-17 06:00:00;2021-03-17 06:30:00;90.13333333333334
1071729215;2021-03-17 06:30:00;2021-03-17 07:00:00;94.63333333333334
1071729215;2021-03-17 07:00:00;2021-03-17 07:30:00;98.9
1071729215;2021-03-17 07:30:00;2021-03-17 08:00:00;89.5
1071729215;2021-03-17 08:00:00;2021-03-17 08:30:00;103.6
1071729215;2021-03-17 08:30:00;2021-03-17 09:00:00;94.28571428571429
1071729215;2021-03-17 09:00:00;2021-03-17 09:30:00;86.36666666666666
1071729215;2021-03-17 09:30:00;2021-03-17 10:00:00;101.63333333333334
1071729215;2021-03-17 10:00:00;2021-03-17 10:30:00;98.73333333333333
1071729215;2021-03-17 10:30:00;2021-03-17 11:00:00;100.82758620689656
1071729215;2021-03-17 11:00:00;2021-03-17 11:30:00;101.93333333333334
1071729215;2021-03-17 11:30:00;2021-03-17 12:00:00;90.92857142857143
1071729215;2021-03-17 12:00:00;2021-03-17 12:30:00;97.6
1071729215;2021-03-17 12:30:00;2021-03-17 13:00:00;114.6
1071729215;2021-03-17 13:00:00;2021-03-17 13:30:00;113.76666666666667
1071729215;2021-03-17 13:30:00;2021-03-17 14:00:00;98.6
1071729215;2021-03-17 14:00:00;2021-03-17 14:30:00;103.7
1071729215;2021-03-17 14:30:00;2021-03-17 15:00:00;102.76666666666667
1071729215;2021-03-17 15:00:00;2021-03-17 15:30:00;91.16666666666667
1071729215;2021-03-17 15:30:00;2021-03-17 16:00:00;94.26666666666667
1071729215;2021-03-17 16:00:00;2021-03-17 16:30:00;96.53333333333333
1071729215;2021-03-17 16:30:00;2021-03-17 17:00:00;93.33333333333333
1071729215;2021-03-17 17:00:00;2021-03-17 17:30:00;105.83333333333333
1071729215;2021-03-17 17:30:00;2021-03-17 18:00:00;83.96666666666667
1071729215;2021-03-17 18:00:00;2021-03-17 18:30:00;99.7
1071729215;2021-03-17 18:30:00;2021-03-17 19:00:00;91.33333333333333
1071729215;2021-03-17 19:00:00;2021-03-17 19:30:00;99.7
1071729215;2021-03-17 19:30:00;2021-03-17 20:00:00;111.23333333333333
1071729215;2021-03-17 20:00:00;2021-03-17 20:30:00;100.06666666666666
1071729215;2021-03-17 20:30:00;2021-03-17 21:00:00;102.23333333333333
1071729215;2021-03-17 21:00:00;2021-03-17 21:30:00;98.16666666666667
1071729215;2021-03-17 21:30:00;2021-03-17 22:00:00;103.1
1071729215;2021-03-17 22:00:00;2021-03-17 22:30:00;92.63333333333334
1071729215;2021-03-17 22:30:00;2021-03-17 23:00:00;100.4
1071729215;2021-03-17 23:00:00;2021-03-17 23:30:00;94.66666666666667
1071729215;2021-03-17 23:30:00;2021-03-17 23:59:59;83.5
1071729215;2021-03-18 00:00:00;2021-03-18 00:30:00;90.5
1071729215;2021-03-18 00:30:00;2021-03-18 01:00:00;101.0
1071729215;2021-03-18 01:00:00;2021-03-18 01:30:00;93.63333333333334
1071729215;2021-03-18 01:30:00;2021-03-18 02:00:00;101.0
1071729215;2021-03-18 02:00:00;2021-03-18 02:30:00;101.0
1071729215;2021-03-18 02:30:00;2021-03-18 03:00:00;101.0
1071729215;2021-03-18 03:00:00;2021-03-18 03:30:00;101.0
1071729215;2021-03-18 03:30:00;2021-03-18 04:00:00;101.0
1071729215;2021-03-18 04:00:00;2021-03-18 04:30:00;91.23333333333333
1071729215;2021-03-18 04:30:00;2021-03-18 05:00:00;95.23333333333333
1071729215;2021-03-18 05:00:00;2021-03-18 05:30:00;113.66666666666667
1071729215;2021-03-18 05:30:00;2021-03-18 06:00:00;103.33333333333333
1071729215;2021-03-18 06:00:00;2021-03-18 06:30:00;89.2
1071729215;2021-03-18 06:30:00;2021-03-18 07:00:00;106.66666666666667
1071729215;2021-03-18 07:00:00;2021-03-18 07:30:00;97.03333333333333
1071729215;2021-03-18 07:30:00;2021-03-18 08:00:00;83.2
1071729215;2021-03-18 08:00:00;2021-03-18 08:30:00;89.2
1071729215;2021-03-18 08:30:00;2021-03-18 09:00:00;95.66666666666667
1071729215;2021-03-18 09:00:00;2021-03-18 09:30:00;102.06666666666666
1071729215;2021-03-18 09:30:00;2021-03-18 10:00:00;97.23333333333333
1071729215;2021-03-18 10:00:00;2021-03-18 10:30:00;94.13333333333334
1071729215;2021-03-18 10:30:00;2021-03-18 11:00:00;99.56666666666666
1071729215;2021-03-18 11:00:00;2021-03-18 11:30:00;100.13333333333334
1071729215;2021-03-18 11:30:00;2021-03-18 12:00:00;105.83333333333333
1071729215;2021-03-18 12:00:00;2021-03-18 12:30:00;87.73333333333333
1071729215;2021-03-18 12:30:00;2021-03-18 13:00:00;108.56666666666666
1071729215;2021-03-18 13:00:00;2021-03-18 13:30:00;112.86666666666666
1071729215;2021-03-18 13:30:00;2021-03-18 14:00:00;103.43333333333334
1071729215;2021-03-18 14:00:00;2021-03-18 14:30:00;95.93333333333334
1071729215;2021-03-18 14:30:00;2021-03-18 15:00:00;88.23333333333333
1071729215;2021-03-18 15:00:00;2021-03-18 15:30:00;97.43333333333334
1071729215;2021-03-18 15:30:00;2021-03-18 16:00:00;103.83333333333333
1071729215;2021-03-18 16:00:00;2021-03-18 16:30:00;106.1
1071729215;2021-03-18 16:30:00;2021-03-18 17:00:00;119.6
1071729215;2021-03-18 17:00:00;2021-03-18 17:30:00;103.0
1071729215;2021-03-18 17:30:00;2021-03-18 18:00:00;100.43333333333334
1071729215;2021-03-18 18:00:00;2021-03-18 18:30:00;97.03333333333333
1071729215;2021-03-18 18:30:00;2021-03-18 19:00:00;97.2
1071729215;2021-03-18 19:00:00;2021-03-18 19:30:00;103.7
1071729215;2021-03-18 19:30:00;2021-03-18 20:00:00;100.1
1071729215;2021-03-18 20:00:00;2021-03-18 20:30:00;111.33333333333333
1071729215;2021-03-18 20:30:00;2021-03-18 21:00:00;112.5
1071729215;2021-03-18 21:00:00;2021-03-18 21:30:00;98.86666666666666
1071729215;2021-03-18 21:30:00;2021-03-18 22:00:00;89.46666666666667
1071729215;2021-03-18 22:00:00;2021-03-18 22:30:00;106.06666666666666
1071729215;2021-03-18 22:30:00;2021-03-18 23:00:00;105.33333333333333
1071729215;2021-03-18 23:00:00;2021-03-18 23:30:00;92.86666666666666
1071729215;2021-03-18 23:30:00;2021-03-18 23:59:59;98.3
1071729215;2021-03-19 00:00:00;2021-03-19 00:30:00;95.46666666666667
1071729215;2021-03-19 00:30:00;2021-03-19 01:00:00;96.3
1071729215;2021-03-19 01:00:00;2021-03-19 01:30:00;101.0
1071729215;2021-03-19 01:30:00;2021-03-19 02:00:00;101.0
1071729215;2021-03-19 02:00:00;2021-03-19 02:30:00;101.0
1071729215;2021-03-19 02:30:00;2021-03-19 03:00:00;101.0
1071729215;2021-03-19 03:00:00;2021-03-19 03:30:00;101.0
1071729215;2021-03-19 03:30:00;2021-03-19 04:00:00;96.46666666666667
1071729215;2021-03-19 04:00:00;2021-03-19 04:30:00;100.7
1071729215;2021-03-19 04:30:00;2021-03-19 05:00:00;92.8
1071729215;2021-03-19 05:00:00;2021-03-19 05:30:00;107.93333333333334
1071729215;2021-03-19 05:30:00;2021-03-19 06:00:00;110.33333333333333
1071729215;2021-03-19 06:00:00;2021-03-19 06:30:00;104.1
1071729215;2021-03-19 06:30:00;2021-03-19 07:00:00;88.4
1071729215;2021-03-19 07:00:00;2021-03-19 07:30:00;107.93333333333334
1071729215;2021-03-19 07:30:00;2021-03-19 08:00:00;92.36666666666666
1071729215;2021-03-19 08:00:00;2021-03-19 08:30:00;101.36666666666666
1071729215;2021-03-19 08:30:00;2021-03-19 09:00:00;100.46666666666667
1071729215;2021-03-19 09:00:00;2021-03-19 09:30:00;97.7
1071729215;2021-03-19 09:30:00;2021-03-19 10:00:00;102.13333333333334
1071729215;2021-03-19 10:00:00;2021-03-19 10:30:00;91.4
1071729215;2021-03-19 10:30:00;2021-03-19 11:00:00;101.0
1071729215;2021-03-19 11:00:00;2021-03-19 11:30:00;88.1
1071729215;2021-03-19 11:30:00;2021-03-19 12:00:00;90.8
1071729215;2021-03-19 12:00:00;2021-03-19 12:30:00;91.86666666666666
1071729215;2021-03-19 12:30:00;2021-03-19 13:00:00;110.8
1071729215;2021-03-19 13:00:00;2021-03-19 13:30:00;118.0
1071729215;2021-03-19 13:30:00;2021-03-19 14:00:00;104.36666666666666
1071729215;2021-03-19 14:00:00;2021-03-19 14:30:00;96.93333333333334
1071729215;2021-03-19 14:30:00;2021-03-19 15:00:00;95.63333333333334
1071729215;2021-03-19 15:00:00;2021-03-19 15:30:00;98.56666666666666
1071729215;2021-03-19 15:30:00;2021-03-19 16:00:00;90.53333333333333
1071729215;2021-03-19 16:00:00;2021-03-19 16:30:00;106.5
1071729215;2021-03-19 16:30:00;2021-03-19 17:00:00;94.5
1071729215;2021-03-19 17:00:00;2021-03-19 17:30:00;95.8
1071729215;2021-03-19 17:30:00;2021-03-19 18:00:00;107.6
1071729215;2021-03-19 18:00:00;2021-03-19 18:30:00;101.33333333333333
1071729215;2021-03-19 18:30:00;2021-03-19 19:00:00;113.83333333333333
1071729215;2021-03-19 19:00:00;2021-03-19 19:30:00;93.9
1071729215;2021-03-19 19:30:00;2021-03-19 20:00:00;114.23333333333333
1071729215;2021-03-19 20:00:00;2021-03-19 20:30:00;102.36666666666666
1071729215;2021-03-19 20:30:00;2021-03-19 21:00:00;103.73333333333333
1071729215;2021-03-19 21:00:00;2021-03-19 21:30:00;102.13333333333334
1071729215;2021-03-19 21:30:00;2021-03-19 22:00:00;93.96666666666667
1071729215;2021-03-19 22:00:00;2021-03-19 22:30:00;94.2
1071729215;2021-03-19 22:30:00;2021-03-19 23:00:00;92.66666666666667
1071729215;2021-03-19 23:00:00;2021-03-19 23:30:00;90.16666666666667
1071729215;2021-03-19 23:30:00;2021-03-19 23:59:59;93.3
1071729215;2021-03-20 00:00:00;2021-03-20 00:30:00;90.53333333333333
1071729215;2021-03-20 00:30:00;2021-03-20 01:00:00;100.53333333333333
1071729215;2021-03-20 01:00:00;2021-03-20 01:30:00;98.3
1071729215;2021-03-20 01:30:00;2021-03-20 02:00:00;101.36666666666666
1071729215;2021-03-20 02:00:00;2021-03-20 02:30:00;101.0
1071729215;2021-03-20 02:30:00;2021-03-20 03:00:00;101.0
1071729215;2021-03-20 03:00:00;2021-03-20 03:30:00;101.0
1071729215;2021-03-20 03:30:00;2021-03-20 04:00:00;100.16666666666667
1071729215;2021-03-20 04:00:00;2021-03-20 04:30:00;91.96666666666667
1071729215;2021-03-20 04:30:00;2021-03-20 05:00:00;91.56666666666666
1071729215;2021-03-20 05:00:00;2021-03-20 05:30:00;98.6
1071729215;2021-03-20 05:30:00;2021-03-20 06:00:00;96.0
1071729215;2021-03-20 06:00:00;2021-03-20 06:30:00;97.3
1071729215;2021-03-20 06:30:00;2021-03-20 07:00:00;92.23333333333333
1071729215;2021-03-20 07:00:00;2021-03-20 07:30:00;93.96666666666667
1071729215;2021-03-20 07:30:00;2021-03-20 08:00:00;101.0
1071729215;2021-03-20 08:00:00;2021-03-20 08:30:00;108.63333333333334
1071729215;2021-03-20 08:30:00;2021-03-20 09:00:00;105.46666666666667
1071729215;2021-03-20 09:00:00;2021-03-20 09:30:00;99.5
1071729215;2021-03-20 09:30:00;2021-03-20 10:00:00;104.83333333333333
1071729215;2021-03-20 10:00:00;2021-03-20 10:30:00;106.2
1071729215;2021-03-20 10:30:00;2021-03-20 11:00:00;101.13333333333334
1071729215;2021-03-20 11:00:00;2021-03-20 11:30:00;104.76666666666667
1071729215;2021-03-20 11:30:00;2021-03-20 12:00:00;108.13333333333334
1071729215;2021-03-20 12:00:00;2021-03-20 12:30:00;103.36666666666666
1071729215;2021-03-20 12:30:00;2021-03-20 13:00:00;101.33333333333333
1071729215;2021-03-20 13:00:00;2021-03-20 13:30:00;101.3
1071729215;2021-03-20 13:30:00;2021-03-20 14:00:00;99.86666666666666
1071729215;2021-03-20 14:00:00;2021-03-20 14:30:00;110.56666666666666
1071729215;2021-03-20 14:30:00;2021-03-20 15:00:00;96.06666666666666
1071729215;2021-03-20 15:00:00;2021-03-20 15:30:00;111.16666666666667
1071729215;2021-03-20 15:30:00;2021-03-20 16:00:00;110.8
1071729215;2021-03-20 16:00:00;2021-03-20 16:30:00;108.36666666666666
1071729215;2021-03-20 16:30:00;2021-03-20 17:00:00;114.23333333333333
1071729215;2021-03-20 17:00:00;2021-03-20 17:30:00;112.36666666666666
1071729215;2021-03-20 17:30:00;2021-03-20 18:00:00;92.8
1071729215;2021-03-20 18:00:00;2021-03-20 18:30:00;101.9
1071729215;2021-03-20 18:30:00;2021-03-20 19:00:00;101.5
1071729215;2021-03-20 19:00:00;2021-03-20 19:30:00;103.86666666666666
1071729215;2021-03-20 19:30:00;2021-03-20 20:00:00;110.23333333333333
1071729215;2021-03-20 20:00:00;2021-03-20 20:30:00;111.0
1071729215;2021-03-20 20:30:00;2021-03-20 21:00:00;113.63333333333334
1071729215;2021-03-20 21:00:00;2021-03-20 21:30:00;101.16666666666667
1071729215;2021-03-20 21:30:00;2021-03-20 22:00:00;111.76666666666667
1071729215;2021-03-20 22:00:00;2021-03-20 22:30:00;101.0
1071729215;2021-03-20 22:30:00;2021-03-20 23:00:00;101.0
1071729215;2021-03-20 23:00:00;2021-03-20 23:30:00;101.0
1071729215;2021-03-20 23:30:00;2021-03-20 23:59:59;101.0
1071729215;2021-03-21 00:00:00;2021-03-21 00:30:00;101.0
1071729215;2021-03-21 00:30:00;2021-03-21 01:00:00;101.0
1071729215;2021-03-21 01:00:00;2021-03-21 01:30:00;93.93333333333334
1071729215;2021-03-21 01:30:00;2021-03-21 02:00:00;94.6
1071729215;2021-03-21 02:00:00;2021-03-21 02:30:00;93.26666666666667
1071729215;2021-03-21 02:30:00;2021-03-21 03:00:00;82.96666666666667
1071729215;2021-03-21 03:00:00;2021-03-21 03:30:00;99.33333333333333
1071729215;2021-03-21 03:30:00;2021-03-21 04:00:00;109.93333333333334
1071729215;2021-03-21 04:00:00;2021-03-21 04:30:00;96.93333333333334
1071729215;2021-03-21 04:30:00;2021-03-21 05:00:00;95.0
1071729215;2021-03-21 05:00:00;2021-03-21 05:30:00;97.0
1071729215;2021-03-21 05:30:00;2021-03-21 06:00:00;97.0
1071729215;2021-03-21 06:00:00;2021-03-21 06:30:00;91.3
1071729215;2021-03-21 06:30:00;2021-03-21 07:00:00;89.56666666666666
1071729215;2021-03-21 07:00:00;2021-03-21 07:30:00;93.3
1071729215;2021-03-21 07:30:00;2021-03-21 08:00:00;91.56666666666666
1071729215;2021-03-21 08:00:00;2021-03-21 08:30:00;91.96666666666667
1071729215;2021-03-21 08:30:00;2021-03-21 09:00:00;93.53333333333333
1071729215;2021-03-21 09:00:00;2021-03-21 09:30:00;106.33333333333333
1071729215;2021-03-21 09:30:00;2021-03-21 10:00:00;112.06666666666666
1071729215;2021-03-21 10:00:00;2021-03-21 10:30:00;105.73333333333333
1071729215;2021-03-21 10:30:00;2021-03-21 11:00:00;111.73333333333333
1071729215;2021-03-21 11:00:00;2021-03-21 11:30:00;106.4
1071729215;2021-03-21 11:30:00;2021-03-21 12:00:00;104.1
1071729215;2021-03-21 12:00:00;2021-03-21 12:30:00;100.93333333333334
1071729215;2021-03-21 12:30:00;2021-03-21 13:00:00;102.13333333333334
1071729215;2021-03-21 13:00:00;2021-03-21 13:30:00;96.53333333333333
1071729215;2021-03-21 13:30:00;2021-03-21 14:00:00;94.76666666666667
1071729215;2021-03-21 14:00:00;2021-03-21 14:30:00;96.4
1071729215;2021-03-21 14:30:00;2021-03-21 15:00:00;97.13333333333334
1071729215;2021-03-21 15:00:00;2021-03-21 15:30:00;86.83333333333333
1071729215;2021-03-21 15:30:00;2021-03-21 16:00:00;93.93333333333334
1071729215;2021-03-21 16:00:00;2021-03-21 16:30:00;88.63333333333334
1071729215;2021-03-21 16:30:00;2021-03-21 17:00:00;92.63333333333334
1071729215;2021-03-21 17:00:00;2021-03-21 17:30:00;97.46666666666667
1071729215;2021-03-21 17:30:00;2021-03-21 18:00:00;105.36666666666666
1071729215;2021-03-21 18:00:00;2021-03-21 18:30:00;98.8
1071729215;2021-03-21 18:30:00;2021-03-21 19:00:00;107.53333333333333
1071729215;2021-03-21 19:00:00;2021-03-21 19:30:00;105.93333333333334
1071729215;2021-03-21 19:30:00;2021-03-21 20:00:00;104.2
1071729215;2021-03-21 20:00:00;2021-03-21 20:30:00;110.76666666666667
1071729215;2021-03-21 20:30:00;2021-03-21 21:00:00;104.96666666666667
1071729215;2021-03-21 21:00:00;2021-03-21 21:30:00;110.86666666666666
1071729215;2021-03-21 21:30:00;2021-03-21 22:00:00;95.93333333333334
1071729215;2021-03-21 22:00:00;2021-03-21 22:30:00;92.06666666666666
1071729215;2021-03-21 22:30:00;2021-03-21 23:00:00;96.26666666666667
1071729215;2021-03-21 23:00:00;2021-03-21 23:30:00;110.56666666666666
1071729215;2021-03-21 23:30:00;2021-03-21 23:59:59;96.2
1071729215;2021-03-22 00:00:00;2021-03-22 00:30:00;91.2
1071729215;2021-03-22 00:30:00;2021-03-22 01:00:00;96.23333333333333
1071729215;2021-03-22 01:00:00;2021-03-22 01:30:00;92.76666666666667
1071729215;2021-03-22 01:30:00;2021-03-22 02:00:00;101.0
1071729215;2021-03-22 02:00:00;2021-03-22 02:30:00;101.0
1071729215;2021-03-22 02:30:00;2021-03-22 03:00:00;108.06666666666666
1071729215;2021-03-22 03:00:00;2021-03-22 03:30:00;108.03333333333333
1071729215;2021-03-22 03:30:00;2021-03-22 04:00:00;110.66666666666667
1071729215;2021-03-22 04:00:00;2021-03-22 04:30:00;121.66666666666667
1071729215;2021-03-22 04:30:00;2021-03-22 05:00:00;109.1
1071729215;2021-03-22 05:00:00;2021-03-22 05:30:00;107.46666666666667
1071729215;2021-03-22 05:30:00;2021-03-22 06:00:00;107.1
1071729215;2021-03-22 06:00:00;2021-03-22 06:30:00;101.13333333333334
1071729215;2021-03-22 06:30:00;2021-03-22 07:00:00;94.96666666666667
1071729215;2021-03-22 07:00:00;2021-03-22 07:30:00;100.43333333333334
1071729215;2021-03-22 07:30:00;2021-03-22 08:00:00;97.83333333333333
1071729215;2021-03-22 08:00:00;2021-03-22 08:30:00;98.6
1071729215;2021-03-22 08:30:00;2021-03-22 09:00:00;98.86666666666666
1071729215;2021-03-22 09:00:00;2021-03-22 09:30:00;105.36666666666666
1071729215;2021-03-22 09:30:00;2021-03-22 10:00:00;107.6
1071729215;2021-03-22 10:00:00;2021-03-22 10:30:00;91.3
1071729215;2021-03-22 10:30:00;2021-03-22 11:00:00;94.06666666666666
1071729215;2021-03-22 11:00:00;2021-03-22 11:30:00;91.0
1071729215;2021-03-22 11:30:00;2021-03-22 12:00:00;94.15384615384616
1071729215;2021-03-22 12:00:00;2021-03-22 12:30:00;90.1
1071729215;2021-03-22 12:30:00;2021-03-22 13:00:00;103.73333333333333
1071729215;2021-03-22 13:00:00;2021-03-22 13:30:00;97.53333333333333
1071729215;2021-03-22 13:30:00;2021-03-22 14:00:00;103.43333333333334
1071729215;2021-03-22 14:00:00;2021-03-22 14:30:00;99.26666666666667
1071729215;2021-03-22 14:30:00;2021-03-22 15:00:00;111.43333333333334
1071729215;2021-03-22 15:00:00;2021-03-22 15:30:00;91.43333333333334
1071729215;2021-03-22 15:30:00;2021-03-22 16:00:00;99.93103448275862
1071729215;2021-03-22 16:00:00;2021-03-22 16:30:00;97.83333333333333
1071729215;2021-03-22 16:30:00;2021-03-22 17:00:00;96.5
1071729215;2021-03-22 17:00:00;2021-03-22 17:30:00;91.06666666666666
1071729215;2021-03-22 17:30:00;2021-03-22 18:00:00;92.83333333333333
1071729215;2021-03-22 18:00:00;2021-03-22 18:30:00;103.73333333333333
1071729215;2021-03-22 18:30:00;2021-03-22 19:00:00;103.83333333333333
1071729215;2021-03-22 19:00:00;2021-03-22 19:30:00;90.23333333333333
1071729215;2021-03-22 19:30:00;2021-03-22 20:00:00;104.36666666666666
1071729215;2021-03-22 20:00:00;2021-03-22 20:30:00;100.13333333333334
1071729215;2021-03-22 20:30:00;2021-03-22 21:00:00;97.29629629629629
1071729215;2021-03-22 21:00:00;2021-03-22 21:30:00;98.3
1071729215;2021-03-22 21:30:00;2021-03-22 22:00:00;94.66666666666667
1071729215;2021-03-22 22:00:00;2021-03-22 22:30:00;104.14285714285714
1071729215;2021-03-22 22:30:00;2021-03-22 23:00:00;101.0
1071729215;2021-03-22 23:00:00;2021-03-22 23:30:00;96.17241379310344
1071729215;2021-03-22 23:30:00;2021-03-22 23:59:59;97.4
1071729215;2021-03-23 00:00:00;2021-03-23 00:30:00;96.43333333333334
1071729215;2021-03-23 00:30:00;2021-03-23 01:00:00;101.0
1071729215;2021-03-23 01:00:00;2021-03-23 01:30:00;101.0
1071729215;2021-03-23 01:30:00;2021-03-23 02:00:00;101.0
1071729215;2021-03-23 02:00:00;2021-03-23 02:30:00;93.63333333333334
1071729215;2021-03-23 02:30:00;2021-03-23 03:00:00;96.73333333333333
1071729215;2021-03-23 03:00:00;2021-03-23 03:30:00;85.0
1071729215;2021-03-23 03:30:00;2021-03-23 04:00:00;87.33333333333333
1071729215;2021-03-23 04:00:00;2021-03-23 04:30:00;91.83333333333333
1071729215;2021-03-23 04:30:00;2021-03-23 05:00:00;92.26666666666667
1071729215;2021-03-23 05:00:00;2021-03-23 05:30:00;99.9
1071729215;2021-03-23 05:30:00;2021-03-23 06:00:00;100.4
1071729215;2021-03-23 06:00:00;2021-03-23 06:30:00;101.6
1071729215;2021-03-23 06:30:00;2021-03-23 07:00:00;107.2
1071729215;2021-03-23 07:00:00;2021-03-23 07:30:00;98.0
1071729215;2021-03-23 07:30:00;2021-03-23 08:00:00;94.56666666666666
1071729215;2021-03-23 08:00:00;2021-03-23 08:30:00;91.5
1071729215;2021-03-23 08:30:00;2021-03-23 09:00:00;94.23333333333333
1071729215;2021-03-23 09:00:00;2021-03-23 09:30:00;106.93333333333334
1071729215;2021-03-23 09:30:00;2021-03-23 10:00:00;88.53333333333333
1071729215;2021-03-23 10:00:00;2021-03-23 10:30:00;89.66666666666667
1071729215;2021-03-23 10:30:00;2021-03-23 11:00:00;98.06666666666666
1071729215;2021-03-23 11:00:00;2021-03-23 11:30:00;91.43333333333334
1071729215;2021-03-23 11:30:00;2021-03-23 12:00:00;100.4
1071729215;2021-03-23 12:00:00;2021-03-23 12:30:00;94.86666666666666
1071729215;2021-03-23 12:30:00;2021-03-23 13:00:00;96.53333333333333
1071729215;2021-03-23 13:00:00;2021-03-23 13:30:00;89.16666666666667
1071729215;2021-03-23 13:30:00;2021-03-23 14:00:00;95.23333333333333
1071729215;2021-03-23 14:00:00;2021-03-23 14:30:00;97.26666666666667
1071729215;2021-03-23 14:30:00;2021-03-23 15:00:00;91.83333333333333
1071729215;2021-03-23 15:00:00;2021-03-23 15:30:00;93.03333333333333
1071729215;2021-03-23 15:30:00;2021-03-23 16:00:00;93.26666666666667
1071729215;2021-03-23 16:00:00;2021-03-23 16:30:00;90.56666666666666
1071729215;2021-03-23 16:30:00;2021-03-23 17:00:00;96.6
1071729215;2021-03-23 17:00:00;2021-03-23 17:30:00;93.83333333333333
1071729215;2021-03-23 17:30:00;2021-03-23 18:00:00;104.7
1071729215;2021-03-23 18:00:00;2021-03-23 18:30:00;94.96666666666667
1071729215;2021-03-23 18:30:00;2021-03-23 19:00:00;89.13333333333334
1071729215;2021-03-23 19:00:00;2021-03-23 19:30:00;95.1
1071729215;2021-03-23 19:30:00;2021-03-23 20:00:00;114.03333333333333
1071729215;2021-03-23 20:00:00;2021-03-23 20:30:00;99.5
1071729215;2021-03-23 20:30:00;2021-03-23 21:00:00;92.9
1071729215;2021-03-23 21:00:00;2021-03-23 21:30:00;99.1
1071729215;2021-03-23 21:30:00;2021-03-23 22:00:00;92.8
1071729215;2021-03-23 22:00:00;2021-03-23 22:30:00;98.8
1071729215;2021-03-23 22:30:00;2021-03-23 23:00:00;79.33333333333333
1071729215;2021-03-23 23:00:00;2021-03-23 23:30:00;89.23333333333333
1071729215;2021-03-23 23:30:00;2021-03-23 23:59:59;102.03333333333333
1071729215;2021-03-24 00:00:00;2021-03-24 00:30:00;99.63333333333334
1071729215;2021-03-24 00:30:00;2021-03-24 01:00:00;100.4
1071729215;2021-03-24 01:00:00;2021-03-24 01:30:00;101.0
1071729215;2021-03-24 01:30:00;2021-03-24 02:00:00;91.03333333333333
1071729215;2021-03-24 02:00:00;2021-03-24 02:30:00;101.0
1071729215;2021-03-24 02:30:00;2021-03-24 03:00:00;101.0
1071729215;2021-03-24 03:00:00;2021-03-24 03:30:00;101.0
1071729215;2021-03-24 03:30:00;2021-03-24 04:00:00;101.0
1071729215;2021-03-24 04:00:00;2021-03-24 04:30:00;89.0
1071729215;2021-03-24 04:30:00;2021-03-24 05:00:00;99.1
1071729215;2021-03-24 05:00:00;2021-03-24 05:30:00;101.56666666666666
1071729215;2021-03-24 05:30:00;2021-03-24 06:00:00;97.7
1071729215;2021-03-24 06:00:00;2021-03-24 06:30:00;88.8
1071729215;2021-03-24 06:30:00;2021-03-24 07:00:00;105.66666666666667
1071729215;2021-03-24 07:00:00;2021-03-24 07:30:00;95.0
1071729215;2021-03-24 07:30:00;2021-03-24 08:00:00;91.93333333333334
1071729215;2021-03-24 08:00:00;2021-03-24 08:30:00;96.23333333333333
1071729215;2021-03-24 08:30:00;2021-03-24 09:00:00;95.66666666666667
1071729215;2021-03-24 09:00:00;2021-03-24 09:30:00;108.26666666666667
1071729215;2021-03-24 09:30:00;2021-03-24 10:00:00;82.66666666666667
1071729215;2021-03-24 10:00:00;2021-03-24 10:30:00;90.46666666666667
1071729215;2021-03-24 10:30:00;2021-03-24 11:00:00;99.63333333333334
1071729215;2021-03-24 11:00:00;2021-03-24 11:30:00;96.7
1071729215;2021-03-24 11:30:00;2021-03-24 12:00:00;91.26666666666667
1071729215;2021-03-24 12:00:00;2021-03-24 12:30:00;110.2
1071729215;2021-03-24 12:30:00;2021-03-24 13:00:00;90.43333333333334
1071729215;2021-03-24 13:00:00;2021-03-24 13:30:00;111.73333333333333
1071729215;2021-03-24 13:30:00;2021-03-24 14:00:00;89.63333333333334
1071729215;2021-03-24 14:00:00;2021-03-24 14:30:00;104.53333333333333
1071729215;2021-03-24 14:30:00;2021-03-24 15:00:00;91.93333333333334
1071729215;2021-03-24 15:00:00;2021-03-24 15:30:00;98.66666666666667
1071729215;2021-03-24 15:30:00;2021-03-24 16:00:00;103.3
1071729215;2021-03-24 16:00:00;2021-03-24 16:30:00;100.23333333333333
1071729215;2021-03-24 16:30:00;2021-03-24 17:00:00;92.33333333333333
1071729215;2021-03-24 17:00:00;2021-03-24 17:30:00;97.7
1071729215;2021-03-24 17:30:00;2021-03-24 18:00:00;96.43333333333334
1071729215;2021-03-24 18:00:00;2021-03-24 18:30:00;89.66666666666667
1071729215;2021-03-24 18:30:00;2021-03-24 19:00:00;104.16666666666667
1071729215;2021-03-24 19:00:00;2021-03-24 19:30:00;95.16666666666667
1071729215;2021-03-24 19:30:00;2021-03-24 20:00:00;98.66666666666667
1071729215;2021-03-24 20:00:00;2021-03-24 20:30:00;88.83333333333333
1071729215;2021-03-24 20:30:00;2021-03-24 21:00:00;96.5
1071729215;2021-03-24 21:00:00;2021-03-24 21:30:00;106.93333333333334
1071729215;2021-03-24 21:30:00;2021-03-24 22:00:00;102.63333333333334
1071729215;2021-03-24 22:00:00;2021-03-24 22:30:00;92.16666666666667
1071729215;2021-03-24 22:30:00;2021-03-24 23:00:00;100.6
1071729215;2021-03-24 23:00:00;2021-03-24 23:30:00;98.26666666666667
1071729215;2021-03-24 23:30:00;2021-03-24 23:59:59;101.0
1071729215;2021-03-25 00:00:00;2021-03-25 00:30:00;101.0
1071729215;2021-03-25 00:30:00;2021-03-25 01:00:00;103.13333333333334
1071729215;2021-03-25 01:00:00;2021-03-25 01:30:00;99.86666666666666
1071729215;2021-03-25 01:30:00;2021-03-25 02:00:00;95.8
1071729215;2021-03-25 02:00:00;2021-03-25 02:30:00;101.0
1071729215;2021-03-25 02:30:00;2021-03-25 03:00:00;100.0
1071729215;2021-03-25 03:00:00;2021-03-25 03:30:00;92.33333333333333
1071729215;2021-03-25 03:30:00;2021-03-25 04:00:00;101.0
1071729215;2021-03-25 04:00:00;2021-03-25 04:30:00;91.93333333333334
1071729215;2021-03-25 04:30:00;2021-03-25 05:00:00;102.43333333333334
1071729215;2021-03-25 05:00:00;2021-03-25 05:30:00;107.03333333333333
1071729215;2021-03-25 05:30:00;2021-03-25 06:00:00;120.5
1071729215;2021-03-25 06:00:00;2021-03-25 06:30:00;101.33333333333333
1071729215;2021-03-25 06:30:00;2021-03-25 07:00:00;91.6
1071729215;2021-03-25 07:00:00;2021-03-25 07:30:00;103.96666666666667
1071729215;2021-03-25 07:30:00;2021-03-25 08:00:00;88.73333333333333
1071729215;2021-03-25 08:00:00;2021-03-25 08:30:00;101.66666666666667
1071729215;2021-03-25 08:30:00;2021-03-25 09:00:00;95.86666666666666
1071729215;2021-03-25 09:00:00;2021-03-25 09:30:00;93.1
1071729215;2021-03-25 09:30:00;2021-03-25 10:00:00;97.26666666666667
1071729215;2021-03-25 10:00:00;2021-03-25 10:30:00;107.26666666666667
1071729215;2021-03-25 10:30:00;2021-03-25 11:00:00;96.53333333333333
1071729215;2021-03-25 11:00:00;2021-03-25 11:30:00;103.06666666666666
1071729215;2021-03-25 11:30:00;2021-03-25 12:00:00;97.5
1071729215;2021-03-25 12:00:00;2021-03-25 12:30:00;99.93333333333334
1071729215;2021-03-25 12:30:00;2021-03-25 13:00:00;98.06666666666666
1071729215;2021-03-25 13:00:00;2021-03-25 13:30:00;97.4
1071729215;2021-03-25 13:30:00;2021-03-25 14:00:00;92.9
1071729215;2021-03-25 14:00:00;2021-03-25 14:30:00;105.2
1071729215;2021-03-25 14:30:00;2021-03-25 15:00:00;98.03333333333333
1071729215;2021-03-25 15:00:00;2021-03-25 15:30:00;102.9
1071729215;2021-03-25 15:30:00;2021-03-25 16:00:00;101.1
1071729215;2021-03-25 16:00:00;2021-03-25 16:30:00;83.9
1071729215;2021-03-25 16:30:00;2021-03-25 17:00:00;113.2
1071729215;2021-03-25 17:00:00;2021-03-25 17:30:00;106.23333333333333
1071729215;2021-03-25 17:30:00;2021-03-25 18:00:00;104.43333333333334
1071729215;2021-03-25 18:00:00;2021-03-25 18:30:00;99.26666666666667
1071729215;2021-03-25 18:30:00;2021-03-25 19:00:00;106.36666666666666
1071729215;2021-03-25 19:00:00;2021-03-25 19:30:00;102.66666666666667
1071729215;2021-03-25 19:30:00;2021-03-25 20:00:00;115.03333333333333
1071729215;2021-03-25 20:00:00;2021-03-25 20:30:00;101.83333333333333
1071729215;2021-03-25 20:30:00;2021-03-25 21:00:00;101.9
1071729215;2021-03-25 21:00:00;2021-03-25 21:30:00;97.6
1071729215;2021-03-25 21:30:00;2021-03-25 22:00:00;87.53333333333333
1071729215;2021-03-25 22:00:00;2021-03-25 22:30:00;97.26666666666667
1071729215;2021-03-25 22:30:00;2021-03-25 23:00:00;87.0
1071729215;2021-03-25 23:00:00;2021-03-25 23:30:00;98.76666666666667
1071729215;2021-03-25 23:30:00;2021-03-25 23:59:59;100.0
1071729215;2021-03-26 00:00:00;2021-03-26 00:30:00;100.0
1071729215;2021-03-26 00:30:00;2021-03-26 01:00:00;101.0
1071729215;2021-03-26 01:00:00;2021-03-26 01:30:00;101.0
1071729215;2021-03-26 01:30:00;2021-03-26 02:00:00;115.76666666666667
1071729215;2021-03-26 02:00:00;2021-03-26 02:30:00;116.4
1071729215;2021-03-26 02:30:00;2021-03-26 03:00:00;133.0
1071729215;2021-03-26 03:00:00;2021-03-26 03:30:00;119.5
1071729215;2021-03-26 03:30:00;2021-03-26 04:00:00;102.0
1071729215;2021-03-26 04:00:00;2021-03-26 04:30:00;100.16666666666667
1071729215;2021-03-26 04:30:00;2021-03-26 05:00:00;102.0
1071729215;2021-03-26 05:00:00;2021-03-26 05:30:00;103.8
1071729215;2021-03-26 05:30:00;2021-03-26 06:00:00;104.6
1071729215;2021-03-26 06:00:00;2021-03-26 06:30:00;100.33333333333333
1071729215;2021-03-26 06:30:00;2021-03-26 07:00:00;97.0
1071729215;2021-03-26 07:00:00;2021-03-26 07:30:00;90.1
1071729215;2021-03-26 07:30:00;2021-03-26 08:00:00;94.93333333333334
1071729215;2021-03-26 08:00:00;2021-03-26 08:30:00;94.43333333333334
1071729215;2021-03-26 08:30:00;2021-03-26 09:00:00;107.6
1071729215;2021-03-26 09:00:00;2021-03-26 09:30:00;107.2
1071729215;2021-03-26 09:30:00;2021-03-26 10:00:00;99.86666666666666
1071729215;2021-03-26 10:00:00;2021-03-26 10:30:00;91.96666666666667
1071729215;2021-03-26 10:30:00;2021-03-26 11:00:00;97.4
1071729215;2021-03-26 11:00:00;2021-03-26 11:30:00;105.83333333333333
1071729215;2021-03-26 11:30:00;2021-03-26 12:00:00;105.63333333333334
1071729215;2021-03-26 12:00:00;2021-03-26 12:30:00;93.36666666666666
1071729215;2021-03-26 12:30:00;2021-03-26 13:00:00;113.26666666666667
1071729215;2021-03-26 13:00:00;2021-03-26 13:30:00;104.66666666666667
1071729215;2021-03-26 13:30:00;2021-03-26 14:00:00;105.6
1071729215;2021-03-26 14:00:00;2021-03-26 14:30:00;107.46666666666667
1071729215;2021-03-26 14:30:00;2021-03-26 15:00:00;106.63333333333334
1071729215;2021-03-26 15:00:00;2021-03-26 15:30:00;106.9
1071729215;2021-03-26 15:30:00;2021-03-26 16:00:00;99.5
1071729215;2021-03-26 16:00:00;2021-03-26 16:30:00;93.26666666666667
1071729215;2021-03-26 16:30:00;2021-03-26 17:00:00;108.0
1071729215;2021-03-26 17:00:00;2021-03-26 17:30:00;101.83333333333333
1071729215;2021-03-26 17:30:00;2021-03-26 18:00:00;98.76666666666667
1071729215;2021-03-26 18:00:00;2021-03-26 18:30:00;99.4
1071729215;2021-03-26 18:30:00;2021-03-26 19:00:00;106.13333333333334
1071729215;2021-03-26 19:00:00;2021-03-26 19:30:00;104.16666666666667
1071729215;2021-03-26 19:30:00;2021-03-26 20:00:00;102.76666666666667
1071729215;2021-03-26 20:00:00;2021-03-26 20:30:00;108.73333333333333
1071729215;2021-03-26 20:30:00;2021-03-26 21:00:00;107.16666666666667
1071729215;2021-03-26 21:00:00;2021-03-26 21:30:00;101.03333333333333
1071729215;2021-03-26 21:30:00;2021-03-26 22:00:00;78.43333333333334
1071729215;2021-03-26 22:00:00;2021-03-26 22:30:00;92.9
1071729215;2021-03-26 22:30:00;2021-03-26 23:00:00;94.6
1071729215;2021-03-26 23:00:00;2021-03-26 23:30:00;78.0
1071729215;2021-03-26 23:30:00;2021-03-26 23:59:59;91.16666666666667
1071729215;2021-03-27 00:00:00;2021-03-27 00:30:00;104.83333333333333
1071729215;2021-03-27 00:30:00;2021-03-27 01:00:00;101.0
1071729215;2021-03-27 01:00:00;2021-03-27 01:30:00;101.0
1071729215;2021-03-27 01:30:00;2021-03-27 02:00:00;104.2
1071729215;2021-03-27 02:00:00;2021-03-27 02:30:00;101.0
1071729215;2021-03-27 02:30:00;2021-03-27 03:00:00;98.33333333333333
1071729215;2021-03-27 03:00:00;2021-03-27 03:30:00;92.0
1071729215;2021-03-27 03:30:00;2021-03-27 04:00:00;99.26666666666667
1071729215;2021-03-27 04:00:00;2021-03-27 04:30:00;87.4
1071729215;2021-03-27 04:30:00;2021-03-27 05:00:00;80.33333333333333
1071729215;2021-03-27 05:00:00;2021-03-27 05:30:00;95.73333333333333
1071729215;2021-03-27 05:30:00;2021-03-27 06:00:00;100.7
1071729215;2021-03-27 06:00:00;2021-03-27 06:30:00;100.43333333333334
1071729215;2021-03-27 06:30:00;2021-03-27 07:00:00;100.03333333333333
1071729215;2021-03-27 07:00:00;2021-03-27 07:30:00;100.93333333333334
1071729215;2021-03-27 07:30:00;2021-03-27 08:00:00;102.73333333333333
1071729215;2021-03-27 08:00:00;2021-03-27 08:30:00;108.96666666666667
1071729215;2021-03-27 08:30:00;2021-03-27 09:00:00;101.86666666666666
1071729215;2021-03-27 09:00:00;2021-03-27 09:30:00;104.56666666666666
1071729215;2021-03-27 09:30:00;2021-03-27 10:00:00;108.5
1071729215;2021-03-27 10:00:00;2021-03-27 10:30:00;100.86666666666666
1071729215;2021-03-27 10:30:00;2021-03-27 11:00:00;106.83333333333333
1071729215;2021-03-27 11:00:00;2021-03-27 11:30:00;101.46666666666667
1071729215;2021-03-27 11:30:00;2021-03-27 12:00:00;104.2
1071729215;2021-03-27 12:00:00;2021-03-27 12:30:00;106.76666666666667
1071729215;2021-03-27 12:30:00;2021-03-27 13:00:00;112.53333333333333
1071729215;2021-03-27 13:00:00;2021-03-27 13:30:00;112.46666666666667
1071729215;2021-03-27 13:30:00;2021-03-27 14:00:00;105.03333333333333
1071729215;2021-03-27 14:00:00;2021-03-27 14:30:00;100.23333333333333
1071729215;2021-03-27 14:30:00;2021-03-27 15:00:00;100.96666666666667
1071729215;2021-03-27 15:00:00;2021-03-27 15:30:00;111.3
1071729215;2021-03-27 15:30:00;2021-03-27 16:00:00;102.2
1071729215;2021-03-27 16:00:00;2021-03-27 16:30:00;93.8
1071729215;2021-03-27 16:30:00;2021-03-27 17:00:00;107.36666666666666
1071729215;2021-03-27 17:00:00;2021-03-27 17:30:00;107.46666666666667
1071729215;2021-03-27 17:30:00;2021-03-27 18:00:00;110.03333333333333
1071729215;2021-03-27 18:00:00;2021-03-27 18:30:00;108.3
1071729215;2021-03-27 18:30:00;2021-03-27 19:00:00;98.7
1071729215;2021-03-27 19:00:00;2021-03-27 19:30:00;98.9
1071729215;2021-03-27 19:30:00;2021-03-27 20:00:00;99.33333333333333
1071729215;2021-03-27 20:00:00;2021-03-27 20:30:00;101.9
1071729215;2021-03-27 20:30:00;2021-03-27 21:00:00;108.0
1071729215;2021-03-27 21:00:00;2021-03-27 21:30:00;101.0
1071729215;2021-03-27 21:30:00;2021-03-27 22:00:00;101.0
1071729215;2021-03-27 22:00:00;2021-03-27 22:30:00;99.23333333333333
1071729215;2021-03-27 22:30:00;2021-03-27 23:00:00;101.0
1071729215;2021-03-27 23:00:00;2021-03-27 23:30:00;105.4
1071729215;2021-03-27 23:30:00;2021-03-27 23:59:59;106.8
1071729215;2021-03-28 00:00:00;2021-03-28 00:30:00;105.96666666666667
1071729215;2021-03-28 00:30:00;2021-03-28 01:00:00;124.4
1071729215;2021-03-28 01:00:00;2021-03-28 01:30:00;91.56666666666666
1071729215;2021-03-28 01:30:00;2021-03-28 02:00:00;98.6
1071729215;2021-03-28 02:00:00;2021-03-28 02:30:00;78.16666666666667
1071729215;2021-03-28 02:30:00;2021-03-28 03:00:00;84.66666666666667
1071729215;2021-03-28 03:00:00;2021-03-28 03:30:00;94.33333333333333
1071729215;2021-03-28 03:30:00;2021-03-28 04:00:00;95.6
1071729215;2021-03-28 04:00:00;2021-03-28 04:30:00;95.0
1071729215;2021-03-28 04:30:00;2021-03-28 05:00:00;92.03333333333333
1071729215;2021-03-28 05:00:00;2021-03-28 05:30:00;87.33333333333333
1071729215;2021-03-28 05:30:00;2021-03-28 06:00:00;95.96666666666667
1071729215;2021-03-28 06:00:00;2021-03-28 06:30:00;93.0
1071729215;2021-03-28 06:30:00;2021-03-28 07:00:00;103.66666666666667
1071729215;2021-03-28 07:00:00;2021-03-28 07:30:00;115.46666666666667
1071729215;2021-03-28 07:30:00;2021-03-28 08:00:00;105.56666666666666
1071729215;2021-03-28 08:00:00;2021-03-28 08:30:00;92.3
1071729215;2021-03-28 08:30:00;2021-03-28 09:00:00;103.53333333333333
1071729215;2021-03-28 09:00:00;2021-03-28 09:30:00;111.76666666666667
1071729215;2021-03-28 09:30:00;2021-03-28 10:00:00;99.73333333333333
1071729215;2021-03-28 10:00:00;2021-03-28 10:30:00;95.53333333333333
1071729215;2021-03-28 10:30:00;2021-03-28 11:00:00;106.93333333333334
1071729215;2021-03-28 11:00:00;2021-03-28 11:30:00;108.3
1071729215;2021-03-28 11:30:00;2021-03-28 12:00:00;110.03333333333333
1071729215;2021-03-28 12:00:00;2021-03-28 12:30:00;100.83333333333333
1071729215;2021-03-28 12:30:00;2021-03-28 13:00:00;95.0
1071729215;2021-03-28 13:00:00;2021-03-28 13:30:00;95.93333333333334
1071729215;2021-03-28 13:30:00;2021-03-28 14:00:00;91.8
1071729215;2021-03-28 14:00:00;2021-03-28 14:30:00;95.36666666666666
1071729215;2021-03-28 14:30:00;2021-03-28 15:00:00;107.16666666666667
1071729215;2021-03-28 15:00:00;2021-03-28 15:30:00;101.0
1071729215;2021-03-28 15:30:00;2021-03-28 16:00:00;90.8
1071729215;2021-03-28 16:00:00;2021-03-28 16:30:00;113.86666666666666
1071729215;2021-03-28 16:30:00;2021-03-28 17:00:00;108.0
1071729215;2021-03-28 17:00:00;2021-03-28 17:30:00;114.13333333333334
1071729215;2021-03-28 17:30:00;2021-03-28 18:00:00;108.2
1071729215;2021-03-28 18:00:00;2021-03-28 18:30:00;98.86666666666666
1071729215;2021-03-28 18:30:00;2021-03-28 19:00:00;99.63333333333334
1071729215;2021-03-28 19:00:00;2021-03-28 19:30:00;87.03333333333333
1071729215;2021-03-28 19:30:00;2021-03-28 20:00:00;105.56666666666666
1071729215;2021-03-28 20:00:00;2021-03-28 20:30:00;106.5
1071729215;2021-03-28 20:30:00;2021-03-28 21:00:00;110.93333333333334
1071729215;2021-03-28 21:00:00;2021-03-28 21:30:00;114.26666666666667
1071729215;2021-03-28 21:30:00;2021-03-28 22:00:00;102.4
1071729215;2021-03-28 22:00:00;2021-03-28 22:30:00;101.0
1071729215;2021-03-28 22:30:00;2021-03-28 23:00:00;101.13333333333334
1071729215;2021-03-28 23:00:00;2021-03-28 23:30:00;101.0
1071729215;2021-03-28 23:30:00;2021-03-28 23:59:59;100.96666666666667
1071729215;2021-03-29 00:00:00;2021-03-29 00:30:00;97.1
1071729215;2021-03-29 00:30:00;2021-03-29 01:00:00;101.0
1071729215;2021-03-29 01:00:00;2021-03-29 01:30:00;101.0
1071729215;2021-03-29 01:30:00;2021-03-29 02:00:00;110.53333333333333
1071729215;2021-03-29 02:00:00;2021-03-29 02:30:00;111.1
1071729215;2021-03-29 02:30:00;2021-03-29 03:00:00;113.66666666666667
1071729215;2021-03-29 03:00:00;2021-03-29 03:30:00;109.1
1071729215;2021-03-29 03:30:00;2021-03-29 04:00:00;101.43333333333334
1071729215;2021-03-29 04:00:00;2021-03-29 04:30:00;104.6
1071729215;2021-03-29 04:30:00;2021-03-29 05:00:00;106.86666666666666
1071729215;2021-03-29 05:00:00;2021-03-29 05:30:00;106.6
1071729215;2021-03-29 05:30:00;2021-03-29 06:00:00;107.56666666666666
1071729215;2021-03-29 06:00:00;2021-03-29 06:30:00;103.1
1071729215;2021-03-29 06:30:00;2021-03-29 07:00:00;103.83333333333333
1071729215;2021-03-29 07:00:00;2021-03-29 07:30:00;94.53333333333333
1071729215;2021-03-29 07:30:00;2021-03-29 08:00:00;98.33333333333333
1071729215;2021-03-29 08:00:00;2021-03-29 08:30:00;95.06896551724138
1071729215;2021-03-29 08:30:00;2021-03-29 09:00:00;90.0
1071729215;2021-03-29 09:00:00;2021-03-29 09:30:00;95.66666666666667
1071729215;2021-03-29 09:30:00;2021-03-29 10:00:00;105.0
1071729215;2021-03-29 10:00:00;2021-03-29 10:30:00;105.16666666666667
1071729215;2021-03-29 10:30:00;2021-03-29 11:00:00;95.06666666666666
1071729215;2021-03-29 11:00:00;2021-03-29 11:30:00;83.66666666666667
1071729215;2021-03-29 11:30:00;2021-03-29 12:00:00;85.76666666666667
1071729215;2021-03-29 12:00:00;2021-03-29 12:30:00;95.23333333333333
1071729215;2021-03-29 12:30:00;2021-03-29 13:00:00;96.93333333333334
1071729215;2021-03-29 13:00:00;2021-03-29 13:30:00;102.46666666666667
1071729215;2021-03-29 13:30:00;2021-03-29 14:00:00;110.3
1071729215;2021-03-29 14:00:00;2021-03-29 14:30:00;100.16666666666667
1071729215;2021-03-29 14:30:00;2021-03-29 15:00:00;95.73333333333333
1071729215;2021-03-29 15:00:00;2021-03-29 15:30:00;95.66666666666667
1071729215;2021-03-29 15:30:00;2021-03-29 16:00:00;95.8
1071729215;2021-03-29 16:00:00;2021-03-29 16:30:00;99.43333333333334
1071729215;2021-03-29 16:30:00;2021-03-29 17:00:00;87.9
1071729215;2021-03-29 17:00:00;2021-03-29 17:30:00;95.33333333333333
1071729215;2021-03-29 17:30:00;2021-03-29 18:00:00;94.1
1071729215;2021-03-29 18:00:00;2021-03-29 18:30:00;96.1
1071729215;2021-03-29 18:30:00;2021-03-29 19:00:00;107.7
1071729215;2021-03-29 19:00:00;2021-03-29 19:30:00;85.13333333333334
1071729215;2021-03-29 19:30:00;2021-03-29 20:00:00;98.9
1071729215;2021-03-29 20:00:00;2021-03-29 20:30:00;96.93333333333334
1071729215;2021-03-29 20:30:00;2021-03-29 21:00:00;96.5
1071729215;2021-03-29 21:00:00;2021-03-29 21:30:00;94.56666666666666
1071729215;2021-03-29 21:30:00;2021-03-29 22:00:00;94.3
1071729215;2021-03-29 22:00:00;2021-03-29 22:30:00;95.93333333333334
1071729215;2021-03-29 22:30:00;2021-03-29 23:00:00;98.6
1071729215;2021-03-29 23:00:00;2021-03-29 23:30:00;101.0
1071729215;2021-03-29 23:30:00;2021-03-29 23:59:59;101.0
1071729215;2021-03-30 00:00:00;2021-03-30 00:30:00;101.0
1071729215;2021-03-30 00:30:00;2021-03-30 01:00:00;101.0
1071729215;2021-03-30 01:00:00;2021-03-30 01:30:00;97.56666666666666
1071729215;2021-03-30 01:30:00;2021-03-30 02:00:00;99.86666666666666
1071729215;2021-03-30 02:00:00;2021-03-30 02:30:00;100.96666666666667
1071729215;2021-03-30 02:30:00;2021-03-30 03:00:00;94.2
1071729215;2021-03-30 03:00:00;2021-03-30 03:30:00;112.26666666666667
1071729215;2021-03-30 03:30:00;2021-03-30 04:00:00;100.93333333333334
1071729215;2021-03-30 04:00:00;2021-03-30 04:30:00;88.66666666666667
1071729215;2021-03-30 04:30:00;2021-03-30 05:00:00;95.86666666666666
1071729215;2021-03-30 05:00:00;2021-03-30 05:30:00;87.86666666666666
1071729215;2021-03-30 05:30:00;2021-03-30 06:00:00;104.06666666666666
1071729215;2021-03-30 06:00:00;2021-03-30 06:30:00;94.2
1071729215;2021-03-30 06:30:00;2021-03-30 07:00:00;94.2
1071729215;2021-03-30 07:00:00;2021-03-30 07:30:00;98.03333333333333
1071729215;2021-03-30 07:30:00;2021-03-30 08:00:00;95.03333333333333
1071729215;2021-03-30 08:00:00;2021-03-30 08:30:00;99.36666666666666
1071729215;2021-03-30 08:30:00;2021-03-30 09:00:00;92.36666666666666
1071729215;2021-03-30 09:00:00;2021-03-30 09:30:00;101.63333333333334
1071729215;2021-03-30 09:30:00;2021-03-30 10:00:00;98.26666666666667
1071729215;2021-03-30 10:00:00;2021-03-30 10:30:00;90.16666666666667
1071729215;2021-03-30 10:30:00;2021-03-30 11:00:00;94.63333333333334
1071729215;2021-03-30 11:00:00;2021-03-30 11:30:00;101.83333333333333
1071729215;2021-03-30 11:30:00;2021-03-30 12:00:00;102.33333333333333
1071729215;2021-03-30 12:00:00;2021-03-30 12:30:00;103.27586206896552
1071729215;2021-03-30 12:30:00;2021-03-30 13:00:00;91.76666666666667
1071729215;2021-03-30 13:00:00;2021-03-30 13:30:00;91.83333333333333
1071729215;2021-03-30 13:30:00;2021-03-30 14:00:00;101.53333333333333
1071729215;2021-03-30 14:00:00;2021-03-30 14:30:00;85.73333333333333
1071729215;2021-03-30 14:30:00;2021-03-30 15:00:00;105.53333333333333
1071729215;2021-03-30 15:00:00;2021-03-30 15:30:00;108.5
1071729215;2021-03-30 15:30:00;2021-03-30 16:00:00;101.43333333333334
1071729215;2021-03-30 16:00:00;2021-03-30 16:30:00;83.63333333333334
1071729215;2021-03-30 16:30:00;2021-03-30 17:00:00;92.0
1071729215;2021-03-30 17:00:00;2021-03-30 17:30:00;96.86666666666666
1071729215;2021-03-30 17:30:00;2021-03-30 18:00:00;112.63333333333334
1071729215;2021-03-30 18:00:00;2021-03-30 18:30:00;102.03333333333333
1071729215;2021-03-30 18:30:00;2021-03-30 19:00:00;113.53333333333333
1071729215;2021-03-30 19:00:00;2021-03-30 19:30:00;86.0
1071729215;2021-03-30 19:30:00;2021-03-30 20:00:00;85.0
1071729215;2021-03-30 20:00:00;2021-03-30 20:30:00;90.63333333333334
1071729215;2021-03-30 20:30:00;2021-03-30 21:00:00;102.2
1071729215;2021-03-30 21:00:00;2021-03-30 21:30:00;112.03333333333333
1071729215;2021-03-30 21:30:00;2021-03-30 22:00:00;110.2
1071729215;2021-03-30 22:00:00;2021-03-30 22:30:00;101.0
1071729215;2021-03-30 22:30:00;2021-03-30 23:00:00;101.0
1071729215;2021-03-30 23:00:00;2021-03-30 23:30:00;100.3
1071729215;2021-03-30 23:30:00;2021-03-30 23:59:59;98.33333333333333
1071729215;2021-03-31 00:00:00;2021-03-31 00:30:00;102.8
1071729215;2021-03-31 00:30:00;2021-03-31 01:00:00;92.13333333333334
1071729215;2021-03-31 01:00:00;2021-03-31 01:30:00;101.0
1071729215;2021-03-31 01:30:00;2021-03-31 02:00:00;101.0
1071729215;2021-03-31 02:00:00;2021-03-31 02:30:00;101.0
1071729215;2021-03-31 02:30:00;2021-03-31 03:00:00;103.33333333333333
1071729215;2021-03-31 03:00:00;2021-03-31 03:30:00;92.1
1071729215;2021-03-31 03:30:00;2021-03-31 04:00:00;98.33333333333333
1071729215;2021-03-31 04:00:00;2021-03-31 04:30:00;105.0
1071729215;2021-03-31 04:30:00;2021-03-31 05:00:00;103.06666666666666
1071729215;2021-03-31 05:00:00;2021-03-31 05:30:00;98.46666666666667
1071729215;2021-03-31 05:30:00;2021-03-31 06:00:00;95.86666666666666
1071729215;2021-03-31 06:00:00;2021-03-31 06:30:00;100.5
1071729215;2021-03-31 06:30:00;2021-03-31 07:00:00;93.63333333333334
1071729215;2021-03-31 07:00:00;2021-03-31 07:30:00;90.2
1071729215;2021-03-31 07:30:00;2021-03-31 08:00:00;99.83333333333333
1071729215;2021-03-31 08:00:00;2021-03-31 08:30:00;95.36666666666666
1071729215;2021-03-31 08:30:00;2021-03-31 09:00:00;94.76666666666667
1071729215;2021-03-31 09:00:00;2021-03-31 09:30:00;103.5
1071729215;2021-03-31 09:30:00;2021-03-31 10:00:00;102.43333333333334
1071729215;2021-03-31 10:00:00;2021-03-31 10:30:00;86.43333333333334
1071729215;2021-03-31 10:30:00;2021-03-31 11:00:00;95.06666666666666
1071729215;2021-03-31 11:00:00;2021-03-31 11:30:00;93.96666666666667
1071729215;2021-03-31 11:30:00;2021-03-31 12:00:00;92.86666666666666
1071729215;2021-03-31 12:00:00;2021-03-31 12:30:00;90.23333333333333
1071729215;2021-03-31 12:30:00;2021-03-31 13:00:00;94.43333333333334
1071729215;2021-03-31 13:00:00;2021-03-31 13:30:00;91.3
1071729215;2021-03-31 13:30:00;2021-03-31 14:00:00;97.83333333333333
1071729215;2021-03-31 14:00:00;2021-03-31 14:30:00;109.4
1071729215;2021-03-31 14:30:00;2021-03-31 15:00:00;91.7
1071729215;2021-03-31 15:00:00;2021-03-31 15:30:00;109.83333333333333
1071729215;2021-03-31 15:30:00;2021-03-31 16:00:00;90.46666666666667
1071729215;2021-03-31 16:00:00;2021-03-31 16:30:00;94.4
1071729215;2021-03-31 16:30:00;2021-03-31 17:00:00;88.83333333333333
1071729215;2021-03-31 17:00:00;2021-03-31 17:30:00;98.36666666666666
1071729215;2021-03-31 17:30:00;2021-03-31 18:00:00;88.43333333333334
1071729215;2021-03-31 18:00:00;2021-03-31 18:30:00;103.06666666666666
1071729215;2021-03-31 18:30:00;2021-03-31 19:00:00;109.46666666666667
1071729215;2021-03-31 19:00:00;2021-03-31 19:30:00;102.9
1071729215;2021-03-31 19:30:00;2021-03-31 20:00:00;91.37931034482759
1071729215;2021-03-31 20:00:00;2021-03-31 20:30:00;102.79310344827586
1071729215;2021-03-31 20:30:00;2021-03-31 21:00:00;99.76666666666667
1071729215;2021-03-31 21:00:00;2021-03-31 21:30:00;98.5
1071729215;2021-03-31 21:30:00;2021-03-31 22:00:00;105.4
1071729215;2021-03-31 22:00:00;2021-03-31 22:30:00;97.6
1071729215;2021-03-31 22:30:00;2021-03-31 23:00:00;100.6
1071729215;2021-03-31 23:00:00;2021-03-31 23:30:00;99.9
1071729215;2021-03-31 23:30:00;2021-03-31 23:59:59;101.0
1071729215;2021-04-01 00:00:00;2021-04-01 00:30:00;101.0
1071729215;2021-04-01 00:30:00;2021-04-01 01:00:00;101.0
1071729215;2021-04-01 01:00:00;2021-04-01 01:30:00;101.0
1071729215;2021-04-01 01:30:00;2021-04-01 02:00:00;101.0
1071729215;2021-04-01 02:00:00;2021-04-01 02:30:00;98.3
1071729215;2021-04-01 02:30:00;2021-04-01 03:00:00;94.73333333333333
1071729215;2021-04-01 03:00:00;2021-04-01 03:30:00;100.0
1071729215;2021-04-01 03:30:00;2021-04-01 04:00:00;96.53333333333333
1071729215;2021-04-01 04:00:00;2021-04-01 04:30:00;97.44827586206897
1071729215;2021-04-01 04:30:00;2021-04-01 05:00:00;96.93333333333334
1071729215;2021-04-01 05:00:00;2021-04-01 05:30:00;89.7
1071729215;2021-04-01 05:30:00;2021-04-01 06:00:00;106.46666666666667
1071729215;2021-04-01 06:00:00;2021-04-01 06:30:00;96.3
1071729215;2021-04-01 06:30:00;2021-04-01 07:00:00;96.26666666666667
1071729215;2021-04-01 07:00:00;2021-04-01 07:30:00;84.16666666666667
1071729215;2021-04-01 07:30:00;2021-04-01 08:00:00;93.63333333333334
1071729215;2021-04-01 08:00:00;2021-04-01 08:30:00;98.7
1071729215;2021-04-01 08:30:00;2021-04-01 09:00:00;83.9
1071729215;2021-04-01 09:00:00;2021-04-01 09:30:00;85.83333333333333
1071729215;2021-04-01 09:30:00;2021-04-01 10:00:00;104.26666666666667
1071729215;2021-04-01 10:00:00;2021-04-01 10:30:00;106.03333333333333
1071729215;2021-04-01 10:30:00;2021-04-01 11:00:00;92.4
1071729215;2021-04-01 11:00:00;2021-04-01 11:30:00;111.0
1071729215;2021-04-01 11:30:00;2021-04-01 12:00:00;107.46666666666667
1071729215;2021-04-01 12:00:00;2021-04-01 12:30:00;107.7
1071729215;2021-04-01 12:30:00;2021-04-01 13:00:00;98.3
1071729215;2021-04-01 13:00:00;2021-04-01 13:30:00;96.56666666666666
1071729215;2021-04-01 13:30:00;2021-04-01 14:00:00;99.3
1071729215;2021-04-01 14:00:00;2021-04-01 14:30:00;102.53333333333333
1071729215;2021-04-01 14:30:00;2021-04-01 15:00:00;100.7
1071729215;2021-04-01 15:00:00;2021-04-01 15:30:00;93.83333333333333
1071729215;2021-04-01 15:30:00;2021-04-01 16:00:00;97.16666666666667
1071729215;2021-04-01 16:00:00;2021-04-01 16:30:00;96.83333333333333
1071729215;2021-04-01 16:30:00;2021-04-01 17:00:00;72.46666666666667
1071729215;2021-04-01 17:00:00;2021-04-01 17:30:00;100.8
1071729215;2021-04-01 17:30:00;2021-04-01 18:00:00;87.16666666666667
1071729215;2021-04-01 18:00:00;2021-04-01 18:30:00;94.23333333333333
1071729215;2021-04-01 18:30:00;2021-04-01 19:00:00;100.4
1071729215;2021-04-01 19:00:00;2021-04-01 19:30:00;103.66666666666667
1071729215;2021-04-01 19:30:00;2021-04-01 20:00:00;97.93333333333334
1071729215;2021-04-01 20:00:00;2021-04-01 20:30:00;84.63333333333334
1071729215;2021-04-01 20:30:00;2021-04-01 21:00:00;91.83333333333333
1071729215;2021-04-01 21:00:00;2021-04-01 21:30:00;100.03333333333333
1071729215;2021-04-01 21:30:00;2021-04-01 22:00:00;98.63333333333334
1071729215;2021-04-01 22:00:00;2021-04-01 22:30:00;96.86666666666666
1071729215;2021-04-01 22:30:00;2021-04-01 23:00:00;98.9
1071729215;2021-04-01 23:00:00;2021-04-01 23:30:00;103.4
1071729215;2021-04-01 23:30:00;2021-04-01 23:59:59;101.0
1071729215;2021-04-02 00:00:00;2021-04-02 00:30:00;101.0
1071729215;2021-04-02 00:30:00;2021-04-02 01:00:00;92.73333333333333
1071729215;2021-04-02 01:00:00;2021-04-02 01:30:00;96.46666666666667
1071729215;2021-04-02 01:30:00;2021-04-02 02:00:00;84.0
1071729215;2021-04-02 02:00:00;2021-04-02 02:30:00;92.06666666666666
1071729215;2021-04-02 02:30:00;2021-04-02 03:00:00;101.0
1071729215;2021-04-02 03:00:00;2021-04-02 03:30:00;97.4
1071729215;2021-04-02 03:30:00;2021-04-02 04:00:00;93.63333333333334
1071729215;2021-04-02 04:00:00;2021-04-02 04:30:00;88.23333333333333
1071729215;2021-04-02 04:30:00;2021-04-02 05:00:00;92.4
1071729215;2021-04-02 05:00:00;2021-04-02 05:30:00;84.0
1071729215;2021-04-02 05:30:00;2021-04-02 06:00:00;86.8
1071729215;2021-04-02 06:00:00;2021-04-02 06:30:00;102.3
1071729215;2021-04-02 06:30:00;2021-04-02 07:00:00;94.36666666666666
1071729215;2021-04-02 07:00:00;2021-04-02 07:30:00;101.13333333333334
1071729215;2021-04-02 07:30:00;2021-04-02 08:00:00;113.8
1071729215;2021-04-02 08:00:00;2021-04-02 08:30:00;106.46666666666667
1071729215;2021-04-02 08:30:00;2021-04-02 09:00:00;104.2
1071729215;2021-04-02 09:00:00;2021-04-02 09:30:00;106.13333333333334
1071729215;2021-04-02 09:30:00;2021-04-02 10:00:00;106.73333333333333
1071729215;2021-04-02 10:00:00;2021-04-02 10:30:00;112.1
1071729215;2021-04-02 10:30:00;2021-04-02 11:00:00;110.33333333333333
1071729215;2021-04-02 11:00:00;2021-04-02 11:30:00;90.0
1071729215;2021-04-02 11:30:00;2021-04-02 12:00:00;109.96666666666667
1071729215;2021-04-02 12:00:00;2021-04-02 12:30:00;110.06666666666666
1071729215;2021-04-02 12:30:00;2021-04-02 13:00:00;108.4
1071729215;2021-04-02 13:00:00;2021-04-02 13:30:00;111.13333333333334
1071729215;2021-04-02 13:30:00;2021-04-02 14:00:00;99.23333333333333
1071729215;2021-04-02 14:00:00;2021-04-02 14:30:00;108.76666666666667
1071729215;2021-04-02 14:30:00;2021-04-02 15:00:00;111.86666666666666
1071729215;2021-04-02 15:00:00;2021-04-02 15:30:00;105.46666666666667
1071729215;2021-04-02 15:30:00;2021-04-02 16:00:00;105.86666666666666
1071729215;2021-04-02 16:00:00;2021-04-02 16:30:00;92.6
1071729215;2021-04-02 16:30:00;2021-04-02 17:00:00;111.73333333333333
1071729215;2021-04-02 17:00:00;2021-04-02 17:30:00;57.333333333333336
1071729215;2021-04-02 17:30:00;2021-04-02 18:00:00;111.16666666666667
1071729215;2021-04-02 18:00:00;2021-04-02 18:30:00;107.46666666666667
1071729215;2021-04-02 18:30:00;2021-04-02 19:00:00;98.43333333333334
1071729215;2021-04-02 19:00:00;2021-04-02 19:30:00;100.96666666666667
1071729215;2021-04-02 19:30:00;2021-04-02 20:00:00;107.06666666666666
1071729215;2021-04-02 20:00:00;2021-04-02 20:30:00;104.2
1071729215;2021-04-02 20:30:00;2021-04-02 21:00:00;106.26666666666667
1071729215;2021-04-02 21:00:00;2021-04-02 21:30:00;97.83333333333333
1071729215;2021-04-02 21:30:00;2021-04-02 22:00:00;105.83333333333333
1071729215;2021-04-02 22:00:00;2021-04-02 22:30:00;101.0
1071729215;2021-04-02 22:30:00;2021-04-02 23:00:00;101.0
1071729215;2021-04-02 23:00:00;2021-04-02 23:30:00;101.0
1071729215;2021-04-02 23:30:00;2021-04-02 23:59:59;101.0
1071729215;2021-04-03 00:00:00;2021-04-03 00:30:00;101.0
1071729215;2021-04-03 00:30:00;2021-04-03 01:00:00;101.0
1071729215;2021-04-03 01:00:00;2021-04-03 01:30:00;101.0
1071729215;2021-04-03 01:30:00;2021-04-03 02:00:00;101.0
1071729215;2021-04-03 02:00:00;2021-04-03 02:30:00;101.0
1071729215;2021-04-03 02:30:00;2021-04-03 03:00:00;101.0
1071729215;2021-04-03 03:00:00;2021-04-03 03:30:00;92.0
1071729215;2021-04-03 03:30:00;2021-04-03 04:00:00;92.0
1071729215;2021-04-03 04:00:00;2021-04-03 04:30:00;99.53333333333333
1071729215;2021-04-03 04:30:00;2021-04-03 05:00:00;95.26666666666667
1071729215;2021-04-03 05:00:00;2021-04-03 05:30:00;100.4
1071729215;2021-04-03 05:30:00;2021-04-03 06:00:00;101.0
1071729215;2021-04-03 06:00:00;2021-04-03 06:30:00;112.9
1071729215;2021-04-03 06:30:00;2021-04-03 07:00:00;95.76666666666667
1071729215;2021-04-03 07:00:00;2021-04-03 07:30:00;102.06666666666666
1071729215;2021-04-03 07:30:00;2021-04-03 08:00:00;98.06666666666666
1071729215;2021-04-03 08:00:00;2021-04-03 08:30:00;99.23333333333333
1071729215;2021-04-03 08:30:00;2021-04-03 09:00:00;100.93333333333334
1071729215;2021-04-03 09:00:00;2021-04-03 09:30:00;106.8
1071729215;2021-04-03 09:30:00;2021-04-03 10:00:00;102.93333333333334
1071729215;2021-04-03 10:00:00;2021-04-03 10:30:00;99.26666666666667
1071729215;2021-04-03 10:30:00;2021-04-03 11:00:00;110.36666666666666
1071729215;2021-04-03 11:00:00;2021-04-03 11:30:00;107.3
1071729215;2021-04-03 11:30:00;2021-04-03 12:00:00;105.2
1071729215;2021-04-03 12:00:00;2021-04-03 12:30:00;107.93333333333334
1071729215;2021-04-03 12:30:00;2021-04-03 13:00:00;105.86666666666666
1071729215;2021-04-03 13:00:00;2021-04-03 13:30:00;114.8
1071729215;2021-04-03 13:30:00;2021-04-03 14:00:00;108.66666666666667
1071729215;2021-04-03 14:00:00;2021-04-03 14:30:00;107.93333333333334
1071729215;2021-04-03 14:30:00;2021-04-03 15:00:00;104.16666666666667
1071729215;2021-04-03 15:00:00;2021-04-03 15:30:00;115.63333333333334
1071729215;2021-04-03 15:30:00;2021-04-03 16:00:00;109.06666666666666
1071729215;2021-04-03 16:00:00;2021-04-03 16:30:00;116.0
1071729215;2021-04-03 16:30:00;2021-04-03 17:00:00;114.46666666666667
1071729215;2021-04-03 17:00:00;2021-04-03 17:30:00;113.66666666666667
1071729215;2021-04-03 17:30:00;2021-04-03 18:00:00;105.2
1071729215;2021-04-03 18:00:00;2021-04-03 18:30:00;120.26666666666667
1071729215;2021-04-03 18:30:00;2021-04-03 19:00:00;110.86666666666666
1071729215;2021-04-03 19:00:00;2021-04-03 19:30:00;117.0
1071729215;2021-04-03 19:30:00;2021-04-03 20:00:00;105.56666666666666
1071729215;2021-04-03 20:00:00;2021-04-03 20:30:00;113.1
1071729215;2021-04-03 20:30:00;2021-04-03 21:00:00;110.73333333333333
1071729215;2021-04-03 21:00:00;2021-04-03 21:30:00;117.8
1071729215;2021-04-03 21:30:00;2021-04-03 22:00:00;115.23333333333333
1071729215;2021-04-03 22:00:00;2021-04-03 22:30:00;102.6
1071729215;2021-04-03 22:30:00;2021-04-03 23:00:00;101.23333333333333
1071729215;2021-04-03 23:00:00;2021-04-03 23:30:00;101.0
1071729215;2021-04-03 23:30:00;2021-04-03 23:59:59;101.0
1071729215;2021-04-04 00:00:00;2021-04-04 00:30:00;101.0
1071729215;2021-04-04 00:30:00;2021-04-04 01:00:00;101.0
1071729215;2021-04-04 01:00:00;2021-04-04 01:30:00;101.0
1071729215;2021-04-04 01:30:00;2021-04-04 02:00:00;91.83333333333333
1071729215;2021-04-04 02:00:00;2021-04-04 02:30:00;99.73333333333333
1071729215;2021-04-04 02:30:00;2021-04-04 03:00:00;82.0
1071729215;2021-04-04 03:00:00;2021-04-04 03:30:00;85.23333333333333
1071729215;2021-04-04 03:30:00;2021-04-04 04:00:00;96.5
1071729215;2021-04-04 04:00:00;2021-04-04 04:30:00;100.0
1071729215;2021-04-04 04:30:00;2021-04-04 05:00:00;100.0
1071729215;2021-04-04 05:00:00;2021-04-04 05:30:00;110.7
1071729215;2021-04-04 05:30:00;2021-04-04 06:00:00;100.0
1071729215;2021-04-04 06:00:00;2021-04-04 06:30:00;100.0
1071729215;2021-04-04 06:30:00;2021-04-04 07:00:00;100.0
1071729215;2021-04-04 07:00:00;2021-04-04 07:30:00;103.06666666666666
1071729215;2021-04-04 07:30:00;2021-04-04 08:00:00;107.03333333333333
1071729215;2021-04-04 08:00:00;2021-04-04 08:30:00;96.03333333333333
1071729215;2021-04-04 08:30:00;2021-04-04 09:00:00;101.83333333333333
1071729215;2021-04-04 09:00:00;2021-04-04 09:30:00;109.33333333333333
1071729215;2021-04-04 09:30:00;2021-04-04 10:00:00;98.2
1071729215;2021-04-04 10:00:00;2021-04-04 10:30:00;105.4
1071729215;2021-04-04 10:30:00;2021-04-04 11:00:00;91.5
1071729215;2021-04-04 11:00:00;2021-04-04 11:30:00;87.73333333333333
1071729215;2021-04-04 11:30:00;2021-04-04 12:00:00;85.0
1071729215;2021-04-04 12:00:00;2021-04-04 12:30:00;87.46666666666667
1071729215;2021-04-04 12:30:00;2021-04-04 13:00:00;77.93333333333334
1071729215;2021-04-04 13:00:00;2021-04-04 13:30:00;81.1
1071729215;2021-04-04 13:30:00;2021-04-04 14:00:00;81.66666666666667
1071729215;2021-04-04 14:00:00;2021-04-04 14:30:00;80.8
1071729215;2021-04-04 14:30:00;2021-04-04 15:00:00;82.63333333333334
1071729215;2021-04-04 15:00:00;2021-04-04 15:30:00;80.16666666666667
1071729215;2021-04-04 15:30:00;2021-04-04 16:00:00;82.66666666666667
1071729215;2021-04-04 16:00:00;2021-04-04 16:30:00;78.46666666666667
1071729215;2021-04-04 16:30:00;2021-04-04 17:00:00;86.1
1071729215;2021-04-04 17:00:00;2021-04-04 17:30:00;85.8
1071729215;2021-04-04 17:30:00;2021-04-04 18:00:00;89.2
1071729215;2021-04-04 18:00:00;2021-04-04 18:30:00;92.0
1071729215;2021-04-04 18:30:00;2021-04-04 19:00:00;87.33333333333333
1071729215;2021-04-04 19:00:00;2021-04-04 19:30:00;87.16666666666667
1071729215;2021-04-04 19:30:00;2021-04-04 20:00:00;98.63333333333334
1071729215;2021-04-04 20:00:00;2021-04-04 20:30:00;100.0
1071729215;2021-04-04 20:30:00;2021-04-04 21:00:00;98.66666666666667
1071729215;2021-04-04 21:00:00;2021-04-04 21:30:00;100.73333333333333
1071729215;2021-04-04 21:30:00;2021-04-04 22:00:00;101.0
1071729215;2021-04-04 22:00:00;2021-04-04 22:30:00;101.0
1071729215;2021-04-04 22:30:00;2021-04-04 23:00:00;105.26666666666667
1071729215;2021-04-04 23:00:00;2021-04-04 23:30:00;102.46666666666667
1071729215;2021-04-04 23:30:00;2021-04-04 23:59:59;110.16666666666667
1071729215;2021-04-05 00:00:00;2021-04-05 00:30:00;101.0
1071729215;2021-04-05 00:30:00;2021-04-05 01:00:00;101.0
1071729215;2021-04-05 01:00:00;2021-04-05 01:30:00;101.0
1071729215;2021-04-05 01:30:00;2021-04-05 02:00:00;101.0
1071729215;2021-04-05 02:00:00;2021-04-05 02:30:00;101.0
1071729215;2021-04-05 02:30:00;2021-04-05 03:00:00;101.0
1071729215;2021-04-05 03:00:00;2021-04-05 03:30:00;98.0
1071729215;2021-04-05 03:30:00;2021-04-05 04:00:00;98.0
1071729215;2021-04-05 04:00:00;2021-04-05 04:30:00;98.0
1071729215;2021-04-05 04:30:00;2021-04-05 05:00:00;97.93333333333334
1071729215;2021-04-05 05:00:00;2021-04-05 05:30:00;98.73333333333333
1071729215;2021-04-05 05:30:00;2021-04-05 06:00:00;96.7
1071729215;2021-04-05 06:00:00;2021-04-05 06:30:00;87.83333333333333
1071729215;2021-04-05 06:30:00;2021-04-05 07:00:00;93.16666666666667
1071729215;2021-04-05 07:00:00;2021-04-05 07:30:00;95.33333333333333
1071729215;2021-04-05 07:30:00;2021-04-05 08:00:00;101.83333333333333
1071729215;2021-04-05 08:00:00;2021-04-05 08:30:00;110.03333333333333
1071729215;2021-04-05 08:30:00;2021-04-05 09:00:00;102.8
1071729215;2021-04-05 09:00:00;2021-04-05 09:30:00;103.66666666666667
1071729215;2021-04-05 09:30:00;2021-04-05 10:00:00;100.76666666666667
1071729215;2021-04-05 10:00:00;2021-04-05 10:30:00;96.0
1071729215;2021-04-05 10:30:00;2021-04-05 11:00:00;84.23333333333333
1071729215;2021-04-05 11:00:00;2021-04-05 11:30:00;81.13333333333334
1071729215;2021-04-05 11:30:00;2021-04-05 12:00:00;82.23333333333333
1071729215;2021-04-05 12:00:00;2021-04-05 12:30:00;76.73333333333333
1071729215;2021-04-05 12:30:00;2021-04-05 13:00:00;79.33333333333333
1071729215;2021-04-05 13:00:00;2021-04-05 13:30:00;81.1
1071729215;2021-04-05 13:30:00;2021-04-05 14:00:00;80.2
1071729215;2021-04-05 14:00:00;2021-04-05 14:30:00;76.63333333333334
1071729215;2021-04-05 14:30:00;2021-04-05 15:00:00;81.23333333333333
1071729215;2021-04-05 15:00:00;2021-04-05 15:30:00;82.16666666666667
1071729215;2021-04-05 15:30:00;2021-04-05 16:00:00;82.96666666666667
1071729215;2021-04-05 16:00:00;2021-04-05 16:30:00;78.8
1071729215;2021-04-05 16:30:00;2021-04-05 17:00:00;80.23333333333333
1071729215;2021-04-05 17:00:00;2021-04-05 17:30:00;79.66666666666667
1071729215;2021-04-05 17:30:00;2021-04-05 18:00:00;88.9
1071729215;2021-04-05 18:00:00;2021-04-05 18:30:00;86.53333333333333
1071729215;2021-04-05 18:30:00;2021-04-05 19:00:00;87.3
1071729215;2021-04-05 19:00:00;2021-04-05 19:30:00;88.86666666666666
1071729215;2021-04-05 19:30:00;2021-04-05 20:00:00;85.4
1071729215;2021-04-05 20:00:00;2021-04-05 20:30:00;97.73333333333333
1071729215;2021-04-05 20:30:00;2021-04-05 21:00:00;111.5
1071729215;2021-04-05 21:00:00;2021-04-05 21:30:00;106.1
1071729215;2021-04-05 21:30:00;2021-04-05 22:00:00;104.5
1071729215;2021-04-05 22:00:00;2021-04-05 22:30:00;103.26666666666667
1071729215;2021-04-05 22:30:00;2021-04-05 23:00:00;110.2
1071729215;2021-04-05 23:00:00;2021-04-05 23:30:00;101.0
1071729215;2021-04-05 23:30:00;2021-04-05 23:59:59;101.0
1071729215;2021-04-06 00:00:00;2021-04-06 00:30:00;99.9
1071729215;2021-04-06 00:30:00;2021-04-06 01:00:00;98.6
1071729215;2021-04-06 01:00:00;2021-04-06 01:30:00;102.8
1071729215;2021-04-06 01:30:00;2021-04-06 02:00:00;103.83333333333333
1071729215;2021-04-06 02:00:00;2021-04-06 02:30:00;102.46666666666667
1071729215;2021-04-06 02:30:00;2021-04-06 03:00:00;100.66666666666667
1071729215;2021-04-06 03:00:00;2021-04-06 03:30:00;103.0
1071729215;2021-04-06 03:30:00;2021-04-06 04:00:00;113.0
1071729215;2021-04-06 04:00:00;2021-04-06 04:30:00;103.16666666666667
1071729215;2021-04-06 04:30:00;2021-04-06 05:00:00;107.43333333333334
1071729215;2021-04-06 05:00:00;2021-04-06 05:30:00;109.53333333333333
1071729215;2021-04-06 05:30:00;2021-04-06 06:00:00;95.41379310344827
1071729215;2021-04-06 06:00:00;2021-04-06 06:30:00;101.76666666666667
1071729215;2021-04-06 06:30:00;2021-04-06 07:00:00;110.63333333333334
1071729215;2021-04-06 07:00:00;2021-04-06 07:30:00;104.76666666666667
1071729215;2021-04-06 07:30:00;2021-04-06 08:00:00;100.2
1071729215;2021-04-06 08:00:00;2021-04-06 08:30:00;95.93333333333334
1071729215;2021-04-06 08:30:00;2021-04-06 09:00:00;100.46666666666667
1071729215;2021-04-06 09:00:00;2021-04-06 09:30:00;109.7
1071729215;2021-04-06 09:30:00;2021-04-06 10:00:00;101.16666666666667
1071729215;2021-04-06 10:00:00;2021-04-06 10:30:00;105.43333333333334
1071729215;2021-04-06 10:30:00;2021-04-06 11:00:00;102.46666666666667
1071729215;2021-04-06 11:00:00;2021-04-06 11:30:00;92.06666666666666
1071729215;2021-04-06 11:30:00;2021-04-06 12:00:00;102.9
1071729215;2021-04-06 12:00:00;2021-04-06 12:30:00;102.23333333333333
1071729215;2021-04-06 12:30:00;2021-04-06 13:00:00;92.26666666666667
1071729215;2021-04-06 13:00:00;2021-04-06 13:30:00;103.6
1071729215;2021-04-06 13:30:00;2021-04-06 14:00:00;101.96666666666667
1071729215;2021-04-06 14:00:00;2021-04-06 14:30:00;108.06666666666666
1071729215;2021-04-06 14:30:00;2021-04-06 15:00:00;84.7
1071729215;2021-04-06 15:00:00;2021-04-06 15:30:00;96.63333333333334
1071729215;2021-04-06 15:30:00;2021-04-06 16:00:00;102.0
1071729215;2021-04-06 16:00:00;2021-04-06 16:30:00;88.26666666666667
1071729215;2021-04-06 16:30:00;2021-04-06 17:00:00;92.83333333333333
1071729215;2021-04-06 17:00:00;2021-04-06 17:30:00;107.26666666666667
1071729215;2021-04-06 17:30:00;2021-04-06 18:00:00;98.93333333333334
1071729215;2021-04-06 18:00:00;2021-04-06 18:30:00;96.83333333333333
1071729215;2021-04-06 18:30:00;2021-04-06 19:00:00;93.53333333333333
1071729215;2021-04-06 19:00:00;2021-04-06 19:30:00;113.53333333333333
1071729215;2021-04-06 19:30:00;2021-04-06 20:00:00;108.93333333333334
1071729215;2021-04-06 20:00:00;2021-04-06 20:30:00;103.2
1071729215;2021-04-06 20:30:00;2021-04-06 21:00:00;103.56666666666666
1071729215;2021-04-06 21:00:00;2021-04-06 21:30:00;90.63333333333334
1071729215;2021-04-06 21:30:00;2021-04-06 22:00:00;89.8
1071729215;2021-04-06 22:00:00;2021-04-06 22:30:00;92.53333333333333
1071729215;2021-04-06 22:30:00;2021-04-06 23:00:00;100.46666666666667
1071729215;2021-04-06 23:00:00;2021-04-06 23:30:00;89.9
1071729215;2021-04-06 23:30:00;2021-04-06 23:59:59;101.0
1071729215;2021-04-07 00:00:00;2021-04-07 00:30:00;101.0
1071729215;2021-04-07 00:30:00;2021-04-07 01:00:00;101.0
1071729215;2021-04-07 01:00:00;2021-04-07 01:30:00;98.73333333333333
1071729215;2021-04-07 01:30:00;2021-04-07 02:00:00;85.46666666666667
1071729215;2021-04-07 02:00:00;2021-04-07 02:30:00;103.46666666666667
1071729215;2021-04-07 02:30:00;2021-04-07 03:00:00;104.16666666666667
1071729215;2021-04-07 03:00:00;2021-04-07 03:30:00;94.06666666666666
1071729215;2021-04-07 03:30:00;2021-04-07 04:00:00;98.86666666666666
1071729215;2021-04-07 04:00:00;2021-04-07 04:30:00;93.93333333333334
1071729215;2021-04-07 04:30:00;2021-04-07 05:00:00;95.96666666666667
1071729215;2021-04-07 05:00:00;2021-04-07 05:30:00;97.2
1071729215;2021-04-07 05:30:00;2021-04-07 06:00:00;105.5
1071729215;2021-04-07 06:00:00;2021-04-07 06:30:00;94.93333333333334
1071729215;2021-04-07 06:30:00;2021-04-07 07:00:00;99.06666666666666
1071729215;2021-04-07 07:00:00;2021-04-07 07:30:00;96.8
1071729215;2021-04-07 07:30:00;2021-04-07 08:00:00;96.56666666666666
1071729215;2021-04-07 08:00:00;2021-04-07 08:30:00;101.6
1071729215;2021-04-07 08:30:00;2021-04-07 09:00:00;87.9
1071729215;2021-04-07 09:00:00;2021-04-07 09:30:00;93.73333333333333
1071729215;2021-04-07 09:30:00;2021-04-07 10:00:00;87.73333333333333
1071729215;2021-04-07 10:00:00;2021-04-07 10:30:00;97.06666666666666
1071729215;2021-04-07 10:30:00;2021-04-07 11:00:00;94.6
1071729215;2021-04-07 11:00:00;2021-04-07 11:30:00;100.93333333333334
1071729215;2021-04-07 11:30:00;2021-04-07 12:00:00;97.5
1071729215;2021-04-07 12:00:00;2021-04-07 12:30:00;97.83333333333333
1071729215;2021-04-07 12:30:00;2021-04-07 13:00:00;101.46666666666667
1071729215;2021-04-07 13:00:00;2021-04-07 13:30:00;101.26666666666667
1071729215;2021-04-07 13:30:00;2021-04-07 14:00:00;106.3
1071729215;2021-04-07 14:00:00;2021-04-07 14:30:00;97.43333333333334
1071729215;2021-04-07 14:30:00;2021-04-07 15:00:00;98.9
1071729215;2021-04-07 15:00:00;2021-04-07 15:30:00;98.46666666666667
1071729215;2021-04-07 15:30:00;2021-04-07 16:00:00;91.03333333333333
1071729215;2021-04-07 16:00:00;2021-04-07 16:30:00;102.96666666666667
1071729215;2021-04-07 16:30:00;2021-04-07 17:00:00;97.43333333333334
1071729215;2021-04-07 17:00:00;2021-04-07 17:30:00;114.76666666666667
1071729215;2021-04-07 17:30:00;2021-04-07 18:00:00;107.23333333333333
1071729215;2021-04-07 18:00:00;2021-04-07 18:30:00;111.83333333333333
1071729215;2021-04-07 18:30:00;2021-04-07 19:00:00;100.26666666666667
1071729215;2021-04-07 19:00:00;2021-04-07 19:30:00;100.62068965517241
1071729215;2021-04-07 19:30:00;2021-04-07 20:00:00;104.7
1071729215;2021-04-07 20:00:00;2021-04-07 20:30:00;103.86666666666666
1071729215;2021-04-07 20:30:00;2021-04-07 21:00:00;98.66666666666667
1071729215;2021-04-07 21:00:00;2021-04-07 21:30:00;100.0
1071729215;2021-04-07 21:30:00;2021-04-07 22:00:00;88.53333333333333
1071729215;2021-04-07 22:00:00;2021-04-07 22:30:00;93.16666666666667
1071729215;2021-04-07 22:30:00;2021-04-07 23:00:00;98.2
1071729215;2021-04-07 23:00:00;2021-04-07 23:30:00;84.66666666666667
1071729215;2021-04-07 23:30:00;2021-04-07 23:59:59;97.33333333333333
1071729215;2021-04-08 00:00:00;2021-04-08 00:30:00;101.0
1071729215;2021-04-08 00:30:00;2021-04-08 01:00:00;101.0
1071729215;2021-04-08 01:00:00;2021-04-08 01:30:00;101.0
1071729215;2021-04-08 01:30:00;2021-04-08 02:00:00;101.0
1071729215;2021-04-08 02:00:00;2021-04-08 02:30:00;101.0
1071729215;2021-04-08 02:30:00;2021-04-08 03:00:00;101.0
1071729215;2021-04-08 03:00:00;2021-04-08 03:30:00;95.2
1071729215;2021-04-08 03:30:00;2021-04-08 04:00:00;91.46666666666667
1071729215;2021-04-08 04:00:00;2021-04-08 04:30:00;103.6
1071729215;2021-04-08 04:30:00;2021-04-08 05:00:00;89.53333333333333
1071729215;2021-04-08 05:00:00;2021-04-08 05:30:00;103.23333333333333
1071729215;2021-04-08 05:30:00;2021-04-08 06:00:00;98.73333333333333
1071729215;2021-04-08 06:00:00;2021-04-08 06:30:00;104.83333333333333
1071729215;2021-04-08 06:30:00;2021-04-08 07:00:00;84.33333333333333
1071729215;2021-04-08 07:00:00;2021-04-08 07:30:00;99.2
1071729215;2021-04-08 07:30:00;2021-04-08 08:00:00;98.03333333333333
1071729215;2021-04-08 08:00:00;2021-04-08 08:30:00;94.7
1071729215;2021-04-08 08:30:00;2021-04-08 09:00:00;101.46666666666667
1071729215;2021-04-08 09:00:00;2021-04-08 09:30:00;105.3
1071729215;2021-04-08 09:30:00;2021-04-08 10:00:00;108.16666666666667
1071729215;2021-04-08 10:00:00;2021-04-08 10:30:00;112.3
1071729215;2021-04-08 10:30:00;2021-04-08 11:00:00;97.93333333333334
1071729215;2021-04-08 11:00:00;2021-04-08 11:30:00;89.36666666666666
1071729215;2021-04-08 11:30:00;2021-04-08 12:00:00;89.16666666666667
1071729215;2021-04-08 12:00:00;2021-04-08 12:30:00;93.46666666666667
1071729215;2021-04-08 12:30:00;2021-04-08 13:00:00;101.93333333333334
1071729215;2021-04-08 13:00:00;2021-04-08 13:30:00;102.2
1071729215;2021-04-08 13:30:00;2021-04-08 14:00:00;107.13333333333334
1071729215;2021-04-08 14:00:00;2021-04-08 14:30:00;93.0
1071729215;2021-04-08 14:30:00;2021-04-08 15:00:00;110.23333333333333
1071729215;2021-04-08 15:00:00;2021-04-08 15:30:00;110.6
1071729215;2021-04-08 15:30:00;2021-04-08 16:00:00;103.86666666666666
1071729215;2021-04-08 16:00:00;2021-04-08 16:30:00;117.9
1071729215;2021-04-08 16:30:00;2021-04-08 17:00:00;103.86666666666666
1071729215;2021-04-08 17:00:00;2021-04-08 17:30:00;93.16666666666667
1071729215;2021-04-08 17:30:00;2021-04-08 18:00:00;101.13333333333334
1071729215;2021-04-08 18:00:00;2021-04-08 18:30:00;109.06666666666666
1071729215;2021-04-08 18:30:00;2021-04-08 19:00:00;102.3
1071729215;2021-04-08 19:00:00;2021-04-08 19:30:00;97.23333333333333
1071729215;2021-04-08 19:30:00;2021-04-08 20:00:00;97.93333333333334
1071729215;2021-04-08 20:00:00;2021-04-08 20:30:00;90.7
1071729215;2021-04-08 20:30:00;2021-04-08 21:00:00;114.36666666666666
1071729215;2021-04-08 21:00:00;2021-04-08 21:30:00;99.16666666666667
1071729215;2021-04-08 21:30:00;2021-04-08 22:00:00;97.3
1071729215;2021-04-08 22:00:00;2021-04-08 22:30:00;103.93333333333334
1071729215;2021-04-08 22:30:00;2021-04-08 23:00:00;100.96666666666667
1071729215;2021-04-08 23:00:00;2021-04-08 23:30:00;98.03333333333333
1071729215;2021-04-08 23:30:00;2021-04-08 23:59:59;101.0
1071729215;2021-04-09 00:00:00;2021-04-09 00:30:00;101.0
1071729215;2021-04-09 00:30:00;2021-04-09 01:00:00;99.4
1071729215;2021-04-09 01:00:00;2021-04-09 01:30:00;105.13333333333334
1071729215;2021-04-09 01:30:00;2021-04-09 02:00:00;92.86666666666666
1071729215;2021-04-09 02:00:00;2021-04-09 02:30:00;97.73333333333333
1071729215;2021-04-09 02:30:00;2021-04-09 03:00:00;95.26666666666667
1071729215;2021-04-09 03:00:00;2021-04-09 03:30:00;91.33333333333333
1071729215;2021-04-09 03:30:00;2021-04-09 04:00:00;95.36666666666666
1071729215;2021-04-09 04:00:00;2021-04-09 04:30:00;107.46666666666667
1071729215;2021-04-09 04:30:00;2021-04-09 05:00:00;92.56666666666666
1071729215;2021-04-09 05:00:00;2021-04-09 05:30:00;99.33333333333333
1071729215;2021-04-09 05:30:00;2021-04-09 06:00:00;101.3
1071729215;2021-04-09 06:00:00;2021-04-09 06:30:00;93.0
1071729215;2021-04-09 06:30:00;2021-04-09 07:00:00;92.43333333333334
1071729215;2021-04-09 07:00:00;2021-04-09 07:30:00;114.6
1071729215;2021-04-09 07:30:00;2021-04-09 08:00:00;103.53333333333333
1071729215;2021-04-09 08:00:00;2021-04-09 08:30:00;106.13333333333334
1071729215;2021-04-09 08:30:00;2021-04-09 09:00:00;101.5
1071729215;2021-04-09 09:00:00;2021-04-09 09:30:00;112.66666666666667
1071729215;2021-04-09 09:30:00;2021-04-09 10:00:00;122.73333333333333
1071729215;2021-04-09 10:00:00;2021-04-09 10:30:00;92.73333333333333
1071729215;2021-04-09 10:30:00;2021-04-09 11:00:00;105.5
1071729215;2021-04-09 11:00:00;2021-04-09 11:30:00;110.93333333333334
1071729215;2021-04-09 11:30:00;2021-04-09 12:00:00;100.76666666666667
1071729215;2021-04-09 12:00:00;2021-04-09 12:30:00;101.4
1071729215;2021-04-09 12:30:00;2021-04-09 13:00:00;89.2
1071729215;2021-04-09 13:00:00;2021-04-09 13:30:00;91.93333333333334
1071729215;2021-04-09 13:30:00;2021-04-09 14:00:00;89.36666666666666
1071729215;2021-04-09 14:00:00;2021-04-09 14:30:00;103.3
1071729215;2021-04-09 14:30:00;2021-04-09 15:00:00;109.5
1071729215;2021-04-09 15:00:00;2021-04-09 15:30:00;108.66666666666667
1071729215;2021-04-09 15:30:00;2021-04-09 16:00:00;107.33333333333333
1071729215;2021-04-09 16:00:00;2021-04-09 16:30:00;113.86666666666666
1071729215;2021-04-09 16:30:00;2021-04-09 17:00:00;100.76666666666667
1071729215;2021-04-09 17:00:00;2021-04-09 17:30:00;102.1
1071729215;2021-04-09 17:30:00;2021-04-09 18:00:00;107.83333333333333
1071729215;2021-04-09 18:00:00;2021-04-09 18:30:00;105.8
1071729215;2021-04-09 18:30:00;2021-04-09 19:00:00;114.73333333333333
1071729215;2021-04-09 19:00:00;2021-04-09 19:30:00;110.13333333333334
1071729215;2021-04-09 19:30:00;2021-04-09 20:00:00;103.06666666666666
1071729215;2021-04-09 20:00:00;2021-04-09 20:30:00;99.16666666666667
1071729215;2021-04-09 20:30:00;2021-04-09 21:00:00;107.53333333333333
1071729215;2021-04-09 21:00:00;2021-04-09 21:30:00;92.23333333333333
1071729215;2021-04-09 21:30:00;2021-04-09 22:00:00;92.73333333333333
1071729215;2021-04-09 22:00:00;2021-04-09 22:30:00;86.6
1071729215;2021-04-09 22:30:00;2021-04-09 23:00:00;77.46666666666667
1071729215;2021-04-09 23:00:00;2021-04-09 23:30:00;85.26666666666667
1071729215;2021-04-09 23:30:00;2021-04-09 23:59:59;95.86666666666666
1071729215;2021-04-10 00:00:00;2021-04-10 00:30:00;101.0
1071729215;2021-04-10 00:30:00;2021-04-10 01:00:00;101.0
1071729215;2021-04-10 01:00:00;2021-04-10 01:30:00;101.0
1071729215;2021-04-10 01:30:00;2021-04-10 02:00:00;99.9
1071729215;2021-04-10 02:00:00;2021-04-10 02:30:00;93.96666666666667
1071729215;2021-04-10 02:30:00;2021-04-10 03:00:00;101.0
1071729215;2021-04-10 03:00:00;2021-04-10 03:30:00;93.43333333333334
1071729215;2021-04-10 03:30:00;2021-04-10 04:00:00;95.3
1071729215;2021-04-10 04:00:00;2021-04-10 04:30:00;95.66666666666667
1071729215;2021-04-10 04:30:00;2021-04-10 05:00:00;101.1
1071729215;2021-04-10 05:00:00;2021-04-10 05:30:00;85.9
1071729215;2021-04-10 05:30:00;2021-04-10 06:00:00;89.86666666666666
1071729215;2021-04-10 06:00:00;2021-04-10 06:30:00;92.53333333333333
1071729215;2021-04-10 06:30:00;2021-04-10 07:00:00;94.73333333333333
1071729215;2021-04-10 07:00:00;2021-04-10 07:30:00;102.43333333333334
1071729215;2021-04-10 07:30:00;2021-04-10 08:00:00;100.23333333333333
1071729215;2021-04-10 08:00:00;2021-04-10 08:30:00;105.06666666666666
1071729215;2021-04-10 08:30:00;2021-04-10 09:00:00;109.96666666666667
1071729215;2021-04-10 09:00:00;2021-04-10 09:30:00;102.2
1071729215;2021-04-10 09:30:00;2021-04-10 10:00:00;112.8
1071729215;2021-04-10 10:00:00;2021-04-10 10:30:00;107.23333333333333
1071729215;2021-04-10 10:30:00;2021-04-10 11:00:00;115.4
1071729215;2021-04-10 11:00:00;2021-04-10 11:30:00;102.03333333333333
1071729215;2021-04-10 11:30:00;2021-04-10 12:00:00;108.1
1071729215;2021-04-10 12:00:00;2021-04-10 12:30:00;111.0
1071729215;2021-04-10 12:30:00;2021-04-10 13:00:00;96.4
1071729215;2021-04-10 13:00:00;2021-04-10 13:30:00;97.2
1071729215;2021-04-10 13:30:00;2021-04-10 14:00:00;101.8
1071729215;2021-04-10 14:00:00;2021-04-10 14:30:00;90.26666666666667
1071729215;2021-04-10 14:30:00;2021-04-10 15:00:00;97.8
1071729215;2021-04-10 15:00:00;2021-04-10 15:30:00;102.96666666666667
1071729215;2021-04-10 15:30:00;2021-04-10 16:00:00;96.16666666666667
1071729215;2021-04-10 16:00:00;2021-04-10 16:30:00;112.66666666666667
1071729215;2021-04-10 16:30:00;2021-04-10 17:00:00;111.03333333333333
1071729215;2021-04-10 17:00:00;2021-04-10 17:30:00;104.8
1071729215;2021-04-10 17:30:00;2021-04-10 18:00:00;98.0
1071729215;2021-04-10 18:00:00;2021-04-10 18:30:00;107.16666666666667
1071729215;2021-04-10 18:30:00;2021-04-10 19:00:00;111.73333333333333
1071729215;2021-04-10 19:00:00;2021-04-10 19:30:00;110.73333333333333
1071729215;2021-04-10 19:30:00;2021-04-10 20:00:00;117.76666666666667
1071729215;2021-04-10 20:00:00;2021-04-10 20:30:00;109.6
1071729215;2021-04-10 20:30:00;2021-04-10 21:00:00;109.13333333333334
1071729215;2021-04-10 21:00:00;2021-04-10 21:30:00;104.66666666666667
1071729215;2021-04-10 21:30:00;2021-04-10 22:00:00;109.16666666666667
1071729215;2021-04-10 22:00:00;2021-04-10 22:30:00;101.2
1071729215;2021-04-10 22:30:00;2021-04-10 23:00:00;109.0
1071729215;2021-04-10 23:00:00;2021-04-10 23:30:00;103.1
1071729215;2021-04-10 23:30:00;2021-04-10 23:59:59;101.0
1071729215;2021-04-11 00:00:00;2021-04-11 00:30:00;101.0
1071729215;2021-04-11 00:30:00;2021-04-11 01:00:00;91.73333333333333
1071729215;2021-04-11 01:00:00;2021-04-11 01:30:00;91.4
1071729215;2021-04-11 01:30:00;2021-04-11 02:00:00;77.13333333333334
1071729215;2021-04-11 02:00:00;2021-04-11 02:30:00;83.26666666666667
1071729215;2021-04-11 02:30:00;2021-04-11 03:00:00;98.36666666666666
1071729215;2021-04-11 03:00:00;2021-04-11 03:30:00;94.0
1071729215;2021-04-11 03:30:00;2021-04-11 04:00:00;99.36666666666666
1071729215;2021-04-11 04:00:00;2021-04-11 04:30:00;105.03333333333333
1071729215;2021-04-11 04:30:00;2021-04-11 05:00:00;91.9
1071729215;2021-04-11 05:00:00;2021-04-11 05:30:00;94.06666666666666
1071729215;2021-04-11 05:30:00;2021-04-11 06:00:00;94.06666666666666
1071729215;2021-04-11 06:00:00;2021-04-11 06:30:00;109.0
1071729215;2021-04-11 06:30:00;2021-04-11 07:00:00;118.83333333333333
1071729215;2021-04-11 07:00:00;2021-04-11 07:30:00;102.83333333333333
1071729215;2021-04-11 07:30:00;2021-04-11 08:00:00;109.96666666666667
1071729215;2021-04-11 08:00:00;2021-04-11 08:30:00;108.03333333333333
1071729215;2021-04-11 08:30:00;2021-04-11 09:00:00;109.2
1071729215;2021-04-11 09:00:00;2021-04-11 09:30:00;110.73333333333333
1071729215;2021-04-11 09:30:00;2021-04-11 10:00:00;99.36666666666666
1071729215;2021-04-11 10:00:00;2021-04-11 10:30:00;97.73333333333333
1071729215;2021-04-11 10:30:00;2021-04-11 11:00:00;99.33333333333333
1071729215;2021-04-11 11:00:00;2021-04-11 11:30:00;101.3
1071729215;2021-04-11 11:30:00;2021-04-11 12:00:00;89.8
1071729215;2021-04-11 12:00:00;2021-04-11 12:30:00;97.33333333333333
1071729215;2021-04-11 12:30:00;2021-04-11 13:00:00;96.23333333333333
1071729215;2021-04-11 13:00:00;2021-04-11 13:30:00;100.53333333333333
1071729215;2021-04-11 13:30:00;2021-04-11 14:00:00;91.2
1071729215;2021-04-11 14:00:00;2021-04-11 14:30:00;92.03333333333333
1071729215;2021-04-11 14:30:00;2021-04-11 15:00:00;98.53333333333333
1071729215;2021-04-11 15:00:00;2021-04-11 15:30:00;90.36666666666666
1071729215;2021-04-11 15:30:00;2021-04-11 16:00:00;93.3
1071729215;2021-04-11 16:00:00;2021-04-11 16:30:00;106.7
1071729215;2021-04-11 16:30:00;2021-04-11 17:00:00;103.73333333333333
1071729215;2021-04-11 17:00:00;2021-04-11 17:30:00;108.83333333333333
1071729215;2021-04-11 17:30:00;2021-04-11 18:00:00;103.26666666666667
1071729215;2021-04-11 18:00:00;2021-04-11 18:30:00;101.36666666666666
1071729215;2021-04-11 18:30:00;2021-04-11 19:00:00;104.53333333333333
1071729215;2021-04-11 19:00:00;2021-04-11 19:30:00;100.46666666666667
1071729215;2021-04-11 19:30:00;2021-04-11 20:00:00;106.9
1071729215;2021-04-11 20:00:00;2021-04-11 20:30:00;105.83333333333333
1071729215;2021-04-11 20:30:00;2021-04-11 21:00:00;116.36666666666666
1071729215;2021-04-11 21:00:00;2021-04-11 21:30:00;117.73333333333333
1071729215;2021-04-11 21:30:00;2021-04-11 22:00:00;102.53333333333333
1071729215;2021-04-11 22:00:00;2021-04-11 22:30:00;101.0
1071729215;2021-04-11 22:30:00;2021-04-11 23:00:00;101.0
1071729215;2021-04-11 23:00:00;2021-04-11 23:30:00;107.53333333333333
1071729215;2021-04-11 23:30:00;2021-04-11 23:59:59;101.0
1071729215;2021-04-12 00:00:00;2021-04-12 00:30:00;101.0
1071729215;2021-04-12 00:30:00;2021-04-12 01:00:00;101.0
1071729215;2021-04-12 01:00:00;2021-04-12 01:30:00;101.0
1071729215;2021-04-12 01:30:00;2021-04-12 02:00:00;101.0
1071729215;2021-04-12 02:00:00;2021-04-12 02:30:00;94.36666666666666
1071729215;2021-04-12 02:30:00;2021-04-12 03:00:00;95.56666666666666
1071729215;2021-04-12 03:00:00;2021-04-12 03:30:00;92.83333333333333
1071729215;2021-04-12 03:30:00;2021-04-12 04:00:00;101.0
1071729215;2021-04-12 04:00:00;2021-04-12 04:30:00;94.1
1071729215;2021-04-12 04:30:00;2021-04-12 05:00:00;73.3
1071729215;2021-04-12 05:00:00;2021-04-12 05:30:00;103.8
1071729215;2021-04-12 05:30:00;2021-04-12 06:00:00;96.86666666666666
1071729215;2021-04-12 06:00:00;2021-04-12 06:30:00;84.06666666666666
1071729215;2021-04-12 06:30:00;2021-04-12 07:00:00;88.51724137931035
1071729215;2021-04-12 07:00:00;2021-04-12 07:30:00;104.8
1071729215;2021-04-12 07:30:00;2021-04-12 08:00:00;90.7
1071729215;2021-04-12 08:00:00;2021-04-12 08:30:00;104.5
1071729215;2021-04-12 08:30:00;2021-04-12 09:00:00;92.76666666666667
1071729215;2021-04-12 09:00:00;2021-04-12 09:30:00;85.7
1071729215;2021-04-12 09:30:00;2021-04-12 10:00:00;92.7
1071729215;2021-04-12 10:00:00;2021-04-12 10:30:00;98.4
1071729215;2021-04-12 10:30:00;2021-04-12 11:00:00;119.16666666666667
1071729215;2021-04-12 11:00:00;2021-04-12 11:30:00;96.93333333333334
1071729215;2021-04-12 11:30:00;2021-04-12 12:00:00;89.6086956521739
1071729215;2021-04-12 12:00:00;2021-04-12 12:30:00;104.16666666666667
1071729215;2021-04-12 12:30:00;2021-04-12 13:00:00;103.46666666666667
1071729215;2021-04-12 13:00:00;2021-04-12 13:30:00;115.86666666666666
1071729215;2021-04-12 13:30:00;2021-04-12 14:00:00;90.66666666666667
1071729215;2021-04-12 14:00:00;2021-04-12 14:30:00;92.66666666666667
1071729215;2021-04-12 14:30:00;2021-04-12 15:00:00;96.4
1071729215;2021-04-12 15:00:00;2021-04-12 15:30:00;99.1
1071729215;2021-04-12 15:30:00;2021-04-12 16:00:00;115.7
1071729215;2021-04-12 16:00:00;2021-04-12 16:30:00;110.63333333333334
1071729215;2021-04-12 16:30:00;2021-04-12 17:00:00;93.0
1071729215;2021-04-12 17:00:00;2021-04-12 17:30:00;98.03333333333333
1071729215;2021-04-12 17:30:00;2021-04-12 18:00:00;107.43333333333334
1071729215;2021-04-12 18:00:00;2021-04-12 18:30:00;105.26666666666667
1071729215;2021-04-12 18:30:00;2021-04-12 19:00:00;98.76666666666667
1071729215;2021-04-12 19:00:00;2021-04-12 19:30:00;101.5
1071729215;2021-04-12 19:30:00;2021-04-12 20:00:00;102.66666666666667
1071729215;2021-04-12 20:00:00;2021-04-12 20:30:00;99.96666666666667
1071729215;2021-04-12 20:30:00;2021-04-12 21:00:00;93.93333333333334
1071729215;2021-04-12 21:00:00;2021-04-12 21:30:00;93.03333333333333
1071729215;2021-04-12 21:30:00;2021-04-12 22:00:00;102.6
1071729215;2021-04-12 22:00:00;2021-04-12 22:30:00;101.0
1071729215;2021-04-12 22:30:00;2021-04-12 23:00:00;101.0
1071729215;2021-04-12 23:00:00;2021-04-12 23:30:00;101.0
1071729215;2021-04-12 23:30:00;2021-04-12 23:59:59;95.36666666666666
1071729215;2021-04-13 00:00:00;2021-04-13 00:30:00;101.0
1071729215;2021-04-13 00:30:00;2021-04-13 01:00:00;101.0
1071729215;2021-04-13 01:00:00;2021-04-13 01:30:00;101.0
1071729215;2021-04-13 01:30:00;2021-04-13 02:00:00;101.0
1071729215;2021-04-13 02:00:00;2021-04-13 02:30:00;101.0
1071729215;2021-04-13 02:30:00;2021-04-13 03:00:00;101.0
1071729215;2021-04-13 03:00:00;2021-04-13 03:30:00;93.0
1071729215;2021-04-13 03:30:00;2021-04-13 04:00:00;93.0
1071729215;2021-04-13 04:00:00;2021-04-13 04:30:00;84.03333333333333
1071729215;2021-04-13 04:30:00;2021-04-13 05:00:00;83.06666666666666
1071729215;2021-04-13 05:00:00;2021-04-13 05:30:00;96.3
1071729215;2021-04-13 05:30:00;2021-04-13 06:00:00;87.23333333333333
1071729215;2021-04-13 06:00:00;2021-04-13 06:30:00;81.06666666666666
1071729215;2021-04-13 06:30:00;2021-04-13 07:00:00;87.0
1071729215;2021-04-13 07:00:00;2021-04-13 07:30:00;95.6
1071729215;2021-04-13 07:30:00;2021-04-13 08:00:00;95.5
1071729215;2021-04-13 08:00:00;2021-04-13 08:30:00;91.33333333333333
1071729215;2021-04-13 08:30:00;2021-04-13 09:00:00;96.83333333333333
1071729215;2021-04-13 09:00:00;2021-04-13 09:30:00;90.13333333333334
1071729215;2021-04-13 09:30:00;2021-04-13 10:00:00;100.3
1071729215;2021-04-13 10:00:00;2021-04-13 10:30:00;101.6
1071729215;2021-04-13 10:30:00;2021-04-13 11:00:00;97.2
1071729215;2021-04-13 11:00:00;2021-04-13 11:30:00;104.13333333333334
1071729215;2021-04-13 11:30:00;2021-04-13 12:00:00;109.76666666666667
1071729215;2021-04-13 12:00:00;2021-04-13 12:30:00;100.13333333333334
1071729215;2021-04-13 12:30:00;2021-04-13 13:00:00;88.56666666666666
1071729215;2021-04-13 13:00:00;2021-04-13 13:30:00;98.03333333333333
1071729215;2021-04-13 13:30:00;2021-04-13 14:00:00;105.6
1071729215;2021-04-13 14:00:00;2021-04-13 14:30:00;98.93333333333334
1071729215;2021-04-13 14:30:00;2021-04-13 15:00:00;95.03333333333333
1071729215;2021-04-13 15:00:00;2021-04-13 15:30:00;96.26666666666667
1071729215;2021-04-13 15:30:00;2021-04-13 16:00:00;107.53333333333333
1071729215;2021-04-13 16:00:00;2021-04-13 16:30:00;100.53333333333333
1071729215;2021-04-13 16:30:00;2021-04-13 17:00:00;95.83333333333333
1071729215;2021-04-13 17:00:00;2021-04-13 17:30:00;97.53333333333333
1071729215;2021-04-13 17:30:00;2021-04-13 18:00:00;107.76666666666667
1071729215;2021-04-13 18:00:00;2021-04-13 18:30:00;95.5
1071729215;2021-04-13 18:30:00;2021-04-13 19:00:00;107.9
1071729215;2021-04-13 19:00:00;2021-04-13 19:30:00;109.63333333333334
1071729215;2021-04-13 19:30:00;2021-04-13 20:00:00;86.73333333333333
1071729215;2021-04-13 20:00:00;2021-04-13 20:30:00;101.53333333333333
1071729215;2021-04-13 20:30:00;2021-04-13 21:00:00;105.3
1071729215;2021-04-13 21:00:00;2021-04-13 21:30:00;92.4
1071729215;2021-04-13 21:30:00;2021-04-13 22:00:00;111.8
1071729215;2021-04-13 22:00:00;2021-04-13 22:30:00;101.0
1071729215;2021-04-13 22:30:00;2021-04-13 23:00:00;93.73333333333333
1071729215;2021-04-13 23:00:00;2021-04-13 23:30:00;101.0
1071729215;2021-04-13 23:30:00;2021-04-13 23:59:59;101.0
1071729215;2021-04-14 00:00:00;2021-04-14 00:30:00;94.23333333333333
1071729215;2021-04-14 00:30:00;2021-04-14 01:00:00;101.0
1071729215;2021-04-14 01:00:00;2021-04-14 01:30:00;101.0
1071729215;2021-04-14 01:30:00;2021-04-14 02:00:00;101.0
1071729215;2021-04-14 02:00:00;2021-04-14 02:30:00;101.0
1071729215;2021-04-14 02:30:00;2021-04-14 03:00:00;94.3
1071729215;2021-04-14 03:00:00;2021-04-14 03:30:00;100.73333333333333
1071729215;2021-04-14 03:30:00;2021-04-14 04:00:00;94.56666666666666
1071729215;2021-04-14 04:00:00;2021-04-14 04:30:00;101.2
1071729215;2021-04-14 04:30:00;2021-04-14 05:00:00;98.3
1071729215;2021-04-14 05:00:00;2021-04-14 05:30:00;102.5
1071729215;2021-04-14 05:30:00;2021-04-14 06:00:00;107.48275862068965
1071729215;2021-04-14 06:00:00;2021-04-14 06:30:00;98.51724137931035
1071729215;2021-04-14 06:30:00;2021-04-14 07:00:00;90.7
1071729215;2021-04-14 07:00:00;2021-04-14 07:30:00;86.39285714285714
1071729215;2021-04-14 07:30:00;2021-04-14 08:00:00;89.96666666666667
1071729215;2021-04-14 08:00:00;2021-04-14 08:30:00;92.13333333333334
1071729215;2021-04-14 08:30:00;2021-04-14 09:00:00;101.76666666666667
1071729215;2021-04-14 09:00:00;2021-04-14 09:30:00;107.56666666666666
1071729215;2021-04-14 09:30:00;2021-04-14 10:00:00;98.83333333333333
1071729215;2021-04-14 10:00:00;2021-04-14 10:30:00;92.66666666666667
1071729215;2021-04-14 10:30:00;2021-04-14 11:00:00;92.86666666666666
1071729215;2021-04-14 11:00:00;2021-04-14 11:30:00;106.8
1071729215;2021-04-14 11:30:00;2021-04-14 12:00:00;109.0
1071729215;2021-04-14 12:00:00;2021-04-14 12:30:00;99.1
1071729215;2021-04-14 12:30:00;2021-04-14 13:00:00;92.76666666666667
1071729215;2021-04-14 13:00:00;2021-04-14 13:30:00;95.86666666666666
1071729215;2021-04-14 13:30:00;2021-04-14 14:00:00;98.66666666666667
1071729215;2021-04-14 14:00:00;2021-04-14 14:30:00;99.16666666666667
1071729215;2021-04-14 14:30:00;2021-04-14 15:00:00;93.5
1071729215;2021-04-14 15:00:00;2021-04-14 15:30:00;102.33333333333333
1071729215;2021-04-14 15:30:00;2021-04-14 16:00:00;97.86666666666666
1071729215;2021-04-14 16:00:00;2021-04-14 16:30:00;97.86666666666666
1071729215;2021-04-14 16:30:00;2021-04-14 17:00:00;99.4
1071729215;2021-04-14 17:00:00;2021-04-14 17:30:00;95.16666666666667
1071729215;2021-04-14 17:30:00;2021-04-14 18:00:00;96.86666666666666
1071729215;2021-04-14 18:00:00;2021-04-14 18:30:00;97.5
1071729215;2021-04-14 18:30:00;2021-04-14 19:00:00;106.6
1071729215;2021-04-14 19:00:00;2021-04-14 19:30:00;101.36666666666666
1071729215;2021-04-14 19:30:00;2021-04-14 20:00:00;93.86666666666666
1071729215;2021-04-14 20:00:00;2021-04-14 20:30:00;104.9
1071729215;2021-04-14 20:30:00;2021-04-14 21:00:00;93.33333333333333
1071729215;2021-04-14 21:00:00;2021-04-14 21:30:00;95.73333333333333
1071729215;2021-04-14 21:30:00;2021-04-14 22:00:00;104.96666666666667
1071729215;2021-04-14 22:00:00;2021-04-14 22:30:00;94.73333333333333
1071729215;2021-04-14 22:30:00;2021-04-14 23:00:00;100.86666666666666
1071729215;2021-04-14 23:00:00;2021-04-14 23:30:00;82.63333333333334
1071729215;2021-04-14 23:30:00;2021-04-14 23:59:59;82.7
1071729215;2021-04-15 00:00:00;2021-04-15 00:30:00;97.7
1071729215;2021-04-15 00:30:00;2021-04-15 01:00:00;100.66666666666667
1071729215;2021-04-15 01:00:00;2021-04-15 01:30:00;100.1
1071729215;2021-04-15 01:30:00;2021-04-15 02:00:00;101.0
1071729215;2021-04-15 02:00:00;2021-04-15 02:30:00;101.0
1071729215;2021-04-15 02:30:00;2021-04-15 03:00:00;101.0
1071729215;2021-04-15 03:00:00;2021-04-15 03:30:00;95.0
1071729215;2021-04-15 03:30:00;2021-04-15 04:00:00;97.46666666666667
1071729215;2021-04-15 04:00:00;2021-04-15 04:30:00;90.36666666666666
1071729215;2021-04-15 04:30:00;2021-04-15 05:00:00;111.6
1071729215;2021-04-15 05:00:00;2021-04-15 05:30:00;82.06666666666666
1071729215;2021-04-15 05:30:00;2021-04-15 06:00:00;98.46666666666667
1071729215;2021-04-15 06:00:00;2021-04-15 06:30:00;96.1
1071729215;2021-04-15 06:30:00;2021-04-15 07:00:00;89.7
1071729215;2021-04-15 07:00:00;2021-04-15 07:30:00;92.7
1071729215;2021-04-15 07:30:00;2021-04-15 08:00:00;104.96666666666667
1071729215;2021-04-15 08:00:00;2021-04-15 08:30:00;95.3
1071729215;2021-04-15 08:30:00;2021-04-15 09:00:00;90.83333333333333
1071729215;2021-04-15 09:00:00;2021-04-15 09:30:00;103.83333333333333
1071729215;2021-04-15 09:30:00;2021-04-15 10:00:00;91.63333333333334
1071729215;2021-04-15 10:00:00;2021-04-15 10:30:00;94.56666666666666
1071729215;2021-04-15 10:30:00;2021-04-15 11:00:00;87.36666666666666
1071729215;2021-04-15 11:00:00;2021-04-15 11:30:00;85.63333333333334
1071729215;2021-04-15 11:30:00;2021-04-15 12:00:00;99.46666666666667
1071729215;2021-04-15 12:00:00;2021-04-15 12:30:00;98.63333333333334
1071729215;2021-04-15 12:30:00;2021-04-15 13:00:00;97.33333333333333
1071729215;2021-04-15 13:00:00;2021-04-15 13:30:00;101.0
1071729215;2021-04-15 13:30:00;2021-04-15 14:00:00;105.13793103448276
1071729215;2021-04-15 14:00:00;2021-04-15 14:30:00;97.9
1071729215;2021-04-15 14:30:00;2021-04-15 15:00:00;101.2
1071729215;2021-04-15 15:00:00;2021-04-15 15:30:00;99.76666666666667
1071729215;2021-04-15 15:30:00;2021-04-15 16:00:00;108.76666666666667
1071729215;2021-04-15 16:00:00;2021-04-15 16:30:00;92.06666666666666
1071729215;2021-04-15 16:30:00;2021-04-15 17:00:00;85.63333333333334
1071729215;2021-04-15 17:00:00;2021-04-15 17:30:00;100.13333333333334
1071729215;2021-04-15 17:30:00;2021-04-15 18:00:00;95.86666666666666
1071729215;2021-04-15 18:00:00;2021-04-15 18:30:00;110.43333333333334
1071729215;2021-04-15 18:30:00;2021-04-15 19:00:00;90.16666666666667
1071729215;2021-04-15 19:00:00;2021-04-15 19:30:00;90.83333333333333
1071729215;2021-04-15 19:30:00;2021-04-15 20:00:00;100.73333333333333
1071729215;2021-04-15 20:00:00;2021-04-15 20:30:00;107.0
1071729215;2021-04-15 20:30:00;2021-04-15 21:00:00;85.46666666666667
1071729215;2021-04-15 21:00:00;2021-04-15 21:30:00;82.76666666666667
1071729215;2021-04-15 21:30:00;2021-04-15 22:00:00;95.73333333333333
1071729215;2021-04-15 22:00:00;2021-04-15 22:30:00;101.0
1071729215;2021-04-15 22:30:00;2021-04-15 23:00:00;102.2
1071729215;2021-04-15 23:00:00;2021-04-15 23:30:00;102.9
1071729215;2021-04-15 23:30:00;2021-04-15 23:59:59;102.6
1071729215;2021-04-16 00:00:00;2021-04-16 00:30:00;101.0
1071729215;2021-04-16 00:30:00;2021-04-16 01:00:00;101.0
1071729215;2021-04-16 01:00:00;2021-04-16 01:30:00;100.5
1071729215;2021-04-16 01:30:00;2021-04-16 02:00:00;94.03571428571429
1071729215;2021-04-16 02:00:00;2021-04-16 02:30:00;101.0
1071729215;2021-04-16 02:30:00;2021-04-16 03:00:00;101.0
1071729215;2021-04-16 03:00:00;2021-04-16 03:30:00;99.2
1071729215;2021-04-16 03:30:00;2021-04-16 04:00:00;100.96666666666667
1071729215;2021-04-16 04:00:00;2021-04-16 04:30:00;94.66666666666667
1071729215;2021-04-16 04:30:00;2021-04-16 05:00:00;99.46666666666667
1071729215;2021-04-16 05:00:00;2021-04-16 05:30:00;110.3
1071729215;2021-04-16 05:30:00;2021-04-16 06:00:00;95.7
1071729215;2021-04-16 06:00:00;2021-04-16 06:30:00;94.33333333333333
1071729215;2021-04-16 06:30:00;2021-04-16 07:00:00;88.7
1071729215;2021-04-16 07:00:00;2021-04-16 07:30:00;94.86666666666666
1071729215;2021-04-16 07:30:00;2021-04-16 08:00:00;95.7
1071729215;2021-04-16 08:00:00;2021-04-16 08:30:00;110.1
1071729215;2021-04-16 08:30:00;2021-04-16 09:00:00;115.66666666666667
1071729215;2021-04-16 09:00:00;2021-04-16 09:30:00;92.06666666666666
1071729215;2021-04-16 09:30:00;2021-04-16 10:00:00;82.23333333333333
1071729215;2021-04-16 10:00:00;2021-04-16 10:30:00;97.16666666666667
1071729215;2021-04-16 10:30:00;2021-04-16 11:00:00;111.26666666666667
1071729215;2021-04-16 11:00:00;2021-04-16 11:30:00;92.1
1071729215;2021-04-16 11:30:00;2021-04-16 12:00:00;97.63333333333334
1071729215;2021-04-16 12:00:00;2021-04-16 12:30:00;96.7
1071729215;2021-04-16 12:30:00;2021-04-16 13:00:00;99.1
1071729215;2021-04-16 13:00:00;2021-04-16 13:30:00;110.06666666666666
1071729215;2021-04-16 13:30:00;2021-04-16 14:00:00;117.4
1071729215;2021-04-16 14:00:00;2021-04-16 14:30:00;105.83333333333333
1071729215;2021-04-16 14:30:00;2021-04-16 15:00:00;101.1
1071729215;2021-04-16 15:00:00;2021-04-16 15:30:00;107.86666666666666
1071729215;2021-04-16 15:30:00;2021-04-16 16:00:00;99.3
1071729215;2021-04-16 16:00:00;2021-04-16 16:30:00;100.63333333333334
1071729215;2021-04-16 16:30:00;2021-04-16 17:00:00;109.5
1071729215;2021-04-16 17:00:00;2021-04-16 17:30:00;103.0
1071729215;2021-04-16 17:30:00;2021-04-16 18:00:00;102.7
1071729215;2021-04-16 18:00:00;2021-04-16 18:30:00;94.9
1071729215;2021-04-16 18:30:00;2021-04-16 19:00:00;106.33333333333333
1071729215;2021-04-16 19:00:00;2021-04-16 19:30:00;99.16666666666667
1071729215;2021-04-16 19:30:00;2021-04-16 20:00:00;88.2
1071729215;2021-04-16 20:00:00;2021-04-16 20:30:00;95.4
1071729215;2021-04-16 20:30:00;2021-04-16 21:00:00;102.5
1071729215;2021-04-16 21:00:00;2021-04-16 21:30:00;80.86666666666666
1071729215;2021-04-16 21:30:00;2021-04-16 22:00:00;78.53333333333333
1071729215;2021-04-16 22:00:00;2021-04-16 22:30:00;101.06666666666666
1071729215;2021-04-16 22:30:00;2021-04-16 23:00:00;103.96666666666667
1071729215;2021-04-16 23:00:00;2021-04-16 23:30:00;121.93333333333334
1071729215;2021-04-16 23:30:00;2021-04-16 23:59:59;118.0
1071729215;2021-04-17 00:00:00;2021-04-17 00:30:00;101.26666666666667
1071729215;2021-04-17 00:30:00;2021-04-17 01:00:00;98.4
1071729215;2021-04-17 01:00:00;2021-04-17 01:30:00;101.0
1071729215;2021-04-17 01:30:00;2021-04-17 02:00:00;101.0
1071729215;2021-04-17 02:00:00;2021-04-17 02:30:00;97.93333333333334
1071729215;2021-04-17 02:30:00;2021-04-17 03:00:00;101.0
1071729215;2021-04-17 03:00:00;2021-04-17 03:30:00;93.0
1071729215;2021-04-17 03:30:00;2021-04-17 04:00:00;92.46666666666667
1071729215;2021-04-17 04:00:00;2021-04-17 04:30:00;91.53333333333333
1071729215;2021-04-17 04:30:00;2021-04-17 05:00:00;88.9
1071729215;2021-04-17 05:00:00;2021-04-17 05:30:00;100.46666666666667
1071729215;2021-04-17 05:30:00;2021-04-17 06:00:00;95.4
1071729215;2021-04-17 06:00:00;2021-04-17 06:30:00;98.06666666666666
1071729215;2021-04-17 06:30:00;2021-04-17 07:00:00;93.26666666666667
1071729215;2021-04-17 07:00:00;2021-04-17 07:30:00;120.16666666666667
1071729215;2021-04-17 07:30:00;2021-04-17 08:00:00;97.76666666666667
1071729215;2021-04-17 08:00:00;2021-04-17 08:30:00;95.73333333333333
1071729215;2021-04-17 08:30:00;2021-04-17 09:00:00;101.66666666666667
1071729215;2021-04-17 09:00:00;2021-04-17 09:30:00;106.36666666666666
1071729215;2021-04-17 09:30:00;2021-04-17 10:00:00;109.63333333333334
1071729215;2021-04-17 10:00:00;2021-04-17 10:30:00;110.9
1071729215;2021-04-17 10:30:00;2021-04-17 11:00:00;103.33333333333333
1071729215;2021-04-17 11:00:00;2021-04-17 11:30:00;102.23333333333333
1071729215;2021-04-17 11:30:00;2021-04-17 12:00:00;98.73333333333333
1071729215;2021-04-17 12:00:00;2021-04-17 12:30:00;103.43333333333334
1071729215;2021-04-17 12:30:00;2021-04-17 13:00:00;104.5
1071729215;2021-04-17 13:00:00;2021-04-17 13:30:00;106.7
1071729215;2021-04-17 13:30:00;2021-04-17 14:00:00;110.76666666666667
1071729215;2021-04-17 14:00:00;2021-04-17 14:30:00;113.5
1071729215;2021-04-17 14:30:00;2021-04-17 15:00:00;110.33333333333333
1071729215;2021-04-17 15:00:00;2021-04-17 15:30:00;108.8
1071729215;2021-04-17 15:30:00;2021-04-17 16:00:00;108.46666666666667
1071729215;2021-04-17 16:00:00;2021-04-17 16:30:00;106.63333333333334
1071729215;2021-04-17 16:30:00;2021-04-17 17:00:00;86.96666666666667
1071729215;2021-04-17 17:00:00;2021-04-17 17:30:00;113.53333333333333
1071729215;2021-04-17 17:30:00;2021-04-17 18:00:00;105.93333333333334
1071729215;2021-04-17 18:00:00;2021-04-17 18:30:00;106.5
1071729215;2021-04-17 18:30:00;2021-04-17 19:00:00;114.27586206896552
1071729215;2021-04-17 19:00:00;2021-04-17 19:30:00;109.66666666666667
1071729215;2021-04-17 19:30:00;2021-04-17 20:00:00;113.16666666666667
1071729215;2021-04-17 20:00:00;2021-04-17 20:30:00;110.6
1071729215;2021-04-17 20:30:00;2021-04-17 21:00:00;101.0
1071729215;2021-04-17 21:00:00;2021-04-17 21:30:00;101.0
1071729215;2021-04-17 21:30:00;2021-04-17 22:00:00;101.0
1071729215;2021-04-17 22:00:00;2021-04-17 22:30:00;102.26666666666667
1071729215;2021-04-17 22:30:00;2021-04-17 23:00:00;99.4
1071729215;2021-04-17 23:00:00;2021-04-17 23:30:00;77.0
1071729215;2021-04-17 23:30:00;2021-04-17 23:59:59;79.4
1071729215;2021-04-18 00:00:00;2021-04-18 00:30:00;88.3
1071729215;2021-04-18 00:30:00;2021-04-18 01:00:00;98.6
1071729215;2021-04-18 01:00:00;2021-04-18 01:30:00;101.0
1071729215;2021-04-18 01:30:00;2021-04-18 02:00:00;101.0
1071729215;2021-04-18 02:00:00;2021-04-18 02:30:00;101.0
1071729215;2021-04-18 02:30:00;2021-04-18 03:00:00;92.2
1071729215;2021-04-18 03:00:00;2021-04-18 03:30:00;101.0
1071729215;2021-04-18 03:30:00;2021-04-18 04:00:00;77.0
1071729215;2021-04-18 04:00:00;2021-04-18 04:30:00;81.2
1071729215;2021-04-18 04:30:00;2021-04-18 05:00:00;89.4
1071729215;2021-04-18 05:00:00;2021-04-18 05:30:00;93.0
1071729215;2021-04-18 05:30:00;2021-04-18 06:00:00;93.0
1071729215;2021-04-18 06:00:00;2021-04-18 06:30:00;94.86666666666666
1071729215;2021-04-18 06:30:00;2021-04-18 07:00:00;104.63333333333334
1071729215;2021-04-18 07:00:00;2021-04-18 07:30:00;100.06666666666666
1071729215;2021-04-18 07:30:00;2021-04-18 08:00:00;110.53333333333333
1071729215;2021-04-18 08:00:00;2021-04-18 08:30:00;110.46666666666667
1071729215;2021-04-18 08:30:00;2021-04-18 09:00:00;110.0
1071729215;2021-04-18 09:00:00;2021-04-18 09:30:00;102.56666666666666
1071729215;2021-04-18 09:30:00;2021-04-18 10:00:00;107.56666666666666
1071729215;2021-04-18 10:00:00;2021-04-18 10:30:00;101.16666666666667
1071729215;2021-04-18 10:30:00;2021-04-18 11:00:00;105.43333333333334
1071729215;2021-04-18 11:00:00;2021-04-18 11:30:00;121.56666666666666
1071729215;2021-04-18 11:30:00;2021-04-18 12:00:00;104.23333333333333
1071729215;2021-04-18 12:00:00;2021-04-18 12:30:00;95.6
1071729215;2021-04-18 12:30:00;2021-04-18 13:00:00;100.46666666666667
1071729215;2021-04-18 13:00:00;2021-04-18 13:30:00;88.13333333333334
1071729215;2021-04-18 13:30:00;2021-04-18 14:00:00;91.9
1071729215;2021-04-18 14:00:00;2021-04-18 14:30:00;105.13333333333334
1071729215;2021-04-18 14:30:00;2021-04-18 15:00:00;98.43333333333334
1071729215;2021-04-18 15:00:00;2021-04-18 15:30:00;105.1
1071729215;2021-04-18 15:30:00;2021-04-18 16:00:00;102.56666666666666
1071729215;2021-04-18 16:00:00;2021-04-18 16:30:00;108.4
1071729215;2021-04-18 16:30:00;2021-04-18 17:00:00;93.1
1071729215;2021-04-18 17:00:00;2021-04-18 17:30:00;109.86666666666666
1071729215;2021-04-18 17:30:00;2021-04-18 18:00:00;109.6
1071729215;2021-04-18 18:00:00;2021-04-18 18:30:00;102.96666666666667
1071729215;2021-04-18 18:30:00;2021-04-18 19:00:00;112.43333333333334
1071729215;2021-04-18 19:00:00;2021-04-18 19:30:00;106.56666666666666
1071729215;2021-04-18 19:30:00;2021-04-18 20:00:00;99.6
1071729215;2021-04-18 20:00:00;2021-04-18 20:30:00;103.1
1071729215;2021-04-18 20:30:00;2021-04-18 21:00:00;107.2
1071729215;2021-04-18 21:00:00;2021-04-18 21:30:00;95.63333333333334
1071729215;2021-04-18 21:30:00;2021-04-18 22:00:00;100.33333333333333
1071729215;2021-04-18 22:00:00;2021-04-18 22:30:00;102.63333333333334
1071729215;2021-04-18 22:30:00;2021-04-18 23:00:00;101.0
1071729215;2021-04-18 23:00:00;2021-04-18 23:30:00;101.0
1071729215;2021-04-18 23:30:00;2021-04-18 23:59:59;101.0
1071729215;2021-04-19 00:00:00;2021-04-19 00:30:00;101.0
1071729215;2021-04-19 00:30:00;2021-04-19 01:00:00;101.0
1071729215;2021-04-19 01:00:00;2021-04-19 01:30:00;101.0
1071729215;2021-04-19 01:30:00;2021-04-19 02:00:00;109.6
1071729215;2021-04-19 02:00:00;2021-04-19 02:30:00;110.53333333333333
1071729215;2021-04-19 02:30:00;2021-04-19 03:00:00;105.13333333333334
1071729215;2021-04-19 03:00:00;2021-04-19 03:30:00;105.4
1071729215;2021-04-19 03:30:00;2021-04-19 04:00:00;98.53333333333333
1071729215;2021-04-19 04:00:00;2021-04-19 04:30:00;99.06666666666666
1071729215;2021-04-19 04:30:00;2021-04-19 05:00:00;104.03333333333333
1071729215;2021-04-19 05:00:00;2021-04-19 05:30:00;110.76666666666667
1071729215;2021-04-19 05:30:00;2021-04-19 06:00:00;106.53333333333333
1071729215;2021-04-19 06:00:00;2021-04-19 06:30:00;109.63333333333334
1071729215;2021-04-19 06:30:00;2021-04-19 07:00:00;96.8
1071729215;2021-04-19 07:00:00;2021-04-19 07:30:00;116.66666666666667
1071729215;2021-04-19 07:30:00;2021-04-19 08:00:00;98.23333333333333
1071729215;2021-04-19 08:00:00;2021-04-19 08:30:00;104.0
1071729215;2021-04-19 08:30:00;2021-04-19 09:00:00;107.16666666666667
1071729215;2021-04-19 09:00:00;2021-04-19 09:30:00;95.13333333333334
1071729215;2021-04-19 09:30:00;2021-04-19 10:00:00;98.43333333333334
1071729215;2021-04-19 10:00:00;2021-04-19 10:30:00;107.3
1071729215;2021-04-19 10:30:00;2021-04-19 11:00:00;92.46666666666667
1071729215;2021-04-19 11:00:00;2021-04-19 11:30:00;91.53333333333333
1071729215;2021-04-19 11:30:00;2021-04-19 12:00:00;91.23333333333333
1071729215;2021-04-19 12:00:00;2021-04-19 12:30:00;88.06666666666666
1071729215;2021-04-19 12:30:00;2021-04-19 13:00:00;100.23333333333333
1071729215;2021-04-19 13:00:00;2021-04-19 13:30:00;99.7
1071729215;2021-04-19 13:30:00;2021-04-19 14:00:00;96.9
1071729215;2021-04-19 14:00:00;2021-04-19 14:30:00;97.9
1071729215;2021-04-19 14:30:00;2021-04-19 15:00:00;110.66666666666667
1071729215;2021-04-19 15:00:00;2021-04-19 15:30:00;95.83333333333333
1071729215;2021-04-19 15:30:00;2021-04-19 16:00:00;112.63333333333334
1071729215;2021-04-19 16:00:00;2021-04-19 16:30:00;99.2
1071729215;2021-04-19 16:30:00;2021-04-19 17:00:00;104.3
1071729215;2021-04-19 17:00:00;2021-04-19 17:30:00;102.4
1071729215;2021-04-19 17:30:00;2021-04-19 18:00:00;105.36666666666666
1071729215;2021-04-19 18:00:00;2021-04-19 18:30:00;96.83333333333333
1071729215;2021-04-19 18:30:00;2021-04-19 19:00:00;106.9
1071729215;2021-04-19 19:00:00;2021-04-19 19:30:00;103.16666666666667
1071729215;2021-04-19 19:30:00;2021-04-19 20:00:00;105.06666666666666
1071729215;2021-04-19 20:00:00;2021-04-19 20:30:00;98.26666666666667
1071729215;2021-04-19 20:30:00;2021-04-19 21:00:00;102.93333333333334
1071729215;2021-04-19 21:00:00;2021-04-19 21:30:00;100.46666666666667
1071729215;2021-04-19 21:30:00;2021-04-19 22:00:00;94.13333333333334
1071729215;2021-04-19 22:00:00;2021-04-19 22:30:00;100.46666666666667
1071729215;2021-04-19 22:30:00;2021-04-19 23:00:00;101.0
1071729215;2021-04-19 23:00:00;2021-04-19 23:30:00;101.0
1071729215;2021-04-19 23:30:00;2021-04-19 23:59:59;101.0
1071729215;2021-04-20 00:00:00;2021-04-20 00:30:00;101.0
1071729215;2021-04-20 00:30:00;2021-04-20 01:00:00;94.36666666666666
1071729215;2021-04-20 01:00:00;2021-04-20 01:30:00;101.0
1071729215;2021-04-20 01:30:00;2021-04-20 02:00:00;98.96666666666667
1071729215;2021-04-20 02:00:00;2021-04-20 02:30:00;92.83333333333333
1071729215;2021-04-20 02:30:00;2021-04-20 03:00:00;92.93333333333334
1071729215;2021-04-20 03:00:00;2021-04-20 03:30:00;101.0
1071729215;2021-04-20 03:30:00;2021-04-20 04:00:00;108.26666666666667
1071729215;2021-04-20 04:00:00;2021-04-20 04:30:00;86.4
1071729215;2021-04-20 04:30:00;2021-04-20 05:00:00;100.86666666666666
1071729215;2021-04-20 05:00:00;2021-04-20 05:30:00;95.63333333333334
1071729215;2021-04-20 05:30:00;2021-04-20 06:00:00;90.16666666666667
1071729215;2021-04-20 06:00:00;2021-04-20 06:30:00;97.6
1071729215;2021-04-20 06:30:00;2021-04-20 07:00:00;94.06666666666666
1071729215;2021-04-20 07:00:00;2021-04-20 07:30:00;100.36666666666666
1071729215;2021-04-20 07:30:00;2021-04-20 08:00:00;101.76666666666667
1071729215;2021-04-20 08:00:00;2021-04-20 08:30:00;92.8
1071729215;2021-04-20 08:30:00;2021-04-20 09:00:00;83.76666666666667
1071729215;2021-04-20 09:00:00;2021-04-20 09:30:00;86.06666666666666
1071729215;2021-04-20 09:30:00;2021-04-20 10:00:00;88.86666666666666
1071729215;2021-04-20 10:00:00;2021-04-20 10:30:00;88.23333333333333
1071729215;2021-04-20 10:30:00;2021-04-20 11:00:00;89.53333333333333
1071729215;2021-04-20 11:00:00;2021-04-20 11:30:00;96.03333333333333
1071729215;2021-04-20 11:30:00;2021-04-20 12:00:00;95.86666666666666
1071729215;2021-04-20 12:00:00;2021-04-20 12:30:00;88.13333333333334
1071729215;2021-04-20 12:30:00;2021-04-20 13:00:00;92.26666666666667
1071729215;2021-04-20 13:00:00;2021-04-20 13:30:00;105.93333333333334
1071729215;2021-04-20 13:30:00;2021-04-20 14:00:00;101.56666666666666
1071729215;2021-04-20 14:00:00;2021-04-20 14:30:00;93.06666666666666
1071729215;2021-04-20 14:30:00;2021-04-20 15:00:00;90.46666666666667
1071729215;2021-04-20 15:00:00;2021-04-20 15:30:00;90.3
1071729215;2021-04-20 15:30:00;2021-04-20 16:00:00;96.26666666666667
1071729215;2021-04-20 16:00:00;2021-04-20 16:30:00;90.06666666666666
1071729215;2021-04-20 16:30:00;2021-04-20 17:00:00;87.13333333333334
1071729215;2021-04-20 17:00:00;2021-04-20 17:30:00;103.56666666666666
1071729215;2021-04-20 17:30:00;2021-04-20 18:00:00;101.06666666666666
1071729215;2021-04-20 18:00:00;2021-04-20 18:30:00;102.46666666666667
1071729215;2021-04-20 18:30:00;2021-04-20 19:00:00;92.4
1071729215;2021-04-20 19:00:00;2021-04-20 19:30:00;88.16666666666667
1071729215;2021-04-20 19:30:00;2021-04-20 20:00:00;89.4
1071729215;2021-04-20 20:00:00;2021-04-20 20:30:00;96.66666666666667
1071729215;2021-04-20 20:30:00;2021-04-20 21:00:00;88.5
1071729215;2021-04-20 21:00:00;2021-04-20 21:30:00;100.8
1071729215;2021-04-20 21:30:00;2021-04-20 22:00:00;80.0
1071729215;2021-04-20 22:00:00;2021-04-20 22:30:00;97.9
1071729215;2021-04-20 22:30:00;2021-04-20 23:00:00;101.8
1071729215;2021-04-20 23:00:00;2021-04-20 23:30:00;101.0
1071729215;2021-04-20 23:30:00;2021-04-20 23:59:59;101.0
1071729215;2021-04-21 00:00:00;2021-04-21 00:30:00;100.63333333333334
1071729215;2021-04-21 00:30:00;2021-04-21 01:00:00;93.83333333333333
1071729215;2021-04-21 01:00:00;2021-04-21 01:30:00;90.36666666666666
1071729215;2021-04-21 01:30:00;2021-04-21 02:00:00;93.5
1071729215;2021-04-21 02:00:00;2021-04-21 02:30:00;93.7
1071729215;2021-04-21 02:30:00;2021-04-21 03:00:00;102.8
1071729215;2021-04-21 03:00:00;2021-04-21 03:30:00;94.8
1071729215;2021-04-21 03:30:00;2021-04-21 04:00:00;102.83333333333333
1071729215;2021-04-21 04:00:00;2021-04-21 04:30:00;91.7
1071729215;2021-04-21 04:30:00;2021-04-21 05:00:00;93.93333333333334
1071729215;2021-04-21 05:00:00;2021-04-21 05:30:00;89.1
1071729215;2021-04-21 05:30:00;2021-04-21 06:00:00;85.9
1071729215;2021-04-21 06:00:00;2021-04-21 06:30:00;97.66666666666667
1071729215;2021-04-21 06:30:00;2021-04-21 07:00:00;97.23333333333333
1071729215;2021-04-21 07:00:00;2021-04-21 07:30:00;107.03333333333333
1071729215;2021-04-21 07:30:00;2021-04-21 08:00:00;95.56666666666666
1071729215;2021-04-21 08:00:00;2021-04-21 08:30:00;105.6
1071729215;2021-04-21 08:30:00;2021-04-21 09:00:00;104.06666666666666
1071729215;2021-04-21 09:00:00;2021-04-21 09:30:00;100.0
1071729215;2021-04-21 09:30:00;2021-04-21 10:00:00;101.0
1071729215;2021-04-21 10:00:00;2021-04-21 10:30:00;83.93333333333334
1071729215;2021-04-21 10:30:00;2021-04-21 11:00:00;95.86666666666666
1071729215;2021-04-21 11:00:00;2021-04-21 11:30:00;100.03333333333333
1071729215;2021-04-21 11:30:00;2021-04-21 12:00:00;90.73333333333333
1071729215;2021-04-21 12:00:00;2021-04-21 12:30:00;94.36666666666666
1071729215;2021-04-21 12:30:00;2021-04-21 13:00:00;96.93333333333334
1071729215;2021-04-21 13:00:00;2021-04-21 13:30:00;91.96666666666667
1071729215;2021-04-21 13:30:00;2021-04-21 14:00:00;98.63333333333334
1071729215;2021-04-21 14:00:00;2021-04-21 14:30:00;95.36666666666666
1071729215;2021-04-21 14:30:00;2021-04-21 15:00:00;108.0
1071729215;2021-04-21 15:00:00;2021-04-21 15:30:00;102.26666666666667
1071729215;2021-04-21 15:30:00;2021-04-21 16:00:00;96.83333333333333
1071729215;2021-04-21 16:00:00;2021-04-21 16:30:00;89.5
1071729215;2021-04-21 16:30:00;2021-04-21 17:00:00;93.83333333333333
1071729215;2021-04-21 17:00:00;2021-04-21 17:30:00;102.2
1071729215;2021-04-21 17:30:00;2021-04-21 18:00:00;108.23333333333333
1071729215;2021-04-21 18:00:00;2021-04-21 18:30:00;101.4
1071729215;2021-04-21 18:30:00;2021-04-21 19:00:00;106.86666666666666
1071729215;2021-04-21 19:00:00;2021-04-21 19:30:00;111.93333333333334
1071729215;2021-04-21 19:30:00;2021-04-21 20:00:00;92.86666666666666
1071729215;2021-04-21 20:00:00;2021-04-21 20:30:00;89.16666666666667
1071729215;2021-04-21 20:30:00;2021-04-21 21:00:00;99.4
1071729215;2021-04-21 21:00:00;2021-04-21 21:30:00;77.0
1071729215;2021-04-21 21:30:00;2021-04-21 22:00:00;90.4
1071729215;2021-04-21 22:00:00;2021-04-21 22:30:00;95.13333333333334
1071729215;2021-04-21 22:30:00;2021-04-21 23:00:00;85.0
1071729215;2021-04-21 23:00:00;2021-04-21 23:30:00;88.8
1071729215;2021-04-21 23:30:00;2021-04-21 23:59:59;96.9
1071729215;2021-04-22 00:00:00;2021-04-22 00:30:00;100.7
1071729215;2021-04-22 00:30:00;2021-04-22 01:00:00;101.0
1071729215;2021-04-22 01:00:00;2021-04-22 01:30:00;101.0
1071729215;2021-04-22 01:30:00;2021-04-22 02:00:00;101.0
1071729215;2021-04-22 02:00:00;2021-04-22 02:30:00;93.3
1071729215;2021-04-22 02:30:00;2021-04-22 03:00:00;95.5
1071729215;2021-04-22 03:00:00;2021-04-22 03:30:00;99.1
1071729215;2021-04-22 03:30:00;2021-04-22 04:00:00;97.06666666666666
1071729215;2021-04-22 04:00:00;2021-04-22 04:30:00;99.7
1071729215;2021-04-22 04:30:00;2021-04-22 05:00:00;92.53333333333333
1071729215;2021-04-22 05:00:00;2021-04-22 05:30:00;84.73333333333333
1071729215;2021-04-22 05:30:00;2021-04-22 06:00:00;86.4
1071729215;2021-04-22 06:00:00;2021-04-22 06:30:00;89.46666666666667
1071729215;2021-04-22 06:30:00;2021-04-22 07:00:00;84.46666666666667
1071729215;2021-04-22 07:00:00;2021-04-22 07:30:00;89.73333333333333
1071729215;2021-04-22 07:30:00;2021-04-22 08:00:00;89.56666666666666
1071729215;2021-04-22 08:00:00;2021-04-22 08:30:00;87.63333333333334
1071729215;2021-04-22 08:30:00;2021-04-22 09:00:00;86.73333333333333
1071729215;2021-04-22 09:00:00;2021-04-22 09:30:00;78.4
1071729215;2021-04-22 09:30:00;2021-04-22 10:00:00;92.13333333333334
1071729215;2021-04-22 10:00:00;2021-04-22 10:30:00;101.62068965517241
1071729215;2021-04-22 10:30:00;2021-04-22 11:00:00;109.36666666666666
1071729215;2021-04-22 11:00:00;2021-04-22 11:30:00;93.13333333333334
1071729215;2021-04-22 11:30:00;2021-04-22 12:00:00;94.8
1071729215;2021-04-22 12:00:00;2021-04-22 12:30:00;90.56666666666666
1071729215;2021-04-22 12:30:00;2021-04-22 13:00:00;104.56666666666666
1071729215;2021-04-22 13:00:00;2021-04-22 13:30:00;96.1
1071729215;2021-04-22 13:30:00;2021-04-22 14:00:00;104.46666666666667
1071729215;2021-04-22 14:00:00;2021-04-22 14:30:00;96.76666666666667
1071729215;2021-04-22 14:30:00;2021-04-22 15:00:00;92.63333333333334
1071729215;2021-04-22 15:00:00;2021-04-22 15:30:00;101.3
1071729215;2021-04-22 15:30:00;2021-04-22 16:00:00;95.86666666666666
1071729215;2021-04-22 16:00:00;2021-04-22 16:30:00;103.0
1071729215;2021-04-22 16:30:00;2021-04-22 17:00:00;95.8
1071729215;2021-04-22 17:00:00;2021-04-22 17:30:00;99.56666666666666
1071729215;2021-04-22 17:30:00;2021-04-22 18:00:00;91.9
1071729215;2021-04-22 18:00:00;2021-04-22 18:30:00;108.13333333333334
1071729215;2021-04-22 18:30:00;2021-04-22 19:00:00;100.06666666666666
1071729215;2021-04-22 19:00:00;2021-04-22 19:30:00;88.66666666666667
1071729215;2021-04-22 19:30:00;2021-04-22 20:00:00;92.8
1071729215;2021-04-22 20:00:00;2021-04-22 20:30:00;94.06666666666666
1071729215;2021-04-22 20:30:00;2021-04-22 21:00:00;114.2
1071729215;2021-04-22 21:00:00;2021-04-22 21:30:00;98.73333333333333
1071729215;2021-04-22 21:30:00;2021-04-22 22:00:00;85.73333333333333
1071729215;2021-04-22 22:00:00;2021-04-22 22:30:00;97.5
1071729215;2021-04-22 22:30:00;2021-04-22 23:00:00;101.0
1071729215;2021-04-22 23:00:00;2021-04-22 23:30:00;101.0
1071729215;2021-04-22 23:30:00;2021-04-22 23:59:59;101.0
1071729215;2021-04-23 00:00:00;2021-04-23 00:30:00;101.0
1071729215;2021-04-23 00:30:00;2021-04-23 01:00:00;101.0
1071729215;2021-04-23 01:00:00;2021-04-23 01:30:00;90.5
1071729215;2021-04-23 01:30:00;2021-04-23 02:00:00;96.6
1071729215;2021-04-23 02:00:00;2021-04-23 02:30:00;79.0
1071729215;2021-04-23 02:30:00;2021-04-23 03:00:00;97.13333333333334
1071729215;2021-04-23 03:00:00;2021-04-23 03:30:00;100.86666666666666
1071729215;2021-04-23 03:30:00;2021-04-23 04:00:00;89.6
1071729215;2021-04-23 04:00:00;2021-04-23 04:30:00;103.43333333333334
1071729215;2021-04-23 04:30:00;2021-04-23 05:00:00;91.46666666666667
1071729215;2021-04-23 05:00:00;2021-04-23 05:30:00;93.33333333333333
1071729215;2021-04-23 05:30:00;2021-04-23 06:00:00;93.43333333333334
1071729215;2021-04-23 06:00:00;2021-04-23 06:30:00;99.66666666666667
1071729215;2021-04-23 06:30:00;2021-04-23 07:00:00;96.9
1071729215;2021-04-23 07:00:00;2021-04-23 07:30:00;102.03333333333333
1071729215;2021-04-23 07:30:00;2021-04-23 08:00:00;99.83333333333333
1071729215;2021-04-23 08:00:00;2021-04-23 08:30:00;100.36666666666666
1071729215;2021-04-23 08:30:00;2021-04-23 09:00:00;100.13333333333334
1071729215;2021-04-23 09:00:00;2021-04-23 09:30:00;99.33333333333333
1071729215;2021-04-23 09:30:00;2021-04-23 10:00:00;114.36666666666666
1071729215;2021-04-23 10:00:00;2021-04-23 10:30:00;105.5
1071729215;2021-04-23 10:30:00;2021-04-23 11:00:00;108.53333333333333
1071729215;2021-04-23 11:00:00;2021-04-23 11:30:00;105.1
1071729215;2021-04-23 11:30:00;2021-04-23 12:00:00;109.5
1071729215;2021-04-23 12:00:00;2021-04-23 12:30:00;103.4
1071729215;2021-04-23 12:30:00;2021-04-23 13:00:00;91.33333333333333
1071729215;2021-04-23 13:00:00;2021-04-23 13:30:00;104.5
1071729215;2021-04-23 13:30:00;2021-04-23 14:00:00;97.53333333333333
1071729215;2021-04-23 14:00:00;2021-04-23 14:30:00;87.96666666666667
1071729215;2021-04-23 14:30:00;2021-04-23 15:00:00;104.93333333333334
1071729215;2021-04-23 15:00:00;2021-04-23 15:30:00;105.63333333333334
1071729215;2021-04-23 15:30:00;2021-04-23 16:00:00;102.16666666666667
1071729215;2021-04-23 16:00:00;2021-04-23 16:30:00;106.6
1071729215;2021-04-23 16:30:00;2021-04-23 17:00:00;100.93333333333334
1071729215;2021-04-23 17:00:00;2021-04-23 17:30:00;107.76666666666667
1071729215;2021-04-23 17:30:00;2021-04-23 18:00:00;105.3
1071729215;2021-04-23 18:00:00;2021-04-23 18:30:00;104.13333333333334
1071729215;2021-04-23 18:30:00;2021-04-23 19:00:00;110.96666666666667
1071729215;2021-04-23 19:00:00;2021-04-23 19:30:00;105.96666666666667
1071729215;2021-04-23 19:30:00;2021-04-23 20:00:00;97.93333333333334
1071729215;2021-04-23 20:00:00;2021-04-23 20:30:00;110.2
1071729215;2021-04-23 20:30:00;2021-04-23 21:00:00;105.3
1071729215;2021-04-23 21:00:00;2021-04-23 21:30:00;101.66666666666667
1071729215;2021-04-23 21:30:00;2021-04-23 22:00:00;98.6
1071729215;2021-04-23 22:00:00;2021-04-23 22:30:00;100.53333333333333
1071729215;2021-04-23 22:30:00;2021-04-23 23:00:00;93.7
1071729215;2021-04-23 23:00:00;2021-04-23 23:30:00;96.86666666666666
1071729215;2021-04-23 23:30:00;2021-04-23 23:59:59;83.4
1071729215;2021-04-24 00:00:00;2021-04-24 00:30:00;86.36666666666666
1071729215;2021-04-24 00:30:00;2021-04-24 01:00:00;98.9
1071729215;2021-04-24 01:00:00;2021-04-24 01:30:00;93.7
1071729215;2021-04-24 01:30:00;2021-04-24 02:00:00;101.0
1071729215;2021-04-24 02:00:00;2021-04-24 02:30:00;93.16666666666667
1071729215;2021-04-24 02:30:00;2021-04-24 03:00:00;101.0
1071729215;2021-04-24 03:00:00;2021-04-24 03:30:00;92.0
1071729215;2021-04-24 03:30:00;2021-04-24 04:00:00;109.66666666666667
1071729215;2021-04-24 04:00:00;2021-04-24 04:30:00;91.3
1071729215;2021-04-24 04:30:00;2021-04-24 05:00:00;108.8
1071729215;2021-04-24 05:00:00;2021-04-24 05:30:00;108.43333333333334
1071729215;2021-04-24 05:30:00;2021-04-24 06:00:00;95.13333333333334
1071729215;2021-04-24 06:00:00;2021-04-24 06:30:00;100.6
1071729215;2021-04-24 06:30:00;2021-04-24 07:00:00;105.4
1071729215;2021-04-24 07:00:00;2021-04-24 07:30:00;90.93333333333334
1071729215;2021-04-24 07:30:00;2021-04-24 08:00:00;90.86666666666666
1071729215;2021-04-24 08:00:00;2021-04-24 08:30:00;86.6
1071729215;2021-04-24 08:30:00;2021-04-24 09:00:00;104.33333333333333
1071729215;2021-04-24 09:00:00;2021-04-24 09:30:00;110.89655172413794
1071729215;2021-04-24 09:30:00;2021-04-24 10:00:00;102.63333333333334
1071729215;2021-04-24 10:00:00;2021-04-24 10:30:00;101.7
1071729215;2021-04-24 10:30:00;2021-04-24 11:00:00;98.86666666666666
1071729215;2021-04-24 11:00:00;2021-04-24 11:30:00;107.36666666666666
1071729215;2021-04-24 11:30:00;2021-04-24 12:00:00;107.36666666666666
1071729215;2021-04-24 12:00:00;2021-04-24 12:30:00;100.16666666666667
1071729215;2021-04-24 12:30:00;2021-04-24 13:00:00;95.26666666666667
1071729215;2021-04-24 13:00:00;2021-04-24 13:30:00;115.76666666666667
1071729215;2021-04-24 13:30:00;2021-04-24 14:00:00;110.23333333333333
1071729215;2021-04-24 14:00:00;2021-04-24 14:30:00;102.66666666666667
1071729215;2021-04-24 14:30:00;2021-04-24 15:00:00;105.13333333333334
1071729215;2021-04-24 15:00:00;2021-04-24 15:30:00;106.2
1071729215;2021-04-24 15:30:00;2021-04-24 16:00:00;100.06666666666666
1071729215;2021-04-24 16:00:00;2021-04-24 16:30:00;95.16666666666667
1071729215;2021-04-24 16:30:00;2021-04-24 17:00:00;110.26666666666667
1071729215;2021-04-24 17:00:00;2021-04-24 17:30:00;108.3
1071729215;2021-04-24 17:30:00;2021-04-24 18:00:00;100.23333333333333
1071729215;2021-04-24 18:00:00;2021-04-24 18:30:00;98.36666666666666
1071729215;2021-04-24 18:30:00;2021-04-24 19:00:00;119.23333333333333
1071729215;2021-04-24 19:00:00;2021-04-24 19:30:00;101.76666666666667
1071729215;2021-04-24 19:30:00;2021-04-24 20:00:00;104.13333333333334
1071729215;2021-04-24 20:00:00;2021-04-24 20:30:00;107.16666666666667
1071729215;2021-04-24 20:30:00;2021-04-24 21:00:00;114.06666666666666
1071729215;2021-04-24 21:00:00;2021-04-24 21:30:00;91.86666666666666
1071729215;2021-04-24 21:30:00;2021-04-24 22:00:00;93.8
1071729215;2021-04-24 22:00:00;2021-04-24 22:30:00;77.0
1071729215;2021-04-24 22:30:00;2021-04-24 23:00:00;80.0
1071729215;2021-04-24 23:00:00;2021-04-24 23:30:00;86.3
1071729215;2021-04-24 23:30:00;2021-04-24 23:59:59;99.8
1071729215;2021-04-25 00:00:00;2021-04-25 00:30:00;101.0
1071729215;2021-04-25 00:30:00;2021-04-25 01:00:00;91.58620689655173
1071729215;2021-04-25 01:00:00;2021-04-25 01:30:00;89.0
1071729215;2021-04-25 01:30:00;2021-04-25 02:00:00;77.46666666666667
1071729215;2021-04-25 02:00:00;2021-04-25 02:30:00;95.13333333333334
1071729215;2021-04-25 02:30:00;2021-04-25 03:00:00;101.0
1071729215;2021-04-25 03:00:00;2021-04-25 03:30:00;89.56666666666666
1071729215;2021-04-25 03:30:00;2021-04-25 04:00:00;97.0
1071729215;2021-04-25 04:00:00;2021-04-25 04:30:00;90.0
1071729215;2021-04-25 04:30:00;2021-04-25 05:00:00;89.03333333333333
1071729215;2021-04-25 05:00:00;2021-04-25 05:30:00;93.0
1071729215;2021-04-25 05:30:00;2021-04-25 06:00:00;93.0
1071729215;2021-04-25 06:00:00;2021-04-25 06:30:00;95.06666666666666
1071729215;2021-04-25 06:30:00;2021-04-25 07:00:00;96.5
1071729215;2021-04-25 07:00:00;2021-04-25 07:30:00;117.96666666666667
1071729215;2021-04-25 07:30:00;2021-04-25 08:00:00;105.83333333333333
1071729215;2021-04-25 08:00:00;2021-04-25 08:30:00;107.36666666666666
1071729215;2021-04-25 08:30:00;2021-04-25 09:00:00;104.73333333333333
1071729215;2021-04-25 09:00:00;2021-04-25 09:30:00;103.93333333333334
1071729215;2021-04-25 09:30:00;2021-04-25 10:00:00;111.3
1071729215;2021-04-25 10:00:00;2021-04-25 10:30:00;109.8
1071729215;2021-04-25 10:30:00;2021-04-25 11:00:00;103.3
1071729215;2021-04-25 11:00:00;2021-04-25 11:30:00;113.8
1071729215;2021-04-25 11:30:00;2021-04-25 12:00:00;104.83333333333333
1071729215;2021-04-25 12:00:00;2021-04-25 12:30:00;97.63333333333334
1071729215;2021-04-25 12:30:00;2021-04-25 13:00:00;91.5
1071729215;2021-04-25 13:00:00;2021-04-25 13:30:00;109.06666666666666
1071729215;2021-04-25 13:30:00;2021-04-25 14:00:00;107.2
1071729215;2021-04-25 14:00:00;2021-04-25 14:30:00;107.9
1071729215;2021-04-25 14:30:00;2021-04-25 15:00:00;96.26666666666667
1071729215;2021-04-25 15:00:00;2021-04-25 15:30:00;93.66666666666667
1071729215;2021-04-25 15:30:00;2021-04-25 16:00:00;106.26666666666667
1071729215;2021-04-25 16:00:00;2021-04-25 16:30:00;115.23333333333333
1071729215;2021-04-25 16:30:00;2021-04-25 17:00:00;116.2
1071729215;2021-04-25 17:00:00;2021-04-25 17:30:00;100.1
1071729215;2021-04-25 17:30:00;2021-04-25 18:00:00;105.96666666666667
1071729215;2021-04-25 18:00:00;2021-04-25 18:30:00;114.0
1071729215;2021-04-25 18:30:00;2021-04-25 19:00:00;114.73333333333333
1071729215;2021-04-25 19:00:00;2021-04-25 19:30:00;109.06666666666666
1071729215;2021-04-25 19:30:00;2021-04-25 20:00:00;117.8
1071729215;2021-04-25 20:00:00;2021-04-25 20:30:00;114.86666666666666
1071729215;2021-04-25 20:30:00;2021-04-25 21:00:00;108.86666666666666
1071729215;2021-04-25 21:00:00;2021-04-25 21:30:00;111.56666666666666
1071729215;2021-04-25 21:30:00;2021-04-25 22:00:00;105.8
1071729215;2021-04-25 22:00:00;2021-04-25 22:30:00;115.83333333333333
1071729215;2021-04-25 22:30:00;2021-04-25 23:00:00;107.7
1071729215;2021-04-25 23:00:00;2021-04-25 23:30:00;108.56666666666666
1071729215;2021-04-25 23:30:00;2021-04-25 23:59:59;100.56666666666666
1071729215;2021-04-26 00:00:00;2021-04-26 00:30:00;101.0
1071729215;2021-04-26 00:30:00;2021-04-26 01:00:00;101.0
1071729215;2021-04-26 01:00:00;2021-04-26 01:30:00;101.0
1071729215;2021-04-26 01:30:00;2021-04-26 02:00:00;111.33333333333333
1071729215;2021-04-26 02:00:00;2021-04-26 02:30:00;86.43333333333334
1071729215;2021-04-26 02:30:00;2021-04-26 03:00:00;99.73333333333333
1071729215;2021-04-26 03:00:00;2021-04-26 03:30:00;108.7
1071729215;2021-04-26 03:30:00;2021-04-26 04:00:00;91.63333333333334
1071729215;2021-04-26 04:00:00;2021-04-26 04:30:00;114.46666666666667
1071729215;2021-04-26 04:30:00;2021-04-26 05:00:00;109.43333333333334
1071729215;2021-04-26 05:00:00;2021-04-26 05:30:00;92.1
1071729215;2021-04-26 05:30:00;2021-04-26 06:00:00;95.2
1071729215;2021-04-26 06:00:00;2021-04-26 06:30:00;105.06666666666666
1071729215;2021-04-26 06:30:00;2021-04-26 07:00:00;108.9
1071729215;2021-04-26 07:00:00;2021-04-26 07:30:00;114.8
1071729215;2021-04-26 07:30:00;2021-04-26 08:00:00;96.96666666666667
1071729215;2021-04-26 08:00:00;2021-04-26 08:30:00;84.5
1071729215;2021-04-26 08:30:00;2021-04-26 09:00:00;102.56666666666666
1071729215;2021-04-26 09:00:00;2021-04-26 09:30:00;89.16666666666667
1071729215;2021-04-26 09:30:00;2021-04-26 10:00:00;93.83333333333333
1071729215;2021-04-26 10:00:00;2021-04-26 10:30:00;94.1
1071729215;2021-04-26 10:30:00;2021-04-26 11:00:00;100.33333333333333
1071729215;2021-04-26 11:00:00;2021-04-26 11:30:00;95.86666666666666
1071729215;2021-04-26 11:30:00;2021-04-26 12:00:00;92.5
1071729215;2021-04-26 12:00:00;2021-04-26 12:30:00;103.76666666666667
1071729215;2021-04-26 12:30:00;2021-04-26 13:00:00;96.5
1071729215;2021-04-26 13:00:00;2021-04-26 13:30:00;97.61538461538461
1071729215;2021-04-26 13:30:00;2021-04-26 14:00:00;108.26666666666667
1071729215;2021-04-26 14:00:00;2021-04-26 14:30:00;102.23333333333333
1071729215;2021-04-26 14:30:00;2021-04-26 15:00:00;91.0
1071729215;2021-04-26 15:00:00;2021-04-26 15:30:00;110.6
1071729215;2021-04-26 15:30:00;2021-04-26 16:00:00;102.96666666666667
1071729215;2021-04-26 16:00:00;2021-04-26 16:30:00;19.6
1071729215;2021-04-26 16:30:00;2021-04-26 17:00:00;
1071729215;2021-04-26 17:00:00;2021-04-26 17:30:00;
1071729215;2021-04-26 17:30:00;2021-04-26 18:00:00;
1071729215;2021-04-26 18:00:00;2021-04-26 18:30:00;
1071729215;2021-04-26 18:30:00;2021-04-26 19:00:00;
1071729215;2021-04-26 19:00:00;2021-04-26 19:30:00;
1071729215;2021-04-26 19:30:00;2021-04-26 20:00:00;
1071729215;2021-04-26 20:00:00;2021-04-26 20:30:00;
1071729215;2021-04-26 20:30:00;2021-04-26 21:00:00;
1071729215;2021-04-26 21:00:00;2021-04-26 21:30:00;
1071729215;2021-04-26 21:30:00;2021-04-26 22:00:00;
1071729215;2021-04-26 22:00:00;2021-04-26 22:30:00;
1071729215;2021-04-26 22:30:00;2021-04-26 23:00:00;
1071729215;2021-04-26 23:00:00;2021-04-26 23:30:00;
1071729215;2021-04-26 23:30:00;2021-04-26 23:59:59;
1071729215;2021-04-27 00:00:00;2021-04-27 00:30:00;
1071729215;2021-04-27 00:30:00;2021-04-27 01:00:00;
1071729215;2021-04-27 01:00:00;2021-04-27 01:30:00;
1071729215;2021-04-27 01:30:00;2021-04-27 02:00:00;
1071729215;2021-04-27 02:00:00;2021-04-27 02:30:00;
1071729215;2021-04-27 02:30:00;2021-04-27 03:00:00;
1071729215;2021-04-27 03:00:00;2021-04-27 03:30:00;
1071729215;2021-04-27 03:30:00;2021-04-27 04:00:00;41.93333333333333
1071729215;2021-04-27 04:00:00;2021-04-27 04:30:00;104.3
1071729215;2021-04-27 04:30:00;2021-04-27 05:00:00;103.06666666666666
1071729215;2021-04-27 05:00:00;2021-04-27 05:30:00;95.03333333333333
1071729215;2021-04-27 05:30:00;2021-04-27 06:00:00;95.76666666666667
1071729215;2021-04-27 06:00:00;2021-04-27 06:30:00;101.6
1071729215;2021-04-27 06:30:00;2021-04-27 07:00:00;87.70833333333333
1071729215;2021-04-27 07:00:00;2021-04-27 07:30:00;102.6
1071729215;2021-04-27 07:30:00;2021-04-27 08:00:00;96.6
1071729215;2021-04-27 08:00:00;2021-04-27 08:30:00;105.66666666666667
1071729215;2021-04-27 08:30:00;2021-04-27 09:00:00;88.0
1071729215;2021-04-27 09:00:00;2021-04-27 09:30:00;88.36666666666666
1071729215;2021-04-27 09:30:00;2021-04-27 10:00:00;100.07142857142857
1071729215;2021-04-27 10:00:00;2021-04-27 10:30:00;114.76666666666667
1071729215;2021-04-27 10:30:00;2021-04-27 11:00:00;99.17857142857143
1071729215;2021-04-27 11:00:00;2021-04-27 11:30:00;89.06666666666666
1071729215;2021-04-27 11:30:00;2021-04-27 12:00:00;99.0
1071729215;2021-04-27 12:00:00;2021-04-27 12:30:00;104.83333333333333
1071729215;2021-04-27 12:30:00;2021-04-27 13:00:00;106.13333333333334
1071729215;2021-04-27 13:00:00;2021-04-27 13:30:00;101.66666666666667
1071729215;2021-04-27 13:30:00;2021-04-27 14:00:00;108.43333333333334
1071729215;2021-04-27 14:00:00;2021-04-27 14:30:00;98.63333333333334
1071729215;2021-04-27 14:30:00;2021-04-27 15:00:00;103.23333333333333
1071729215;2021-04-27 15:00:00;2021-04-27 15:30:00;93.13333333333334
1071729215;2021-04-27 15:30:00;2021-04-27 16:00:00;113.93333333333334
1071729215;2021-04-27 16:00:00;2021-04-27 16:30:00;25.233333333333334
1071729215;2021-04-27 16:30:00;2021-04-27 17:00:00;
1071729215;2021-04-27 17:00:00;2021-04-27 17:30:00;
1071729215;2021-04-27 17:30:00;2021-04-27 18:00:00;
1071729215;2021-04-27 18:00:00;2021-04-27 18:30:00;
1071729215;2021-04-27 18:30:00;2021-04-27 19:00:00;
1071729215;2021-04-27 19:00:00;2021-04-27 19:30:00;
1071729215;2021-04-27 19:30:00;2021-04-27 20:00:00;
1071729215;2021-04-27 20:00:00;2021-04-27 20:30:00;
1071729215;2021-04-27 20:30:00;2021-04-27 21:00:00;
1071729215;2021-04-27 21:00:00;2021-04-27 21:30:00;
1071729215;2021-04-27 21:30:00;2021-04-27 22:00:00;
1071729215;2021-04-27 22:00:00;2021-04-27 22:30:00;
1071729215;2021-04-27 22:30:00;2021-04-27 23:00:00;
1071729215;2021-04-27 23:00:00;2021-04-27 23:30:00;
1071729215;2021-04-27 23:30:00;2021-04-27 23:59:59;
1071729215;2021-04-28 00:00:00;2021-04-28 00:30:00;
1071729215;2021-04-28 00:30:00;2021-04-28 01:00:00;
1071729215;2021-04-28 01:00:00;2021-04-28 01:30:00;
1071729215;2021-04-28 01:30:00;2021-04-28 02:00:00;
1071729215;2021-04-28 02:00:00;2021-04-28 02:30:00;
1071729215;2021-04-28 02:30:00;2021-04-28 03:00:00;
1071729215;2021-04-28 03:00:00;2021-04-28 03:30:00;43.4
1071729215;2021-04-28 03:30:00;2021-04-28 04:00:00;94.33333333333333
1071729215;2021-04-28 04:00:00;2021-04-28 04:30:00;85.96666666666667
1071729215;2021-04-28 04:30:00;2021-04-28 05:00:00;91.9
1071729215;2021-04-28 05:00:00;2021-04-28 05:30:00;100.56666666666666
1071729215;2021-04-28 05:30:00;2021-04-28 06:00:00;105.36666666666666
1071729215;2021-04-28 06:00:00;2021-04-28 06:30:00;97.16666666666667
1071729215;2021-04-28 06:30:00;2021-04-28 07:00:00;94.23333333333333
1071729215;2021-04-28 07:00:00;2021-04-28 07:30:00;99.5
1071729215;2021-04-28 07:30:00;2021-04-28 08:00:00;94.33333333333333
1071729215;2021-04-28 08:00:00;2021-04-28 08:30:00;93.63333333333334
1071729215;2021-04-28 08:30:00;2021-04-28 09:00:00;98.2
1071729215;2021-04-28 09:00:00;2021-04-28 09:30:00;92.76666666666667
1071729215;2021-04-28 09:30:00;2021-04-28 10:00:00;96.33333333333333
1071729215;2021-04-28 10:00:00;2021-04-28 10:30:00;94.17241379310344
1071729215;2021-04-28 10:30:00;2021-04-28 11:00:00;93.53333333333333
1071729215;2021-04-28 11:00:00;2021-04-28 11:30:00;82.53333333333333
1071729215;2021-04-28 11:30:00;2021-04-28 12:00:00;104.23333333333333
1071729215;2021-04-28 12:00:00;2021-04-28 12:30:00;105.43333333333334
1071729215;2021-04-28 12:30:00;2021-04-28 13:00:00;86.33333333333333
1071729215;2021-04-28 13:00:00;2021-04-28 13:30:00;85.13333333333334
1071729215;2021-04-28 13:30:00;2021-04-28 14:00:00;95.5
1071729215;2021-04-28 14:00:00;2021-04-28 14:30:00;97.03333333333333
1071729215;2021-04-28 14:30:00;2021-04-28 15:00:00;97.0
1071729215;2021-04-28 15:00:00;2021-04-28 15:30:00;102.16666666666667
1071729215;2021-04-28 15:30:00;2021-04-28 16:00:00;102.63333333333334
1071729215;2021-04-28 16:00:00;2021-04-28 16:30:00;22.166666666666668
1071729215;2021-04-28 16:30:00;2021-04-28 17:00:00;
1071729215;2021-04-28 17:00:00;2021-04-28 17:30:00;
1071729215;2021-04-28 17:30:00;2021-04-28 18:00:00;
1071729215;2021-04-28 18:00:00;2021-04-28 18:30:00;
1071729215;2021-04-28 18:30:00;2021-04-28 19:00:00;
1071729215;2021-04-28 19:00:00;2021-04-28 19:30:00;
1071729215;2021-04-28 19:30:00;2021-04-28 20:00:00;
1071729215;2021-04-28 20:00:00;2021-04-28 20:30:00;
1071729215;2021-04-28 20:30:00;2021-04-28 21:00:00;
1071729215;2021-04-28 21:00:00;2021-04-28 21:30:00;
1071729215;2021-04-28 21:30:00;2021-04-28 22:00:00;
1071729215;2021-04-28 22:00:00;2021-04-28 22:30:00;10.1
1071729215;2021-04-28 22:30:00;2021-04-28 23:00:00;113.1
1071729215;2021-04-28 23:00:00;2021-04-28 23:30:00;119.66666666666667
1071729215;2021-04-28 23:30:00;2021-04-28 23:59:59;127.36666666666666
1071729215;2021-04-29 00:00:00;2021-04-29 00:30:00;109.66666666666667
1071729215;2021-04-29 00:30:00;2021-04-29 01:00:00;95.7
1071729215;2021-04-29 01:00:00;2021-04-29 01:30:00;100.0
1071729215;2021-04-29 01:30:00;2021-04-29 02:00:00;100.4
1071729215;2021-04-29 02:00:00;2021-04-29 02:30:00;100.63333333333334
1071729215;2021-04-29 02:30:00;2021-04-29 03:00:00;88.7
1071729215;2021-04-29 03:00:00;2021-04-29 03:30:00;98.8
1071729215;2021-04-29 03:30:00;2021-04-29 04:00:00;94.0
1071729215;2021-04-29 04:00:00;2021-04-29 04:30:00;98.9
1071729215;2021-04-29 04:30:00;2021-04-29 05:00:00;95.86666666666666
1071729215;2021-04-29 05:00:00;2021-04-29 05:30:00;107.56666666666666
1071729215;2021-04-29 05:30:00;2021-04-29 06:00:00;92.4
1071729215;2021-04-29 06:00:00;2021-04-29 06:30:00;99.43333333333334
1071729215;2021-04-29 06:30:00;2021-04-29 07:00:00;99.23333333333333
1071729215;2021-04-29 07:00:00;2021-04-29 07:30:00;93.56666666666666
1071729215;2021-04-29 07:30:00;2021-04-29 08:00:00;106.6
1071729215;2021-04-29 08:00:00;2021-04-29 08:30:00;98.4
1071729215;2021-04-29 08:30:00;2021-04-29 09:00:00;105.5
1071729215;2021-04-29 09:00:00;2021-04-29 09:30:00;104.26666666666667
1071729215;2021-04-29 09:30:00;2021-04-29 10:00:00;105.82142857142857
1071729215;2021-04-29 10:00:00;2021-04-29 10:30:00;100.375
1071729215;2021-04-29 10:30:00;2021-04-29 11:00:00;97.22727272727273
1071729215;2021-04-29 11:00:00;2021-04-29 11:30:00;89.93333333333334
1071729215;2021-04-29 11:30:00;2021-04-29 12:00:00;89.63333333333334
1071729215;2021-04-29 12:00:00;2021-04-29 12:30:00;105.06666666666666
1071729215;2021-04-29 12:30:00;2021-04-29 13:00:00;97.0
1071729215;2021-04-29 13:00:00;2021-04-29 13:30:00;109.8
1071729215;2021-04-29 13:30:00;2021-04-29 14:00:00;97.46666666666667
1071729215;2021-04-29 14:00:00;2021-04-29 14:30:00;101.76666666666667
1071729215;2021-04-29 14:30:00;2021-04-29 15:00:00;87.5
1071729215;2021-04-29 15:00:00;2021-04-29 15:30:00;95.16666666666667
1071729215;2021-04-29 15:30:00;2021-04-29 16:00:00;98.93333333333334
1071729215;2021-04-29 16:00:00;2021-04-29 16:30:00;105.0
1071729215;2021-04-29 16:30:00;2021-04-29 17:00:00;104.2
1071729215;2021-04-29 17:00:00;2021-04-29 17:30:00;113.63333333333334
1071729215;2021-04-29 17:30:00;2021-04-29 18:00:00;92.16666666666667
1071729215;2021-04-29 18:00:00;2021-04-29 18:30:00;110.26666666666667
1071729215;2021-04-29 18:30:00;2021-04-29 19:00:00;95.4
1071729215;2021-04-29 19:00:00;2021-04-29 19:30:00;99.73333333333333
1071729215;2021-04-29 19:30:00;2021-04-29 20:00:00;104.13333333333334
1071729215;2021-04-29 20:00:00;2021-04-29 20:30:00;106.63333333333334
1071729215;2021-04-29 20:30:00;2021-04-29 21:00:00;96.63333333333334
1071729215;2021-04-29 21:00:00;2021-04-29 21:30:00;92.46666666666667
1071729215;2021-04-29 21:30:00;2021-04-29 22:00:00;79.03333333333333
1071729215;2021-04-29 22:00:00;2021-04-29 22:30:00;85.06666666666666
1071729215;2021-04-29 22:30:00;2021-04-29 23:00:00;98.63333333333334
1071729215;2021-04-29 23:00:00;2021-04-29 23:30:00;101.0
1071729215;2021-04-29 23:30:00;2021-04-29 23:59:59;101.0
1071729215;2021-04-30 00:00:00;2021-04-30 00:30:00;101.0
1071729215;2021-04-30 00:30:00;2021-04-30 01:00:00;101.0
1071729215;2021-04-30 01:00:00;2021-04-30 01:30:00;101.0
1071729215;2021-04-30 01:30:00;2021-04-30 02:00:00;101.0
1071729215;2021-04-30 02:00:00;2021-04-30 02:30:00;101.0
1071729215;2021-04-30 02:30:00;2021-04-30 03:00:00;101.0
1071729215;2021-04-30 03:00:00;2021-04-30 03:30:00;98.0
1071729215;2021-04-30 03:30:00;2021-04-30 04:00:00;98.0
1071729215;2021-04-30 04:00:00;2021-04-30 04:30:00;101.33333333333333
1071729215;2021-04-30 04:30:00;2021-04-30 05:00:00;93.43333333333334
1071729215;2021-04-30 05:00:00;2021-04-30 05:30:00;97.33333333333333
1071729215;2021-04-30 05:30:00;2021-04-30 06:00:00;98.26666666666667
1071729215;2021-04-30 06:00:00;2021-04-30 06:30:00;103.56666666666666
1071729215;2021-04-30 06:30:00;2021-04-30 07:00:00;90.13333333333334
1071729215;2021-04-30 07:00:00;2021-04-30 07:30:00;94.96666666666667
1071729215;2021-04-30 07:30:00;2021-04-30 08:00:00;96.26666666666667
1071729215;2021-04-30 08:00:00;2021-04-30 08:30:00;97.8
1071729215;2021-04-30 08:30:00;2021-04-30 09:00:00;96.8
1071729215;2021-04-30 09:00:00;2021-04-30 09:30:00;113.8
1071729215;2021-04-30 09:30:00;2021-04-30 10:00:00;101.93333333333334
1071729215;2021-04-30 10:00:00;2021-04-30 10:30:00;104.73333333333333
1071729215;2021-04-30 10:30:00;2021-04-30 11:00:00;93.93333333333334
1071729215;2021-04-30 11:00:00;2021-04-30 11:30:00;91.06666666666666
1071729215;2021-04-30 11:30:00;2021-04-30 12:00:00;106.06666666666666
1071729215;2021-04-30 12:00:00;2021-04-30 12:30:00;104.23333333333333
1071729215;2021-04-30 12:30:00;2021-04-30 13:00:00;102.7
1071729215;2021-04-30 13:00:00;2021-04-30 13:30:00;100.16666666666667
1071729215;2021-04-30 13:30:00;2021-04-30 14:00:00;85.83333333333333
1071729215;2021-04-30 14:00:00;2021-04-30 14:30:00;104.7
1071729215;2021-04-30 14:30:00;2021-04-30 15:00:00;85.23333333333333
1071729215;2021-04-30 15:00:00;2021-04-30 15:30:00;106.26666666666667
1071729215;2021-04-30 15:30:00;2021-04-30 16:00:00;108.66666666666667
1071729215;2021-04-30 16:00:00;2021-04-30 16:30:00;84.96666666666667
1071729215;2021-04-30 16:30:00;2021-04-30 17:00:00;65.13333333333334
1071729215;2021-04-30 17:00:00;2021-04-30 17:30:00;69.03333333333333
1071729215;2021-04-30 17:30:00;2021-04-30 18:00:00;70.56666666666666
1071729215;2021-04-30 18:00:00;2021-04-30 18:30:00;89.63333333333334
1071729215;2021-04-30 18:30:00;2021-04-30 19:00:00;113.76666666666667
1071729215;2021-04-30 19:00:00;2021-04-30 19:30:00;99.26666666666667
1071729215;2021-04-30 19:30:00;2021-04-30 20:00:00;108.23333333333333
1071729215;2021-04-30 20:00:00;2021-04-30 20:30:00;111.66666666666667
1071729215;2021-04-30 20:30:00;2021-04-30 21:00:00;105.63333333333334
1071729215;2021-04-30 21:00:00;2021-04-30 21:30:00;88.5
1071729215;2021-04-30 21:30:00;2021-04-30 22:00:00;85.83333333333333
1071729215;2021-04-30 22:00:00;2021-04-30 22:30:00;95.83333333333333
1071729215;2021-04-30 22:30:00;2021-04-30 23:00:00;89.83333333333333
1071729215;2021-04-30 23:00:00;2021-04-30 23:30:00;101.0
1071729215;2021-04-30 23:30:00;2021-04-30 23:59:59;98.8
1071729215;2021-05-01 00:00:00;2021-05-01 00:30:00;83.83333333333333
1071729215;2021-05-01 00:30:00;2021-05-01 01:00:00;96.0
1071729215;2021-05-01 01:00:00;2021-05-01 01:30:00;95.2
1071729215;2021-05-01 01:30:00;2021-05-01 02:00:00;93.36666666666666
1071729215;2021-05-01 02:00:00;2021-05-01 02:30:00;95.86666666666666
1071729215;2021-05-01 02:30:00;2021-05-01 03:00:00;79.0
1071729215;2021-05-01 03:00:00;2021-05-01 03:30:00;83.83333333333333
1071729215;2021-05-01 03:30:00;2021-05-01 04:00:00;96.0
1071729215;2021-05-01 04:00:00;2021-05-01 04:30:00;97.83333333333333
1071729215;2021-05-01 04:30:00;2021-05-01 05:00:00;100.0
1071729215;2021-05-01 05:00:00;2021-05-01 05:30:00;106.03333333333333
1071729215;2021-05-01 05:30:00;2021-05-01 06:00:00;96.06666666666666
1071729215;2021-05-01 06:00:00;2021-05-01 06:30:00;105.36666666666666
1071729215;2021-05-01 06:30:00;2021-05-01 07:00:00;100.9
1071729215;2021-05-01 07:00:00;2021-05-01 07:30:00;106.63333333333334
1071729215;2021-05-01 07:30:00;2021-05-01 08:00:00;99.66666666666667
1071729215;2021-05-01 08:00:00;2021-05-01 08:30:00;96.56666666666666
1071729215;2021-05-01 08:30:00;2021-05-01 09:00:00;101.53333333333333
1071729215;2021-05-01 09:00:00;2021-05-01 09:30:00;89.5
1071729215;2021-05-01 09:30:00;2021-05-01 10:00:00;100.63333333333334
1071729215;2021-05-01 10:00:00;2021-05-01 10:30:00;109.63333333333334
1071729215;2021-05-01 10:30:00;2021-05-01 11:00:00;103.6
1071729215;2021-05-01 11:00:00;2021-05-01 11:30:00;93.76666666666667
1071729215;2021-05-01 11:30:00;2021-05-01 12:00:00;112.2
1071729215;2021-05-01 12:00:00;2021-05-01 12:30:00;105.93333333333334
1071729215;2021-05-01 12:30:00;2021-05-01 13:00:00;106.5
1071729215;2021-05-01 13:00:00;2021-05-01 13:30:00;103.26666666666667
1071729215;2021-05-01 13:30:00;2021-05-01 14:00:00;106.76666666666667
1071729215;2021-05-01 14:00:00;2021-05-01 14:30:00;108.4
1071729215;2021-05-01 14:30:00;2021-05-01 15:00:00;87.2
1071729215;2021-05-01 15:00:00;2021-05-01 15:30:00;95.46666666666667
1071729215;2021-05-01 15:30:00;2021-05-01 16:00:00;117.7
1071729215;2021-05-01 16:00:00;2021-05-01 16:30:00;104.16666666666667
1071729215;2021-05-01 16:30:00;2021-05-01 17:00:00;108.56666666666666
1071729215;2021-05-01 17:00:00;2021-05-01 17:30:00;114.2
1071729215;2021-05-01 17:30:00;2021-05-01 18:00:00;112.26666666666667
1071729215;2021-05-01 18:00:00;2021-05-01 18:30:00;101.33333333333333
1071729215;2021-05-01 18:30:00;2021-05-01 19:00:00;103.43333333333334
1071729215;2021-05-01 19:00:00;2021-05-01 19:30:00;104.86666666666666
1071729215;2021-05-01 19:30:00;2021-05-01 20:00:00;118.93333333333334
1071729215;2021-05-01 20:00:00;2021-05-01 20:30:00;101.33333333333333
1071729215;2021-05-01 20:30:00;2021-05-01 21:00:00;106.06666666666666
1071729215;2021-05-01 21:00:00;2021-05-01 21:30:00;104.2
1071729215;2021-05-01 21:30:00;2021-05-01 22:00:00;99.26666666666667
1071729215;2021-05-01 22:00:00;2021-05-01 22:30:00;92.63333333333334
1071729215;2021-05-01 22:30:00;2021-05-01 23:00:00;100.06666666666666
1071729215;2021-05-01 23:00:00;2021-05-01 23:30:00;110.76666666666667
1071729215;2021-05-01 23:30:00;2021-05-01 23:59:59;101.0
1071729215;2021-05-02 00:00:00;2021-05-02 00:30:00;101.0
1071729215;2021-05-02 00:30:00;2021-05-02 01:00:00;101.0
1071729215;2021-05-02 01:00:00;2021-05-02 01:30:00;100.6
1071729215;2021-05-02 01:30:00;2021-05-02 02:00:00;101.0
1071729215;2021-05-02 02:00:00;2021-05-02 02:30:00;98.46666666666667
1071729215;2021-05-02 02:30:00;2021-05-02 03:00:00;100.46666666666667
1071729215;2021-05-02 03:00:00;2021-05-02 03:30:00;95.0
1071729215;2021-05-02 03:30:00;2021-05-02 04:00:00;95.0
1071729215;2021-05-02 04:00:00;2021-05-02 04:30:00;105.0
1071729215;2021-05-02 04:30:00;2021-05-02 05:00:00;105.0
1071729215;2021-05-02 05:00:00;2021-05-02 05:30:00;104.16666666666667
1071729215;2021-05-02 05:30:00;2021-05-02 06:00:00;94.4
1071729215;2021-05-02 06:00:00;2021-05-02 06:30:00;99.86666666666666
1071729215;2021-05-02 06:30:00;2021-05-02 07:00:00;110.1
1071729215;2021-05-02 07:00:00;2021-05-02 07:30:00;113.46666666666667
1071729215;2021-05-02 07:30:00;2021-05-02 08:00:00;107.23333333333333
1071729215;2021-05-02 08:00:00;2021-05-02 08:30:00;117.96666666666667
1071729215;2021-05-02 08:30:00;2021-05-02 09:00:00;106.06666666666666
1071729215;2021-05-02 09:00:00;2021-05-02 09:30:00;102.23333333333333
1071729215;2021-05-02 09:30:00;2021-05-02 10:00:00;97.6
1071729215;2021-05-02 10:00:00;2021-05-02 10:30:00;107.8
1071729215;2021-05-02 10:30:00;2021-05-02 11:00:00;104.36666666666666
1071729215;2021-05-02 11:00:00;2021-05-02 11:30:00;108.86666666666666
1071729215;2021-05-02 11:30:00;2021-05-02 12:00:00;109.06666666666666
1071729215;2021-05-02 12:00:00;2021-05-02 12:30:00;108.06666666666666
1071729215;2021-05-02 12:30:00;2021-05-02 13:00:00;95.5
1071729215;2021-05-02 13:00:00;2021-05-02 13:30:00;91.26666666666667
1071729215;2021-05-02 13:30:00;2021-05-02 14:00:00;103.03333333333333
1071729215;2021-05-02 14:00:00;2021-05-02 14:30:00;98.5
1071729215;2021-05-02 14:30:00;2021-05-02 15:00:00;99.9
1071729215;2021-05-02 15:00:00;2021-05-02 15:30:00;95.63333333333334
1071729215;2021-05-02 15:30:00;2021-05-02 16:00:00;91.96666666666667
1071729215;2021-05-02 16:00:00;2021-05-02 16:30:00;102.76666666666667
1071729215;2021-05-02 16:30:00;2021-05-02 17:00:00;107.63333333333334
1071729215;2021-05-02 17:00:00;2021-05-02 17:30:00;103.46666666666667
1071729215;2021-05-02 17:30:00;2021-05-02 18:00:00;109.33333333333333
1071729215;2021-05-02 18:00:00;2021-05-02 18:30:00;116.73333333333333
1071729215;2021-05-02 18:30:00;2021-05-02 19:00:00;104.3
1071729215;2021-05-02 19:00:00;2021-05-02 19:30:00;111.73333333333333
1071729215;2021-05-02 19:30:00;2021-05-02 20:00:00;112.8
1071729215;2021-05-02 20:00:00;2021-05-02 20:30:00;104.33333333333333
1071729215;2021-05-02 20:30:00;2021-05-02 21:00:00;109.93333333333334
1071729215;2021-05-02 21:00:00;2021-05-02 21:30:00;106.13333333333334
1071729215;2021-05-02 21:30:00;2021-05-02 22:00:00;101.0
1071729215;2021-05-02 22:00:00;2021-05-02 22:30:00;101.0
1071729215;2021-05-02 22:30:00;2021-05-02 23:00:00;101.92857142857143
1071729215;2021-05-02 23:00:00;2021-05-02 23:30:00;101.0
1071729215;2021-05-02 23:30:00;2021-05-02 23:59:59;101.0
1071729215;2021-05-03 00:00:00;2021-05-03 00:30:00;101.0
1071729215;2021-05-03 00:30:00;2021-05-03 01:00:00;101.0
1071729215;2021-05-03 01:00:00;2021-05-03 01:30:00;101.0
1071729215;2021-05-03 01:30:00;2021-05-03 02:00:00;101.0
1071729215;2021-05-03 02:00:00;2021-05-03 02:30:00;92.63333333333334
1071729215;2021-05-03 02:30:00;2021-05-03 03:00:00;106.66666666666667
1071729215;2021-05-03 03:00:00;2021-05-03 03:30:00;95.86666666666666
1071729215;2021-05-03 03:30:00;2021-05-03 04:00:00;100.86666666666666
1071729215;2021-05-03 04:00:00;2021-05-03 04:30:00;120.43333333333334
1071729215;2021-05-03 04:30:00;2021-05-03 05:00:00;117.36666666666666
1071729215;2021-05-03 05:00:00;2021-05-03 05:30:00;112.83333333333333
1071729215;2021-05-03 05:30:00;2021-05-03 06:00:00;99.56666666666666
1071729215;2021-05-03 06:00:00;2021-05-03 06:30:00;106.8
1071729215;2021-05-03 06:30:00;2021-05-03 07:00:00;116.1
1071729215;2021-05-03 07:00:00;2021-05-03 07:30:00;116.43333333333334
1071729215;2021-05-03 07:30:00;2021-05-03 08:00:00;107.06666666666666
1071729215;2021-05-03 08:00:00;2021-05-03 08:30:00;102.4
1071729215;2021-05-03 08:30:00;2021-05-03 09:00:00;101.96153846153847
1071729215;2021-05-03 09:00:00;2021-05-03 09:30:00;107.5
1071729215;2021-05-03 09:30:00;2021-05-03 10:00:00;99.36666666666666
1071729215;2021-05-03 10:00:00;2021-05-03 10:30:00;104.63333333333334
1071729215;2021-05-03 10:30:00;2021-05-03 11:00:00;102.66666666666667
1071729215;2021-05-03 11:00:00;2021-05-03 11:30:00;102.76666666666667
1071729215;2021-05-03 11:30:00;2021-05-03 12:00:00;95.53333333333333
1071729215;2021-05-03 12:00:00;2021-05-03 12:30:00;87.96666666666667
1071729215;2021-05-03 12:30:00;2021-05-03 13:00:00;98.0
1071729215;2021-05-03 13:00:00;2021-05-03 13:30:00;96.8
1071729215;2021-05-03 13:30:00;2021-05-03 14:00:00;87.76666666666667
1071729215;2021-05-03 14:00:00;2021-05-03 14:30:00;87.76666666666667
1071729215;2021-05-03 14:30:00;2021-05-03 15:00:00;91.53333333333333
1071729215;2021-05-03 15:00:00;2021-05-03 15:30:00;88.33333333333333
1071729215;2021-05-03 15:30:00;2021-05-03 16:00:00;107.76666666666667
1071729215;2021-05-03 16:00:00;2021-05-03 16:30:00;93.2
1071729215;2021-05-03 16:30:00;2021-05-03 17:00:00;108.33333333333333
1071729215;2021-05-03 17:00:00;2021-05-03 17:30:00;95.3
1071729215;2021-05-03 17:30:00;2021-05-03 18:00:00;97.06666666666666
1071729215;2021-05-03 18:00:00;2021-05-03 18:30:00;106.66666666666667
1071729215;2021-05-03 18:30:00;2021-05-03 19:00:00;98.3
1071729215;2021-05-03 19:00:00;2021-05-03 19:30:00;95.5
1071729215;2021-05-03 19:30:00;2021-05-03 20:00:00;88.23333333333333
1071729215;2021-05-03 20:00:00;2021-05-03 20:30:00;101.13333333333334
1071729215;2021-05-03 20:30:00;2021-05-03 21:00:00;107.33333333333333
1071729215;2021-05-03 21:00:00;2021-05-03 21:30:00;97.46666666666667
1071729215;2021-05-03 21:30:00;2021-05-03 22:00:00;104.1
1071729215;2021-05-03 22:00:00;2021-05-03 22:30:00;96.53333333333333
1071729215;2021-05-03 22:30:00;2021-05-03 23:00:00;95.03333333333333
1071729215;2021-05-03 23:00:00;2021-05-03 23:30:00;101.0
1071729215;2021-05-03 23:30:00;2021-05-03 23:59:59;101.0
1071729215;2021-05-04 00:00:00;2021-05-04 00:30:00;101.0
1071729215;2021-05-04 00:30:00;2021-05-04 01:00:00;101.0
1071729215;2021-05-04 01:00:00;2021-05-04 01:30:00;101.0
1071729215;2021-05-04 01:30:00;2021-05-04 02:00:00;101.0
1071729215;2021-05-04 02:00:00;2021-05-04 02:30:00;101.0
1071729215;2021-05-04 02:30:00;2021-05-04 03:00:00;101.0
1071729215;2021-05-04 03:00:00;2021-05-04 03:30:00;93.0
1071729215;2021-05-04 03:30:00;2021-05-04 04:00:00;89.73333333333333
1071729215;2021-05-04 04:00:00;2021-05-04 04:30:00;99.0
1071729215;2021-05-04 04:30:00;2021-05-04 05:00:00;100.3
1071729215;2021-05-04 05:00:00;2021-05-04 05:30:00;99.4
1071729215;2021-05-04 05:30:00;2021-05-04 06:00:00;104.46666666666667
1071729215;2021-05-04 06:00:00;2021-05-04 06:30:00;97.6
1071729215;2021-05-04 06:30:00;2021-05-04 07:00:00;94.0
1071729215;2021-05-04 07:00:00;2021-05-04 07:30:00;88.03333333333333
1071729215;2021-05-04 07:30:00;2021-05-04 08:00:00;100.9
1071729215;2021-05-04 08:00:00;2021-05-04 08:30:00;103.73333333333333
1071729215;2021-05-04 08:30:00;2021-05-04 09:00:00;93.06666666666666
1071729215;2021-05-04 09:00:00;2021-05-04 09:30:00;104.76666666666667
1071729215;2021-05-04 09:30:00;2021-05-04 10:00:00;91.13333333333334
1071729215;2021-05-04 10:00:00;2021-05-04 10:30:00;113.83333333333333
1071729215;2021-05-04 10:30:00;2021-05-04 11:00:00;98.6
1071729215;2021-05-04 11:00:00;2021-05-04 11:30:00;90.9
1071729215;2021-05-04 11:30:00;2021-05-04 12:00:00;99.56666666666666
1071729215;2021-05-04 12:00:00;2021-05-04 12:30:00;100.13333333333334
1071729215;2021-05-04 12:30:00;2021-05-04 13:00:00;100.5
1071729215;2021-05-04 13:00:00;2021-05-04 13:30:00;100.83333333333333
1071729215;2021-05-04 13:30:00;2021-05-04 14:00:00;96.1
1071729215;2021-05-04 14:00:00;2021-05-04 14:30:00;93.83333333333333
1071729215;2021-05-04 14:30:00;2021-05-04 15:00:00;106.76666666666667
1071729215;2021-05-04 15:00:00;2021-05-04 15:30:00;99.46666666666667
1071729215;2021-05-04 15:30:00;2021-05-04 16:00:00;102.3
1071729215;2021-05-04 16:00:00;2021-05-04 16:30:00;98.4
1071729215;2021-05-04 16:30:00;2021-05-04 17:00:00;103.63333333333334
1071729215;2021-05-04 17:00:00;2021-05-04 17:30:00;97.03333333333333
1071729215;2021-05-04 17:30:00;2021-05-04 18:00:00;101.4
1071729215;2021-05-04 18:00:00;2021-05-04 18:30:00;108.96666666666667
1071729215;2021-05-04 18:30:00;2021-05-04 19:00:00;96.73333333333333
1071729215;2021-05-04 19:00:00;2021-05-04 19:30:00;102.16666666666667
1071729215;2021-05-04 19:30:00;2021-05-04 20:00:00;105.86666666666666
1071729215;2021-05-04 20:00:00;2021-05-04 20:30:00;90.3
1071729215;2021-05-04 20:30:00;2021-05-04 21:00:00;104.06666666666666
1071729215;2021-05-04 21:00:00;2021-05-04 21:30:00;85.0
1071729215;2021-05-04 21:30:00;2021-05-04 22:00:00;96.66666666666667
1071729215;2021-05-04 22:00:00;2021-05-04 22:30:00;99.8
1071729215;2021-05-04 22:30:00;2021-05-04 23:00:00;89.56666666666666
1071729215;2021-05-04 23:00:00;2021-05-04 23:30:00;101.0
1071729215;2021-05-04 23:30:00;2021-05-04 23:59:59;101.0
1071729215;2021-05-05 00:00:00;2021-05-05 00:30:00;104.33333333333333
1071729215;2021-05-05 00:30:00;2021-05-05 01:00:00;101.0
1071729215;2021-05-05 01:00:00;2021-05-05 01:30:00;101.0
1071729215;2021-05-05 01:30:00;2021-05-05 02:00:00;101.0
1071729215;2021-05-05 02:00:00;2021-05-05 02:30:00;110.46666666666667
1071729215;2021-05-05 02:30:00;2021-05-05 03:00:00;92.06666666666666
1071729215;2021-05-05 03:00:00;2021-05-05 03:30:00;99.1
1071729215;2021-05-05 03:30:00;2021-05-05 04:00:00;104.26666666666667
1071729215;2021-05-05 04:00:00;2021-05-05 04:30:00;96.4
1071729215;2021-05-05 04:30:00;2021-05-05 05:00:00;89.36666666666666
1071729215;2021-05-05 05:00:00;2021-05-05 05:30:00;91.96666666666667
1071729215;2021-05-05 05:30:00;2021-05-05 06:00:00;99.86666666666666
1071729215;2021-05-05 06:00:00;2021-05-05 06:30:00;98.3
1071729215;2021-05-05 06:30:00;2021-05-05 07:00:00;97.83333333333333
1071729215;2021-05-05 07:00:00;2021-05-05 07:30:00;90.3
1071729215;2021-05-05 07:30:00;2021-05-05 08:00:00;93.03333333333333
1071729215;2021-05-05 08:00:00;2021-05-05 08:30:00;95.83333333333333
1071729215;2021-05-05 08:30:00;2021-05-05 09:00:00;93.0
1071729215;2021-05-05 09:00:00;2021-05-05 09:30:00;94.3
1071729215;2021-05-05 09:30:00;2021-05-05 10:00:00;94.83333333333333
1071729215;2021-05-05 10:00:00;2021-05-05 10:30:00;96.63333333333334
1071729215;2021-05-05 10:30:00;2021-05-05 11:00:00;87.73333333333333
1071729215;2021-05-05 11:00:00;2021-05-05 11:30:00;89.03333333333333
1071729215;2021-05-05 11:30:00;2021-05-05 12:00:00;95.23333333333333
1071729215;2021-05-05 12:00:00;2021-05-05 12:30:00;103.63333333333334
1071729215;2021-05-05 12:30:00;2021-05-05 13:00:00;98.63333333333334
1071729215;2021-05-05 13:00:00;2021-05-05 13:30:00;102.56666666666666
1071729215;2021-05-05 13:30:00;2021-05-05 14:00:00;106.1
1071729215;2021-05-05 14:00:00;2021-05-05 14:30:00;98.23333333333333
1071729215;2021-05-05 14:30:00;2021-05-05 15:00:00;106.13333333333334
1071729215;2021-05-05 15:00:00;2021-05-05 15:30:00;100.86666666666666
1071729215;2021-05-05 15:30:00;2021-05-05 16:00:00;108.33333333333333
1071729215;2021-05-05 16:00:00;2021-05-05 16:30:00;102.36666666666666
1071729215;2021-05-05 16:30:00;2021-05-05 17:00:00;101.26666666666667
1071729215;2021-05-05 17:00:00;2021-05-05 17:30:00;91.23333333333333
1071729215;2021-05-05 17:30:00;2021-05-05 18:00:00;97.56666666666666
1071729215;2021-05-05 18:00:00;2021-05-05 18:30:00;94.43333333333334
1071729215;2021-05-05 18:30:00;2021-05-05 19:00:00;99.03333333333333
1071729215;2021-05-05 19:00:00;2021-05-05 19:30:00;100.66666666666667
1071729215;2021-05-05 19:30:00;2021-05-05 20:00:00;92.2
1071729215;2021-05-05 20:00:00;2021-05-05 20:30:00;101.86666666666666
1071729215;2021-05-05 20:30:00;2021-05-05 21:00:00;91.5
1071729215;2021-05-05 21:00:00;2021-05-05 21:30:00;93.86666666666666
1071729215;2021-05-05 21:30:00;2021-05-05 22:00:00;97.3
1071729215;2021-05-05 22:00:00;2021-05-05 22:30:00;99.0
1071729215;2021-05-05 22:30:00;2021-05-05 23:00:00;97.8
1071729215;2021-05-05 23:00:00;2021-05-05 23:30:00;100.83333333333333
1071729215;2021-05-05 23:30:00;2021-05-05 23:59:59;101.0
1071729215;2021-05-06 00:00:00;2021-05-06 00:30:00;101.0
1071729215;2021-05-06 00:30:00;2021-05-06 01:00:00;100.3
1071729215;2021-05-06 01:00:00;2021-05-06 01:30:00;93.83333333333333
1071729215;2021-05-06 01:30:00;2021-05-06 02:00:00;101.0
1071729215;2021-05-06 02:00:00;2021-05-06 02:30:00;101.0
1071729215;2021-05-06 02:30:00;2021-05-06 03:00:00;91.03333333333333
1071729215;2021-05-06 03:00:00;2021-05-06 03:30:00;97.8
1071729215;2021-05-06 03:30:00;2021-05-06 04:00:00;105.26666666666667
1071729215;2021-05-06 04:00:00;2021-05-06 04:30:00;98.33333333333333
1071729215;2021-05-06 04:30:00;2021-05-06 05:00:00;93.3
1071729215;2021-05-06 05:00:00;2021-05-06 05:30:00;100.3
1071729215;2021-05-06 05:30:00;2021-05-06 06:00:00;96.93333333333334
1071729215;2021-05-06 06:00:00;2021-05-06 06:30:00;91.83333333333333
1071729215;2021-05-06 06:30:00;2021-05-06 07:00:00;99.6
1071729215;2021-05-06 07:00:00;2021-05-06 07:30:00;89.3
1071729215;2021-05-06 07:30:00;2021-05-06 08:00:00;93.66666666666667
1071729215;2021-05-06 08:00:00;2021-05-06 08:30:00;95.9
1071729215;2021-05-06 08:30:00;2021-05-06 09:00:00;83.83333333333333
1071729215;2021-05-06 09:00:00;2021-05-06 09:30:00;91.23333333333333
1071729215;2021-05-06 09:30:00;2021-05-06 10:00:00;97.13333333333334
1071729215;2021-05-06 10:00:00;2021-05-06 10:30:00;102.36666666666666
1071729215;2021-05-06 10:30:00;2021-05-06 11:00:00;97.2
1071729215;2021-05-06 11:00:00;2021-05-06 11:30:00;92.6
1071729215;2021-05-06 11:30:00;2021-05-06 12:00:00;99.96666666666667
1071729215;2021-05-06 12:00:00;2021-05-06 12:30:00;99.8
1071729215;2021-05-06 12:30:00;2021-05-06 13:00:00;96.33333333333333
1071729215;2021-05-06 13:00:00;2021-05-06 13:30:00;88.53333333333333
1071729215;2021-05-06 13:30:00;2021-05-06 14:00:00;91.63333333333334
1071729215;2021-05-06 14:00:00;2021-05-06 14:30:00;84.33333333333333
1071729215;2021-05-06 14:30:00;2021-05-06 15:00:00;89.86666666666666
1071729215;2021-05-06 15:00:00;2021-05-06 15:30:00;106.8
1071729215;2021-05-06 15:30:00;2021-05-06 16:00:00;94.9
1071729215;2021-05-06 16:00:00;2021-05-06 16:30:00;99.7
1071729215;2021-05-06 16:30:00;2021-05-06 17:00:00;106.4
1071729215;2021-05-06 17:00:00;2021-05-06 17:30:00;87.76666666666667
1071729215;2021-05-06 17:30:00;2021-05-06 18:00:00;89.5
1071729215;2021-05-06 18:00:00;2021-05-06 18:30:00;108.36666666666666
1071729215;2021-05-06 18:30:00;2021-05-06 19:00:00;107.2
1071729215;2021-05-06 19:00:00;2021-05-06 19:30:00;97.13333333333334
1071729215;2021-05-06 19:30:00;2021-05-06 20:00:00;88.8
1071729215;2021-05-06 20:00:00;2021-05-06 20:30:00;94.46666666666667
1071729215;2021-05-06 20:30:00;2021-05-06 21:00:00;91.26666666666667
1071729215;2021-05-06 21:00:00;2021-05-06 21:30:00;99.1
1071729215;2021-05-06 21:30:00;2021-05-06 22:00:00;97.63333333333334
1071729215;2021-05-06 22:00:00;2021-05-06 22:30:00;93.5
1071729215;2021-05-06 22:30:00;2021-05-06 23:00:00;93.3
1071729215;2021-05-06 23:00:00;2021-05-06 23:30:00;101.0
1071729215;2021-05-06 23:30:00;2021-05-06 23:59:59;101.0
1071729215;2021-05-07 00:00:00;2021-05-07 00:30:00;101.0
1071729215;2021-05-07 00:30:00;2021-05-07 01:00:00;101.0
1071729215;2021-05-07 01:00:00;2021-05-07 01:30:00;101.0
1071729215;2021-05-07 01:30:00;2021-05-07 02:00:00;104.33333333333333
1071729215;2021-05-07 02:00:00;2021-05-07 02:30:00;105.06666666666666
1071729215;2021-05-07 02:30:00;2021-05-07 03:00:00;119.0
1071729215;2021-05-07 03:00:00;2021-05-07 03:30:00;119.0
1071729215;2021-05-07 03:30:00;2021-05-07 04:00:00;102.56666666666666
1071729215;2021-05-07 04:00:00;2021-05-07 04:30:00;93.43333333333334
1071729215;2021-05-07 04:30:00;2021-05-07 05:00:00;96.86666666666666
1071729215;2021-05-07 05:00:00;2021-05-07 05:30:00;93.9
1071729215;2021-05-07 05:30:00;2021-05-07 06:00:00;100.63333333333334
1071729215;2021-05-07 06:00:00;2021-05-07 06:30:00;100.63333333333334
1071729215;2021-05-07 06:30:00;2021-05-07 07:00:00;94.46666666666667
1071729215;2021-05-07 07:00:00;2021-05-07 07:30:00;91.66666666666667
1071729215;2021-05-07 07:30:00;2021-05-07 08:00:00;98.7
1071729215;2021-05-07 08:00:00;2021-05-07 08:30:00;98.33333333333333
1071729215;2021-05-07 08:30:00;2021-05-07 09:00:00;101.86666666666666
1071729215;2021-05-07 09:00:00;2021-05-07 09:30:00;92.53333333333333
1071729215;2021-05-07 09:30:00;2021-05-07 10:00:00;101.73333333333333
1071729215;2021-05-07 10:00:00;2021-05-07 10:30:00;112.3
1071729215;2021-05-07 10:30:00;2021-05-07 11:00:00;108.46666666666667
1071729215;2021-05-07 11:00:00;2021-05-07 11:30:00;107.36666666666666
1071729215;2021-05-07 11:30:00;2021-05-07 12:00:00;91.03333333333333
1071729215;2021-05-07 12:00:00;2021-05-07 12:30:00;103.03333333333333
1071729215;2021-05-07 12:30:00;2021-05-07 13:00:00;106.53333333333333
1071729215;2021-05-07 13:00:00;2021-05-07 13:30:00;104.46666666666667
1071729215;2021-05-07 13:30:00;2021-05-07 14:00:00;90.03333333333333
1071729215;2021-05-07 14:00:00;2021-05-07 14:30:00;96.96666666666667
1071729215;2021-05-07 14:30:00;2021-05-07 15:00:00;108.4
1071729215;2021-05-07 15:00:00;2021-05-07 15:30:00;109.16666666666667
1071729215;2021-05-07 15:30:00;2021-05-07 16:00:00;104.66666666666667
1071729215;2021-05-07 16:00:00;2021-05-07 16:30:00;114.16666666666667
1071729215;2021-05-07 16:30:00;2021-05-07 17:00:00;106.73333333333333
1071729215;2021-05-07 17:00:00;2021-05-07 17:30:00;91.0
1071729215;2021-05-07 17:30:00;2021-05-07 18:00:00;85.0
1071729215;2021-05-07 18:00:00;2021-05-07 18:30:00;106.4
1071729215;2021-05-07 18:30:00;2021-05-07 19:00:00;111.06666666666666
1071729215;2021-05-07 19:00:00;2021-05-07 19:30:00;94.7
1071729215;2021-05-07 19:30:00;2021-05-07 20:00:00;94.2
1071729215;2021-05-07 20:00:00;2021-05-07 20:30:00;103.06666666666666
1071729215;2021-05-07 20:30:00;2021-05-07 21:00:00;105.36666666666666
1071729215;2021-05-07 21:00:00;2021-05-07 21:30:00;102.6
1071729215;2021-05-07 21:30:00;2021-05-07 22:00:00;106.8
1071729215;2021-05-07 22:00:00;2021-05-07 22:30:00;103.73333333333333
1071729215;2021-05-07 22:30:00;2021-05-07 23:00:00;107.3
1071729215;2021-05-07 23:00:00;2021-05-07 23:30:00;100.2
1071729215;2021-05-07 23:30:00;2021-05-07 23:59:59;96.03333333333333
1071729215;2021-05-08 00:00:00;2021-05-08 00:30:00;95.33333333333333
1071729215;2021-05-08 00:30:00;2021-05-08 01:00:00;94.86666666666666
1071729215;2021-05-08 01:00:00;2021-05-08 01:30:00;101.0
1071729215;2021-05-08 01:30:00;2021-05-08 02:00:00;101.0
1071729215;2021-05-08 02:00:00;2021-05-08 02:30:00;101.0
1071729215;2021-05-08 02:30:00;2021-05-08 03:00:00;101.0
1071729215;2021-05-08 03:00:00;2021-05-08 03:30:00;92.0
1071729215;2021-05-08 03:30:00;2021-05-08 04:00:00;94.56666666666666
1071729215;2021-05-08 04:00:00;2021-05-08 04:30:00;92.5
1071729215;2021-05-08 04:30:00;2021-05-08 05:00:00;94.4
1071729215;2021-05-08 05:00:00;2021-05-08 05:30:00;93.66666666666667
1071729215;2021-05-08 05:30:00;2021-05-08 06:00:00;95.73333333333333
1071729215;2021-05-08 06:00:00;2021-05-08 06:30:00;94.5
1071729215;2021-05-08 06:30:00;2021-05-08 07:00:00;106.16666666666667
1071729215;2021-05-08 07:00:00;2021-05-08 07:30:00;104.76666666666667
1071729215;2021-05-08 07:30:00;2021-05-08 08:00:00;102.86666666666666
1071729215;2021-05-08 08:00:00;2021-05-08 08:30:00;102.83333333333333
1071729215;2021-05-08 08:30:00;2021-05-08 09:00:00;102.0
1071729215;2021-05-08 09:00:00;2021-05-08 09:30:00;98.63333333333334
1071729215;2021-05-08 09:30:00;2021-05-08 10:00:00;96.76666666666667
1071729215;2021-05-08 10:00:00;2021-05-08 10:30:00;115.43333333333334
1071729215;2021-05-08 10:30:00;2021-05-08 11:00:00;112.3
1071729215;2021-05-08 11:00:00;2021-05-08 11:30:00;109.13333333333334
1071729215;2021-05-08 11:30:00;2021-05-08 12:00:00;112.46666666666667
1071729215;2021-05-08 12:00:00;2021-05-08 12:30:00;94.43333333333334
1071729215;2021-05-08 12:30:00;2021-05-08 13:00:00;102.33333333333333
1071729215;2021-05-08 13:00:00;2021-05-08 13:30:00;114.96666666666667
1071729215;2021-05-08 13:30:00;2021-05-08 14:00:00;116.63333333333334
1071729215;2021-05-08 14:00:00;2021-05-08 14:30:00;95.83333333333333
1071729215;2021-05-08 14:30:00;2021-05-08 15:00:00;108.56666666666666
1071729215;2021-05-08 15:00:00;2021-05-08 15:30:00;106.76666666666667
1071729215;2021-05-08 15:30:00;2021-05-08 16:00:00;93.33333333333333
1071729215;2021-05-08 16:00:00;2021-05-08 16:30:00;114.1
1071729215;2021-05-08 16:30:00;2021-05-08 17:00:00;112.73333333333333
1071729215;2021-05-08 17:00:00;2021-05-08 17:30:00;109.7
1071729215;2021-05-08 17:30:00;2021-05-08 18:00:00;115.33333333333333
1071729215;2021-05-08 18:00:00;2021-05-08 18:30:00;112.43333333333334
1071729215;2021-05-08 18:30:00;2021-05-08 19:00:00;102.16666666666667
1071729215;2021-05-08 19:00:00;2021-05-08 19:30:00;104.3
1071729215;2021-05-08 19:30:00;2021-05-08 20:00:00;109.0
1071729215;2021-05-08 20:00:00;2021-05-08 20:30:00;101.0
1071729215;2021-05-08 20:30:00;2021-05-08 21:00:00;111.0
1071729215;2021-05-08 21:00:00;2021-05-08 21:30:00;112.16666666666667
1071729215;2021-05-08 21:30:00;2021-05-08 22:00:00;95.86666666666666
1071729215;2021-05-08 22:00:00;2021-05-08 22:30:00;100.46666666666667
1071729215;2021-05-08 22:30:00;2021-05-08 23:00:00;97.9
1071729215;2021-05-08 23:00:00;2021-05-08 23:30:00;100.63333333333334
1071729215;2021-05-08 23:30:00;2021-05-08 23:59:59;100.16666666666667
1071729215;2021-05-09 00:00:00;2021-05-09 00:30:00;93.4
1071729215;2021-05-09 00:30:00;2021-05-09 01:00:00;101.0
1071729215;2021-05-09 01:00:00;2021-05-09 01:30:00;101.0
1071729215;2021-05-09 01:30:00;2021-05-09 02:00:00;101.0
1071729215;2021-05-09 02:00:00;2021-05-09 02:30:00;101.0
1071729215;2021-05-09 02:30:00;2021-05-09 03:00:00;101.0
1071729215;2021-05-09 03:00:00;2021-05-09 03:30:00;91.96666666666667
1071729215;2021-05-09 03:30:00;2021-05-09 04:00:00;100.36666666666666
1071729215;2021-05-09 04:00:00;2021-05-09 04:30:00;94.8
1071729215;2021-05-09 04:30:00;2021-05-09 05:00:00;99.06666666666666
1071729215;2021-05-09 05:00:00;2021-05-09 05:30:00;98.13333333333334
1071729215;2021-05-09 05:30:00;2021-05-09 06:00:00;111.66666666666667
1071729215;2021-05-09 06:00:00;2021-05-09 06:30:00;105.03333333333333
1071729215;2021-05-09 06:30:00;2021-05-09 07:00:00;91.36666666666666
1071729215;2021-05-09 07:00:00;2021-05-09 07:30:00;107.86666666666666
1071729215;2021-05-09 07:30:00;2021-05-09 08:00:00;102.9
1071729215;2021-05-09 08:00:00;2021-05-09 08:30:00;105.8
1071729215;2021-05-09 08:30:00;2021-05-09 09:00:00;111.26666666666667
1071729215;2021-05-09 09:00:00;2021-05-09 09:30:00;116.33333333333333
1071729215;2021-05-09 09:30:00;2021-05-09 10:00:00;92.96666666666667
1071729215;2021-05-09 10:00:00;2021-05-09 10:30:00;103.96666666666667
1071729215;2021-05-09 10:30:00;2021-05-09 11:00:00;99.06666666666666
1071729215;2021-05-09 11:00:00;2021-05-09 11:30:00;98.5
1071729215;2021-05-09 11:30:00;2021-05-09 12:00:00;93.16666666666667
1071729215;2021-05-09 12:00:00;2021-05-09 12:30:00;97.0
1071729215;2021-05-09 12:30:00;2021-05-09 13:00:00;102.46666666666667
1071729215;2021-05-09 13:00:00;2021-05-09 13:30:00;89.8
1071729215;2021-05-09 13:30:00;2021-05-09 14:00:00;107.3
1071729215;2021-05-09 14:00:00;2021-05-09 14:30:00;105.43333333333334
1071729215;2021-05-09 14:30:00;2021-05-09 15:00:00;87.56666666666666
1071729215;2021-05-09 15:00:00;2021-05-09 15:30:00;101.56666666666666
1071729215;2021-05-09 15:30:00;2021-05-09 16:00:00;111.3
1071729215;2021-05-09 16:00:00;2021-05-09 16:30:00;96.4
1071729215;2021-05-09 16:30:00;2021-05-09 17:00:00;89.53333333333333
1071729215;2021-05-09 17:00:00;2021-05-09 17:30:00;104.53333333333333
1071729215;2021-05-09 17:30:00;2021-05-09 18:00:00;98.4
1071729215;2021-05-09 18:00:00;2021-05-09 18:30:00;104.03333333333333
1071729215;2021-05-09 18:30:00;2021-05-09 19:00:00;106.73333333333333
1071729215;2021-05-09 19:00:00;2021-05-09 19:30:00;100.83333333333333
1071729215;2021-05-09 19:30:00;2021-05-09 20:00:00;106.2
1071729215;2021-05-09 20:00:00;2021-05-09 20:30:00;120.16666666666667
1071729215;2021-05-09 20:30:00;2021-05-09 21:00:00;115.8
1071729215;2021-05-09 21:00:00;2021-05-09 21:30:00;133.33333333333334
1071729215;2021-05-09 21:30:00;2021-05-09 22:00:00;115.0
1071729215;2021-05-09 22:00:00;2021-05-09 22:30:00;100.66666666666667
1071729215;2021-05-09 22:30:00;2021-05-09 23:00:00;100.83333333333333
1071729215;2021-05-09 23:00:00;2021-05-09 23:30:00;102.73333333333333
1071729215;2021-05-09 23:30:00;2021-05-09 23:59:59;101.0
1071729215;2021-05-10 00:00:00;2021-05-10 00:30:00;101.0
1071729215;2021-05-10 00:30:00;2021-05-10 01:00:00;101.0
1071729215;2021-05-10 01:00:00;2021-05-10 01:30:00;101.0
1071729215;2021-05-10 01:30:00;2021-05-10 02:00:00;101.0
1071729215;2021-05-10 02:00:00;2021-05-10 02:30:00;104.9
1071729215;2021-05-10 02:30:00;2021-05-10 03:00:00;110.63333333333334
1071729215;2021-05-10 03:00:00;2021-05-10 03:30:00;96.56666666666666
1071729215;2021-05-10 03:30:00;2021-05-10 04:00:00;106.26666666666667
1071729215;2021-05-10 04:00:00;2021-05-10 04:30:00;114.26666666666667
1071729215;2021-05-10 04:30:00;2021-05-10 05:00:00;96.43333333333334
1071729215;2021-05-10 05:00:00;2021-05-10 05:30:00;108.3
1071729215;2021-05-10 05:30:00;2021-05-10 06:00:00;98.1
1071729215;2021-05-10 06:00:00;2021-05-10 06:30:00;99.7
1071729215;2021-05-10 06:30:00;2021-05-10 07:00:00;112.8
1071729215;2021-05-10 07:00:00;2021-05-10 07:30:00;94.7
1071729215;2021-05-10 07:30:00;2021-05-10 08:00:00;113.86666666666666
1071729215;2021-05-10 08:00:00;2021-05-10 08:30:00;102.5
1071729215;2021-05-10 08:30:00;2021-05-10 09:00:00;103.8
1071729215;2021-05-10 09:00:00;2021-05-10 09:30:00;98.53333333333333
1071729215;2021-05-10 09:30:00;2021-05-10 10:00:00;107.3
1071729215;2021-05-10 10:00:00;2021-05-10 10:30:00;96.73333333333333
1071729215;2021-05-10 10:30:00;2021-05-10 11:00:00;94.4
1071729215;2021-05-10 11:00:00;2021-05-10 11:30:00;86.33333333333333
1071729215;2021-05-10 11:30:00;2021-05-10 12:00:00;91.5
1071729215;2021-05-10 12:00:00;2021-05-10 12:30:00;99.2
1071729215;2021-05-10 12:30:00;2021-05-10 13:00:00;92.0
1071729215;2021-05-10 13:00:00;2021-05-10 13:30:00;90.83333333333333
1071729215;2021-05-10 13:30:00;2021-05-10 14:00:00;107.8
1071729215;2021-05-10 14:00:00;2021-05-10 14:30:00;110.2
1071729215;2021-05-10 14:30:00;2021-05-10 15:00:00;86.2
1071729215;2021-05-10 15:00:00;2021-05-10 15:30:00;96.76666666666667
1071729215;2021-05-10 15:30:00;2021-05-10 16:00:00;104.36666666666666
1071729215;2021-05-10 16:00:00;2021-05-10 16:30:00;90.63333333333334
1071729215;2021-05-10 16:30:00;2021-05-10 17:00:00;94.36666666666666
1071729215;2021-05-10 17:00:00;2021-05-10 17:30:00;109.86666666666666
1071729215;2021-05-10 17:30:00;2021-05-10 18:00:00;95.2
1071729215;2021-05-10 18:00:00;2021-05-10 18:30:00;98.86666666666666
1071729215;2021-05-10 18:30:00;2021-05-10 19:00:00;94.83333333333333
1071729215;2021-05-10 19:00:00;2021-05-10 19:30:00;94.36666666666666
1071729215;2021-05-10 19:30:00;2021-05-10 20:00:00;87.0
1071729215;2021-05-10 20:00:00;2021-05-10 20:30:00;85.2
1071729215;2021-05-10 20:30:00;2021-05-10 21:00:00;91.26666666666667
1071729215;2021-05-10 21:00:00;2021-05-10 21:30:00;108.96666666666667
1071729215;2021-05-10 21:30:00;2021-05-10 22:00:00;113.46666666666667
1071729215;2021-05-10 22:00:00;2021-05-10 22:30:00;103.13333333333334
1071729215;2021-05-10 22:30:00;2021-05-10 23:00:00;101.83333333333333
1071729215;2021-05-10 23:00:00;2021-05-10 23:30:00;103.26666666666667
1071729215;2021-05-10 23:30:00;2021-05-10 23:59:59;98.16666666666667
1071729215;2021-05-11 00:00:00;2021-05-11 00:30:00;98.0
1071729215;2021-05-11 00:30:00;2021-05-11 01:00:00;101.0
1071729215;2021-05-11 01:00:00;2021-05-11 01:30:00;101.0
1071729215;2021-05-11 01:30:00;2021-05-11 02:00:00;101.0
1071729215;2021-05-11 02:00:00;2021-05-11 02:30:00;101.0
1071729215;2021-05-11 02:30:00;2021-05-11 03:00:00;101.0
1071729215;2021-05-11 03:00:00;2021-05-11 03:30:00;101.03333333333333
1071729215;2021-05-11 03:30:00;2021-05-11 04:00:00;98.63333333333334
1071729215;2021-05-11 04:00:00;2021-05-11 04:30:00;90.86666666666666
1071729215;2021-05-11 04:30:00;2021-05-11 05:00:00;96.7
1071729215;2021-05-11 05:00:00;2021-05-11 05:30:00;98.16666666666667
1071729215;2021-05-11 05:30:00;2021-05-11 06:00:00;91.43333333333334
1071729215;2021-05-11 06:00:00;2021-05-11 06:30:00;101.5
1071729215;2021-05-11 06:30:00;2021-05-11 07:00:00;102.06666666666666
1071729215;2021-05-11 07:00:00;2021-05-11 07:30:00;93.56666666666666
1071729215;2021-05-11 07:30:00;2021-05-11 08:00:00;90.8
1071729215;2021-05-11 08:00:00;2021-05-11 08:30:00;100.86666666666666
1071729215;2021-05-11 08:30:00;2021-05-11 09:00:00;89.0
1071729215;2021-05-11 09:00:00;2021-05-11 09:30:00;93.13333333333334
1071729215;2021-05-11 09:30:00;2021-05-11 10:00:00;106.0
1071729215;2021-05-11 10:00:00;2021-05-11 10:30:00;96.83333333333333
1071729215;2021-05-11 10:30:00;2021-05-11 11:00:00;92.26666666666667
1071729215;2021-05-11 11:00:00;2021-05-11 11:30:00;92.73333333333333
1071729215;2021-05-11 11:30:00;2021-05-11 12:00:00;100.7
1071729215;2021-05-11 12:00:00;2021-05-11 12:30:00;86.03333333333333
1071729215;2021-05-11 12:30:00;2021-05-11 13:00:00;86.1
1071729215;2021-05-11 13:00:00;2021-05-11 13:30:00;97.2
1071729215;2021-05-11 13:30:00;2021-05-11 14:00:00;92.53333333333333
1071729215;2021-05-11 14:00:00;2021-05-11 14:30:00;96.13333333333334
1071729215;2021-05-11 14:30:00;2021-05-11 15:00:00;97.0
1071729215;2021-05-11 15:00:00;2021-05-11 15:30:00;93.76666666666667
1071729215;2021-05-11 15:30:00;2021-05-11 16:00:00;97.83333333333333
1071729215;2021-05-11 16:00:00;2021-05-11 16:30:00;89.26666666666667
1071729215;2021-05-11 16:30:00;2021-05-11 17:00:00;114.43333333333334
1071729215;2021-05-11 17:00:00;2021-05-11 17:30:00;102.33333333333333
1071729215;2021-05-11 17:30:00;2021-05-11 18:00:00;99.06666666666666
1071729215;2021-05-11 18:00:00;2021-05-11 18:30:00;100.86666666666666
1071729215;2021-05-11 18:30:00;2021-05-11 19:00:00;99.36666666666666
1071729215;2021-05-11 19:00:00;2021-05-11 19:30:00;97.63333333333334
1071729215;2021-05-11 19:30:00;2021-05-11 20:00:00;97.43333333333334
1071729215;2021-05-11 20:00:00;2021-05-11 20:30:00;91.3
1071729215;2021-05-11 20:30:00;2021-05-11 21:00:00;108.93333333333334
1071729215;2021-05-11 21:00:00;2021-05-11 21:30:00;100.23333333333333
1071729215;2021-05-11 21:30:00;2021-05-11 22:00:00;84.46666666666667
1071729215;2021-05-11 22:00:00;2021-05-11 22:30:00;95.8
1071729215;2021-05-11 22:30:00;2021-05-11 23:00:00;101.0
1071729215;2021-05-11 23:00:00;2021-05-11 23:30:00;106.7
1071729215;2021-05-11 23:30:00;2021-05-11 23:59:59;109.5
1071729215;2021-05-12 00:00:00;2021-05-12 00:30:00;115.5
1071729215;2021-05-12 00:30:00;2021-05-12 01:00:00;105.0
1071729215;2021-05-12 01:00:00;2021-05-12 01:30:00;91.16666666666667
1071729215;2021-05-12 01:30:00;2021-05-12 02:00:00;93.36666666666666
1071729215;2021-05-12 02:00:00;2021-05-12 02:30:00;101.0
1071729215;2021-05-12 02:30:00;2021-05-12 03:00:00;97.76666666666667
1071729215;2021-05-12 03:00:00;2021-05-12 03:30:00;96.73333333333333
1071729215;2021-05-12 03:30:00;2021-05-12 04:00:00;97.43333333333334
1071729215;2021-05-12 04:00:00;2021-05-12 04:30:00;89.76666666666667
1071729215;2021-05-12 04:30:00;2021-05-12 05:00:00;90.23333333333333
1071729215;2021-05-12 05:00:00;2021-05-12 05:30:00;90.76666666666667
1071729215;2021-05-12 05:30:00;2021-05-12 06:00:00;104.36666666666666
1071729215;2021-05-12 06:00:00;2021-05-12 06:30:00;98.5
1071729215;2021-05-12 06:30:00;2021-05-12 07:00:00;113.96666666666667
1071729215;2021-05-12 07:00:00;2021-05-12 07:30:00;107.96666666666667
1071729215;2021-05-12 07:30:00;2021-05-12 08:00:00;105.3
1071729215;2021-05-12 08:00:00;2021-05-12 08:30:00;96.63333333333334
1071729215;2021-05-12 08:30:00;2021-05-12 09:00:00;99.53333333333333
1071729215;2021-05-12 09:00:00;2021-05-12 09:30:00;104.66666666666667
1071729215;2021-05-12 09:30:00;2021-05-12 10:00:00;95.35
1071729215;2021-05-12 10:00:00;2021-05-12 10:30:00;85.5
1071729215;2021-05-12 10:30:00;2021-05-12 11:00:00;99.7
1071729215;2021-05-12 11:00:00;2021-05-12 11:30:00;97.46666666666667
1071729215;2021-05-12 11:30:00;2021-05-12 12:00:00;92.16666666666667
1071729215;2021-05-12 12:00:00;2021-05-12 12:30:00;97.76666666666667
1071729215;2021-05-12 12:30:00;2021-05-12 13:00:00;109.33333333333333
1071729215;2021-05-12 13:00:00;2021-05-12 13:30:00;98.56666666666666
1071729215;2021-05-12 13:30:00;2021-05-12 14:00:00;91.96666666666667
1071729215;2021-05-12 14:00:00;2021-05-12 14:30:00;104.3
1071729215;2021-05-12 14:30:00;2021-05-12 15:00:00;96.9
1071729215;2021-05-12 15:00:00;2021-05-12 15:30:00;96.26666666666667
1071729215;2021-05-12 15:30:00;2021-05-12 16:00:00;102.96666666666667
1071729215;2021-05-12 16:00:00;2021-05-12 16:30:00;95.53333333333333
1071729215;2021-05-12 16:30:00;2021-05-12 17:00:00;92.3
1071729215;2021-05-12 17:00:00;2021-05-12 17:30:00;101.16666666666667
1071729215;2021-05-12 17:30:00;2021-05-12 18:00:00;102.46666666666667
1071729215;2021-05-12 18:00:00;2021-05-12 18:30:00;112.23333333333333
1071729215;2021-05-12 18:30:00;2021-05-12 19:00:00;107.1
1071729215;2021-05-12 19:00:00;2021-05-12 19:30:00;107.76666666666667
1071729215;2021-05-12 19:30:00;2021-05-12 20:00:00;106.96666666666667
1071729215;2021-05-12 20:00:00;2021-05-12 20:30:00;92.6
1071729215;2021-05-12 20:30:00;2021-05-12 21:00:00;105.73333333333333
1071729215;2021-05-12 21:00:00;2021-05-12 21:30:00;107.16666666666667
1071729215;2021-05-12 21:30:00;2021-05-12 22:00:00;106.53333333333333
1071729215;2021-05-12 22:00:00;2021-05-12 22:30:00;103.5
1071729215;2021-05-12 22:30:00;2021-05-12 23:00:00;102.66666666666667
1071729215;2021-05-12 23:00:00;2021-05-12 23:30:00;101.33333333333333
1071729215;2021-05-12 23:30:00;2021-05-12 23:59:59;99.03333333333333
1071729215;2021-05-13 00:00:00;2021-05-13 00:30:00;92.03333333333333
1071729215;2021-05-13 00:30:00;2021-05-13 01:00:00;94.06666666666666
1071729215;2021-05-13 01:00:00;2021-05-13 01:30:00;82.6
1071729215;2021-05-13 01:30:00;2021-05-13 02:00:00;78.0
1071729215;2021-05-13 02:00:00;2021-05-13 02:30:00;87.83333333333333
1071729215;2021-05-13 02:30:00;2021-05-13 03:00:00;96.66666666666667
1071729215;2021-05-13 03:00:00;2021-05-13 03:30:00;98.0
1071729215;2021-05-13 03:30:00;2021-05-13 04:00:00;98.0
1071729215;2021-05-13 04:00:00;2021-05-13 04:30:00;98.0
1071729215;2021-05-13 04:30:00;2021-05-13 05:00:00;95.36666666666666
1071729215;2021-05-13 05:00:00;2021-05-13 05:30:00;92.7
1071729215;2021-05-13 05:30:00;2021-05-13 06:00:00;98.83333333333333
1071729215;2021-05-13 06:00:00;2021-05-13 06:30:00;95.63333333333334
1071729215;2021-05-13 06:30:00;2021-05-13 07:00:00;95.46666666666667
1071729215;2021-05-13 07:00:00;2021-05-13 07:30:00;90.33333333333333
1071729215;2021-05-13 07:30:00;2021-05-13 08:00:00;97.6
1071729215;2021-05-13 08:00:00;2021-05-13 08:30:00;91.53333333333333
1071729215;2021-05-13 08:30:00;2021-05-13 09:00:00;106.0
1071729215;2021-05-13 09:00:00;2021-05-13 09:30:00;93.66666666666667
1071729215;2021-05-13 09:30:00;2021-05-13 10:00:00;109.83333333333333
1071729215;2021-05-13 10:00:00;2021-05-13 10:30:00;95.66666666666667
1071729215;2021-05-13 10:30:00;2021-05-13 11:00:00;107.56666666666666
1071729215;2021-05-13 11:00:00;2021-05-13 11:30:00;101.76666666666667
1071729215;2021-05-13 11:30:00;2021-05-13 12:00:00;95.86666666666666
1071729215;2021-05-13 12:00:00;2021-05-13 12:30:00;107.93333333333334
1071729215;2021-05-13 12:30:00;2021-05-13 13:00:00;96.16666666666667
1071729215;2021-05-13 13:00:00;2021-05-13 13:30:00;101.4
1071729215;2021-05-13 13:30:00;2021-05-13 14:00:00;95.0
1071729215;2021-05-13 14:00:00;2021-05-13 14:30:00;101.8
1071729215;2021-05-13 14:30:00;2021-05-13 15:00:00;102.16666666666667
1071729215;2021-05-13 15:00:00;2021-05-13 15:30:00;101.36666666666666
1071729215;2021-05-13 15:30:00;2021-05-13 16:00:00;108.96666666666667
1071729215;2021-05-13 16:00:00;2021-05-13 16:30:00;93.13333333333334
1071729215;2021-05-13 16:30:00;2021-05-13 17:00:00;90.33333333333333
1071729215;2021-05-13 17:00:00;2021-05-13 17:30:00;78.76666666666667
1071729215;2021-05-13 17:30:00;2021-05-13 18:00:00;89.43333333333334
1071729215;2021-05-13 18:00:00;2021-05-13 18:30:00;100.63333333333334
1071729215;2021-05-13 18:30:00;2021-05-13 19:00:00;96.66666666666667
1071729215;2021-05-13 19:00:00;2021-05-13 19:30:00;98.5
1071729215;2021-05-13 19:30:00;2021-05-13 20:00:00;99.7
1071729215;2021-05-13 20:00:00;2021-05-13 20:30:00;103.33333333333333
1071729215;2021-05-13 20:30:00;2021-05-13 21:00:00;118.03333333333333
1071729215;2021-05-13 21:00:00;2021-05-13 21:30:00;102.0
1071729215;2021-05-13 21:30:00;2021-05-13 22:00:00;108.2
1071729215;2021-05-13 22:00:00;2021-05-13 22:30:00;107.5
1071729215;2021-05-13 22:30:00;2021-05-13 23:00:00;94.2
1071729215;2021-05-13 23:00:00;2021-05-13 23:30:00;101.0
1071729215;2021-05-13 23:30:00;2021-05-13 23:59:59;101.0
1071729215;2021-05-14 00:00:00;2021-05-14 00:30:00;101.0
1071729215;2021-05-14 00:30:00;2021-05-14 01:00:00;100.96666666666667
1071729215;2021-05-14 01:00:00;2021-05-14 01:30:00;110.76666666666667
1071729215;2021-05-14 01:30:00;2021-05-14 02:00:00;103.93333333333334
1071729215;2021-05-14 02:00:00;2021-05-14 02:30:00;105.0
1071729215;2021-05-14 02:30:00;2021-05-14 03:00:00;102.66666666666667
1071729215;2021-05-14 03:00:00;2021-05-14 03:30:00;112.7
1071729215;2021-05-14 03:30:00;2021-05-14 04:00:00;100.6
1071729215;2021-05-14 04:00:00;2021-05-14 04:30:00;106.33333333333333
1071729215;2021-05-14 04:30:00;2021-05-14 05:00:00;97.33333333333333
1071729215;2021-05-14 05:00:00;2021-05-14 05:30:00;93.46666666666667
1071729215;2021-05-14 05:30:00;2021-05-14 06:00:00;108.33333333333333
1071729215;2021-05-14 06:00:00;2021-05-14 06:30:00;100.13333333333334
1071729215;2021-05-14 06:30:00;2021-05-14 07:00:00;90.56666666666666
1071729215;2021-05-14 07:00:00;2021-05-14 07:30:00;97.53333333333333
1071729215;2021-05-14 07:30:00;2021-05-14 08:00:00;101.73333333333333
1071729215;2021-05-14 08:00:00;2021-05-14 08:30:00;106.23333333333333
1071729215;2021-05-14 08:30:00;2021-05-14 09:00:00;92.13333333333334
1071729215;2021-05-14 09:00:00;2021-05-14 09:30:00;92.73333333333333
1071729215;2021-05-14 09:30:00;2021-05-14 10:00:00;98.33333333333333
1071729215;2021-05-14 10:00:00;2021-05-14 10:30:00;106.66666666666667
1071729215;2021-05-14 10:30:00;2021-05-14 11:00:00;100.5
1071729215;2021-05-14 11:00:00;2021-05-14 11:30:00;100.63333333333334
1071729215;2021-05-14 11:30:00;2021-05-14 12:00:00;106.76666666666667
1071729215;2021-05-14 12:00:00;2021-05-14 12:30:00;101.26666666666667
1071729215;2021-05-14 12:30:00;2021-05-14 13:00:00;99.13333333333334
1071729215;2021-05-14 13:00:00;2021-05-14 13:30:00;98.86666666666666
1071729215;2021-05-14 13:30:00;2021-05-14 14:00:00;96.46666666666667
1071729215;2021-05-14 14:00:00;2021-05-14 14:30:00;90.03333333333333
1071729215;2021-05-14 14:30:00;2021-05-14 15:00:00;105.26666666666667
1071729215;2021-05-14 15:00:00;2021-05-14 15:30:00;104.93333333333334
1071729215;2021-05-14 15:30:00;2021-05-14 16:00:00;113.23333333333333
1071729215;2021-05-14 16:00:00;2021-05-14 16:30:00;103.73333333333333
1071729215;2021-05-14 16:30:00;2021-05-14 17:00:00;92.86666666666666
1071729215;2021-05-14 17:00:00;2021-05-14 17:30:00;102.63333333333334
1071729215;2021-05-14 17:30:00;2021-05-14 18:00:00;96.0
1071729215;2021-05-14 18:00:00;2021-05-14 18:30:00;107.63333333333334
1071729215;2021-05-14 18:30:00;2021-05-14 19:00:00;112.26666666666667
1071729215;2021-05-14 19:00:00;2021-05-14 19:30:00;103.53333333333333
1071729215;2021-05-14 19:30:00;2021-05-14 20:00:00;101.06666666666666
1071729215;2021-05-14 20:00:00;2021-05-14 20:30:00;94.13333333333334
1071729215;2021-05-14 20:30:00;2021-05-14 21:00:00;93.36666666666666
1071729215;2021-05-14 21:00:00;2021-05-14 21:30:00;86.43333333333334
1071729215;2021-05-14 21:30:00;2021-05-14 22:00:00;101.0
1071729215;2021-05-14 22:00:00;2021-05-14 22:30:00;100.96666666666667
1071729215;2021-05-14 22:30:00;2021-05-14 23:00:00;92.26666666666667
1071729215;2021-05-14 23:00:00;2021-05-14 23:30:00;97.66666666666667
1071729215;2021-05-14 23:30:00;2021-05-14 23:59:59;81.93333333333334
1071729215;2021-05-15 00:00:00;2021-05-15 00:30:00;79.5
1071729215;2021-05-15 00:30:00;2021-05-15 01:00:00;91.0
1071729215;2021-05-15 01:00:00;2021-05-15 01:30:00;93.63333333333334
1071729215;2021-05-15 01:30:00;2021-05-15 02:00:00;100.5
1071729215;2021-05-15 02:00:00;2021-05-15 02:30:00;101.0
1071729215;2021-05-15 02:30:00;2021-05-15 03:00:00;101.0
1071729215;2021-05-15 03:00:00;2021-05-15 03:30:00;92.0
1071729215;2021-05-15 03:30:00;2021-05-15 04:00:00;91.86666666666666
1071729215;2021-05-15 04:00:00;2021-05-15 04:30:00;88.13333333333334
1071729215;2021-05-15 04:30:00;2021-05-15 05:00:00;90.4
1071729215;2021-05-15 05:00:00;2021-05-15 05:30:00;97.4
1071729215;2021-05-15 05:30:00;2021-05-15 06:00:00;93.5
1071729215;2021-05-15 06:00:00;2021-05-15 06:30:00;101.0
1071729215;2021-05-15 06:30:00;2021-05-15 07:00:00;100.93333333333334
1071729215;2021-05-15 07:00:00;2021-05-15 07:30:00;116.26666666666667
1071729215;2021-05-15 07:30:00;2021-05-15 08:00:00;107.33333333333333
1071729215;2021-05-15 08:00:00;2021-05-15 08:30:00;95.33333333333333
1071729215;2021-05-15 08:30:00;2021-05-15 09:00:00;93.43333333333334
1071729215;2021-05-15 09:00:00;2021-05-15 09:30:00;96.33333333333333
1071729215;2021-05-15 09:30:00;2021-05-15 10:00:00;106.26666666666667
1071729215;2021-05-15 10:00:00;2021-05-15 10:30:00;99.56666666666666
1071729215;2021-05-15 10:30:00;2021-05-15 11:00:00;115.46666666666667
1071729215;2021-05-15 11:00:00;2021-05-15 11:30:00;100.06666666666666
1071729215;2021-05-15 11:30:00;2021-05-15 12:00:00;103.86666666666666
1071729215;2021-05-15 12:00:00;2021-05-15 12:30:00;102.43333333333334
1071729215;2021-05-15 12:30:00;2021-05-15 13:00:00;112.43333333333334
1071729215;2021-05-15 13:00:00;2021-05-15 13:30:00;107.73333333333333
1071729215;2021-05-15 13:30:00;2021-05-15 14:00:00;108.06666666666666
1071729215;2021-05-15 14:00:00;2021-05-15 14:30:00;111.9
1071729215;2021-05-15 14:30:00;2021-05-15 15:00:00;109.96666666666667
1071729215;2021-05-15 15:00:00;2021-05-15 15:30:00;100.06666666666666
1071729215;2021-05-15 15:30:00;2021-05-15 16:00:00;102.26666666666667
1071729215;2021-05-15 16:00:00;2021-05-15 16:30:00;107.76666666666667
1071729215;2021-05-15 16:30:00;2021-05-15 17:00:00;106.3
1071729215;2021-05-15 17:00:00;2021-05-15 17:30:00;113.16666666666667
1071729215;2021-05-15 17:30:00;2021-05-15 18:00:00;120.53333333333333
1071729215;2021-05-15 18:00:00;2021-05-15 18:30:00;110.53333333333333
1071729215;2021-05-15 18:30:00;2021-05-15 19:00:00;105.7
1071729215;2021-05-15 19:00:00;2021-05-15 19:30:00;100.26666666666667
1071729215;2021-05-15 19:30:00;2021-05-15 20:00:00;107.53333333333333
1071729215;2021-05-15 20:00:00;2021-05-15 20:30:00;116.33333333333333
1071729215;2021-05-15 20:30:00;2021-05-15 21:00:00;104.33333333333333
1071729215;2021-05-15 21:00:00;2021-05-15 21:30:00;110.63333333333334
1071729215;2021-05-15 21:30:00;2021-05-15 22:00:00;101.33333333333333
1071729215;2021-05-15 22:00:00;2021-05-15 22:30:00;114.66666666666667
1071729215;2021-05-15 22:30:00;2021-05-15 23:00:00;102.5
1071729215;2021-05-15 23:00:00;2021-05-15 23:30:00;90.33333333333333
1071729215;2021-05-15 23:30:00;2021-05-15 23:59:59;101.0
1071729215;2021-05-16 00:00:00;2021-05-16 00:30:00;101.0
1071729215;2021-05-16 00:30:00;2021-05-16 01:00:00;101.0
1071729215;2021-05-16 01:00:00;2021-05-16 01:30:00;101.0
1071729215;2021-05-16 01:30:00;2021-05-16 02:00:00;101.0
1071729215;2021-05-16 02:00:00;2021-05-16 02:30:00;101.0
1071729215;2021-05-16 02:30:00;2021-05-16 03:00:00;101.0
1071729215;2021-05-16 03:00:00;2021-05-16 03:30:00;95.0
1071729215;2021-05-16 03:30:00;2021-05-16 04:00:00;95.0
1071729215;2021-05-16 04:00:00;2021-05-16 04:30:00;104.33333333333333
1071729215;2021-05-16 04:30:00;2021-05-16 05:00:00;105.26666666666667
1071729215;2021-05-16 05:00:00;2021-05-16 05:30:00;108.26666666666667
1071729215;2021-05-16 05:30:00;2021-05-16 06:00:00;107.3
1071729215;2021-05-16 06:00:00;2021-05-16 06:30:00;95.73333333333333
1071729215;2021-05-16 06:30:00;2021-05-16 07:00:00;100.2
1071729215;2021-05-16 07:00:00;2021-05-16 07:30:00;110.53333333333333
1071729215;2021-05-16 07:30:00;2021-05-16 08:00:00;113.26666666666667
1071729215;2021-05-16 08:00:00;2021-05-16 08:30:00;109.26666666666667
1071729215;2021-05-16 08:30:00;2021-05-16 09:00:00;96.66666666666667
1071729215;2021-05-16 09:00:00;2021-05-16 09:30:00;95.6
1071729215;2021-05-16 09:30:00;2021-05-16 10:00:00;97.8
1071729215;2021-05-16 10:00:00;2021-05-16 10:30:00;93.46666666666667
1071729215;2021-05-16 10:30:00;2021-05-16 11:00:00;84.96666666666667
1071729215;2021-05-16 11:00:00;2021-05-16 11:30:00;96.03333333333333
1071729215;2021-05-16 11:30:00;2021-05-16 12:00:00;92.76666666666667
1071729215;2021-05-16 12:00:00;2021-05-16 12:30:00;91.2
1071729215;2021-05-16 12:30:00;2021-05-16 13:00:00;87.7
1071729215;2021-05-16 13:00:00;2021-05-16 13:30:00;97.96666666666667
1071729215;2021-05-16 13:30:00;2021-05-16 14:00:00;100.0
1071729215;2021-05-16 14:00:00;2021-05-16 14:30:00;94.8
1071729215;2021-05-16 14:30:00;2021-05-16 15:00:00;98.76666666666667
1071729215;2021-05-16 15:00:00;2021-05-16 15:30:00;96.66666666666667
1071729215;2021-05-16 15:30:00;2021-05-16 16:00:00;95.7
1071729215;2021-05-16 16:00:00;2021-05-16 16:30:00;93.63333333333334
1071729215;2021-05-16 16:30:00;2021-05-16 17:00:00;92.8
1071729215;2021-05-16 17:00:00;2021-05-16 17:30:00;93.3
1071729215;2021-05-16 17:30:00;2021-05-16 18:00:00;93.53333333333333
1071729215;2021-05-16 18:00:00;2021-05-16 18:30:00;98.3
1071729215;2021-05-16 18:30:00;2021-05-16 19:00:00;107.4
1071729215;2021-05-16 19:00:00;2021-05-16 19:30:00;107.06666666666666
1071729215;2021-05-16 19:30:00;2021-05-16 20:00:00;109.4
1071729215;2021-05-16 20:00:00;2021-05-16 20:30:00;110.66666666666667
1071729215;2021-05-16 20:30:00;2021-05-16 21:00:00;109.3
1071729215;2021-05-16 21:00:00;2021-05-16 21:30:00;103.16666666666667
1071729215;2021-05-16 21:30:00;2021-05-16 22:00:00;104.13333333333334
1071729215;2021-05-16 22:00:00;2021-05-16 22:30:00;101.0
1071729215;2021-05-16 22:30:00;2021-05-16 23:00:00;101.0
1071729215;2021-05-16 23:00:00;2021-05-16 23:30:00;101.0
1071729215;2021-05-16 23:30:00;2021-05-16 23:59:59;101.0
1071729215;2021-05-17 00:00:00;2021-05-17 00:30:00;101.0
1071729215;2021-05-17 00:30:00;2021-05-17 01:00:00;101.0
1071729215;2021-05-17 01:00:00;2021-05-17 01:30:00;101.0
1071729215;2021-05-17 01:30:00;2021-05-17 02:00:00;101.0
1071729215;2021-05-17 02:00:00;2021-05-17 02:30:00;101.0
1071729215;2021-05-17 02:30:00;2021-05-17 03:00:00;102.66666666666667
1071729215;2021-05-17 03:00:00;2021-05-17 03:30:00;100.96666666666667
1071729215;2021-05-17 03:30:00;2021-05-17 04:00:00;106.33333333333333
1071729215;2021-05-17 04:00:00;2021-05-17 04:30:00;112.46666666666667
1071729215;2021-05-17 04:30:00;2021-05-17 05:00:00;105.66666666666667
1071729215;2021-05-17 05:00:00;2021-05-17 05:30:00;100.03333333333333
1071729215;2021-05-17 05:30:00;2021-05-17 06:00:00;112.66666666666667
1071729215;2021-05-17 06:00:00;2021-05-17 06:30:00;106.53333333333333
1071729215;2021-05-17 06:30:00;2021-05-17 07:00:00;110.96666666666667
1071729215;2021-05-17 07:00:00;2021-05-17 07:30:00;93.13333333333334
1071729215;2021-05-17 07:30:00;2021-05-17 08:00:00;99.33333333333333
1071729215;2021-05-17 08:00:00;2021-05-17 08:30:00;108.0
1071729215;2021-05-17 08:30:00;2021-05-17 09:00:00;103.73333333333333
1071729215;2021-05-17 09:00:00;2021-05-17 09:30:00;92.1
1071729215;2021-05-17 09:30:00;2021-05-17 10:00:00;94.3
1071729215;2021-05-17 10:00:00;2021-05-17 10:30:00;102.0
1071729215;2021-05-17 10:30:00;2021-05-17 11:00:00;109.13333333333334
1071729215;2021-05-17 11:00:00;2021-05-17 11:30:00;97.1
1071729215;2021-05-17 11:30:00;2021-05-17 12:00:00;94.3
1071729215;2021-05-17 12:00:00;2021-05-17 12:30:00;94.96666666666667
1071729215;2021-05-17 12:30:00;2021-05-17 13:00:00;103.56666666666666
1071729215;2021-05-17 13:00:00;2021-05-17 13:30:00;98.23333333333333
1071729215;2021-05-17 13:30:00;2021-05-17 14:00:00;91.86666666666666
1071729215;2021-05-17 14:00:00;2021-05-17 14:30:00;97.73333333333333
1071729215;2021-05-17 14:30:00;2021-05-17 15:00:00;107.03333333333333
1071729215;2021-05-17 15:00:00;2021-05-17 15:30:00;86.76666666666667
1071729215;2021-05-17 15:30:00;2021-05-17 16:00:00;108.1
1071729215;2021-05-17 16:00:00;2021-05-17 16:30:00;104.23333333333333
1071729215;2021-05-17 16:30:00;2021-05-17 17:00:00;98.55172413793103
1071729215;2021-05-17 17:00:00;2021-05-17 17:30:00;106.93333333333334
1071729215;2021-05-17 17:30:00;2021-05-17 18:00:00;107.16666666666667
1071729215;2021-05-17 18:00:00;2021-05-17 18:30:00;103.46666666666667
1071729215;2021-05-17 18:30:00;2021-05-17 19:00:00;109.3
1071729215;2021-05-17 19:00:00;2021-05-17 19:30:00;104.16666666666667
1071729215;2021-05-17 19:30:00;2021-05-17 20:00:00;104.83333333333333
1071729215;2021-05-17 20:00:00;2021-05-17 20:30:00;88.43333333333334
1071729215;2021-05-17 20:30:00;2021-05-17 21:00:00;102.56666666666666
1071729215;2021-05-17 21:00:00;2021-05-17 21:30:00;96.33333333333333
1071729215;2021-05-17 21:30:00;2021-05-17 22:00:00;106.06666666666666
1071729215;2021-05-17 22:00:00;2021-05-17 22:30:00;101.66666666666667
1071729215;2021-05-17 22:30:00;2021-05-17 23:00:00;101.0
1071729215;2021-05-17 23:00:00;2021-05-17 23:30:00;101.0
1071729215;2021-05-17 23:30:00;2021-05-17 23:59:59;101.0
1071729215;2021-05-18 00:00:00;2021-05-18 00:30:00;101.0
1071729215;2021-05-18 00:30:00;2021-05-18 01:00:00;98.46666666666667
1071729215;2021-05-18 01:00:00;2021-05-18 01:30:00;99.23333333333333
1071729215;2021-05-18 01:30:00;2021-05-18 02:00:00;101.0
1071729215;2021-05-18 02:00:00;2021-05-18 02:30:00;101.0
1071729215;2021-05-18 02:30:00;2021-05-18 03:00:00;101.0
1071729215;2021-05-18 03:00:00;2021-05-18 03:30:00;93.13333333333334
1071729215;2021-05-18 03:30:00;2021-05-18 04:00:00;98.06666666666666
1071729215;2021-05-18 04:00:00;2021-05-18 04:30:00;91.06666666666666
1071729215;2021-05-18 04:30:00;2021-05-18 05:00:00;90.36666666666666
1071729215;2021-05-18 05:00:00;2021-05-18 05:30:00;111.26666666666667
1071729215;2021-05-18 05:30:00;2021-05-18 06:00:00;105.66666666666667
1071729215;2021-05-18 06:00:00;2021-05-18 06:30:00;104.1
1071729215;2021-05-18 06:30:00;2021-05-18 07:00:00;110.16666666666667
1071729215;2021-05-18 07:00:00;2021-05-18 07:30:00;110.3
1071729215;2021-05-18 07:30:00;2021-05-18 08:00:00;105.73333333333333
1071729215;2021-05-18 08:00:00;2021-05-18 08:30:00;92.9
1071729215;2021-05-18 08:30:00;2021-05-18 09:00:00;93.3
1071729215;2021-05-18 09:00:00;2021-05-18 09:30:00;93.13333333333334
1071729215;2021-05-18 09:30:00;2021-05-18 10:00:00;98.0
1071729215;2021-05-18 10:00:00;2021-05-18 10:30:00;85.7
1071729215;2021-05-18 10:30:00;2021-05-18 11:00:00;88.76666666666667
1071729215;2021-05-18 11:00:00;2021-05-18 11:30:00;84.0
1071729215;2021-05-18 11:30:00;2021-05-18 12:00:00;91.06666666666666
1071729215;2021-05-18 12:00:00;2021-05-18 12:30:00;98.17241379310344
1071729215;2021-05-18 12:30:00;2021-05-18 13:00:00;104.23333333333333
1071729215;2021-05-18 13:00:00;2021-05-18 13:30:00;102.5
1071729215;2021-05-18 13:30:00;2021-05-18 14:00:00;100.16666666666667
1071729215;2021-05-18 14:00:00;2021-05-18 14:30:00;103.06666666666666
1071729215;2021-05-18 14:30:00;2021-05-18 15:00:00;93.3
1071729215;2021-05-18 15:00:00;2021-05-18 15:30:00;99.46666666666667
1071729215;2021-05-18 15:30:00;2021-05-18 16:00:00;94.2
1071729215;2021-05-18 16:00:00;2021-05-18 16:30:00;102.4
1071729215;2021-05-18 16:30:00;2021-05-18 17:00:00;99.66666666666667
1071729215;2021-05-18 17:00:00;2021-05-18 17:30:00;98.83333333333333
1071729215;2021-05-18 17:30:00;2021-05-18 18:00:00;103.0
1071729215;2021-05-18 18:00:00;2021-05-18 18:30:00;94.06666666666666
1071729215;2021-05-18 18:30:00;2021-05-18 19:00:00;91.13333333333334
1071729215;2021-05-18 19:00:00;2021-05-18 19:30:00;98.73333333333333
1071729215;2021-05-18 19:30:00;2021-05-18 20:00:00;96.43333333333334
1071729215;2021-05-18 20:00:00;2021-05-18 20:30:00;98.13333333333334
1071729215;2021-05-18 20:30:00;2021-05-18 21:00:00;81.33333333333333
1071729215;2021-05-18 21:00:00;2021-05-18 21:30:00;78.4
1071729215;2021-05-18 21:30:00;2021-05-18 22:00:00;84.83333333333333
1071729215;2021-05-18 22:00:00;2021-05-18 22:30:00;94.8
1071729215;2021-05-18 22:30:00;2021-05-18 23:00:00;101.0
1071729215;2021-05-18 23:00:00;2021-05-18 23:30:00;101.0
1071729215;2021-05-18 23:30:00;2021-05-18 23:59:59;100.7
1071729215;2021-05-19 00:00:00;2021-05-19 00:30:00;100.86666666666666
1071729215;2021-05-19 00:30:00;2021-05-19 01:00:00;101.0
1071729215;2021-05-19 01:00:00;2021-05-19 01:30:00;101.0
1071729215;2021-05-19 01:30:00;2021-05-19 02:00:00;93.86666666666666
1071729215;2021-05-19 02:00:00;2021-05-19 02:30:00;101.0
1071729215;2021-05-19 02:30:00;2021-05-19 03:00:00;98.03333333333333
1071729215;2021-05-19 03:00:00;2021-05-19 03:30:00;97.73333333333333
1071729215;2021-05-19 03:30:00;2021-05-19 04:00:00;101.73333333333333
1071729215;2021-05-19 04:00:00;2021-05-19 04:30:00;93.0
1071729215;2021-05-19 04:30:00;2021-05-19 05:00:00;89.6
1071729215;2021-05-19 05:00:00;2021-05-19 05:30:00;99.7
1071729215;2021-05-19 05:30:00;2021-05-19 06:00:00;104.63333333333334
1071729215;2021-05-19 06:00:00;2021-05-19 06:30:00;111.3
1071729215;2021-05-19 06:30:00;2021-05-19 07:00:00;107.53333333333333
1071729215;2021-05-19 07:00:00;2021-05-19 07:30:00;91.4
1071729215;2021-05-19 07:30:00;2021-05-19 08:00:00;88.66666666666667
1071729215;2021-05-19 08:00:00;2021-05-19 08:30:00;98.1
1071729215;2021-05-19 08:30:00;2021-05-19 09:00:00;101.83333333333333
1071729215;2021-05-19 09:00:00;2021-05-19 09:30:00;93.66666666666667
1071729215;2021-05-19 09:30:00;2021-05-19 10:00:00;103.6
1071729215;2021-05-19 10:00:00;2021-05-19 10:30:00;98.43333333333334
1071729215;2021-05-19 10:30:00;2021-05-19 11:00:00;100.33333333333333
1071729215;2021-05-19 11:00:00;2021-05-19 11:30:00;100.86666666666666
1071729215;2021-05-19 11:30:00;2021-05-19 12:00:00;90.36666666666666
1071729215;2021-05-19 12:00:00;2021-05-19 12:30:00;103.16666666666667
1071729215;2021-05-19 12:30:00;2021-05-19 13:00:00;104.96666666666667
1071729215;2021-05-19 13:00:00;2021-05-19 13:30:00;102.5
1071729215;2021-05-19 13:30:00;2021-05-19 14:00:00;92.53333333333333
1071729215;2021-05-19 14:00:00;2021-05-19 14:30:00;104.0
1071729215;2021-05-19 14:30:00;2021-05-19 15:00:00;98.26666666666667
1071729215;2021-05-19 15:00:00;2021-05-19 15:30:00;96.8
1071729215;2021-05-19 15:30:00;2021-05-19 16:00:00;86.7
1071729215;2021-05-19 16:00:00;2021-05-19 16:30:00;90.46666666666667
1071729215;2021-05-19 16:30:00;2021-05-19 17:00:00;105.93333333333334
1071729215;2021-05-19 17:00:00;2021-05-19 17:30:00;101.33333333333333
1071729215;2021-05-19 17:30:00;2021-05-19 18:00:00;103.73333333333333
1071729215;2021-05-19 18:00:00;2021-05-19 18:30:00;92.83333333333333
1071729215;2021-05-19 18:30:00;2021-05-19 19:00:00;98.9
1071729215;2021-05-19 19:00:00;2021-05-19 19:30:00;113.36666666666666
1071729215;2021-05-19 19:30:00;2021-05-19 20:00:00;98.86666666666666
1071729215;2021-05-19 20:00:00;2021-05-19 20:30:00;93.42857142857143
1071729215;2021-05-19 20:30:00;2021-05-19 21:00:00;89.43333333333334
1071729215;2021-05-19 21:00:00;2021-05-19 21:30:00;95.13333333333334
1071729215;2021-05-19 21:30:00;2021-05-19 22:00:00;101.0
1071729215;2021-05-19 22:00:00;2021-05-19 22:30:00;102.5
1071729215;2021-05-19 22:30:00;2021-05-19 23:00:00;101.63333333333334
1071729215;2021-05-19 23:00:00;2021-05-19 23:30:00;91.76666666666667
1071729215;2021-05-19 23:30:00;2021-05-19 23:59:59;100.73333333333333
1071729215;2021-05-20 00:00:00;2021-05-20 00:30:00;101.0
1071729215;2021-05-20 00:30:00;2021-05-20 01:00:00;101.0
1071729215;2021-05-20 01:00:00;2021-05-20 01:30:00;93.5
1071729215;2021-05-20 01:30:00;2021-05-20 02:00:00;100.96666666666667
1071729215;2021-05-20 02:00:00;2021-05-20 02:30:00;101.0
1071729215;2021-05-20 02:30:00;2021-05-20 03:00:00;93.46666666666667
1071729215;2021-05-20 03:00:00;2021-05-20 03:30:00;98.83333333333333
1071729215;2021-05-20 03:30:00;2021-05-20 04:00:00;91.6
1071729215;2021-05-20 04:00:00;2021-05-20 04:30:00;92.6
1071729215;2021-05-20 04:30:00;2021-05-20 05:00:00;100.6
1071729215;2021-05-20 05:00:00;2021-05-20 05:30:00;98.9
1071729215;2021-05-20 05:30:00;2021-05-20 06:00:00;100.33333333333333
1071729215;2021-05-20 06:00:00;2021-05-20 06:30:00;105.73333333333333
1071729215;2021-05-20 06:30:00;2021-05-20 07:00:00;104.1
1071729215;2021-05-20 07:00:00;2021-05-20 07:30:00;95.53333333333333
1071729215;2021-05-20 07:30:00;2021-05-20 08:00:00;99.83333333333333
1071729215;2021-05-20 08:00:00;2021-05-20 08:30:00;113.44827586206897
1071729215;2021-05-20 08:30:00;2021-05-20 09:00:00;92.5
1071729215;2021-05-20 09:00:00;2021-05-20 09:30:00;99.73333333333333
1071729215;2021-05-20 09:30:00;2021-05-20 10:00:00;95.33333333333333
1071729215;2021-05-20 10:00:00;2021-05-20 10:30:00;88.8
1071729215;2021-05-20 10:30:00;2021-05-20 11:00:00;94.26666666666667
1071729215;2021-05-20 11:00:00;2021-05-20 11:30:00;110.86666666666666
1071729215;2021-05-20 11:30:00;2021-05-20 12:00:00;107.4
1071729215;2021-05-20 12:00:00;2021-05-20 12:30:00;104.26666666666667
1071729215;2021-05-20 12:30:00;2021-05-20 13:00:00;98.83333333333333
1071729215;2021-05-20 13:00:00;2021-05-20 13:30:00;98.7
1071729215;2021-05-20 13:30:00;2021-05-20 14:00:00;96.13333333333334
1071729215;2021-05-20 14:00:00;2021-05-20 14:30:00;96.86666666666666
1071729215;2021-05-20 14:30:00;2021-05-20 15:00:00;100.43333333333334
1071729215;2021-05-20 15:00:00;2021-05-20 15:30:00;88.36666666666666
1071729215;2021-05-20 15:30:00;2021-05-20 16:00:00;97.63333333333334
1071729215;2021-05-20 16:00:00;2021-05-20 16:30:00;99.83333333333333
1071729215;2021-05-20 16:30:00;2021-05-20 17:00:00;89.4
1071729215;2021-05-20 17:00:00;2021-05-20 17:30:00;98.26666666666667
1071729215;2021-05-20 17:30:00;2021-05-20 18:00:00;107.56666666666666
1071729215;2021-05-20 18:00:00;2021-05-20 18:30:00;117.24137931034483
1071729215;2021-05-20 18:30:00;2021-05-20 19:00:00;105.43333333333334
1071729215;2021-05-20 19:00:00;2021-05-20 19:30:00;100.0
1071729215;2021-05-20 19:30:00;2021-05-20 20:00:00;94.9
1071729215;2021-05-20 20:00:00;2021-05-20 20:30:00;113.13333333333334
1071729215;2021-05-20 20:30:00;2021-05-20 21:00:00;107.13333333333334
1071729215;2021-05-20 21:00:00;2021-05-20 21:30:00;85.56666666666666
1071729215;2021-05-20 21:30:00;2021-05-20 22:00:00;102.46666666666667
1071729215;2021-05-20 22:00:00;2021-05-20 22:30:00;91.03333333333333
1071729215;2021-05-20 22:30:00;2021-05-20 23:00:00;84.7
1071729215;2021-05-20 23:00:00;2021-05-20 23:30:00;95.6
1071729215;2021-05-20 23:30:00;2021-05-20 23:59:59;101.0
1071729215;2021-05-21 00:00:00;2021-05-21 00:30:00;101.0
1071729215;2021-05-21 00:30:00;2021-05-21 01:00:00;101.0
1071729215;2021-05-21 01:00:00;2021-05-21 01:30:00;101.0
1071729215;2021-05-21 01:30:00;2021-05-21 02:00:00;101.0
1071729215;2021-05-21 02:00:00;2021-05-21 02:30:00;107.66666666666667
1071729215;2021-05-21 02:30:00;2021-05-21 03:00:00;105.46666666666667
1071729215;2021-05-21 03:00:00;2021-05-21 03:30:00;98.16666666666667
1071729215;2021-05-21 03:30:00;2021-05-21 04:00:00;97.16666666666667
1071729215;2021-05-21 04:00:00;2021-05-21 04:30:00;93.43333333333334
1071729215;2021-05-21 04:30:00;2021-05-21 05:00:00;98.16666666666667
1071729215;2021-05-21 05:00:00;2021-05-21 05:30:00;97.7
1071729215;2021-05-21 05:30:00;2021-05-21 06:00:00;110.33333333333333
1071729215;2021-05-21 06:00:00;2021-05-21 06:30:00;93.96666666666667
1071729215;2021-05-21 06:30:00;2021-05-21 07:00:00;105.36666666666666
1071729215;2021-05-21 07:00:00;2021-05-21 07:30:00;92.96666666666667
1071729215;2021-05-21 07:30:00;2021-05-21 08:00:00;99.9
1071729215;2021-05-21 08:00:00;2021-05-21 08:30:00;102.03333333333333
1071729215;2021-05-21 08:30:00;2021-05-21 09:00:00;90.63333333333334
1071729215;2021-05-21 09:00:00;2021-05-21 09:30:00;94.46666666666667
1071729215;2021-05-21 09:30:00;2021-05-21 10:00:00;86.66666666666667
1071729215;2021-05-21 10:00:00;2021-05-21 10:30:00;104.17241379310344
1071729215;2021-05-21 10:30:00;2021-05-21 11:00:00;97.73333333333333
1071729215;2021-05-21 11:00:00;2021-05-21 11:30:00;104.13333333333334
1071729215;2021-05-21 11:30:00;2021-05-21 12:00:00;95.7
1071729215;2021-05-21 12:00:00;2021-05-21 12:30:00;97.76666666666667
1071729215;2021-05-21 12:30:00;2021-05-21 13:00:00;96.56666666666666
1071729215;2021-05-21 13:00:00;2021-05-21 13:30:00;103.03333333333333
1071729215;2021-05-21 13:30:00;2021-05-21 14:00:00;102.4
1071729215;2021-05-21 14:00:00;2021-05-21 14:30:00;100.53333333333333
1071729215;2021-05-21 14:30:00;2021-05-21 15:00:00;91.76666666666667
1071729215;2021-05-21 15:00:00;2021-05-21 15:30:00;102.53333333333333
1071729215;2021-05-21 15:30:00;2021-05-21 16:00:00;88.06666666666666
1071729215;2021-05-21 16:00:00;2021-05-21 16:30:00;108.2
1071729215;2021-05-21 16:30:00;2021-05-21 17:00:00;103.93333333333334
1071729215;2021-05-21 17:00:00;2021-05-21 17:30:00;103.66666666666667
1071729215;2021-05-21 17:30:00;2021-05-21 18:00:00;111.46666666666667
1071729215;2021-05-21 18:00:00;2021-05-21 18:30:00;95.0
1071729215;2021-05-21 18:30:00;2021-05-21 19:00:00;103.9
1071729215;2021-05-21 19:00:00;2021-05-21 19:30:00;103.53333333333333
1071729215;2021-05-21 19:30:00;2021-05-21 20:00:00;91.53333333333333
1071729215;2021-05-21 20:00:00;2021-05-21 20:30:00;97.0
1071729215;2021-05-21 20:30:00;2021-05-21 21:00:00;102.83333333333333
1071729215;2021-05-21 21:00:00;2021-05-21 21:30:00;111.53333333333333
1071729215;2021-05-21 21:30:00;2021-05-21 22:00:00;113.1
1071729215;2021-05-21 22:00:00;2021-05-21 22:30:00;112.9
1071729215;2021-05-21 22:30:00;2021-05-21 23:00:00;89.33333333333333
1071729215;2021-05-21 23:00:00;2021-05-21 23:30:00;104.76666666666667
1071729215;2021-05-21 23:30:00;2021-05-21 23:59:59;94.1
1071729215;2021-05-22 00:00:00;2021-05-22 00:30:00;101.0
1071729215;2021-05-22 00:30:00;2021-05-22 01:00:00;101.0
1071729215;2021-05-22 01:00:00;2021-05-22 01:30:00;101.0
1071729215;2021-05-22 01:30:00;2021-05-22 02:00:00;101.0
1071729215;2021-05-22 02:00:00;2021-05-22 02:30:00;101.0
1071729215;2021-05-22 02:30:00;2021-05-22 03:00:00;100.26666666666667
1071729215;2021-05-22 03:00:00;2021-05-22 03:30:00;99.5
1071729215;2021-05-22 03:30:00;2021-05-22 04:00:00;94.53333333333333
1071729215;2021-05-22 04:00:00;2021-05-22 04:30:00;91.76666666666667
1071729215;2021-05-22 04:30:00;2021-05-22 05:00:00;109.26666666666667
1071729215;2021-05-22 05:00:00;2021-05-22 05:30:00;114.5
1071729215;2021-05-22 05:30:00;2021-05-22 06:00:00;116.13333333333334
1071729215;2021-05-22 06:00:00;2021-05-22 06:30:00;92.46666666666667
1071729215;2021-05-22 06:30:00;2021-05-22 07:00:00;90.56666666666666
1071729215;2021-05-22 07:00:00;2021-05-22 07:30:00;97.83333333333333
1071729215;2021-05-22 07:30:00;2021-05-22 08:00:00;113.6
1071729215;2021-05-22 08:00:00;2021-05-22 08:30:00;105.96666666666667
1071729215;2021-05-22 08:30:00;2021-05-22 09:00:00;106.43333333333334
1071729215;2021-05-22 09:00:00;2021-05-22 09:30:00;100.16666666666667
1071729215;2021-05-22 09:30:00;2021-05-22 10:00:00;110.3
1071729215;2021-05-22 10:00:00;2021-05-22 10:30:00;104.16666666666667
1071729215;2021-05-22 10:30:00;2021-05-22 11:00:00;109.56666666666666
1071729215;2021-05-22 11:00:00;2021-05-22 11:30:00;100.7
1071729215;2021-05-22 11:30:00;2021-05-22 12:00:00;116.9
1071729215;2021-05-22 12:00:00;2021-05-22 12:30:00;104.56666666666666
1071729215;2021-05-22 12:30:00;2021-05-22 13:00:00;103.7
1071729215;2021-05-22 13:00:00;2021-05-22 13:30:00;91.36666666666666
1071729215;2021-05-22 13:30:00;2021-05-22 14:00:00;106.0
1071729215;2021-05-22 14:00:00;2021-05-22 14:30:00;105.1
1071729215;2021-05-22 14:30:00;2021-05-22 15:00:00;112.53333333333333
1071729215;2021-05-22 15:00:00;2021-05-22 15:30:00;108.06666666666666
1071729215;2021-05-22 15:30:00;2021-05-22 16:00:00;102.43333333333334
1071729215;2021-05-22 16:00:00;2021-05-22 16:30:00;110.16666666666667
1071729215;2021-05-22 16:30:00;2021-05-22 17:00:00;98.76666666666667
1071729215;2021-05-22 17:00:00;2021-05-22 17:30:00;102.46666666666667
1071729215;2021-05-22 17:30:00;2021-05-22 18:00:00;108.1
1071729215;2021-05-22 18:00:00;2021-05-22 18:30:00;108.33333333333333
1071729215;2021-05-22 18:30:00;2021-05-22 19:00:00;109.56666666666666
1071729215;2021-05-22 19:00:00;2021-05-22 19:30:00;102.76666666666667
1071729215;2021-05-22 19:30:00;2021-05-22 20:00:00;106.13333333333334
1071729215;2021-05-22 20:00:00;2021-05-22 20:30:00;108.93333333333334
1071729215;2021-05-22 20:30:00;2021-05-22 21:00:00;105.06666666666666
1071729215;2021-05-22 21:00:00;2021-05-22 21:30:00;101.13333333333334
1071729215;2021-05-22 21:30:00;2021-05-22 22:00:00;93.73333333333333
1071729215;2021-05-22 22:00:00;2021-05-22 22:30:00;107.2
1071729215;2021-05-22 22:30:00;2021-05-22 23:00:00;99.7
1071729215;2021-05-22 23:00:00;2021-05-22 23:30:00;102.43333333333334
1071729215;2021-05-22 23:30:00;2021-05-22 23:59:59;101.0
1071729215;2021-05-23 00:00:00;2021-05-23 00:30:00;101.0
1071729215;2021-05-23 00:30:00;2021-05-23 01:00:00;101.0
1071729215;2021-05-23 01:00:00;2021-05-23 01:30:00;101.0
1071729215;2021-05-23 01:30:00;2021-05-23 02:00:00;101.0
1071729215;2021-05-23 02:00:00;2021-05-23 02:30:00;101.0
1071729215;2021-05-23 02:30:00;2021-05-23 03:00:00;101.0
1071729215;2021-05-23 03:00:00;2021-05-23 03:30:00;98.1
1071729215;2021-05-23 03:30:00;2021-05-23 04:00:00;102.76666666666667
1071729215;2021-05-23 04:00:00;2021-05-23 04:30:00;98.2
1071729215;2021-05-23 04:30:00;2021-05-23 05:00:00;98.0
1071729215;2021-05-23 05:00:00;2021-05-23 05:30:00;105.63333333333334
1071729215;2021-05-23 05:30:00;2021-05-23 06:00:00;94.3
1071729215;2021-05-23 06:00:00;2021-05-23 06:30:00;108.23333333333333
1071729215;2021-05-23 06:30:00;2021-05-23 07:00:00;99.26666666666667
1071729215;2021-05-23 07:00:00;2021-05-23 07:30:00;108.86666666666666
1071729215;2021-05-23 07:30:00;2021-05-23 08:00:00;107.6
1071729215;2021-05-23 08:00:00;2021-05-23 08:30:00;95.86666666666666
1071729215;2021-05-23 08:30:00;2021-05-23 09:00:00;103.4
1071729215;2021-05-23 09:00:00;2021-05-23 09:30:00;107.16666666666667
1071729215;2021-05-23 09:30:00;2021-05-23 10:00:00;97.33333333333333
1071729215;2021-05-23 10:00:00;2021-05-23 10:30:00;95.16666666666667
1071729215;2021-05-23 10:30:00;2021-05-23 11:00:00;112.7
1071729215;2021-05-23 11:00:00;2021-05-23 11:30:00;107.1
1071729215;2021-05-23 11:30:00;2021-05-23 12:00:00;103.53333333333333
1071729215;2021-05-23 12:00:00;2021-05-23 12:30:00;105.6
1071729215;2021-05-23 12:30:00;2021-05-23 13:00:00;95.63333333333334
1071729215;2021-05-23 13:00:00;2021-05-23 13:30:00;91.63333333333334
1071729215;2021-05-23 13:30:00;2021-05-23 14:00:00;96.83333333333333
1071729215;2021-05-23 14:00:00;2021-05-23 14:30:00;88.53333333333333
1071729215;2021-05-23 14:30:00;2021-05-23 15:00:00;97.4
1071729215;2021-05-23 15:00:00;2021-05-23 15:30:00;104.56666666666666
1071729215;2021-05-23 15:30:00;2021-05-23 16:00:00;109.36666666666666
1071729215;2021-05-23 16:00:00;2021-05-23 16:30:00;94.83333333333333
1071729215;2021-05-23 16:30:00;2021-05-23 17:00:00;102.1
1071729215;2021-05-23 17:00:00;2021-05-23 17:30:00;100.76666666666667
1071729215;2021-05-23 17:30:00;2021-05-23 18:00:00;84.26666666666667
1071729215;2021-05-23 18:00:00;2021-05-23 18:30:00;102.2
1071729215;2021-05-23 18:30:00;2021-05-23 19:00:00;104.03333333333333
1071729215;2021-05-23 19:00:00;2021-05-23 19:30:00;102.96666666666667
1071729215;2021-05-23 19:30:00;2021-05-23 20:00:00;100.41379310344827
1071729215;2021-05-23 20:00:00;2021-05-23 20:30:00;107.2
1071729215;2021-05-23 20:30:00;2021-05-23 21:00:00;98.7
1071729215;2021-05-23 21:00:00;2021-05-23 21:30:00;113.43333333333334
1071729215;2021-05-23 21:30:00;2021-05-23 22:00:00;106.06896551724138
1071729215;2021-05-23 22:00:00;2021-05-23 22:30:00;125.33333333333333
1071729215;2021-05-23 22:30:00;2021-05-23 23:00:00;122.03333333333333
1071729215;2021-05-23 23:00:00;2021-05-23 23:30:00;105.76666666666667
1071729215;2021-05-23 23:30:00;2021-05-23 23:59:59;100.76666666666667
1071729215;2021-05-24 00:00:00;2021-05-24 00:30:00;101.0
1071729215;2021-05-24 00:30:00;2021-05-24 01:00:00;101.0
1071729215;2021-05-24 01:00:00;2021-05-24 01:30:00;101.0
1071729215;2021-05-24 01:30:00;2021-05-24 02:00:00;101.0
1071729215;2021-05-24 02:00:00;2021-05-24 02:30:00;101.0
1071729215;2021-05-24 02:30:00;2021-05-24 03:00:00;110.9
1071729215;2021-05-24 03:00:00;2021-05-24 03:30:00;102.6
1071729215;2021-05-24 03:30:00;2021-05-24 04:00:00;114.33333333333333
1071729215;2021-05-24 04:00:00;2021-05-24 04:30:00;110.53333333333333
1071729215;2021-05-24 04:30:00;2021-05-24 05:00:00;105.66666666666667
1071729215;2021-05-24 05:00:00;2021-05-24 05:30:00;113.23333333333333
1071729215;2021-05-24 05:30:00;2021-05-24 06:00:00;108.16666666666667
1071729215;2021-05-24 06:00:00;2021-05-24 06:30:00;106.93333333333334
1071729215;2021-05-24 06:30:00;2021-05-24 07:00:00;95.83333333333333
1071729215;2021-05-24 07:00:00;2021-05-24 07:30:00;105.13333333333334
1071729215;2021-05-24 07:30:00;2021-05-24 08:00:00;101.6
1071729215;2021-05-24 08:00:00;2021-05-24 08:30:00;106.36666666666666
1071729215;2021-05-24 08:30:00;2021-05-24 09:00:00;104.7
1071729215;2021-05-24 09:00:00;2021-05-24 09:30:00;105.3
1071729215;2021-05-24 09:30:00;2021-05-24 10:00:00;101.86666666666666
1071729215;2021-05-24 10:00:00;2021-05-24 10:30:00;92.83333333333333
1071729215;2021-05-24 10:30:00;2021-05-24 11:00:00;106.56666666666666
1071729215;2021-05-24 11:00:00;2021-05-24 11:30:00;99.10714285714286
1071729215;2021-05-24 11:30:00;2021-05-24 12:00:00;99.06666666666666
1071729215;2021-05-24 12:00:00;2021-05-24 12:30:00;99.0
1071729215;2021-05-24 12:30:00;2021-05-24 13:00:00;99.96666666666667
1071729215;2021-05-24 13:00:00;2021-05-24 13:30:00;95.03333333333333
1071729215;2021-05-24 13:30:00;2021-05-24 14:00:00;94.83333333333333
1071729215;2021-05-24 14:00:00;2021-05-24 14:30:00;91.23333333333333
1071729215;2021-05-24 14:30:00;2021-05-24 15:00:00;103.43333333333334
1071729215;2021-05-24 15:00:00;2021-05-24 15:30:00;102.8
1071729215;2021-05-24 15:30:00;2021-05-24 16:00:00;105.06666666666666
1071729215;2021-05-24 16:00:00;2021-05-24 16:30:00;96.9
1071729215;2021-05-24 16:30:00;2021-05-24 17:00:00;100.9
1071729215;2021-05-24 17:00:00;2021-05-24 17:30:00;107.2
1071729215;2021-05-24 17:30:00;2021-05-24 18:00:00;96.33333333333333
1071729215;2021-05-24 18:00:00;2021-05-24 18:30:00;108.0
1071729215;2021-05-24 18:30:00;2021-05-24 19:00:00;108.0
1071729215;2021-05-24 19:00:00;2021-05-24 19:30:00;97.23333333333333
1071729215;2021-05-24 19:30:00;2021-05-24 20:00:00;94.96666666666667
1071729215;2021-05-24 20:00:00;2021-05-24 20:30:00;111.73333333333333
1071729215;2021-05-24 20:30:00;2021-05-24 21:00:00;106.23333333333333
1071729215;2021-05-24 21:00:00;2021-05-24 21:30:00;89.66666666666667
1071729215;2021-05-24 21:30:00;2021-05-24 22:00:00;88.2
1071729215;2021-05-24 22:00:00;2021-05-24 22:30:00;93.0
1071729215;2021-05-24 22:30:00;2021-05-24 23:00:00;96.86666666666666
1071729215;2021-05-24 23:00:00;2021-05-24 23:30:00;87.6
1071729215;2021-05-24 23:30:00;2021-05-24 23:59:59;101.0
1071729215;2021-05-25 00:00:00;2021-05-25 00:30:00;101.0
1071729215;2021-05-25 00:30:00;2021-05-25 01:00:00;101.0
1071729215;2021-05-25 01:00:00;2021-05-25 01:30:00;101.0
1071729215;2021-05-25 01:30:00;2021-05-25 02:00:00;96.1
1071729215;2021-05-25 02:00:00;2021-05-25 02:30:00;108.83333333333333
1071729215;2021-05-25 02:30:00;2021-05-25 03:00:00;101.0
1071729215;2021-05-25 03:00:00;2021-05-25 03:30:00;95.1
1071729215;2021-05-25 03:30:00;2021-05-25 04:00:00;100.73333333333333
1071729215;2021-05-25 04:00:00;2021-05-25 04:30:00;98.8
1071729215;2021-05-25 04:30:00;2021-05-25 05:00:00;98.86666666666666
1071729215;2021-05-25 05:00:00;2021-05-25 05:30:00;96.4
1071729215;2021-05-25 05:30:00;2021-05-25 06:00:00;100.3
1071729215;2021-05-25 06:00:00;2021-05-25 06:30:00;103.06666666666666
1071729215;2021-05-25 06:30:00;2021-05-25 07:00:00;100.5
1071729215;2021-05-25 07:00:00;2021-05-25 07:30:00;93.6
1071729215;2021-05-25 07:30:00;2021-05-25 08:00:00;91.7
1071729215;2021-05-25 08:00:00;2021-05-25 08:30:00;89.86666666666666
1071729215;2021-05-25 08:30:00;2021-05-25 09:00:00;91.36
1071729215;2021-05-25 09:00:00;2021-05-25 09:30:00;89.04545454545455
1071729215;2021-05-25 09:30:00;2021-05-25 10:00:00;97.27586206896552
1071729215;2021-05-25 10:00:00;2021-05-25 10:30:00;98.2
1071729215;2021-05-25 10:30:00;2021-05-25 11:00:00;95.46666666666667
1071729215;2021-05-25 11:00:00;2021-05-25 11:30:00;96.75862068965517
1071729215;2021-05-25 11:30:00;2021-05-25 12:00:00;93.43333333333334
1071729215;2021-05-25 12:00:00;2021-05-25 12:30:00;96.56666666666666
1071729215;2021-05-25 12:30:00;2021-05-25 13:00:00;101.2
1071729215;2021-05-25 13:00:00;2021-05-25 13:30:00;101.26666666666667
1071729215;2021-05-25 13:30:00;2021-05-25 14:00:00;107.33333333333333
1071729215;2021-05-25 14:00:00;2021-05-25 14:30:00;103.03333333333333
1071729215;2021-05-25 14:30:00;2021-05-25 15:00:00;89.56666666666666
1071729215;2021-05-25 15:00:00;2021-05-25 15:30:00;109.2
1071729215;2021-05-25 15:30:00;2021-05-25 16:00:00;106.5
1071729215;2021-05-25 16:00:00;2021-05-25 16:30:00;89.23333333333333
1071729215;2021-05-25 16:30:00;2021-05-25 17:00:00;105.46666666666667
1071729215;2021-05-25 17:00:00;2021-05-25 17:30:00;102.0
1071729215;2021-05-25 17:30:00;2021-05-25 18:00:00;107.76666666666667
1071729215;2021-05-25 18:00:00;2021-05-25 18:30:00;99.23333333333333
1071729215;2021-05-25 18:30:00;2021-05-25 19:00:00;97.0
1071729215;2021-05-25 19:00:00;2021-05-25 19:30:00;93.33333333333333
1071729215;2021-05-25 19:30:00;2021-05-25 20:00:00;100.63333333333334
1071729215;2021-05-25 20:00:00;2021-05-25 20:30:00;95.26666666666667
1071729215;2021-05-25 20:30:00;2021-05-25 21:00:00;86.6
1071729215;2021-05-25 21:00:00;2021-05-25 21:30:00;98.9
1071729215;2021-05-25 21:30:00;2021-05-25 22:00:00;89.6
1071729215;2021-05-25 22:00:00;2021-05-25 22:30:00;94.36666666666666
1071729215;2021-05-25 22:30:00;2021-05-25 23:00:00;101.33333333333333
1071729215;2021-05-25 23:00:00;2021-05-25 23:30:00;111.73333333333333
1071729215;2021-05-25 23:30:00;2021-05-25 23:59:59;112.4
1071729215;2021-05-26 00:00:00;2021-05-26 00:30:00;92.2
1071729215;2021-05-26 00:30:00;2021-05-26 01:00:00;101.66666666666667
1071729215;2021-05-26 01:00:00;2021-05-26 01:30:00;90.8
1071729215;2021-05-26 01:30:00;2021-05-26 02:00:00;101.0
1071729215;2021-05-26 02:00:00;2021-05-26 02:30:00;101.0
1071729215;2021-05-26 02:30:00;2021-05-26 03:00:00;98.56666666666666
1071729215;2021-05-26 03:00:00;2021-05-26 03:30:00;100.73333333333333
1071729215;2021-05-26 03:30:00;2021-05-26 04:00:00;111.20689655172414
1071729215;2021-05-26 04:00:00;2021-05-26 04:30:00;98.6
1071729215;2021-05-26 04:30:00;2021-05-26 05:00:00;107.0
1071729215;2021-05-26 05:00:00;2021-05-26 05:30:00;94.56666666666666
1071729215;2021-05-26 05:30:00;2021-05-26 06:00:00;104.2
1071729215;2021-05-26 06:00:00;2021-05-26 06:30:00;103.7
1071729215;2021-05-26 06:30:00;2021-05-26 07:00:00;106.23333333333333
1071729215;2021-05-26 07:00:00;2021-05-26 07:30:00;93.06666666666666
1071729215;2021-05-26 07:30:00;2021-05-26 08:00:00;98.03333333333333
1071729215;2021-05-26 08:00:00;2021-05-26 08:30:00;88.23333333333333
1071729215;2021-05-26 08:30:00;2021-05-26 09:00:00;100.83333333333333
1071729215;2021-05-26 09:00:00;2021-05-26 09:30:00;87.33333333333333
1071729215;2021-05-26 09:30:00;2021-05-26 10:00:00;93.46666666666667
1071729215;2021-05-26 10:00:00;2021-05-26 10:30:00;98.7
1071729215;2021-05-26 10:30:00;2021-05-26 11:00:00;86.93333333333334
1071729215;2021-05-26 11:00:00;2021-05-26 11:30:00;84.6
1071729215;2021-05-26 11:30:00;2021-05-26 12:00:00;106.66666666666667
1071729215;2021-05-26 12:00:00;2021-05-26 12:30:00;89.93333333333334
1071729215;2021-05-26 12:30:00;2021-05-26 13:00:00;96.3
1071729215;2021-05-26 13:00:00;2021-05-26 13:30:00;90.16666666666667
1071729215;2021-05-26 13:30:00;2021-05-26 14:00:00;93.7
1071729215;2021-05-26 14:00:00;2021-05-26 14:30:00;96.16666666666667
1071729215;2021-05-26 14:30:00;2021-05-26 15:00:00;93.06666666666666
1071729215;2021-05-26 15:00:00;2021-05-26 15:30:00;97.06666666666666
1071729215;2021-05-26 15:30:00;2021-05-26 16:00:00;88.76666666666667
1071729215;2021-05-26 16:00:00;2021-05-26 16:30:00;109.96666666666667
1071729215;2021-05-26 16:30:00;2021-05-26 17:00:00;105.86666666666666
1071729215;2021-05-26 17:00:00;2021-05-26 17:30:00;98.3157894736842
1071729215;2021-05-26 17:30:00;2021-05-26 18:00:00;
1071729215;2021-05-26 18:00:00;2021-05-26 18:30:00;
1071729215;2021-05-26 18:30:00;2021-05-26 19:00:00;101.33333333333333
1071729215;2021-05-26 19:00:00;2021-05-26 19:30:00;91.3
1071729215;2021-05-26 19:30:00;2021-05-26 20:00:00;98.73333333333333
1071729215;2021-05-26 20:00:00;2021-05-26 20:30:00;95.76666666666667
1071729215;2021-05-26 20:30:00;2021-05-26 21:00:00;88.76666666666667
1071729215;2021-05-26 21:00:00;2021-05-26 21:30:00;98.2
1071729215;2021-05-26 21:30:00;2021-05-26 22:00:00;92.16666666666667
1071729215;2021-05-26 22:00:00;2021-05-26 22:30:00;96.6
1071729215;2021-05-26 22:30:00;2021-05-26 23:00:00;99.8
1071729215;2021-05-26 23:00:00;2021-05-26 23:30:00;96.16666666666667
1071729215;2021-05-26 23:30:00;2021-05-26 23:59:59;100.16666666666667
1071729215;2021-05-27 00:00:00;2021-05-27 00:30:00;99.8
1071729215;2021-05-27 00:30:00;2021-05-27 01:00:00;101.0
1071729215;2021-05-27 01:00:00;2021-05-27 01:30:00;101.0
1071729215;2021-05-27 01:30:00;2021-05-27 02:00:00;96.93333333333334
1071729215;2021-05-27 02:00:00;2021-05-27 02:30:00;91.66666666666667
1071729215;2021-05-27 02:30:00;2021-05-27 03:00:00;97.1
1071729215;2021-05-27 03:00:00;2021-05-27 03:30:00;94.23333333333333
1071729215;2021-05-27 03:30:00;2021-05-27 04:00:00;96.46666666666667
1071729215;2021-05-27 04:00:00;2021-05-27 04:30:00;91.0
1071729215;2021-05-27 04:30:00;2021-05-27 05:00:00;98.8
1071729215;2021-05-27 05:00:00;2021-05-27 05:30:00;94.4
1071729215;2021-05-27 05:30:00;2021-05-27 06:00:00;93.06666666666666
1071729215;2021-05-27 06:00:00;2021-05-27 06:30:00;93.4
1071729215;2021-05-27 06:30:00;2021-05-27 07:00:00;97.3
1071729215;2021-05-27 07:00:00;2021-05-27 07:30:00;97.93333333333334
1071729215;2021-05-27 07:30:00;2021-05-27 08:00:00;102.9
1071729215;2021-05-27 08:00:00;2021-05-27 08:30:00;104.1
1071729215;2021-05-27 08:30:00;2021-05-27 09:00:00;95.73333333333333
1071729215;2021-05-27 09:00:00;2021-05-27 09:30:00;93.1
1071729215;2021-05-27 09:30:00;2021-05-27 10:00:00;88.8
1071729215;2021-05-27 10:00:00;2021-05-27 10:30:00;96.2
1071729215;2021-05-27 10:30:00;2021-05-27 11:00:00;97.9
1071729215;2021-05-27 11:00:00;2021-05-27 11:30:00;93.06666666666666
1071729215;2021-05-27 11:30:00;2021-05-27 12:00:00;85.33333333333333
1071729215;2021-05-27 12:00:00;2021-05-27 12:30:00;107.1
1071729215;2021-05-27 12:30:00;2021-05-27 13:00:00;100.8
1071729215;2021-05-27 13:00:00;2021-05-27 13:30:00;101.76666666666667
1071729215;2021-05-27 13:30:00;2021-05-27 14:00:00;105.13333333333334
1071729215;2021-05-27 14:00:00;2021-05-27 14:30:00;97.36666666666666
1071729215;2021-05-27 14:30:00;2021-05-27 15:00:00;96.0
1071729215;2021-05-27 15:00:00;2021-05-27 15:30:00;93.3
1071729215;2021-05-27 15:30:00;2021-05-27 16:00:00;89.36666666666666
1071729215;2021-05-27 16:00:00;2021-05-27 16:30:00;88.63333333333334
1071729215;2021-05-27 16:30:00;2021-05-27 17:00:00;103.36666666666666
1071729215;2021-05-27 17:00:00;2021-05-27 17:30:00;106.96666666666667
1071729215;2021-05-27 17:30:00;2021-05-27 18:00:00;95.43333333333334
1071729215;2021-05-27 18:00:00;2021-05-27 18:30:00;88.96666666666667
1071729215;2021-05-27 18:30:00;2021-05-27 19:00:00;97.16666666666667
1071729215;2021-05-27 19:00:00;2021-05-27 19:30:00;102.43333333333334
1071729215;2021-05-27 19:30:00;2021-05-27 20:00:00;105.0
1071729215;2021-05-27 20:00:00;2021-05-27 20:30:00;106.13333333333334
1071729215;2021-05-27 20:30:00;2021-05-27 21:00:00;104.93333333333334
1071729215;2021-05-27 21:00:00;2021-05-27 21:30:00;88.33333333333333
1071729215;2021-05-27 21:30:00;2021-05-27 22:00:00;98.6
1071729215;2021-05-27 22:00:00;2021-05-27 22:30:00;101.0
1071729215;2021-05-27 22:30:00;2021-05-27 23:00:00;92.8
1071729215;2021-05-27 23:00:00;2021-05-27 23:30:00;91.73333333333333
1071729215;2021-05-27 23:30:00;2021-05-27 23:59:59;100.3
1071729215;2021-05-28 00:00:00;2021-05-28 00:30:00;94.56666666666666
1071729215;2021-05-28 00:30:00;2021-05-28 01:00:00;95.13333333333334
1071729215;2021-05-28 01:00:00;2021-05-28 01:30:00;85.0
1071729215;2021-05-28 01:30:00;2021-05-28 02:00:00;87.73333333333333
1071729215;2021-05-28 02:00:00;2021-05-28 02:30:00;90.73333333333333
1071729215;2021-05-28 02:30:00;2021-05-28 03:00:00;95.73333333333333
1071729215;2021-05-28 03:00:00;2021-05-28 03:30:00;93.83333333333333
1071729215;2021-05-28 03:30:00;2021-05-28 04:00:00;98.66666666666667
1071729215;2021-05-28 04:00:00;2021-05-28 04:30:00;103.03333333333333
1071729215;2021-05-28 04:30:00;2021-05-28 05:00:00;104.96666666666667
1071729215;2021-05-28 05:00:00;2021-05-28 05:30:00;90.9
1071729215;2021-05-28 05:30:00;2021-05-28 06:00:00;108.16666666666667
1071729215;2021-05-28 06:00:00;2021-05-28 06:30:00;105.03333333333333
1071729215;2021-05-28 06:30:00;2021-05-28 07:00:00;104.93333333333334
1071729215;2021-05-28 07:00:00;2021-05-28 07:30:00;95.23333333333333
1071729215;2021-05-28 07:30:00;2021-05-28 08:00:00;104.86666666666666
1071729215;2021-05-28 08:00:00;2021-05-28 08:30:00;96.4
1071729215;2021-05-28 08:30:00;2021-05-28 09:00:00;105.23333333333333
1071729215;2021-05-28 09:00:00;2021-05-28 09:30:00;102.53333333333333
1071729215;2021-05-28 09:30:00;2021-05-28 10:00:00;109.26666666666667
1071729215;2021-05-28 10:00:00;2021-05-28 10:30:00;111.8
1071729215;2021-05-28 10:30:00;2021-05-28 11:00:00;108.5
1071729215;2021-05-28 11:00:00;2021-05-28 11:30:00;104.9
1071729215;2021-05-28 11:30:00;2021-05-28 12:00:00;105.13333333333334
1071729215;2021-05-28 12:00:00;2021-05-28 12:30:00;100.96666666666667
1071729215;2021-05-28 12:30:00;2021-05-28 13:00:00;94.2
1071729215;2021-05-28 13:00:00;2021-05-28 13:30:00;116.86666666666666
1071729215;2021-05-28 13:30:00;2021-05-28 14:00:00;102.16666666666667
1071729215;2021-05-28 14:00:00;2021-05-28 14:30:00;94.33333333333333
1071729215;2021-05-28 14:30:00;2021-05-28 15:00:00;98.33333333333333
1071729215;2021-05-28 15:00:00;2021-05-28 15:30:00;101.0
1071729215;2021-05-28 15:30:00;2021-05-28 16:00:00;101.06666666666666
1071729215;2021-05-28 16:00:00;2021-05-28 16:30:00;121.06666666666666
1071729215;2021-05-28 16:30:00;2021-05-28 17:00:00;99.93333333333334
1071729215;2021-05-28 17:00:00;2021-05-28 17:30:00;114.3
1071729215;2021-05-28 17:30:00;2021-05-28 18:00:00;104.96666666666667
1071729215;2021-05-28 18:00:00;2021-05-28 18:30:00;99.96666666666667
1071729215;2021-05-28 18:30:00;2021-05-28 19:00:00;103.96666666666667
1071729215;2021-05-28 19:00:00;2021-05-28 19:30:00;97.03333333333333
1071729215;2021-05-28 19:30:00;2021-05-28 20:00:00;91.13333333333334
1071729215;2021-05-28 20:00:00;2021-05-28 20:30:00;103.66666666666667
1071729215;2021-05-28 20:30:00;2021-05-28 21:00:00;114.7
1071729215;2021-05-28 21:00:00;2021-05-28 21:30:00;101.16666666666667
1071729215;2021-05-28 21:30:00;2021-05-28 22:00:00;102.86666666666666
1071729215;2021-05-28 22:00:00;2021-05-28 22:30:00;101.0
1071729215;2021-05-28 22:30:00;2021-05-28 23:00:00;102.16666666666667
1071729215;2021-05-28 23:00:00;2021-05-28 23:30:00;99.16666666666667
1071729215;2021-05-28 23:30:00;2021-05-28 23:59:59;101.0
1071729215;2021-05-29 00:00:00;2021-05-29 00:30:00;101.0
1071729215;2021-05-29 00:30:00;2021-05-29 01:00:00;101.0
1071729215;2021-05-29 01:00:00;2021-05-29 01:30:00;112.1
1071729215;2021-05-29 01:30:00;2021-05-29 02:00:00;106.06666666666666
1071729215;2021-05-29 02:00:00;2021-05-29 02:30:00;94.93333333333334
1071729215;2021-05-29 02:30:00;2021-05-29 03:00:00;115.1
1071729215;2021-05-29 03:00:00;2021-05-29 03:30:00;92.86666666666666
1071729215;2021-05-29 03:30:00;2021-05-29 04:00:00;97.4
1071729215;2021-05-29 04:00:00;2021-05-29 04:30:00;96.63333333333334
1071729215;2021-05-29 04:30:00;2021-05-29 05:00:00;101.0
1071729215;2021-05-29 05:00:00;2021-05-29 05:30:00;93.66666666666667
1071729215;2021-05-29 05:30:00;2021-05-29 06:00:00;94.86666666666666
1071729215;2021-05-29 06:00:00;2021-05-29 06:30:00;104.73333333333333
1071729215;2021-05-29 06:30:00;2021-05-29 07:00:00;102.53333333333333
1071729215;2021-05-29 07:00:00;2021-05-29 07:30:00;102.33333333333333
1071729215;2021-05-29 07:30:00;2021-05-29 08:00:00;105.73333333333333
1071729215;2021-05-29 08:00:00;2021-05-29 08:30:00;104.43333333333334
1071729215;2021-05-29 08:30:00;2021-05-29 09:00:00;112.0
1071729215;2021-05-29 09:00:00;2021-05-29 09:30:00;103.66666666666667
1071729215;2021-05-29 09:30:00;2021-05-29 10:00:00;102.16666666666667
1071729215;2021-05-29 10:00:00;2021-05-29 10:30:00;104.63333333333334
1071729215;2021-05-29 10:30:00;2021-05-29 11:00:00;106.93333333333334
1071729215;2021-05-29 11:00:00;2021-05-29 11:30:00;99.1
1071729215;2021-05-29 11:30:00;2021-05-29 12:00:00;107.83333333333333
1071729215;2021-05-29 12:00:00;2021-05-29 12:30:00;113.5
1071729215;2021-05-29 12:30:00;2021-05-29 13:00:00;108.3
1071729215;2021-05-29 13:00:00;2021-05-29 13:30:00;100.16666666666667
1071729215;2021-05-29 13:30:00;2021-05-29 14:00:00;107.56666666666666
1071729215;2021-05-29 14:00:00;2021-05-29 14:30:00;115.13333333333334
1071729215;2021-05-29 14:30:00;2021-05-29 15:00:00;100.6
1071729215;2021-05-29 15:00:00;2021-05-29 15:30:00;99.7
1071729215;2021-05-29 15:30:00;2021-05-29 16:00:00;119.5
1071729215;2021-05-29 16:00:00;2021-05-29 16:30:00;106.66666666666667
1071729215;2021-05-29 16:30:00;2021-05-29 17:00:00;95.96666666666667
1071729215;2021-05-29 17:00:00;2021-05-29 17:30:00;99.83333333333333
1071729215;2021-05-29 17:30:00;2021-05-29 18:00:00;99.9
1071729215;2021-05-29 18:00:00;2021-05-29 18:30:00;109.2
1071729215;2021-05-29 18:30:00;2021-05-29 19:00:00;103.53333333333333
1071729215;2021-05-29 19:00:00;2021-05-29 19:30:00;101.23333333333333
1071729215;2021-05-29 19:30:00;2021-05-29 20:00:00;111.1
1071729215;2021-05-29 20:00:00;2021-05-29 20:30:00;104.0
1071729215;2021-05-29 20:30:00;2021-05-29 21:00:00;107.4
1071729215;2021-05-29 21:00:00;2021-05-29 21:30:00;105.26666666666667
1071729215;2021-05-29 21:30:00;2021-05-29 22:00:00;101.0
1071729215;2021-05-29 22:00:00;2021-05-29 22:30:00;101.0
1071729215;2021-05-29 22:30:00;2021-05-29 23:00:00;101.0
1071729215;2021-05-29 23:00:00;2021-05-29 23:30:00;101.0
1071729215;2021-05-29 23:30:00;2021-05-29 23:59:59;101.0
1071729215;2021-05-30 00:00:00;2021-05-30 00:30:00;101.0
1071729215;2021-05-30 00:30:00;2021-05-30 01:00:00;101.0
1071729215;2021-05-30 01:00:00;2021-05-30 01:30:00;101.0
1071729215;2021-05-30 01:30:00;2021-05-30 02:00:00;101.0
1071729215;2021-05-30 02:00:00;2021-05-30 02:30:00;101.0
1071729215;2021-05-30 02:30:00;2021-05-30 03:00:00;98.06666666666666
1071729215;2021-05-30 03:00:00;2021-05-30 03:30:00;98.6
1071729215;2021-05-30 03:30:00;2021-05-30 04:00:00;95.0
1071729215;2021-05-30 04:00:00;2021-05-30 04:30:00;96.3
1071729215;2021-05-30 04:30:00;2021-05-30 05:00:00;91.86666666666666
1071729215;2021-05-30 05:00:00;2021-05-30 05:30:00;92.06666666666666
1071729215;2021-05-30 05:30:00;2021-05-30 06:00:00;95.4
1071729215;2021-05-30 06:00:00;2021-05-30 06:30:00;108.46666666666667
1071729215;2021-05-30 06:30:00;2021-05-30 07:00:00;116.73333333333333
1071729215;2021-05-30 07:00:00;2021-05-30 07:30:00;102.96666666666667
1071729215;2021-05-30 07:30:00;2021-05-30 08:00:00;116.03333333333333
1071729215;2021-05-30 08:00:00;2021-05-30 08:30:00;104.26666666666667
1071729215;2021-05-30 08:30:00;2021-05-30 09:00:00;111.8
1071729215;2021-05-30 09:00:00;2021-05-30 09:30:00;95.46666666666667
1071729215;2021-05-30 09:30:00;2021-05-30 10:00:00;103.5
1071729215;2021-05-30 10:00:00;2021-05-30 10:30:00;105.06666666666666
1071729215;2021-05-30 10:30:00;2021-05-30 11:00:00;102.5
1071729215;2021-05-30 11:00:00;2021-05-30 11:30:00;103.46666666666667
1071729215;2021-05-30 11:30:00;2021-05-30 12:00:00;92.16666666666667
1071729215;2021-05-30 12:00:00;2021-05-30 12:30:00;107.23333333333333
1071729215;2021-05-30 12:30:00;2021-05-30 13:00:00;104.3
1071729215;2021-05-30 13:00:00;2021-05-30 13:30:00;105.5
1071729215;2021-05-30 13:30:00;2021-05-30 14:00:00;100.73333333333333
1071729215;2021-05-30 14:00:00;2021-05-30 14:30:00;82.5
1071729215;2021-05-30 14:30:00;2021-05-30 15:00:00;94.83333333333333
1071729215;2021-05-30 15:00:00;2021-05-30 15:30:00;96.4
1071729215;2021-05-30 15:30:00;2021-05-30 16:00:00;100.9
1071729215;2021-05-30 16:00:00;2021-05-30 16:30:00;89.93333333333334
1071729215;2021-05-30 16:30:00;2021-05-30 17:00:00;94.2
1071729215;2021-05-30 17:00:00;2021-05-30 17:30:00;96.5
1071729215;2021-05-30 17:30:00;2021-05-30 18:00:00;107.73333333333333
1071729215;2021-05-30 18:00:00;2021-05-30 18:30:00;111.73333333333333
1071729215;2021-05-30 18:30:00;2021-05-30 19:00:00;110.7
1071729215;2021-05-30 19:00:00;2021-05-30 19:30:00;99.2
1071729215;2021-05-30 19:30:00;2021-05-30 20:00:00;105.33333333333333
1071729215;2021-05-30 20:00:00;2021-05-30 20:30:00;108.0
1071729215;2021-05-30 20:30:00;2021-05-30 21:00:00;95.96666666666667
1071729215;2021-05-30 21:00:00;2021-05-30 21:30:00;99.13333333333334
1071729215;2021-05-30 21:30:00;2021-05-30 22:00:00;103.06666666666666
1071729215;2021-05-30 22:00:00;2021-05-30 22:30:00;102.36666666666666
1071729215;2021-05-30 22:30:00;2021-05-30 23:00:00;110.23333333333333
1071729215;2021-05-30 23:00:00;2021-05-30 23:30:00;105.73333333333333
1071729215;2021-05-30 23:30:00;2021-05-30 23:59:59;101.06666666666666
1071729215;2021-05-31 00:00:00;2021-05-31 00:30:00;96.73333333333333
1071729215;2021-05-31 00:30:00;2021-05-31 01:00:00;101.0
1071729215;2021-05-31 01:00:00;2021-05-31 01:30:00;101.0
1071729215;2021-05-31 01:30:00;2021-05-31 02:00:00;107.5
1071729215;2021-05-31 02:00:00;2021-05-31 02:30:00;101.0
1071729215;2021-05-31 02:30:00;2021-05-31 03:00:00;113.93333333333334
1071729215;2021-05-31 03:00:00;2021-05-31 03:30:00;102.6
1071729215;2021-05-31 03:30:00;2021-05-31 04:00:00;110.56666666666666
1071729215;2021-05-31 04:00:00;2021-05-31 04:30:00;112.8
1071729215;2021-05-31 04:30:00;2021-05-31 05:00:00;111.73333333333333
1071729215;2021-05-31 05:00:00;2021-05-31 05:30:00;112.56666666666666
1071729215;2021-05-31 05:30:00;2021-05-31 06:00:00;115.33333333333333
1071729215;2021-05-31 06:00:00;2021-05-31 06:30:00;96.7
1071729215;2021-05-31 06:30:00;2021-05-31 07:00:00;102.2
1071729215;2021-05-31 07:00:00;2021-05-31 07:30:00;97.96666666666667
1071729215;2021-05-31 07:30:00;2021-05-31 08:00:00;102.43333333333334
1071729215;2021-05-31 08:00:00;2021-05-31 08:30:00;110.03333333333333
1071729215;2021-05-31 08:30:00;2021-05-31 09:00:00;87.2
1071729215;2021-05-31 09:00:00;2021-05-31 09:30:00;108.9
1071729215;2021-05-31 09:30:00;2021-05-31 10:00:00;107.5
1071729215;2021-05-31 10:00:00;2021-05-31 10:30:00;106.1
1071729215;2021-05-31 10:30:00;2021-05-31 11:00:00;99.93333333333334
1071729215;2021-05-31 11:00:00;2021-05-31 11:30:00;92.0
1071729215;2021-05-31 11:30:00;2021-05-31 12:00:00;90.56666666666666
1071729215;2021-05-31 12:00:00;2021-05-31 12:30:00;94.66666666666667
1071729215;2021-05-31 12:30:00;2021-05-31 13:00:00;93.86666666666666
1071729215;2021-05-31 13:00:00;2021-05-31 13:30:00;93.23333333333333
1071729215;2021-05-31 13:30:00;2021-05-31 14:00:00;102.03333333333333
1071729215;2021-05-31 14:00:00;2021-05-31 14:30:00;105.5
1071729215;2021-05-31 14:30:00;2021-05-31 15:00:00;105.48275862068965
1071729215;2021-05-31 15:00:00;2021-05-31 15:30:00;85.5
1071729215;2021-05-31 15:30:00;2021-05-31 16:00:00;95.8
1071729215;2021-05-31 16:00:00;2021-05-31 16:30:00;94.63333333333334
1071729215;2021-05-31 16:30:00;2021-05-31 17:00:00;90.76666666666667
1071729215;2021-05-31 17:00:00;2021-05-31 17:30:00;96.8
1071729215;2021-05-31 17:30:00;2021-05-31 18:00:00;91.7
1071729215;2021-05-31 18:00:00;2021-05-31 18:30:00;94.6
1071729215;2021-05-31 18:30:00;2021-05-31 19:00:00;108.13333333333334
1071729215;2021-05-31 19:00:00;2021-05-31 19:30:00;102.16666666666667
1071729215;2021-05-31 19:30:00;2021-05-31 20:00:00;102.2
1071729215;2021-05-31 20:00:00;2021-05-31 20:30:00;112.26666666666667
1071729215;2021-05-31 20:30:00;2021-05-31 21:00:00;89.83333333333333
1071729215;2021-05-31 21:00:00;2021-05-31 21:30:00;103.93333333333334
1071729215;2021-05-31 21:30:00;2021-05-31 22:00:00;95.26666666666667
1071729215;2021-05-31 22:00:00;2021-05-31 22:30:00;102.0
1071729215;2021-05-31 22:30:00;2021-05-31 23:00:00;89.7
1071729215;2021-05-31 23:00:00;2021-05-31 23:30:00;94.26666666666667
1071729215;2021-05-31 23:30:00;2021-05-31 23:59:59;101.0
1071729215;2021-06-01 00:00:00;2021-06-01 00:30:00;101.0
1071729215;2021-06-01 00:30:00;2021-06-01 01:00:00;101.0
1071729215;2021-06-01 01:00:00;2021-06-01 01:30:00;101.0
1071729215;2021-06-01 01:30:00;2021-06-01 02:00:00;101.0
1071729215;2021-06-01 02:00:00;2021-06-01 02:30:00;101.0
1071729215;2021-06-01 02:30:00;2021-06-01 03:00:00;101.0
1071729215;2021-06-01 03:00:00;2021-06-01 03:30:00;103.46666666666667
1071729215;2021-06-01 03:30:00;2021-06-01 04:00:00;95.16666666666667
1071729215;2021-06-01 04:00:00;2021-06-01 04:30:00;91.83333333333333
1071729215;2021-06-01 04:30:00;2021-06-01 05:00:00;93.46666666666667
1071729215;2021-06-01 05:00:00;2021-06-01 05:30:00;104.43333333333334
1071729215;2021-06-01 05:30:00;2021-06-01 06:00:00;106.06666666666666
1071729215;2021-06-01 06:00:00;2021-06-01 06:30:00;106.2
1071729215;2021-06-01 06:30:00;2021-06-01 07:00:00;99.56666666666666
1071729215;2021-06-01 07:00:00;2021-06-01 07:30:00;104.93333333333334
1071729215;2021-06-01 07:30:00;2021-06-01 08:00:00;105.3
1071729215;2021-06-01 08:00:00;2021-06-01 08:30:00;90.8
1071729215;2021-06-01 08:30:00;2021-06-01 09:00:00;94.16666666666667
1071729215;2021-06-01 09:00:00;2021-06-01 09:30:00;105.73333333333333
1071729215;2021-06-01 09:30:00;2021-06-01 10:00:00;102.13333333333334
1071729215;2021-06-01 10:00:00;2021-06-01 10:30:00;85.16666666666667
1071729215;2021-06-01 10:30:00;2021-06-01 11:00:00;104.43333333333334
1071729215;2021-06-01 11:00:00;2021-06-01 11:30:00;98.53333333333333
1071729215;2021-06-01 11:30:00;2021-06-01 12:00:00;94.36666666666666
1071729215;2021-06-01 12:00:00;2021-06-01 12:30:00;94.76666666666667
1071729215;2021-06-01 12:30:00;2021-06-01 13:00:00;104.0
1071729215;2021-06-01 13:00:00;2021-06-01 13:30:00;89.23333333333333
1071729215;2021-06-01 13:30:00;2021-06-01 14:00:00;105.16666666666667
1071729215;2021-06-01 14:00:00;2021-06-01 14:30:00;87.0
1071729215;2021-06-01 14:30:00;2021-06-01 15:00:00;106.66666666666667
1071729215;2021-06-01 15:00:00;2021-06-01 15:30:00;100.0
1071729215;2021-06-01 15:30:00;2021-06-01 16:00:00;103.7
1071729215;2021-06-01 16:00:00;2021-06-01 16:30:00;93.16666666666667
1071729215;2021-06-01 16:30:00;2021-06-01 17:00:00;88.96666666666667
1071729215;2021-06-01 17:00:00;2021-06-01 17:30:00;98.53333333333333
1071729215;2021-06-01 17:30:00;2021-06-01 18:00:00;107.36666666666666
1071729215;2021-06-01 18:00:00;2021-06-01 18:30:00;97.1
1071729215;2021-06-01 18:30:00;2021-06-01 19:00:00;105.53333333333333
1071729215;2021-06-01 19:00:00;2021-06-01 19:30:00;113.5
1071729215;2021-06-01 19:30:00;2021-06-01 20:00:00;93.06666666666666
1071729215;2021-06-01 20:00:00;2021-06-01 20:30:00;96.46666666666667
1071729215;2021-06-01 20:30:00;2021-06-01 21:00:00;92.9
1071729215;2021-06-01 21:00:00;2021-06-01 21:30:00;99.26666666666667
1071729215;2021-06-01 21:30:00;2021-06-01 22:00:00;80.46666666666667
1071729215;2021-06-01 22:00:00;2021-06-01 22:30:00;79.58620689655173
1071729215;2021-06-01 22:30:00;2021-06-01 23:00:00;87.83333333333333
1071729215;2021-06-01 23:00:00;2021-06-01 23:30:00;109.93333333333334
1071729215;2021-06-01 23:30:00;2021-06-01 23:59:59;110.6
1071729215;2021-06-02 00:00:00;2021-06-02 00:30:00;116.8
1071729215;2021-06-02 00:30:00;2021-06-02 01:00:00;108.1
1071729215;2021-06-02 01:00:00;2021-06-02 01:30:00;90.53333333333333
1071729215;2021-06-02 01:30:00;2021-06-02 02:00:00;101.0
1071729215;2021-06-02 02:00:00;2021-06-02 02:30:00;101.0
1071729215;2021-06-02 02:30:00;2021-06-02 03:00:00;95.1
1071729215;2021-06-02 03:00:00;2021-06-02 03:30:00;93.2
1071729215;2021-06-02 03:30:00;2021-06-02 04:00:00;97.86666666666666
1071729215;2021-06-02 04:00:00;2021-06-02 04:30:00;97.13333333333334
1071729215;2021-06-02 04:30:00;2021-06-02 05:00:00;91.76666666666667
1071729215;2021-06-02 05:00:00;2021-06-02 05:30:00;93.03333333333333
1071729215;2021-06-02 05:30:00;2021-06-02 06:00:00;113.73333333333333
1071729215;2021-06-02 06:00:00;2021-06-02 06:30:00;91.2
1071729215;2021-06-02 06:30:00;2021-06-02 07:00:00;109.63333333333334
1071729215;2021-06-02 07:00:00;2021-06-02 07:30:00;104.06666666666666
1071729215;2021-06-02 07:30:00;2021-06-02 08:00:00;99.03333333333333
1071729215;2021-06-02 08:00:00;2021-06-02 08:30:00;100.33333333333333
1071729215;2021-06-02 08:30:00;2021-06-02 09:00:00;87.86666666666666
1071729215;2021-06-02 09:00:00;2021-06-02 09:30:00;99.26666666666667
1071729215;2021-06-02 09:30:00;2021-06-02 10:00:00;92.76666666666667
1071729215;2021-06-02 10:00:00;2021-06-02 10:30:00;96.06666666666666
1071729215;2021-06-02 10:30:00;2021-06-02 11:00:00;95.4
1071729215;2021-06-02 11:00:00;2021-06-02 11:30:00;96.83333333333333
1071729215;2021-06-02 11:30:00;2021-06-02 12:00:00;86.36666666666666
1071729215;2021-06-02 12:00:00;2021-06-02 12:30:00;98.56666666666666
1071729215;2021-06-02 12:30:00;2021-06-02 13:00:00;92.9
1071729215;2021-06-02 13:00:00;2021-06-02 13:30:00;86.6
1071729215;2021-06-02 13:30:00;2021-06-02 14:00:00;92.53333333333333
1071729215;2021-06-02 14:00:00;2021-06-02 14:30:00;100.56666666666666
1071729215;2021-06-02 14:30:00;2021-06-02 15:00:00;88.16666666666667
1071729215;2021-06-02 15:00:00;2021-06-02 15:30:00;94.16666666666667
1071729215;2021-06-02 15:30:00;2021-06-02 16:00:00;95.36666666666666
1071729215;2021-06-02 16:00:00;2021-06-02 16:30:00;95.96666666666667
1071729215;2021-06-02 16:30:00;2021-06-02 17:00:00;108.03333333333333
1071729215;2021-06-02 17:00:00;2021-06-02 17:30:00;103.23333333333333
1071729215;2021-06-02 17:30:00;2021-06-02 18:00:00;106.53333333333333
1071729215;2021-06-02 18:00:00;2021-06-02 18:30:00;121.2
1071729215;2021-06-02 18:30:00;2021-06-02 19:00:00;108.06666666666666
1071729215;2021-06-02 19:00:00;2021-06-02 19:30:00;95.43333333333334
1071729215;2021-06-02 19:30:00;2021-06-02 20:00:00;105.2
1071729215;2021-06-02 20:00:00;2021-06-02 20:30:00;88.73333333333333
1071729215;2021-06-02 20:30:00;2021-06-02 21:00:00;81.03333333333333
1071729215;2021-06-02 21:00:00;2021-06-02 21:30:00;95.73333333333333
1071729215;2021-06-02 21:30:00;2021-06-02 22:00:00;92.9
1071729215;2021-06-02 22:00:00;2021-06-02 22:30:00;99.76666666666667
1071729215;2021-06-02 22:30:00;2021-06-02 23:00:00;84.0
1071729215;2021-06-02 23:00:00;2021-06-02 23:30:00;85.23333333333333
1071729215;2021-06-02 23:30:00;2021-06-02 23:59:59;95.66666666666667
1071729215;2021-06-03 00:00:00;2021-06-03 00:30:00;93.66666666666667
1071729215;2021-06-03 00:30:00;2021-06-03 01:00:00;97.8
1071729215;2021-06-03 01:00:00;2021-06-03 01:30:00;97.0
1071729215;2021-06-03 01:30:00;2021-06-03 02:00:00;99.2
1071729215;2021-06-03 02:00:00;2021-06-03 02:30:00;99.9
1071729215;2021-06-03 02:30:00;2021-06-03 03:00:00;96.16666666666667
1071729215;2021-06-03 03:00:00;2021-06-03 03:30:00;102.6
1071729215;2021-06-03 03:30:00;2021-06-03 04:00:00;93.06666666666666
1071729215;2021-06-03 04:00:00;2021-06-03 04:30:00;95.0
1071729215;2021-06-03 04:30:00;2021-06-03 05:00:00;95.16666666666667
1071729215;2021-06-03 05:00:00;2021-06-03 05:30:00;96.16666666666667
1071729215;2021-06-03 05:30:00;2021-06-03 06:00:00;103.33333333333333
1071729215;2021-06-03 06:00:00;2021-06-03 06:30:00;88.73333333333333
1071729215;2021-06-03 06:30:00;2021-06-03 07:00:00;100.3
1071729215;2021-06-03 07:00:00;2021-06-03 07:30:00;95.44827586206897
1071729215;2021-06-03 07:30:00;2021-06-03 08:00:00;99.23333333333333
1071729215;2021-06-03 08:00:00;2021-06-03 08:30:00;102.46666666666667
1071729215;2021-06-03 08:30:00;2021-06-03 09:00:00;95.3
1071729215;2021-06-03 09:00:00;2021-06-03 09:30:00;93.13333333333334
1071729215;2021-06-03 09:30:00;2021-06-03 10:00:00;94.0
1071729215;2021-06-03 10:00:00;2021-06-03 10:30:00;101.5
1071729215;2021-06-03 10:30:00;2021-06-03 11:00:00;92.56666666666666
1071729215;2021-06-03 11:00:00;2021-06-03 11:30:00;94.5
1071729215;2021-06-03 11:30:00;2021-06-03 12:00:00;88.46666666666667
1071729215;2021-06-03 12:00:00;2021-06-03 12:30:00;91.73333333333333
1071729215;2021-06-03 12:30:00;2021-06-03 13:00:00;112.16666666666667
1071729215;2021-06-03 13:00:00;2021-06-03 13:30:00;90.63333333333334
1071729215;2021-06-03 13:30:00;2021-06-03 14:00:00;93.26666666666667
1071729215;2021-06-03 14:00:00;2021-06-03 14:30:00;93.36666666666666
1071729215;2021-06-03 14:30:00;2021-06-03 15:00:00;99.23333333333333
1071729215;2021-06-03 15:00:00;2021-06-03 15:30:00;98.6
1071729215;2021-06-03 15:30:00;2021-06-03 16:00:00;98.6
1071729215;2021-06-03 16:00:00;2021-06-03 16:30:00;101.83333333333333
1071729215;2021-06-03 16:30:00;2021-06-03 17:00:00;97.53333333333333
1071729215;2021-06-03 17:00:00;2021-06-03 17:30:00;101.9
1071729215;2021-06-03 17:30:00;2021-06-03 18:00:00;102.9
1071729215;2021-06-03 18:00:00;2021-06-03 18:30:00;89.5
1071729215;2021-06-03 18:30:00;2021-06-03 19:00:00;95.4
1071729215;2021-06-03 19:00:00;2021-06-03 19:30:00;100.33333333333333
1071729215;2021-06-03 19:30:00;2021-06-03 20:00:00;110.16666666666667
1071729215;2021-06-03 20:00:00;2021-06-03 20:30:00;100.83333333333333
1071729215;2021-06-03 20:30:00;2021-06-03 21:00:00;106.9
1071729215;2021-06-03 21:00:00;2021-06-03 21:30:00;92.56666666666666
1071729215;2021-06-03 21:30:00;2021-06-03 22:00:00;98.36666666666666
1071729215;2021-06-03 22:00:00;2021-06-03 22:30:00;97.26666666666667
1071729215;2021-06-03 22:30:00;2021-06-03 23:00:00;101.0
1071729215;2021-06-03 23:00:00;2021-06-03 23:30:00;101.0
1071729215;2021-06-03 23:30:00;2021-06-03 23:59:59;101.0
1071729215;2021-06-04 00:00:00;2021-06-04 00:30:00;101.0
1071729215;2021-06-04 00:30:00;2021-06-04 01:00:00;101.0
1071729215;2021-06-04 01:00:00;2021-06-04 01:30:00;101.0
1071729215;2021-06-04 01:30:00;2021-06-04 02:00:00;99.6
1071729215;2021-06-04 02:00:00;2021-06-04 02:30:00;101.6
1071729215;2021-06-04 02:30:00;2021-06-04 03:00:00;96.86666666666666
1071729215;2021-06-04 03:00:00;2021-06-04 03:30:00;90.8
1071729215;2021-06-04 03:30:00;2021-06-04 04:00:00;101.06666666666666
1071729215;2021-06-04 04:00:00;2021-06-04 04:30:00;98.66666666666667
1071729215;2021-06-04 04:30:00;2021-06-04 05:00:00;90.93333333333334
1071729215;2021-06-04 05:00:00;2021-06-04 05:30:00;87.96666666666667
1071729215;2021-06-04 05:30:00;2021-06-04 06:00:00;102.73333333333333
1071729215;2021-06-04 06:00:00;2021-06-04 06:30:00;90.9
1071729215;2021-06-04 06:30:00;2021-06-04 07:00:00;96.4
1071729215;2021-06-04 07:00:00;2021-06-04 07:30:00;96.36666666666666
1071729215;2021-06-04 07:30:00;2021-06-04 08:00:00;94.5
1071729215;2021-06-04 08:00:00;2021-06-04 08:30:00;106.33333333333333
1071729215;2021-06-04 08:30:00;2021-06-04 09:00:00;86.66666666666667
1071729215;2021-06-04 09:00:00;2021-06-04 09:30:00;87.13333333333334
1071729215;2021-06-04 09:30:00;2021-06-04 10:00:00;93.0
1071729215;2021-06-04 10:00:00;2021-06-04 10:30:00;90.4
1071729215;2021-06-04 10:30:00;2021-06-04 11:00:00;102.53333333333333
1071729215;2021-06-04 11:00:00;2021-06-04 11:30:00;96.56666666666666
1071729215;2021-06-04 11:30:00;2021-06-04 12:00:00;105.16666666666667
1071729215;2021-06-04 12:00:00;2021-06-04 12:30:00;107.76666666666667
1071729215;2021-06-04 12:30:00;2021-06-04 13:00:00;91.13333333333334
1071729215;2021-06-04 13:00:00;2021-06-04 13:30:00;97.23333333333333
1071729215;2021-06-04 13:30:00;2021-06-04 14:00:00;97.23333333333333
1071729215;2021-06-04 14:00:00;2021-06-04 14:30:00;100.63333333333334
1071729215;2021-06-04 14:30:00;2021-06-04 15:00:00;99.96666666666667
1071729215;2021-06-04 15:00:00;2021-06-04 15:30:00;107.93333333333334
1071729215;2021-06-04 15:30:00;2021-06-04 16:00:00;109.76666666666667
1071729215;2021-06-04 16:00:00;2021-06-04 16:30:00;96.33333333333333
1071729215;2021-06-04 16:30:00;2021-06-04 17:00:00;101.96666666666667
1071729215;2021-06-04 17:00:00;2021-06-04 17:30:00;101.36666666666666
1071729215;2021-06-04 17:30:00;2021-06-04 18:00:00;95.96666666666667
1071729215;2021-06-04 18:00:00;2021-06-04 18:30:00;104.16666666666667
1071729215;2021-06-04 18:30:00;2021-06-04 19:00:00;108.63333333333334
1071729215;2021-06-04 19:00:00;2021-06-04 19:30:00;104.06666666666666
1071729215;2021-06-04 19:30:00;2021-06-04 20:00:00;98.2
1071729215;2021-06-04 20:00:00;2021-06-04 20:30:00;101.13333333333334
1071729215;2021-06-04 20:30:00;2021-06-04 21:00:00;103.1
1071729215;2021-06-04 21:00:00;2021-06-04 21:30:00;101.16666666666667
1071729215;2021-06-04 21:30:00;2021-06-04 22:00:00;93.0
1071729215;2021-06-04 22:00:00;2021-06-04 22:30:00;97.0
1071729215;2021-06-04 22:30:00;2021-06-04 23:00:00;111.13333333333334
1071729215;2021-06-04 23:00:00;2021-06-04 23:30:00;108.73333333333333
1071729215;2021-06-04 23:30:00;2021-06-04 23:59:59;129.76666666666668
1071729215;2021-06-05 00:00:00;2021-06-05 00:30:00;121.83333333333333
1071729215;2021-06-05 00:30:00;2021-06-05 01:00:00;101.93333333333334
1071729215;2021-06-05 01:00:00;2021-06-05 01:30:00;100.2
1071729215;2021-06-05 01:30:00;2021-06-05 02:00:00;97.06666666666666
1071729215;2021-06-05 02:00:00;2021-06-05 02:30:00;98.06666666666666
1071729215;2021-06-05 02:30:00;2021-06-05 03:00:00;97.33333333333333
1071729215;2021-06-05 03:00:00;2021-06-05 03:30:00;93.86666666666666
1071729215;2021-06-05 03:30:00;2021-06-05 04:00:00;97.4
1071729215;2021-06-05 04:00:00;2021-06-05 04:30:00;101.86666666666666
1071729215;2021-06-05 04:30:00;2021-06-05 05:00:00;104.86666666666666
1071729215;2021-06-05 05:00:00;2021-06-05 05:30:00;93.1
1071729215;2021-06-05 05:30:00;2021-06-05 06:00:00;106.33333333333333
1071729215;2021-06-05 06:00:00;2021-06-05 06:30:00;99.73333333333333
1071729215;2021-06-05 06:30:00;2021-06-05 07:00:00;101.13333333333334
1071729215;2021-06-05 07:00:00;2021-06-05 07:30:00;98.26666666666667
1071729215;2021-06-05 07:30:00;2021-06-05 08:00:00;104.5
1071729215;2021-06-05 08:00:00;2021-06-05 08:30:00;100.33333333333333
1071729215;2021-06-05 08:30:00;2021-06-05 09:00:00;107.16666666666667
1071729215;2021-06-05 09:00:00;2021-06-05 09:30:00;106.56666666666666
1071729215;2021-06-05 09:30:00;2021-06-05 10:00:00;102.36666666666666
1071729215;2021-06-05 10:00:00;2021-06-05 10:30:00;105.83333333333333
1071729215;2021-06-05 10:30:00;2021-06-05 11:00:00;102.96666666666667
1071729215;2021-06-05 11:00:00;2021-06-05 11:30:00;102.96666666666667
1071729215;2021-06-05 11:30:00;2021-06-05 12:00:00;92.03333333333333
1071729215;2021-06-05 12:00:00;2021-06-05 12:30:00;100.66666666666667
1071729215;2021-06-05 12:30:00;2021-06-05 13:00:00;101.73333333333333
1071729215;2021-06-05 13:00:00;2021-06-05 13:30:00;104.0
1071729215;2021-06-05 13:30:00;2021-06-05 14:00:00;97.5
1071729215;2021-06-05 14:00:00;2021-06-05 14:30:00;98.36666666666666
1071729215;2021-06-05 14:30:00;2021-06-05 15:00:00;104.06666666666666
1071729215;2021-06-05 15:00:00;2021-06-05 15:30:00;109.26666666666667
1071729215;2021-06-05 15:30:00;2021-06-05 16:00:00;102.06666666666666
1071729215;2021-06-05 16:00:00;2021-06-05 16:30:00;98.4
1071729215;2021-06-05 16:30:00;2021-06-05 17:00:00;106.8
1071729215;2021-06-05 17:00:00;2021-06-05 17:30:00;94.96666666666667
1071729215;2021-06-05 17:30:00;2021-06-05 18:00:00;108.1
1071729215;2021-06-05 18:00:00;2021-06-05 18:30:00;100.8
1071729215;2021-06-05 18:30:00;2021-06-05 19:00:00;108.06666666666666
1071729215;2021-06-05 19:00:00;2021-06-05 19:30:00;107.66666666666667
1071729215;2021-06-05 19:30:00;2021-06-05 20:00:00;104.86666666666666
1071729215;2021-06-05 20:00:00;2021-06-05 20:30:00;107.13333333333334
1071729215;2021-06-05 20:30:00;2021-06-05 21:00:00;103.0
1071729215;2021-06-05 21:00:00;2021-06-05 21:30:00;102.46666666666667
1071729215;2021-06-05 21:30:00;2021-06-05 22:00:00;104.13333333333334
1071729215;2021-06-05 22:00:00;2021-06-05 22:30:00;101.0
1071729215;2021-06-05 22:30:00;2021-06-05 23:00:00;101.0
1071729215;2021-06-05 23:00:00;2021-06-05 23:30:00;101.0
1071729215;2021-06-05 23:30:00;2021-06-05 23:59:59;109.66666666666667
1071729215;2021-06-06 00:00:00;2021-06-06 00:30:00;94.5
1071729215;2021-06-06 00:30:00;2021-06-06 01:00:00;99.03333333333333
1071729215;2021-06-06 01:00:00;2021-06-06 01:30:00;82.1
1071729215;2021-06-06 01:30:00;2021-06-06 02:00:00;82.6
1071729215;2021-06-06 02:00:00;2021-06-06 02:30:00;107.53333333333333
1071729215;2021-06-06 02:30:00;2021-06-06 03:00:00;105.8
1071729215;2021-06-06 03:00:00;2021-06-06 03:30:00;136.86666666666667
1071729215;2021-06-06 03:30:00;2021-06-06 04:00:00;130.53333333333333
1071729215;2021-06-06 04:00:00;2021-06-06 04:30:00;103.16666666666667
1071729215;2021-06-06 04:30:00;2021-06-06 05:00:00;97.53333333333333
1071729215;2021-06-06 05:00:00;2021-06-06 05:30:00;95.66666666666667
1071729215;2021-06-06 05:30:00;2021-06-06 06:00:00;95.0
1071729215;2021-06-06 06:00:00;2021-06-06 06:30:00;99.8
1071729215;2021-06-06 06:30:00;2021-06-06 07:00:00;95.86666666666666
1071729215;2021-06-06 07:00:00;2021-06-06 07:30:00;100.8
1071729215;2021-06-06 07:30:00;2021-06-06 08:00:00;95.56666666666666
1071729215;2021-06-06 08:00:00;2021-06-06 08:30:00;101.3
1071729215;2021-06-06 08:30:00;2021-06-06 09:00:00;107.56666666666666
1071729215;2021-06-06 09:00:00;2021-06-06 09:30:00;103.93333333333334
1071729215;2021-06-06 09:30:00;2021-06-06 10:00:00;99.53333333333333
1071729215;2021-06-06 10:00:00;2021-06-06 10:30:00;97.83333333333333
1071729215;2021-06-06 10:30:00;2021-06-06 11:00:00;96.1
1071729215;2021-06-06 11:00:00;2021-06-06 11:30:00;97.03333333333333
1071729215;2021-06-06 11:30:00;2021-06-06 12:00:00;102.06666666666666
1071729215;2021-06-06 12:00:00;2021-06-06 12:30:00;89.46666666666667
1071729215;2021-06-06 12:30:00;2021-06-06 13:00:00;97.46666666666667
1071729215;2021-06-06 13:00:00;2021-06-06 13:30:00;115.03333333333333
1071729215;2021-06-06 13:30:00;2021-06-06 14:00:00;98.6
1071729215;2021-06-06 14:00:00;2021-06-06 14:30:00;91.2
1071729215;2021-06-06 14:30:00;2021-06-06 15:00:00;99.76666666666667
1071729215;2021-06-06 15:00:00;2021-06-06 15:30:00;90.76666666666667
1071729215;2021-06-06 15:30:00;2021-06-06 16:00:00;103.06666666666666
1071729215;2021-06-06 16:00:00;2021-06-06 16:30:00;91.46666666666667
1071729215;2021-06-06 16:30:00;2021-06-06 17:00:00;90.7
1071729215;2021-06-06 17:00:00;2021-06-06 17:30:00;98.43333333333334
1071729215;2021-06-06 17:30:00;2021-06-06 18:00:00;103.6
1071729215;2021-06-06 18:00:00;2021-06-06 18:30:00;102.0
1071729215;2021-06-06 18:30:00;2021-06-06 19:00:00;107.96666666666667
1071729215;2021-06-06 19:00:00;2021-06-06 19:30:00;114.3
1071729215;2021-06-06 19:30:00;2021-06-06 20:00:00;111.1
1071729215;2021-06-06 20:00:00;2021-06-06 20:30:00;97.66666666666667
1071729215;2021-06-06 20:30:00;2021-06-06 21:00:00;104.86666666666666
1071729215;2021-06-06 21:00:00;2021-06-06 21:30:00;109.33333333333333
1071729215;2021-06-06 21:30:00;2021-06-06 22:00:00;104.1
1071729215;2021-06-06 22:00:00;2021-06-06 22:30:00;111.13333333333334
1071729215;2021-06-06 22:30:00;2021-06-06 23:00:00;107.1
1071729215;2021-06-06 23:00:00;2021-06-06 23:30:00;93.46666666666667
1071729215;2021-06-06 23:30:00;2021-06-06 23:59:59;98.6
1071729215;2021-06-07 00:00:00;2021-06-07 00:30:00;77.0
1071729215;2021-06-07 00:30:00;2021-06-07 01:00:00;80.36666666666666
1071729215;2021-06-07 01:00:00;2021-06-07 01:30:00;102.06666666666666
1071729215;2021-06-07 01:30:00;2021-06-07 02:00:00;104.8
1071729215;2021-06-07 02:00:00;2021-06-07 02:30:00;101.93333333333334
1071729215;2021-06-07 02:30:00;2021-06-07 03:00:00;126.93333333333334
1071729215;2021-06-07 03:00:00;2021-06-07 03:30:00;102.6
1071729215;2021-06-07 03:30:00;2021-06-07 04:00:00;113.9
1071729215;2021-06-07 04:00:00;2021-06-07 04:30:00;112.03333333333333
1071729215;2021-06-07 04:30:00;2021-06-07 05:00:00;111.36666666666666
1071729215;2021-06-07 05:00:00;2021-06-07 05:30:00;118.33333333333333
1071729215;2021-06-07 05:30:00;2021-06-07 06:00:00;108.13333333333334
1071729215;2021-06-07 06:00:00;2021-06-07 06:30:00;109.86666666666666
1071729215;2021-06-07 06:30:00;2021-06-07 07:00:00;108.0
1071729215;2021-06-07 07:00:00;2021-06-07 07:30:00;111.0
1071729215;2021-06-07 07:30:00;2021-06-07 08:00:00;108.16666666666667
1071729215;2021-06-07 08:00:00;2021-06-07 08:30:00;88.93333333333334
1071729215;2021-06-07 08:30:00;2021-06-07 09:00:00;98.93333333333334
1071729215;2021-06-07 09:00:00;2021-06-07 09:30:00;99.96666666666667
1071729215;2021-06-07 09:30:00;2021-06-07 10:00:00;99.43333333333334
1071729215;2021-06-07 10:00:00;2021-06-07 10:30:00;99.86666666666666
1071729215;2021-06-07 10:30:00;2021-06-07 11:00:00;107.56666666666666
1071729215;2021-06-07 11:00:00;2021-06-07 11:30:00;101.46666666666667
1071729215;2021-06-07 11:30:00;2021-06-07 12:00:00;92.1
1071729215;2021-06-07 12:00:00;2021-06-07 12:30:00;100.10344827586206
1071729215;2021-06-07 12:30:00;2021-06-07 13:00:00;87.16666666666667
1071729215;2021-06-07 13:00:00;2021-06-07 13:30:00;89.63333333333334
1071729215;2021-06-07 13:30:00;2021-06-07 14:00:00;90.43333333333334
1071729215;2021-06-07 14:00:00;2021-06-07 14:30:00;94.8
1071729215;2021-06-07 14:30:00;2021-06-07 15:00:00;94.0
1071729215;2021-06-07 15:00:00;2021-06-07 15:30:00;100.7
1071729215;2021-06-07 15:30:00;2021-06-07 16:00:00;91.73333333333333
1071729215;2021-06-07 16:00:00;2021-06-07 16:30:00;93.16666666666667
1071729215;2021-06-07 16:30:00;2021-06-07 17:00:00;82.8
1071729215;2021-06-07 17:00:00;2021-06-07 17:30:00;99.76666666666667
1071729215;2021-06-07 17:30:00;2021-06-07 18:00:00;104.4
1071729215;2021-06-07 18:00:00;2021-06-07 18:30:00;108.6
1071729215;2021-06-07 18:30:00;2021-06-07 19:00:00;93.66666666666667
1071729215;2021-06-07 19:00:00;2021-06-07 19:30:00;96.63333333333334
1071729215;2021-06-07 19:30:00;2021-06-07 20:00:00;112.46666666666667
1071729215;2021-06-07 20:00:00;2021-06-07 20:30:00;91.86666666666666
1071729215;2021-06-07 20:30:00;2021-06-07 21:00:00;103.16666666666667
1071729215;2021-06-07 21:00:00;2021-06-07 21:30:00;91.8
1071729215;2021-06-07 21:30:00;2021-06-07 22:00:00;89.73333333333333
1071729215;2021-06-07 22:00:00;2021-06-07 22:30:00;90.76666666666667
1071729215;2021-06-07 22:30:00;2021-06-07 23:00:00;97.8
1071729215;2021-06-07 23:00:00;2021-06-07 23:30:00;103.96666666666667
1071729215;2021-06-07 23:30:00;2021-06-07 23:59:59;102.66666666666667
1071729215;2021-06-08 00:00:00;2021-06-08 00:30:00;101.0
1071729215;2021-06-08 00:30:00;2021-06-08 01:00:00;101.0
1071729215;2021-06-08 01:00:00;2021-06-08 01:30:00;101.0
1071729215;2021-06-08 01:30:00;2021-06-08 02:00:00;101.0
1071729215;2021-06-08 02:00:00;2021-06-08 02:30:00;101.0
1071729215;2021-06-08 02:30:00;2021-06-08 03:00:00;91.66666666666667
1071729215;2021-06-08 03:00:00;2021-06-08 03:30:00;92.73333333333333
1071729215;2021-06-08 03:30:00;2021-06-08 04:00:00;102.73333333333333
1071729215;2021-06-08 04:00:00;2021-06-08 04:30:00;89.63333333333334
1071729215;2021-06-08 04:30:00;2021-06-08 05:00:00;99.8
1071729215;2021-06-08 05:00:00;2021-06-08 05:30:00;108.13333333333334
1071729215;2021-06-08 05:30:00;2021-06-08 06:00:00;116.86666666666666
1071729215;2021-06-08 06:00:00;2021-06-08 06:30:00;97.73333333333333
1071729215;2021-06-08 06:30:00;2021-06-08 07:00:00;97.43333333333334
1071729215;2021-06-08 07:00:00;2021-06-08 07:30:00;97.63333333333334
1071729215;2021-06-08 07:30:00;2021-06-08 08:00:00;103.23333333333333
1071729215;2021-06-08 08:00:00;2021-06-08 08:30:00;106.43333333333334
1071729215;2021-06-08 08:30:00;2021-06-08 09:00:00;90.73333333333333
1071729215;2021-06-08 09:00:00;2021-06-08 09:30:00;91.03333333333333
1071729215;2021-06-08 09:30:00;2021-06-08 10:00:00;89.3
1071729215;2021-06-08 10:00:00;2021-06-08 10:30:00;102.8
1071729215;2021-06-08 10:30:00;2021-06-08 11:00:00;98.5
1071729215;2021-06-08 11:00:00;2021-06-08 11:30:00;88.06666666666666
1071729215;2021-06-08 11:30:00;2021-06-08 12:00:00;89.13333333333334
1071729215;2021-06-08 12:00:00;2021-06-08 12:30:00;97.56666666666666
1071729215;2021-06-08 12:30:00;2021-06-08 13:00:00;87.6
1071729215;2021-06-08 13:00:00;2021-06-08 13:30:00;100.63333333333334
1071729215;2021-06-08 13:30:00;2021-06-08 14:00:00;99.9
1071729215;2021-06-08 14:00:00;2021-06-08 14:30:00;99.36666666666666
1071729215;2021-06-08 14:30:00;2021-06-08 15:00:00;95.3
1071729215;2021-06-08 15:00:00;2021-06-08 15:30:00;94.3
1071729215;2021-06-08 15:30:00;2021-06-08 16:00:00;97.16666666666667
1071729215;2021-06-08 16:00:00;2021-06-08 16:30:00;109.03333333333333
1071729215;2021-06-08 16:30:00;2021-06-08 17:00:00;98.03333333333333
1071729215;2021-06-08 17:00:00;2021-06-08 17:30:00;88.0
1071729215;2021-06-08 17:30:00;2021-06-08 18:00:00;96.86666666666666
1071729215;2021-06-08 18:00:00;2021-06-08 18:30:00;101.96666666666667
1071729215;2021-06-08 18:30:00;2021-06-08 19:00:00;108.36666666666666
1071729215;2021-06-08 19:00:00;2021-06-08 19:30:00;99.76666666666667
1071729215;2021-06-08 19:30:00;2021-06-08 20:00:00;91.56666666666666
1071729215;2021-06-08 20:00:00;2021-06-08 20:30:00;92.1
1071729215;2021-06-08 20:30:00;2021-06-08 21:00:00;112.36666666666666
1071729215;2021-06-08 21:00:00;2021-06-08 21:30:00;92.8
1071729215;2021-06-08 21:30:00;2021-06-08 22:00:00;102.5
1071729215;2021-06-08 22:00:00;2021-06-08 22:30:00;97.26666666666667
1071729215;2021-06-08 22:30:00;2021-06-08 23:00:00;101.0
1071729215;2021-06-08 23:00:00;2021-06-08 23:30:00;101.0
1071729215;2021-06-08 23:30:00;2021-06-08 23:59:59;101.0
1071729215;2021-06-09 00:00:00;2021-06-09 00:30:00;101.0
1071729215;2021-06-09 00:30:00;2021-06-09 01:00:00;101.0
1071729215;2021-06-09 01:00:00;2021-06-09 01:30:00;101.0
1071729215;2021-06-09 01:30:00;2021-06-09 02:00:00;101.0
1071729215;2021-06-09 02:00:00;2021-06-09 02:30:00;101.0
1071729215;2021-06-09 02:30:00;2021-06-09 03:00:00;93.33333333333333
1071729215;2021-06-09 03:00:00;2021-06-09 03:30:00;98.33333333333333
1071729215;2021-06-09 03:30:00;2021-06-09 04:00:00;100.06666666666666
1071729215;2021-06-09 04:00:00;2021-06-09 04:30:00;97.53333333333333
1071729215;2021-06-09 04:30:00;2021-06-09 05:00:00;93.1
1071729215;2021-06-09 05:00:00;2021-06-09 05:30:00;113.17857142857143
1071729215;2021-06-09 05:30:00;2021-06-09 06:00:00;108.24137931034483
1071729215;2021-06-09 06:00:00;2021-06-09 06:30:00;105.65517241379311
1071729215;2021-06-09 06:30:00;2021-06-09 07:00:00;93.64285714285714
1071729215;2021-06-09 07:00:00;2021-06-09 07:30:00;94.62068965517241
1071729215;2021-06-09 07:30:00;2021-06-09 08:00:00;102.2
1071729215;2021-06-09 08:00:00;2021-06-09 08:30:00;98.64285714285714
1071729215;2021-06-09 08:30:00;2021-06-09 09:00:00;96.0
1071729215;2021-06-09 09:00:00;2021-06-09 09:30:00;101.27586206896552
1071729215;2021-06-09 09:30:00;2021-06-09 10:00:00;95.8076923076923
1071729215;2021-06-09 10:00:00;2021-06-09 10:30:00;97.9
1071729215;2021-06-09 10:30:00;2021-06-09 11:00:00;89.48275862068965
1071729215;2021-06-09 11:00:00;2021-06-09 11:30:00;92.26666666666667
1071729215;2021-06-09 11:30:00;2021-06-09 12:00:00;99.79310344827586
1071729215;2021-06-09 12:00:00;2021-06-09 12:30:00;94.56666666666666
1071729215;2021-06-09 12:30:00;2021-06-09 13:00:00;88.55555555555556
1071729215;2021-06-09 13:00:00;2021-06-09 13:30:00;98.52
1071729215;2021-06-09 13:30:00;2021-06-09 14:00:00;107.35714285714286
1071729215;2021-06-09 14:00:00;2021-06-09 14:30:00;91.64285714285714
1071729215;2021-06-09 14:30:00;2021-06-09 15:00:00;98.16666666666667
1071729215;2021-06-09 15:00:00;2021-06-09 15:30:00;109.83333333333333
1071729215;2021-06-09 15:30:00;2021-06-09 16:00:00;105.63333333333334
1071729215;2021-06-09 16:00:00;2021-06-09 16:30:00;99.2
1071729215;2021-06-09 16:30:00;2021-06-09 17:00:00;103.0
1071729215;2021-06-09 17:00:00;2021-06-09 17:30:00;96.73333333333333
1071729215;2021-06-09 17:30:00;2021-06-09 18:00:00;81.43333333333334
1071729215;2021-06-09 18:00:00;2021-06-09 18:30:00;97.4
1071729215;2021-06-09 18:30:00;2021-06-09 19:00:00;121.73333333333333
1071729215;2021-06-09 19:00:00;2021-06-09 19:30:00;108.33333333333333
1071729215;2021-06-09 19:30:00;2021-06-09 20:00:00;105.7
1071729215;2021-06-09 20:00:00;2021-06-09 20:30:00;95.56666666666666
1071729215;2021-06-09 20:30:00;2021-06-09 21:00:00;97.83333333333333
1071729215;2021-06-09 21:00:00;2021-06-09 21:30:00;104.46666666666667
1071729215;2021-06-09 21:30:00;2021-06-09 22:00:00;102.33333333333333
1071729215;2021-06-09 22:00:00;2021-06-09 22:30:00;89.53333333333333
1071729215;2021-06-09 22:30:00;2021-06-09 23:00:00;90.8
1071729215;2021-06-09 23:00:00;2021-06-09 23:30:00;92.86666666666666
1071729215;2021-06-09 23:30:00;2021-06-09 23:59:59;101.0
1071729215;2021-06-10 00:00:00;2021-06-10 00:30:00;93.23333333333333
1071729215;2021-06-10 00:30:00;2021-06-10 01:00:00;94.06666666666666
1071729215;2021-06-10 01:00:00;2021-06-10 01:30:00;99.73333333333333
1071729215;2021-06-10 01:30:00;2021-06-10 02:00:00;84.16666666666667
1071729215;2021-06-10 02:00:00;2021-06-10 02:30:00;94.03333333333333
1071729215;2021-06-10 02:30:00;2021-06-10 03:00:00;97.6
1071729215;2021-06-10 03:00:00;2021-06-10 03:30:00;100.2
1071729215;2021-06-10 03:30:00;2021-06-10 04:00:00;98.6
1071729215;2021-06-10 04:00:00;2021-06-10 04:30:00;91.2
1071729215;2021-06-10 04:30:00;2021-06-10 05:00:00;91.66666666666667
1071729215;2021-06-10 05:00:00;2021-06-10 05:30:00;93.76666666666667
1071729215;2021-06-10 05:30:00;2021-06-10 06:00:00;110.46666666666667
1071729215;2021-06-10 06:00:00;2021-06-10 06:30:00;102.43333333333334
1071729215;2021-06-10 06:30:00;2021-06-10 07:00:00;100.46666666666667
1071729215;2021-06-10 07:00:00;2021-06-10 07:30:00;100.36666666666666
1071729215;2021-06-10 07:30:00;2021-06-10 08:00:00;103.63333333333334
1071729215;2021-06-10 08:00:00;2021-06-10 08:30:00;98.2
1071729215;2021-06-10 08:30:00;2021-06-10 09:00:00;106.4
1071729215;2021-06-10 09:00:00;2021-06-10 09:30:00;105.5
1071729215;2021-06-10 09:30:00;2021-06-10 10:00:00;96.5
1071729215;2021-06-10 10:00:00;2021-06-10 10:30:00;99.8
1071729215;2021-06-10 10:30:00;2021-06-10 11:00:00;104.83333333333333
1071729215;2021-06-10 11:00:00;2021-06-10 11:30:00;98.62068965517241
1071729215;2021-06-10 11:30:00;2021-06-10 12:00:00;101.43333333333334
1071729215;2021-06-10 12:00:00;2021-06-10 12:30:00;98.13333333333334
1071729215;2021-06-10 12:30:00;2021-06-10 13:00:00;96.2
1071729215;2021-06-10 13:00:00;2021-06-10 13:30:00;106.16666666666667
1071729215;2021-06-10 13:30:00;2021-06-10 14:00:00;102.96666666666667
1071729215;2021-06-10 14:00:00;2021-06-10 14:30:00;104.0
1071729215;2021-06-10 14:30:00;2021-06-10 15:00:00;109.73333333333333
1071729215;2021-06-10 15:00:00;2021-06-10 15:30:00;100.66666666666667
1071729215;2021-06-10 15:30:00;2021-06-10 16:00:00;110.46666666666667
1071729215;2021-06-10 16:00:00;2021-06-10 16:30:00;97.96666666666667
1071729215;2021-06-10 16:30:00;2021-06-10 17:00:00;100.73333333333333
1071729215;2021-06-10 17:00:00;2021-06-10 17:30:00;102.96666666666667
1071729215;2021-06-10 17:30:00;2021-06-10 18:00:00;93.43333333333334
1071729215;2021-06-10 18:00:00;2021-06-10 18:30:00;100.96666666666667
1071729215;2021-06-10 18:30:00;2021-06-10 19:00:00;96.0
1071729215;2021-06-10 19:00:00;2021-06-10 19:30:00;95.53333333333333
1071729215;2021-06-10 19:30:00;2021-06-10 20:00:00;92.3
1071729215;2021-06-10 20:00:00;2021-06-10 20:30:00;104.66666666666667
1071729215;2021-06-10 20:30:00;2021-06-10 21:00:00;99.06666666666666
1071729215;2021-06-10 21:00:00;2021-06-10 21:30:00;102.33333333333333
1071729215;2021-06-10 21:30:00;2021-06-10 22:00:00;102.13333333333334
1071729215;2021-06-10 22:00:00;2021-06-10 22:30:00;103.23333333333333
1071729215;2021-06-10 22:30:00;2021-06-10 23:00:00;98.43333333333334
1071729215;2021-06-10 23:00:00;2021-06-10 23:30:00;101.0
1071729215;2021-06-10 23:30:00;2021-06-10 23:59:59;101.0
1071729215;2021-06-11 00:00:00;2021-06-11 00:30:00;101.0
1071729215;2021-06-11 00:30:00;2021-06-11 01:00:00;101.0
1071729215;2021-06-11 01:00:00;2021-06-11 01:30:00;101.0
1071729215;2021-06-11 01:30:00;2021-06-11 02:00:00;101.0
1071729215;2021-06-11 02:00:00;2021-06-11 02:30:00;101.0
1071729215;2021-06-11 02:30:00;2021-06-11 03:00:00;101.0
1071729215;2021-06-11 03:00:00;2021-06-11 03:30:00;98.56666666666666
1071729215;2021-06-11 03:30:00;2021-06-11 04:00:00;105.83333333333333
1071729215;2021-06-11 04:00:00;2021-06-11 04:30:00;102.6
1071729215;2021-06-11 04:30:00;2021-06-11 05:00:00;92.0
1071729215;2021-06-11 05:00:00;2021-06-11 05:30:00;103.26666666666667
1071729215;2021-06-11 05:30:00;2021-06-11 06:00:00;102.9
1071729215;2021-06-11 06:00:00;2021-06-11 06:30:00;107.86666666666666
1071729215;2021-06-11 06:30:00;2021-06-11 07:00:00;109.2
1071729215;2021-06-11 07:00:00;2021-06-11 07:30:00;91.9
1071729215;2021-06-11 07:30:00;2021-06-11 08:00:00;103.4
1071729215;2021-06-11 08:00:00;2021-06-11 08:30:00;106.33333333333333
1071729215;2021-06-11 08:30:00;2021-06-11 09:00:00;103.66666666666667
1071729215;2021-06-11 09:00:00;2021-06-11 09:30:00;94.73333333333333
1071729215;2021-06-11 09:30:00;2021-06-11 10:00:00;101.46666666666667
1071729215;2021-06-11 10:00:00;2021-06-11 10:30:00;104.7
1071729215;2021-06-11 10:30:00;2021-06-11 11:00:00;106.76666666666667
1071729215;2021-06-11 11:00:00;2021-06-11 11:30:00;92.63333333333334
1071729215;2021-06-11 11:30:00;2021-06-11 12:00:00;98.53333333333333
1071729215;2021-06-11 12:00:00;2021-06-11 12:30:00;101.8
1071729215;2021-06-11 12:30:00;2021-06-11 13:00:00;101.26666666666667
1071729215;2021-06-11 13:00:00;2021-06-11 13:30:00;106.3
1071729215;2021-06-11 13:30:00;2021-06-11 14:00:00;98.8
1071729215;2021-06-11 14:00:00;2021-06-11 14:30:00;104.13333333333334
1071729215;2021-06-11 14:30:00;2021-06-11 15:00:00;94.56666666666666
1071729215;2021-06-11 15:00:00;2021-06-11 15:30:00;91.5
1071729215;2021-06-11 15:30:00;2021-06-11 16:00:00;105.9
1071729215;2021-06-11 16:00:00;2021-06-11 16:30:00;108.73333333333333
1071729215;2021-06-11 16:30:00;2021-06-11 17:00:00;90.56666666666666
1071729215;2021-06-11 17:00:00;2021-06-11 17:30:00;109.13333333333334
1071729215;2021-06-11 17:30:00;2021-06-11 18:00:00;107.6
1071729215;2021-06-11 18:00:00;2021-06-11 18:30:00;116.56666666666666
1071729215;2021-06-11 18:30:00;2021-06-11 19:00:00;104.83333333333333
1071729215;2021-06-11 19:00:00;2021-06-11 19:30:00;96.5
1071729215;2021-06-11 19:30:00;2021-06-11 20:00:00;107.53333333333333
1071729215;2021-06-11 20:00:00;2021-06-11 20:30:00;100.66666666666667
1071729215;2021-06-11 20:30:00;2021-06-11 21:00:00;107.7
1071729215;2021-06-11 21:00:00;2021-06-11 21:30:00;105.43333333333334
1071729215;2021-06-11 21:30:00;2021-06-11 22:00:00;101.86666666666666
1071729215;2021-06-11 22:00:00;2021-06-11 22:30:00;93.6
1071729215;2021-06-11 22:30:00;2021-06-11 23:00:00;89.4
1071729215;2021-06-11 23:00:00;2021-06-11 23:30:00;101.0
1071729215;2021-06-11 23:30:00;2021-06-11 23:59:59;101.0
1071729215;2021-06-12 00:00:00;2021-06-12 00:30:00;104.6
1071729215;2021-06-12 00:30:00;2021-06-12 01:00:00;101.63333333333334
1071729215;2021-06-12 01:00:00;2021-06-12 01:30:00;101.86666666666666
1071729215;2021-06-12 01:30:00;2021-06-12 02:00:00;98.06666666666666
1071729215;2021-06-12 02:00:00;2021-06-12 02:30:00;101.0
1071729215;2021-06-12 02:30:00;2021-06-12 03:00:00;110.4
1071729215;2021-06-12 03:00:00;2021-06-12 03:30:00;101.0
1071729215;2021-06-12 03:30:00;2021-06-12 04:00:00;101.0
1071729215;2021-06-12 04:00:00;2021-06-12 04:30:00;94.06666666666666
1071729215;2021-06-12 04:30:00;2021-06-12 05:00:00;92.9
1071729215;2021-06-12 05:00:00;2021-06-12 05:30:00;89.76666666666667
1071729215;2021-06-12 05:30:00;2021-06-12 06:00:00;101.1
1071729215;2021-06-12 06:00:00;2021-06-12 06:30:00;102.7
1071729215;2021-06-12 06:30:00;2021-06-12 07:00:00;104.83333333333333
1071729215;2021-06-12 07:00:00;2021-06-12 07:30:00;121.73333333333333
1071729215;2021-06-12 07:30:00;2021-06-12 08:00:00;107.63333333333334
1071729215;2021-06-12 08:00:00;2021-06-12 08:30:00;99.53333333333333
1071729215;2021-06-12 08:30:00;2021-06-12 09:00:00;105.73333333333333
1071729215;2021-06-12 09:00:00;2021-06-12 09:30:00;99.06666666666666
1071729215;2021-06-12 09:30:00;2021-06-12 10:00:00;104.03333333333333
1071729215;2021-06-12 10:00:00;2021-06-12 10:30:00;103.4
1071729215;2021-06-12 10:30:00;2021-06-12 11:00:00;107.16666666666667
1071729215;2021-06-12 11:00:00;2021-06-12 11:30:00;109.33333333333333
1071729215;2021-06-12 11:30:00;2021-06-12 12:00:00;103.53333333333333
1071729215;2021-06-12 12:00:00;2021-06-12 12:30:00;103.26666666666667
1071729215;2021-06-12 12:30:00;2021-06-12 13:00:00;106.9
1071729215;2021-06-12 13:00:00;2021-06-12 13:30:00;106.33333333333333
1071729215;2021-06-12 13:30:00;2021-06-12 14:00:00;110.1
1071729215;2021-06-12 14:00:00;2021-06-12 14:30:00;108.4
1071729215;2021-06-12 14:30:00;2021-06-12 15:00:00;101.6
1071729215;2021-06-12 15:00:00;2021-06-12 15:30:00;95.9
1071729215;2021-06-12 15:30:00;2021-06-12 16:00:00;109.9
1071729215;2021-06-12 16:00:00;2021-06-12 16:30:00;112.03333333333333
1071729215;2021-06-12 16:30:00;2021-06-12 17:00:00;101.53333333333333
1071729215;2021-06-12 17:00:00;2021-06-12 17:30:00;112.83333333333333
1071729215;2021-06-12 17:30:00;2021-06-12 18:00:00;106.96666666666667
1071729215;2021-06-12 18:00:00;2021-06-12 18:30:00;107.7
1071729215;2021-06-12 18:30:00;2021-06-12 19:00:00;118.03333333333333
1071729215;2021-06-12 19:00:00;2021-06-12 19:30:00;94.16666666666667
1071729215;2021-06-12 19:30:00;2021-06-12 20:00:00;110.13333333333334
1071729215;2021-06-12 20:00:00;2021-06-12 20:30:00;110.3
1071729215;2021-06-12 20:30:00;2021-06-12 21:00:00;93.16666666666667
1071729215;2021-06-12 21:00:00;2021-06-12 21:30:00;112.26666666666667
1071729215;2021-06-12 21:30:00;2021-06-12 22:00:00;102.13333333333334
1071729215;2021-06-12 22:00:00;2021-06-12 22:30:00;92.96666666666667
1071729215;2021-06-12 22:30:00;2021-06-12 23:00:00;90.23333333333333
1071729215;2021-06-12 23:00:00;2021-06-12 23:30:00;83.33333333333333
1071729215;2021-06-12 23:30:00;2021-06-12 23:59:59;87.83333333333333
1071729215;2021-06-13 00:00:00;2021-06-13 00:30:00;98.03333333333333
1071729215;2021-06-13 00:30:00;2021-06-13 01:00:00;90.2
1071729215;2021-06-13 01:00:00;2021-06-13 01:30:00;94.1
1071729215;2021-06-13 01:30:00;2021-06-13 02:00:00;101.0
1071729215;2021-06-13 02:00:00;2021-06-13 02:30:00;96.23333333333333
1071729215;2021-06-13 02:30:00;2021-06-13 03:00:00;99.76666666666667
1071729215;2021-06-13 03:00:00;2021-06-13 03:30:00;94.06666666666666
1071729215;2021-06-13 03:30:00;2021-06-13 04:00:00;93.0
1071729215;2021-06-13 04:00:00;2021-06-13 04:30:00;92.56666666666666
1071729215;2021-06-13 04:30:00;2021-06-13 05:00:00;90.0
1071729215;2021-06-13 05:00:00;2021-06-13 05:30:00;89.93333333333334
1071729215;2021-06-13 05:30:00;2021-06-13 06:00:00;93.36666666666666
1071729215;2021-06-13 06:00:00;2021-06-13 06:30:00;97.76666666666667
1071729215;2021-06-13 06:30:00;2021-06-13 07:00:00;118.6
1071729215;2021-06-13 07:00:00;2021-06-13 07:30:00;115.73333333333333
1071729215;2021-06-13 07:30:00;2021-06-13 08:00:00;107.53333333333333
1071729215;2021-06-13 08:00:00;2021-06-13 08:30:00;103.76666666666667
1071729215;2021-06-13 08:30:00;2021-06-13 09:00:00;98.73333333333333
1071729215;2021-06-13 09:00:00;2021-06-13 09:30:00;102.86666666666666
1071729215;2021-06-13 09:30:00;2021-06-13 10:00:00;104.66666666666667
1071729215;2021-06-13 10:00:00;2021-06-13 10:30:00;99.53333333333333
1071729215;2021-06-13 10:30:00;2021-06-13 11:00:00;94.16666666666667
1071729215;2021-06-13 11:00:00;2021-06-13 11:30:00;112.66666666666667
1071729215;2021-06-13 11:30:00;2021-06-13 12:00:00;103.46666666666667
1071729215;2021-06-13 12:00:00;2021-06-13 12:30:00;105.36666666666666
1071729215;2021-06-13 12:30:00;2021-06-13 13:00:00;93.46666666666667
1071729215;2021-06-13 13:00:00;2021-06-13 13:30:00;97.5
1071729215;2021-06-13 13:30:00;2021-06-13 14:00:00;97.23333333333333
1071729215;2021-06-13 14:00:00;2021-06-13 14:30:00;87.93333333333334
1071729215;2021-06-13 14:30:00;2021-06-13 15:00:00;101.53333333333333
1071729215;2021-06-13 15:00:00;2021-06-13 15:30:00;98.9
1071729215;2021-06-13 15:30:00;2021-06-13 16:00:00;98.1
1071729215;2021-06-13 16:00:00;2021-06-13 16:30:00;97.4
1071729215;2021-06-13 16:30:00;2021-06-13 17:00:00;100.4
1071729215;2021-06-13 17:00:00;2021-06-13 17:30:00;95.36666666666666
1071729215;2021-06-13 17:30:00;2021-06-13 18:00:00;102.36666666666666
1071729215;2021-06-13 18:00:00;2021-06-13 18:30:00;87.16666666666667
1071729215;2021-06-13 18:30:00;2021-06-13 19:00:00;95.4
1071729215;2021-06-13 19:00:00;2021-06-13 19:30:00;98.43333333333334
1071729215;2021-06-13 19:30:00;2021-06-13 20:00:00;106.93333333333334
1071729215;2021-06-13 20:00:00;2021-06-13 20:30:00;102.33333333333333
1071729215;2021-06-13 20:30:00;2021-06-13 21:00:00;101.7
1071729215;2021-06-13 21:00:00;2021-06-13 21:30:00;99.5
1071729215;2021-06-13 21:30:00;2021-06-13 22:00:00;102.33333333333333
1071729215;2021-06-13 22:00:00;2021-06-13 22:30:00;95.86666666666666
1071729215;2021-06-13 22:30:00;2021-06-13 23:00:00;94.16666666666667
1071729215;2021-06-13 23:00:00;2021-06-13 23:30:00;100.66666666666667
1071729215;2021-06-13 23:30:00;2021-06-13 23:59:59;101.0
1071729215;2021-06-14 00:00:00;2021-06-14 00:30:00;101.0
1071729215;2021-06-14 00:30:00;2021-06-14 01:00:00;98.4
1071729215;2021-06-14 01:00:00;2021-06-14 01:30:00;101.0
1071729215;2021-06-14 01:30:00;2021-06-14 02:00:00;111.23333333333333
1071729215;2021-06-14 02:00:00;2021-06-14 02:30:00;108.46666666666667
1071729215;2021-06-14 02:30:00;2021-06-14 03:00:00;114.53333333333333
1071729215;2021-06-14 03:00:00;2021-06-14 03:30:00;99.2
1071729215;2021-06-14 03:30:00;2021-06-14 04:00:00;100.13333333333334
1071729215;2021-06-14 04:00:00;2021-06-14 04:30:00;103.63333333333334
1071729215;2021-06-14 04:30:00;2021-06-14 05:00:00;114.33333333333333
1071729215;2021-06-14 05:00:00;2021-06-14 05:30:00;111.3
1071729215;2021-06-14 05:30:00;2021-06-14 06:00:00;110.7
1071729215;2021-06-14 06:00:00;2021-06-14 06:30:00;108.13333333333334
1071729215;2021-06-14 06:30:00;2021-06-14 07:00:00;107.06666666666666
1071729215;2021-06-14 07:00:00;2021-06-14 07:30:00;103.43333333333334
1071729215;2021-06-14 07:30:00;2021-06-14 08:00:00;93.16666666666667
1071729215;2021-06-14 08:00:00;2021-06-14 08:30:00;97.03333333333333
1071729215;2021-06-14 08:30:00;2021-06-14 09:00:00;99.3
1071729215;2021-06-14 09:00:00;2021-06-14 09:30:00;105.63333333333334
1071729215;2021-06-14 09:30:00;2021-06-14 10:00:00;95.03333333333333
1071729215;2021-06-14 10:00:00;2021-06-14 10:30:00;89.5
1071729215;2021-06-14 10:30:00;2021-06-14 11:00:00;103.46666666666667
1071729215;2021-06-14 11:00:00;2021-06-14 11:30:00;98.83333333333333
1071729215;2021-06-14 11:30:00;2021-06-14 12:00:00;103.9
1071729215;2021-06-14 12:00:00;2021-06-14 12:30:00;105.13333333333334
1071729215;2021-06-14 12:30:00;2021-06-14 13:00:00;96.86666666666666
1071729215;2021-06-14 13:00:00;2021-06-14 13:30:00;92.1
1071729215;2021-06-14 13:30:00;2021-06-14 14:00:00;96.06666666666666
1071729215;2021-06-14 14:00:00;2021-06-14 14:30:00;96.06666666666666
1071729215;2021-06-14 14:30:00;2021-06-14 15:00:00;97.7
1071729215;2021-06-14 15:00:00;2021-06-14 15:30:00;109.4
1071729215;2021-06-14 15:30:00;2021-06-14 16:00:00;94.9
1071729215;2021-06-14 16:00:00;2021-06-14 16:30:00;104.73333333333333
1071729215;2021-06-14 16:30:00;2021-06-14 17:00:00;104.43333333333334
1071729215;2021-06-14 17:00:00;2021-06-14 17:30:00;91.6
1071729215;2021-06-14 17:30:00;2021-06-14 18:00:00;96.3
1071729215;2021-06-14 18:00:00;2021-06-14 18:30:00;92.26666666666667
1071729215;2021-06-14 18:30:00;2021-06-14 19:00:00;96.63333333333334
1071729215;2021-06-14 19:00:00;2021-06-14 19:30:00;97.16666666666667
1071729215;2021-06-14 19:30:00;2021-06-14 20:00:00;101.43333333333334
1071729215;2021-06-14 20:00:00;2021-06-14 20:30:00;100.03333333333333
1071729215;2021-06-14 20:30:00;2021-06-14 21:00:00;100.33333333333333
1071729215;2021-06-14 21:00:00;2021-06-14 21:30:00;93.43333333333334
1071729215;2021-06-14 21:30:00;2021-06-14 22:00:00;100.6
1071729215;2021-06-14 22:00:00;2021-06-14 22:30:00;92.46666666666667
1071729215;2021-06-14 22:30:00;2021-06-14 23:00:00;95.93333333333334
1071729215;2021-06-14 23:00:00;2021-06-14 23:30:00;100.46666666666667
1071729215;2021-06-14 23:30:00;2021-06-14 23:59:59;100.83333333333333
1071729215;2021-06-15 00:00:00;2021-06-15 00:30:00;95.33333333333333
1071729215;2021-06-15 00:30:00;2021-06-15 01:00:00;97.36666666666666
1071729215;2021-06-15 01:00:00;2021-06-15 01:30:00;83.4
1071729215;2021-06-15 01:30:00;2021-06-15 02:00:00;80.5
1071729215;2021-06-15 02:00:00;2021-06-15 02:30:00;90.5
1071729215;2021-06-15 02:30:00;2021-06-15 03:00:00;111.0
1071729215;2021-06-15 03:00:00;2021-06-15 03:30:00;108.26666666666667
1071729215;2021-06-15 03:30:00;2021-06-15 04:00:00;107.06666666666666
1071729215;2021-06-15 04:00:00;2021-06-15 04:30:00;91.5
1071729215;2021-06-15 04:30:00;2021-06-15 05:00:00;105.03333333333333
1071729215;2021-06-15 05:00:00;2021-06-15 05:30:00;98.93333333333334
1071729215;2021-06-15 05:30:00;2021-06-15 06:00:00;108.73333333333333
1071729215;2021-06-15 06:00:00;2021-06-15 06:30:00;97.63333333333334
1071729215;2021-06-15 06:30:00;2021-06-15 07:00:00;105.8
1071729215;2021-06-15 07:00:00;2021-06-15 07:30:00;102.86666666666666
1071729215;2021-06-15 07:30:00;2021-06-15 08:00:00;96.13333333333334
1071729215;2021-06-15 08:00:00;2021-06-15 08:30:00;99.76666666666667
1071729215;2021-06-15 08:30:00;2021-06-15 09:00:00;93.0
1071729215;2021-06-15 09:00:00;2021-06-15 09:30:00;92.96666666666667
1071729215;2021-06-15 09:30:00;2021-06-15 10:00:00;89.3
1071729215;2021-06-15 10:00:00;2021-06-15 10:30:00;104.43333333333334
1071729215;2021-06-15 10:30:00;2021-06-15 11:00:00;98.96666666666667
1071729215;2021-06-15 11:00:00;2021-06-15 11:30:00;100.9
1071729215;2021-06-15 11:30:00;2021-06-15 12:00:00;99.13333333333334
1071729215;2021-06-15 12:00:00;2021-06-15 12:30:00;88.23333333333333
1071729215;2021-06-15 12:30:00;2021-06-15 13:00:00;90.7
1071729215;2021-06-15 13:00:00;2021-06-15 13:30:00;90.16666666666667
1071729215;2021-06-15 13:30:00;2021-06-15 14:00:00;89.3103448275862
1071729215;2021-06-15 14:00:00;2021-06-15 14:30:00;105.06666666666666
1071729215;2021-06-15 14:30:00;2021-06-15 15:00:00;96.36666666666666
1071729215;2021-06-15 15:00:00;2021-06-15 15:30:00;91.2
1071729215;2021-06-15 15:30:00;2021-06-15 16:00:00;92.16666666666667
1071729215;2021-06-15 16:00:00;2021-06-15 16:30:00;99.93333333333334
1071729215;2021-06-15 16:30:00;2021-06-15 17:00:00;109.93333333333334
1071729215;2021-06-15 17:00:00;2021-06-15 17:30:00;102.6
1071729215;2021-06-15 17:30:00;2021-06-15 18:00:00;90.0
1071729215;2021-06-15 18:00:00;2021-06-15 18:30:00;99.0
1071729215;2021-06-15 18:30:00;2021-06-15 19:00:00;106.83333333333333
1071729215;2021-06-15 19:00:00;2021-06-15 19:30:00;110.86666666666666
1071729215;2021-06-15 19:30:00;2021-06-15 20:00:00;107.53333333333333
1071729215;2021-06-15 20:00:00;2021-06-15 20:30:00;94.3
1071729215;2021-06-15 20:30:00;2021-06-15 21:00:00;87.9
1071729215;2021-06-15 21:00:00;2021-06-15 21:30:00;102.8
1071729215;2021-06-15 21:30:00;2021-06-15 22:00:00;107.66666666666667
1071729215;2021-06-15 22:00:00;2021-06-15 22:30:00;102.8
1071729215;2021-06-15 22:30:00;2021-06-15 23:00:00;90.96666666666667
1071729215;2021-06-15 23:00:00;2021-06-15 23:30:00;100.06666666666666
1071729215;2021-06-15 23:30:00;2021-06-15 23:59:59;95.73333333333333
1071729215;2021-06-16 00:00:00;2021-06-16 00:30:00;99.8
1071729215;2021-06-16 00:30:00;2021-06-16 01:00:00;94.0
1071729215;2021-06-16 01:00:00;2021-06-16 01:30:00;95.8
1071729215;2021-06-16 01:30:00;2021-06-16 02:00:00;98.13333333333334
1071729215;2021-06-16 02:00:00;2021-06-16 02:30:00;101.0
1071729215;2021-06-16 02:30:00;2021-06-16 03:00:00;101.0
1071729215;2021-06-16 03:00:00;2021-06-16 03:30:00;89.26666666666667
1071729215;2021-06-16 03:30:00;2021-06-16 04:00:00;103.2
1071729215;2021-06-16 04:00:00;2021-06-16 04:30:00;100.83333333333333
1071729215;2021-06-16 04:30:00;2021-06-16 05:00:00;92.9
1071729215;2021-06-16 05:00:00;2021-06-16 05:30:00;111.66666666666667
1071729215;2021-06-16 05:30:00;2021-06-16 06:00:00;98.4
1071729215;2021-06-16 06:00:00;2021-06-16 06:30:00;111.26666666666667
1071729215;2021-06-16 06:30:00;2021-06-16 07:00:00;97.66666666666667
1071729215;2021-06-16 07:00:00;2021-06-16 07:30:00;92.5
1071729215;2021-06-16 07:30:00;2021-06-16 08:00:00;107.4
1071729215;2021-06-16 08:00:00;2021-06-16 08:30:00;105.46666666666667
1071729215;2021-06-16 08:30:00;2021-06-16 09:00:00;95.73333333333333
1071729215;2021-06-16 09:00:00;2021-06-16 09:30:00;103.4
1071729215;2021-06-16 09:30:00;2021-06-16 10:00:00;97.53333333333333
1071729215;2021-06-16 10:00:00;2021-06-16 10:30:00;91.1
1071729215;2021-06-16 10:30:00;2021-06-16 11:00:00;93.23333333333333
1071729215;2021-06-16 11:00:00;2021-06-16 11:30:00;93.53333333333333
1071729215;2021-06-16 11:30:00;2021-06-16 12:00:00;102.2
1071729215;2021-06-16 12:00:00;2021-06-16 12:30:00;94.13333333333334
1071729215;2021-06-16 12:30:00;2021-06-16 13:00:00;95.0
1071729215;2021-06-16 13:00:00;2021-06-16 13:30:00;87.43333333333334
1071729215;2021-06-16 13:30:00;2021-06-16 14:00:00;101.16666666666667
1071729215;2021-06-16 14:00:00;2021-06-16 14:30:00;92.83333333333333
1071729215;2021-06-16 14:30:00;2021-06-16 15:00:00;92.86666666666666
1071729215;2021-06-16 15:00:00;2021-06-16 15:30:00;89.53333333333333
1071729215;2021-06-16 15:30:00;2021-06-16 16:00:00;105.7
1071729215;2021-06-16 16:00:00;2021-06-16 16:30:00;103.4
1071729215;2021-06-16 16:30:00;2021-06-16 17:00:00;100.3
1071729215;2021-06-16 17:00:00;2021-06-16 17:30:00;98.5
1071729215;2021-06-16 17:30:00;2021-06-16 18:00:00;111.83333333333333
1071729215;2021-06-16 18:00:00;2021-06-16 18:30:00;98.6
1071729215;2021-06-16 18:30:00;2021-06-16 19:00:00;90.76666666666667
1071729215;2021-06-16 19:00:00;2021-06-16 19:30:00;104.83333333333333
1071729215;2021-06-16 19:30:00;2021-06-16 20:00:00;107.8
1071729215;2021-06-16 20:00:00;2021-06-16 20:30:00;116.56666666666666
1071729215;2021-06-16 20:30:00;2021-06-16 21:00:00;103.86666666666666
1071729215;2021-06-16 21:00:00;2021-06-16 21:30:00;109.2
1071729215;2021-06-16 21:30:00;2021-06-16 22:00:00;99.4
1071729215;2021-06-16 22:00:00;2021-06-16 22:30:00;85.9
1071729215;2021-06-16 22:30:00;2021-06-16 23:00:00;99.1
1071729215;2021-06-16 23:00:00;2021-06-16 23:30:00;93.2
1071729215;2021-06-16 23:30:00;2021-06-16 23:59:59;105.13333333333334
1071729215;2021-06-17 00:00:00;2021-06-17 00:30:00;98.8
1071729215;2021-06-17 00:30:00;2021-06-17 01:00:00;101.0
1071729215;2021-06-17 01:00:00;2021-06-17 01:30:00;101.0
1071729215;2021-06-17 01:30:00;2021-06-17 02:00:00;101.0
1071729215;2021-06-17 02:00:00;2021-06-17 02:30:00;95.1
1071729215;2021-06-17 02:30:00;2021-06-17 03:00:00;101.0
1071729215;2021-06-17 03:00:00;2021-06-17 03:30:00;96.33333333333333
1071729215;2021-06-17 03:30:00;2021-06-17 04:00:00;103.73333333333333
1071729215;2021-06-17 04:00:00;2021-06-17 04:30:00;103.93333333333334
1071729215;2021-06-17 04:30:00;2021-06-17 05:00:00;90.76666666666667
1071729215;2021-06-17 05:00:00;2021-06-17 05:30:00;85.16666666666667
1071729215;2021-06-17 05:30:00;2021-06-17 06:00:00;105.96666666666667
1071729215;2021-06-17 06:00:00;2021-06-17 06:30:00;91.86666666666666
1071729215;2021-06-17 06:30:00;2021-06-17 07:00:00;91.7
1071729215;2021-06-17 07:00:00;2021-06-17 07:30:00;91.83333333333333
1071729215;2021-06-17 07:30:00;2021-06-17 08:00:00;108.56666666666666
1071729215;2021-06-17 08:00:00;2021-06-17 08:30:00;102.0
1071729215;2021-06-17 08:30:00;2021-06-17 09:00:00;105.2
1071729215;2021-06-17 09:00:00;2021-06-17 09:30:00;91.26666666666667
1071729215;2021-06-17 09:30:00;2021-06-17 10:00:00;100.26666666666667
1071729215;2021-06-17 10:00:00;2021-06-17 10:30:00;91.46666666666667
1071729215;2021-06-17 10:30:00;2021-06-17 11:00:00;91.53333333333333
1071729215;2021-06-17 11:00:00;2021-06-17 11:30:00;98.9
1071729215;2021-06-17 11:30:00;2021-06-17 12:00:00;104.1
1071729215;2021-06-17 12:00:00;2021-06-17 12:30:00;89.03333333333333
1071729215;2021-06-17 12:30:00;2021-06-17 13:00:00;93.83333333333333
1071729215;2021-06-17 13:00:00;2021-06-17 13:30:00;95.13333333333334
1071729215;2021-06-17 13:30:00;2021-06-17 14:00:00;97.46666666666667
1071729215;2021-06-17 14:00:00;2021-06-17 14:30:00;93.06666666666666
1071729215;2021-06-17 14:30:00;2021-06-17 15:00:00;91.03333333333333
1071729215;2021-06-17 15:00:00;2021-06-17 15:30:00;93.13333333333334
1071729215;2021-06-17 15:30:00;2021-06-17 16:00:00;96.26666666666667
1071729215;2021-06-17 16:00:00;2021-06-17 16:30:00;99.7
1071729215;2021-06-17 16:30:00;2021-06-17 17:00:00;105.0
1071729215;2021-06-17 17:00:00;2021-06-17 17:30:00;105.66666666666667
1071729215;2021-06-17 17:30:00;2021-06-17 18:00:00;97.43333333333334
1071729215;2021-06-17 18:00:00;2021-06-17 18:30:00;108.0
1071729215;2021-06-17 18:30:00;2021-06-17 19:00:00;94.36666666666666
1071729215;2021-06-17 19:00:00;2021-06-17 19:30:00;91.76666666666667
1071729215;2021-06-17 19:30:00;2021-06-17 20:00:00;103.53333333333333
1071729215;2021-06-17 20:00:00;2021-06-17 20:30:00;109.3
1071729215;2021-06-17 20:30:00;2021-06-17 21:00:00;107.73333333333333
1071729215;2021-06-17 21:00:00;2021-06-17 21:30:00;104.26666666666667
1071729215;2021-06-17 21:30:00;2021-06-17 22:00:00;96.46666666666667
1071729215;2021-06-17 22:00:00;2021-06-17 22:30:00;87.5
1071729215;2021-06-17 22:30:00;2021-06-17 23:00:00;101.0
1071729215;2021-06-17 23:00:00;2021-06-17 23:30:00;100.46666666666667
1071729215;2021-06-17 23:30:00;2021-06-17 23:59:59;103.03333333333333
1071729215;2021-06-18 00:00:00;2021-06-18 00:30:00;101.0
1071729215;2021-06-18 00:30:00;2021-06-18 01:00:00;101.0
1071729215;2021-06-18 01:00:00;2021-06-18 01:30:00;110.56666666666666
1071729215;2021-06-18 01:30:00;2021-06-18 02:00:00;113.6
1071729215;2021-06-18 02:00:00;2021-06-18 02:30:00;103.06666666666666
1071729215;2021-06-18 02:30:00;2021-06-18 03:00:00;93.66666666666667
1071729215;2021-06-18 03:00:00;2021-06-18 03:30:00;109.73333333333333
1071729215;2021-06-18 03:30:00;2021-06-18 04:00:00;99.93333333333334
1071729215;2021-06-18 04:00:00;2021-06-18 04:30:00;94.76666666666667
1071729215;2021-06-18 04:30:00;2021-06-18 05:00:00;95.8
1071729215;2021-06-18 05:00:00;2021-06-18 05:30:00;102.63333333333334
1071729215;2021-06-18 05:30:00;2021-06-18 06:00:00;102.46666666666667
1071729215;2021-06-18 06:00:00;2021-06-18 06:30:00;104.4
1071729215;2021-06-18 06:30:00;2021-06-18 07:00:00;90.0
1071729215;2021-06-18 07:00:00;2021-06-18 07:30:00;99.16666666666667
1071729215;2021-06-18 07:30:00;2021-06-18 08:00:00;104.33333333333333
1071729215;2021-06-18 08:00:00;2021-06-18 08:30:00;90.86666666666666
1071729215;2021-06-18 08:30:00;2021-06-18 09:00:00;101.86666666666666
1071729215;2021-06-18 09:00:00;2021-06-18 09:30:00;99.33333333333333
1071729215;2021-06-18 09:30:00;2021-06-18 10:00:00;98.66666666666667
1071729215;2021-06-18 10:00:00;2021-06-18 10:30:00;98.1
1071729215;2021-06-18 10:30:00;2021-06-18 11:00:00;107.36666666666666
1071729215;2021-06-18 11:00:00;2021-06-18 11:30:00;100.16666666666667
1071729215;2021-06-18 11:30:00;2021-06-18 12:00:00;102.0
1071729215;2021-06-18 12:00:00;2021-06-18 12:30:00;98.3
1071729215;2021-06-18 12:30:00;2021-06-18 13:00:00;102.1
1071729215;2021-06-18 13:00:00;2021-06-18 13:30:00;89.53333333333333
1071729215;2021-06-18 13:30:00;2021-06-18 14:00:00;101.56666666666666
1071729215;2021-06-18 14:00:00;2021-06-18 14:30:00;100.06666666666666
1071729215;2021-06-18 14:30:00;2021-06-18 15:00:00;102.43333333333334
1071729215;2021-06-18 15:00:00;2021-06-18 15:30:00;92.03333333333333
1071729215;2021-06-18 15:30:00;2021-06-18 16:00:00;100.73333333333333
1071729215;2021-06-18 16:00:00;2021-06-18 16:30:00;100.66666666666667
1071729215;2021-06-18 16:30:00;2021-06-18 17:00:00;97.0
1071729215;2021-06-18 17:00:00;2021-06-18 17:30:00;102.23333333333333
1071729215;2021-06-18 17:30:00;2021-06-18 18:00:00;95.53333333333333
1071729215;2021-06-18 18:00:00;2021-06-18 18:30:00;111.23333333333333
1071729215;2021-06-18 18:30:00;2021-06-18 19:00:00;107.2
1071729215;2021-06-18 19:00:00;2021-06-18 19:30:00;115.6
1071729215;2021-06-18 19:30:00;2021-06-18 20:00:00;94.76666666666667
1071729215;2021-06-18 20:00:00;2021-06-18 20:30:00;99.4
1071729215;2021-06-18 20:30:00;2021-06-18 21:00:00;103.86666666666666
1071729215;2021-06-18 21:00:00;2021-06-18 21:30:00;87.33333333333333
1071729215;2021-06-18 21:30:00;2021-06-18 22:00:00;94.83333333333333
1071729215;2021-06-18 22:00:00;2021-06-18 22:30:00;103.33333333333333
1071729215;2021-06-18 22:30:00;2021-06-18 23:00:00;92.1
1071729215;2021-06-18 23:00:00;2021-06-18 23:30:00;99.8
1071729215;2021-06-18 23:30:00;2021-06-18 23:59:59;103.0
1071729215;2021-06-19 00:00:00;2021-06-19 00:30:00;100.86666666666666
1071729215;2021-06-19 00:30:00;2021-06-19 01:00:00;100.76666666666667
1071729215;2021-06-19 01:00:00;2021-06-19 01:30:00;101.0
1071729215;2021-06-19 01:30:00;2021-06-19 02:00:00;101.0
1071729215;2021-06-19 02:00:00;2021-06-19 02:30:00;100.56666666666666
1071729215;2021-06-19 02:30:00;2021-06-19 03:00:00;101.0
1071729215;2021-06-19 03:00:00;2021-06-19 03:30:00;94.2
1071729215;2021-06-19 03:30:00;2021-06-19 04:00:00;95.36666666666666
1071729215;2021-06-19 04:00:00;2021-06-19 04:30:00;90.36666666666666
1071729215;2021-06-19 04:30:00;2021-06-19 05:00:00;92.86666666666666
1071729215;2021-06-19 05:00:00;2021-06-19 05:30:00;84.63333333333334
1071729215;2021-06-19 05:30:00;2021-06-19 06:00:00;92.6
1071729215;2021-06-19 06:00:00;2021-06-19 06:30:00;93.2
1071729215;2021-06-19 06:30:00;2021-06-19 07:00:00;94.06666666666666
1071729215;2021-06-19 07:00:00;2021-06-19 07:30:00;92.9
1071729215;2021-06-19 07:30:00;2021-06-19 08:00:00;99.53333333333333
1071729215;2021-06-19 08:00:00;2021-06-19 08:30:00;113.06666666666666
1071729215;2021-06-19 08:30:00;2021-06-19 09:00:00;105.8
1071729215;2021-06-19 09:00:00;2021-06-19 09:30:00;102.83333333333333
1071729215;2021-06-19 09:30:00;2021-06-19 10:00:00;104.1
1071729215;2021-06-19 10:00:00;2021-06-19 10:30:00;105.66666666666667
1071729215;2021-06-19 10:30:00;2021-06-19 11:00:00;105.8
1071729215;2021-06-19 11:00:00;2021-06-19 11:30:00;112.6
1071729215;2021-06-19 11:30:00;2021-06-19 12:00:00;100.46666666666667
1071729215;2021-06-19 12:00:00;2021-06-19 12:30:00;114.6
1071729215;2021-06-19 12:30:00;2021-06-19 13:00:00;107.43333333333334
1071729215;2021-06-19 13:00:00;2021-06-19 13:30:00;96.63333333333334
1071729215;2021-06-19 13:30:00;2021-06-19 14:00:00;96.86666666666666
1071729215;2021-06-19 14:00:00;2021-06-19 14:30:00;96.8
1071729215;2021-06-19 14:30:00;2021-06-19 15:00:00;103.13333333333334
1071729215;2021-06-19 15:00:00;2021-06-19 15:30:00;104.13333333333334
1071729215;2021-06-19 15:30:00;2021-06-19 16:00:00;96.7
1071729215;2021-06-19 16:00:00;2021-06-19 16:30:00;103.26666666666667
1071729215;2021-06-19 16:30:00;2021-06-19 17:00:00;98.83333333333333
1071729215;2021-06-19 17:00:00;2021-06-19 17:30:00;91.36666666666666
1071729215;2021-06-19 17:30:00;2021-06-19 18:00:00;117.66666666666667
1071729215;2021-06-19 18:00:00;2021-06-19 18:30:00;116.26666666666667
1071729215;2021-06-19 18:30:00;2021-06-19 19:00:00;97.56666666666666
1071729215;2021-06-19 19:00:00;2021-06-19 19:30:00;103.96666666666667
1071729215;2021-06-19 19:30:00;2021-06-19 20:00:00;106.63333333333334
1071729215;2021-06-19 20:00:00;2021-06-19 20:30:00;112.93333333333334
1071729215;2021-06-19 20:30:00;2021-06-19 21:00:00;109.93333333333334
1071729215;2021-06-19 21:00:00;2021-06-19 21:30:00;106.9
1071729215;2021-06-19 21:30:00;2021-06-19 22:00:00;101.0
1071729215;2021-06-19 22:00:00;2021-06-19 22:30:00;101.0
1071729215;2021-06-19 22:30:00;2021-06-19 23:00:00;101.0
1071729215;2021-06-19 23:00:00;2021-06-19 23:30:00;113.66666666666667
1071729215;2021-06-19 23:30:00;2021-06-19 23:59:59;95.63333333333334
1071729215;2021-06-20 00:00:00;2021-06-20 00:30:00;89.3
1071729215;2021-06-20 00:30:00;2021-06-20 01:00:00;90.56666666666666
1071729215;2021-06-20 01:00:00;2021-06-20 01:30:00;101.0
1071729215;2021-06-20 01:30:00;2021-06-20 02:00:00;98.5
1071729215;2021-06-20 02:00:00;2021-06-20 02:30:00;101.0
1071729215;2021-06-20 02:30:00;2021-06-20 03:00:00;101.0
1071729215;2021-06-20 03:00:00;2021-06-20 03:30:00;95.0
1071729215;2021-06-20 03:30:00;2021-06-20 04:00:00;95.0
1071729215;2021-06-20 04:00:00;2021-06-20 04:30:00;114.46666666666667
1071729215;2021-06-20 04:30:00;2021-06-20 05:00:00;105.5
1071729215;2021-06-20 05:00:00;2021-06-20 05:30:00;92.16666666666667
1071729215;2021-06-20 05:30:00;2021-06-20 06:00:00;97.46666666666667
1071729215;2021-06-20 06:00:00;2021-06-20 06:30:00;86.0
1071729215;2021-06-20 06:30:00;2021-06-20 07:00:00;97.13333333333334
1071729215;2021-06-20 07:00:00;2021-06-20 07:30:00;107.4
1071729215;2021-06-20 07:30:00;2021-06-20 08:00:00;98.83333333333333
1071729215;2021-06-20 08:00:00;2021-06-20 08:30:00;106.2
1071729215;2021-06-20 08:30:00;2021-06-20 09:00:00;106.1
1071729215;2021-06-20 09:00:00;2021-06-20 09:30:00;107.6
1071729215;2021-06-20 09:30:00;2021-06-20 10:00:00;113.26666666666667
1071729215;2021-06-20 10:00:00;2021-06-20 10:30:00;103.33333333333333
1071729215;2021-06-20 10:30:00;2021-06-20 11:00:00;108.53333333333333
1071729215;2021-06-20 11:00:00;2021-06-20 11:30:00;103.96666666666667
1071729215;2021-06-20 11:30:00;2021-06-20 12:00:00;108.93333333333334
1071729215;2021-06-20 12:00:00;2021-06-20 12:30:00;103.13333333333334
1071729215;2021-06-20 12:30:00;2021-06-20 13:00:00;100.56666666666666
1071729215;2021-06-20 13:00:00;2021-06-20 13:30:00;94.23333333333333
1071729215;2021-06-20 13:30:00;2021-06-20 14:00:00;103.43333333333334
1071729215;2021-06-20 14:00:00;2021-06-20 14:30:00;105.06666666666666
1071729215;2021-06-20 14:30:00;2021-06-20 15:00:00;89.13333333333334
1071729215;2021-06-20 15:00:00;2021-06-20 15:30:00;94.86666666666666
1071729215;2021-06-20 15:30:00;2021-06-20 16:00:00;99.93333333333334
1071729215;2021-06-20 16:00:00;2021-06-20 16:30:00;91.63333333333334
1071729215;2021-06-20 16:30:00;2021-06-20 17:00:00;110.5
1071729215;2021-06-20 17:00:00;2021-06-20 17:30:00;103.36666666666666
1071729215;2021-06-20 17:30:00;2021-06-20 18:00:00;102.03333333333333
1071729215;2021-06-20 18:00:00;2021-06-20 18:30:00;113.46666666666667
1071729215;2021-06-20 18:30:00;2021-06-20 19:00:00;88.23333333333333
1071729215;2021-06-20 19:00:00;2021-06-20 19:30:00;100.13333333333334
1071729215;2021-06-20 19:30:00;2021-06-20 20:00:00;100.8
1071729215;2021-06-20 20:00:00;2021-06-20 20:30:00;110.2
1071729215;2021-06-20 20:30:00;2021-06-20 21:00:00;92.56666666666666
1071729215;2021-06-20 21:00:00;2021-06-20 21:30:00;101.9
1071729215;2021-06-20 21:30:00;2021-06-20 22:00:00;103.3
1071729215;2021-06-20 22:00:00;2021-06-20 22:30:00;101.56666666666666
1071729215;2021-06-20 22:30:00;2021-06-20 23:00:00;100.9
1071729215;2021-06-20 23:00:00;2021-06-20 23:30:00;108.76666666666667
1071729215;2021-06-20 23:30:00;2021-06-20 23:59:59;96.16666666666667
1071729215;2021-06-21 00:00:00;2021-06-21 00:30:00;101.0
1071729215;2021-06-21 00:30:00;2021-06-21 01:00:00;101.0
1071729215;2021-06-21 01:00:00;2021-06-21 01:30:00;101.0
1071729215;2021-06-21 01:30:00;2021-06-21 02:00:00;101.0
1071729215;2021-06-21 02:00:00;2021-06-21 02:30:00;108.2
1071729215;2021-06-21 02:30:00;2021-06-21 03:00:00;98.8
1071729215;2021-06-21 03:00:00;2021-06-21 03:30:00;98.5
1071729215;2021-06-21 03:30:00;2021-06-21 04:00:00;100.8
1071729215;2021-06-21 04:00:00;2021-06-21 04:30:00;116.56666666666666
1071729215;2021-06-21 04:30:00;2021-06-21 05:00:00;101.13333333333334
1071729215;2021-06-21 05:00:00;2021-06-21 05:30:00;103.63333333333334
1071729215;2021-06-21 05:30:00;2021-06-21 06:00:00;108.43333333333334
1071729215;2021-06-21 06:00:00;2021-06-21 06:30:00;105.23333333333333
1071729215;2021-06-21 06:30:00;2021-06-21 07:00:00;108.6
1071729215;2021-06-21 07:00:00;2021-06-21 07:30:00;98.26666666666667
1071729215;2021-06-21 07:30:00;2021-06-21 08:00:00;103.1
1071729215;2021-06-21 08:00:00;2021-06-21 08:30:00;90.13333333333334
1071729215;2021-06-21 08:30:00;2021-06-21 09:00:00;95.66666666666667
1071729215;2021-06-21 09:00:00;2021-06-21 09:30:00;97.9
1071729215;2021-06-21 09:30:00;2021-06-21 10:00:00;93.4074074074074
1071729215;2021-06-21 10:00:00;2021-06-21 10:30:00;103.43333333333334
1071729215;2021-06-21 10:30:00;2021-06-21 11:00:00;102.83333333333333
1071729215;2021-06-21 11:00:00;2021-06-21 11:30:00;100.36666666666666
1071729215;2021-06-21 11:30:00;2021-06-21 12:00:00;98.36666666666666
1071729215;2021-06-21 12:00:00;2021-06-21 12:30:00;94.83333333333333
1071729215;2021-06-21 12:30:00;2021-06-21 13:00:00;95.66666666666667
1071729215;2021-06-21 13:00:00;2021-06-21 13:30:00;103.03333333333333
1071729215;2021-06-21 13:30:00;2021-06-21 14:00:00;89.5
1071729215;2021-06-21 14:00:00;2021-06-21 14:30:00;97.1
1071729215;2021-06-21 14:30:00;2021-06-21 15:00:00;90.86666666666666
1071729215;2021-06-21 15:00:00;2021-06-21 15:30:00;96.46666666666667
1071729215;2021-06-21 15:30:00;2021-06-21 16:00:00;91.26666666666667
1071729215;2021-06-21 16:00:00;2021-06-21 16:30:00;110.46666666666667
1071729215;2021-06-21 16:30:00;2021-06-21 17:00:00;109.63333333333334
1071729215;2021-06-21 17:00:00;2021-06-21 17:30:00;86.46666666666667
1071729215;2021-06-21 17:30:00;2021-06-21 18:00:00;84.96666666666667
1071729215;2021-06-21 18:00:00;2021-06-21 18:30:00;103.6
1071729215;2021-06-21 18:30:00;2021-06-21 19:00:00;91.3
1071729215;2021-06-21 19:00:00;2021-06-21 19:30:00;94.63333333333334
1071729215;2021-06-21 19:30:00;2021-06-21 20:00:00;107.3
1071729215;2021-06-21 20:00:00;2021-06-21 20:30:00;100.43333333333334
1071729215;2021-06-21 20:30:00;2021-06-21 21:00:00;96.0
1071729215;2021-06-21 21:00:00;2021-06-21 21:30:00;94.73333333333333
1071729215;2021-06-21 21:30:00;2021-06-21 22:00:00;101.46666666666667
1071729215;2021-06-21 22:00:00;2021-06-21 22:30:00;98.2
1071729215;2021-06-21 22:30:00;2021-06-21 23:00:00;87.2
1071729215;2021-06-21 23:00:00;2021-06-21 23:30:00;109.2
1071729215;2021-06-21 23:30:00;2021-06-21 23:59:59;101.53333333333333
1071729215;2021-06-22 00:00:00;2021-06-22 00:30:00;95.36666666666666
1071729215;2021-06-22 00:30:00;2021-06-22 01:00:00;105.63333333333334
1071729215;2021-06-22 01:00:00;2021-06-22 01:30:00;106.0
1071729215;2021-06-22 01:30:00;2021-06-22 02:00:00;102.33333333333333
1071729215;2021-06-22 02:00:00;2021-06-22 02:30:00;101.0
1071729215;2021-06-22 02:30:00;2021-06-22 03:00:00;101.0
1071729215;2021-06-22 03:00:00;2021-06-22 03:30:00;95.2
1071729215;2021-06-22 03:30:00;2021-06-22 04:00:00;107.0
1071729215;2021-06-22 04:00:00;2021-06-22 04:30:00;98.33333333333333
1071729215;2021-06-22 04:30:00;2021-06-22 05:00:00;93.9
1071729215;2021-06-22 05:00:00;2021-06-22 05:30:00;105.53333333333333
1071729215;2021-06-22 05:30:00;2021-06-22 06:00:00;105.0
1071729215;2021-06-22 06:00:00;2021-06-22 06:30:00;84.36666666666666
1071729215;2021-06-22 06:30:00;2021-06-22 07:00:00;93.23333333333333
1071729215;2021-06-22 07:00:00;2021-06-22 07:30:00;97.16666666666667
1071729215;2021-06-22 07:30:00;2021-06-22 08:00:00;96.3
1071729215;2021-06-22 08:00:00;2021-06-22 08:30:00;89.4
1071729215;2021-06-22 08:30:00;2021-06-22 09:00:00;97.03333333333333
1071729215;2021-06-22 09:00:00;2021-06-22 09:30:00;94.36666666666666
1071729215;2021-06-22 09:30:00;2021-06-22 10:00:00;84.96666666666667
1071729215;2021-06-22 10:00:00;2021-06-22 10:30:00;92.53333333333333
1071729215;2021-06-22 10:30:00;2021-06-22 11:00:00;94.86666666666666
1071729215;2021-06-22 11:00:00;2021-06-22 11:30:00;103.76666666666667
1071729215;2021-06-22 11:30:00;2021-06-22 12:00:00;95.16666666666667
1071729215;2021-06-22 12:00:00;2021-06-22 12:30:00;97.06666666666666
1071729215;2021-06-22 12:30:00;2021-06-22 13:00:00;104.13333333333334
1071729215;2021-06-22 13:00:00;2021-06-22 13:30:00;94.13333333333334
1071729215;2021-06-22 13:30:00;2021-06-22 14:00:00;98.53333333333333
1071729215;2021-06-22 14:00:00;2021-06-22 14:30:00;96.0
1071729215;2021-06-22 14:30:00;2021-06-22 15:00:00;107.93333333333334
1071729215;2021-06-22 15:00:00;2021-06-22 15:30:00;94.5
1071729215;2021-06-22 15:30:00;2021-06-22 16:00:00;101.06666666666666
1071729215;2021-06-22 16:00:00;2021-06-22 16:30:00;107.6
1071729215;2021-06-22 16:30:00;2021-06-22 17:00:00;100.06666666666666
1071729215;2021-06-22 17:00:00;2021-06-22 17:30:00;99.76666666666667
1071729215;2021-06-22 17:30:00;2021-06-22 18:00:00;98.33333333333333
1071729215;2021-06-22 18:00:00;2021-06-22 18:30:00;95.03333333333333
1071729215;2021-06-22 18:30:00;2021-06-22 19:00:00;109.13333333333334
1071729215;2021-06-22 19:00:00;2021-06-22 19:30:00;103.06666666666666
1071729215;2021-06-22 19:30:00;2021-06-22 20:00:00;92.06666666666666
1071729215;2021-06-22 20:00:00;2021-06-22 20:30:00;100.63333333333334
1071729215;2021-06-22 20:30:00;2021-06-22 21:00:00;114.8
1071729215;2021-06-22 21:00:00;2021-06-22 21:30:00;105.73333333333333
1071729215;2021-06-22 21:30:00;2021-06-22 22:00:00;96.76666666666667
1071729215;2021-06-22 22:00:00;2021-06-22 22:30:00;89.9
1071729215;2021-06-22 22:30:00;2021-06-22 23:00:00;97.96666666666667
1071729215;2021-06-22 23:00:00;2021-06-22 23:30:00;95.13333333333334
1071729215;2021-06-22 23:30:00;2021-06-22 23:59:59;101.0
1071729215;2021-06-23 00:00:00;2021-06-23 00:30:00;101.0
1071729215;2021-06-23 00:30:00;2021-06-23 01:00:00;101.0
1071729215;2021-06-23 01:00:00;2021-06-23 01:30:00;99.03333333333333
1071729215;2021-06-23 01:30:00;2021-06-23 02:00:00;87.36666666666666
1071729215;2021-06-23 02:00:00;2021-06-23 02:30:00;101.0
1071729215;2021-06-23 02:30:00;2021-06-23 03:00:00;101.0
1071729215;2021-06-23 03:00:00;2021-06-23 03:30:00;93.26666666666667
1071729215;2021-06-23 03:30:00;2021-06-23 04:00:00;90.4
1071729215;2021-06-23 04:00:00;2021-06-23 04:30:00;93.93333333333334
1071729215;2021-06-23 04:30:00;2021-06-23 05:00:00;96.03333333333333
1071729215;2021-06-23 05:00:00;2021-06-23 05:30:00;99.53333333333333
1071729215;2021-06-23 05:30:00;2021-06-23 06:00:00;108.56666666666666
1071729215;2021-06-23 06:00:00;2021-06-23 06:30:00;100.66666666666667
1071729215;2021-06-23 06:30:00;2021-06-23 07:00:00;99.33333333333333
1071729215;2021-06-23 07:00:00;2021-06-23 07:30:00;94.93333333333334
1071729215;2021-06-23 07:30:00;2021-06-23 08:00:00;95.53333333333333
1071729215;2021-06-23 08:00:00;2021-06-23 08:30:00;106.0
1071729215;2021-06-23 08:30:00;2021-06-23 09:00:00;110.96666666666667
1071729215;2021-06-23 09:00:00;2021-06-23 09:30:00;102.56666666666666
1071729215;2021-06-23 09:30:00;2021-06-23 10:00:00;87.36666666666666
1071729215;2021-06-23 10:00:00;2021-06-23 10:30:00;94.73333333333333
1071729215;2021-06-23 10:30:00;2021-06-23 11:00:00;91.5
1071729215;2021-06-23 11:00:00;2021-06-23 11:30:00;104.3
1071729215;2021-06-23 11:30:00;2021-06-23 12:00:00;97.06666666666666
1071729215;2021-06-23 12:00:00;2021-06-23 12:30:00;90.63333333333334
1071729215;2021-06-23 12:30:00;2021-06-23 13:00:00;103.1
1071729215;2021-06-23 13:00:00;2021-06-23 13:30:00;101.0
1071729215;2021-06-23 13:30:00;2021-06-23 14:00:00;92.46666666666667
1071729215;2021-06-23 14:00:00;2021-06-23 14:30:00;102.43333333333334
1071729215;2021-06-23 14:30:00;2021-06-23 15:00:00;97.2
1071729215;2021-06-23 15:00:00;2021-06-23 15:30:00;95.83333333333333
1071729215;2021-06-23 15:30:00;2021-06-23 16:00:00;95.63333333333334
1071729215;2021-06-23 16:00:00;2021-06-23 16:30:00;99.13333333333334
1071729215;2021-06-23 16:30:00;2021-06-23 17:00:00;114.1
1071729215;2021-06-23 17:00:00;2021-06-23 17:30:00;102.1
1071729215;2021-06-23 17:30:00;2021-06-23 18:00:00;97.53333333333333
1071729215;2021-06-23 18:00:00;2021-06-23 18:30:00;100.76666666666667
1071729215;2021-06-23 18:30:00;2021-06-23 19:00:00;115.16666666666667
1071729215;2021-06-23 19:00:00;2021-06-23 19:30:00;110.0
1071729215;2021-06-23 19:30:00;2021-06-23 20:00:00;98.6
1071729215;2021-06-23 20:00:00;2021-06-23 20:30:00;109.3
1071729215;2021-06-23 20:30:00;2021-06-23 21:00:00;95.73333333333333
1071729215;2021-06-23 21:00:00;2021-06-23 21:30:00;99.6
1071729215;2021-06-23 21:30:00;2021-06-23 22:00:00;101.0
1071729215;2021-06-23 22:00:00;2021-06-23 22:30:00;91.03333333333333
1071729215;2021-06-23 22:30:00;2021-06-23 23:00:00;97.7
1071729215;2021-06-23 23:00:00;2021-06-23 23:30:00;95.13333333333334
1071729215;2021-06-23 23:30:00;2021-06-23 23:59:59;82.16666666666667
1071729215;2021-06-24 00:00:00;2021-06-24 00:30:00;93.86666666666666
1071729215;2021-06-24 00:30:00;2021-06-24 01:00:00;93.23333333333333
1071729215;2021-06-24 01:00:00;2021-06-24 01:30:00;101.0
1071729215;2021-06-24 01:30:00;2021-06-24 02:00:00;101.0
1071729215;2021-06-24 02:00:00;2021-06-24 02:30:00;99.0
1071729215;2021-06-24 02:30:00;2021-06-24 03:00:00;98.1
1071729215;2021-06-24 03:00:00;2021-06-24 03:30:00;95.2
1071729215;2021-06-24 03:30:00;2021-06-24 04:00:00;95.89655172413794
1071729215;2021-06-24 04:00:00;2021-06-24 04:30:00;86.96666666666667
1071729215;2021-06-24 04:30:00;2021-06-24 05:00:00;110.7
1071729215;2021-06-24 05:00:00;2021-06-24 05:30:00;107.16666666666667
1071729215;2021-06-24 05:30:00;2021-06-24 06:00:00;100.2
1071729215;2021-06-24 06:00:00;2021-06-24 06:30:00;109.4
1071729215;2021-06-24 06:30:00;2021-06-24 07:00:00;99.0
1071729215;2021-06-24 07:00:00;2021-06-24 07:30:00;94.76666666666667
1071729215;2021-06-24 07:30:00;2021-06-24 08:00:00;100.0
1071729215;2021-06-24 08:00:00;2021-06-24 08:30:00;103.2
1071729215;2021-06-24 08:30:00;2021-06-24 09:00:00;103.26666666666667
1071729215;2021-06-24 09:00:00;2021-06-24 09:30:00;101.83333333333333
1071729215;2021-06-24 09:30:00;2021-06-24 10:00:00;92.46666666666667
1071729215;2021-06-24 10:00:00;2021-06-24 10:30:00;103.93333333333334
1071729215;2021-06-24 10:30:00;2021-06-24 11:00:00;105.2
1071729215;2021-06-24 11:00:00;2021-06-24 11:30:00;94.53333333333333
1071729215;2021-06-24 11:30:00;2021-06-24 12:00:00;91.7
1071729215;2021-06-24 12:00:00;2021-06-24 12:30:00;100.86666666666666
1071729215;2021-06-24 12:30:00;2021-06-24 13:00:00;104.9
1071729215;2021-06-24 13:00:00;2021-06-24 13:30:00;98.76666666666667
1071729215;2021-06-24 13:30:00;2021-06-24 14:00:00;87.36666666666666
1071729215;2021-06-24 14:00:00;2021-06-24 14:30:00;102.83333333333333
1071729215;2021-06-24 14:30:00;2021-06-24 15:00:00;101.03333333333333
1071729215;2021-06-24 15:00:00;2021-06-24 15:30:00;97.4
1071729215;2021-06-24 15:30:00;2021-06-24 16:00:00;98.5
1071729215;2021-06-24 16:00:00;2021-06-24 16:30:00;103.3
1071729215;2021-06-24 16:30:00;2021-06-24 17:00:00;105.3
1071729215;2021-06-24 17:00:00;2021-06-24 17:30:00;103.3
1071729215;2021-06-24 17:30:00;2021-06-24 18:00:00;105.33333333333333
1071729215;2021-06-24 18:00:00;2021-06-24 18:30:00;101.83333333333333
1071729215;2021-06-24 18:30:00;2021-06-24 19:00:00;116.3
1071729215;2021-06-24 19:00:00;2021-06-24 19:30:00;109.13333333333334
1071729215;2021-06-24 19:30:00;2021-06-24 20:00:00;101.3
1071729215;2021-06-24 20:00:00;2021-06-24 20:30:00;126.93333333333334
1071729215;2021-06-24 20:30:00;2021-06-24 21:00:00;120.53333333333333
1071729215;2021-06-24 21:00:00;2021-06-24 21:30:00;91.2
1071729215;2021-06-24 21:30:00;2021-06-24 22:00:00;101.0
1071729215;2021-06-24 22:00:00;2021-06-24 22:30:00;86.16666666666667
1071729215;2021-06-24 22:30:00;2021-06-24 23:00:00;99.93333333333334
1071729215;2021-06-24 23:00:00;2021-06-24 23:30:00;96.6
1071729215;2021-06-24 23:30:00;2021-06-24 23:59:59;99.26666666666667
1071729215;2021-06-25 00:00:00;2021-06-25 00:30:00;101.0
1071729215;2021-06-25 00:30:00;2021-06-25 01:00:00;101.0
1071729215;2021-06-25 01:00:00;2021-06-25 01:30:00;93.73333333333333
1071729215;2021-06-25 01:30:00;2021-06-25 02:00:00;100.96666666666667
1071729215;2021-06-25 02:00:00;2021-06-25 02:30:00;111.36666666666666
1071729215;2021-06-25 02:30:00;2021-06-25 03:00:00;107.46666666666667
1071729215;2021-06-25 03:00:00;2021-06-25 03:30:00;109.63333333333334
1071729215;2021-06-25 03:30:00;2021-06-25 04:00:00;98.5
1071729215;2021-06-25 04:00:00;2021-06-25 04:30:00;94.76666666666667
1071729215;2021-06-25 04:30:00;2021-06-25 05:00:00;98.1
1071729215;2021-06-25 05:00:00;2021-06-25 05:30:00;91.1
1071729215;2021-06-25 05:30:00;2021-06-25 06:00:00;94.46666666666667
1071729215;2021-06-25 06:00:00;2021-06-25 06:30:00;95.13333333333334
1071729215;2021-06-25 06:30:00;2021-06-25 07:00:00;90.1
1071729215;2021-06-25 07:00:00;2021-06-25 07:30:00;96.86666666666666
1071729215;2021-06-25 07:30:00;2021-06-25 08:00:00;101.7
1071729215;2021-06-25 08:00:00;2021-06-25 08:30:00;104.33333333333333
1071729215;2021-06-25 08:30:00;2021-06-25 09:00:00;98.23333333333333
1071729215;2021-06-25 09:00:00;2021-06-25 09:30:00;90.43333333333334
1071729215;2021-06-25 09:30:00;2021-06-25 10:00:00;102.53333333333333
1071729215;2021-06-25 10:00:00;2021-06-25 10:30:00;95.36666666666666
1071729215;2021-06-25 10:30:00;2021-06-25 11:00:00;104.33333333333333
1071729215;2021-06-25 11:00:00;2021-06-25 11:30:00;104.9
1071729215;2021-06-25 11:30:00;2021-06-25 12:00:00;94.93333333333334
1071729215;2021-06-25 12:00:00;2021-06-25 12:30:00;104.53333333333333
1071729215;2021-06-25 12:30:00;2021-06-25 13:00:00;97.33333333333333
1071729215;2021-06-25 13:00:00;2021-06-25 13:30:00;102.86666666666666
1071729215;2021-06-25 13:30:00;2021-06-25 14:00:00;114.96666666666667
1071729215;2021-06-25 14:00:00;2021-06-25 14:30:00;101.6
1071729215;2021-06-25 14:30:00;2021-06-25 15:00:00;113.6
1071729215;2021-06-25 15:00:00;2021-06-25 15:30:00;100.73333333333333
1071729215;2021-06-25 15:30:00;2021-06-25 16:00:00;104.43333333333334
1071729215;2021-06-25 16:00:00;2021-06-25 16:30:00;109.86666666666666
1071729215;2021-06-25 16:30:00;2021-06-25 17:00:00;103.16666666666667
1071729215;2021-06-25 17:00:00;2021-06-25 17:30:00;106.4
1071729215;2021-06-25 17:30:00;2021-06-25 18:00:00;102.56666666666666
1071729215;2021-06-25 18:00:00;2021-06-25 18:30:00;104.86666666666666
1071729215;2021-06-25 18:30:00;2021-06-25 19:00:00;103.0
1071729215;2021-06-25 19:00:00;2021-06-25 19:30:00;103.0
1071729215;2021-06-25 19:30:00;2021-06-25 20:00:00;97.4
1071729215;2021-06-25 20:00:00;2021-06-25 20:30:00;99.3
1071729215;2021-06-25 20:30:00;2021-06-25 21:00:00;101.96666666666667
1071729215;2021-06-25 21:00:00;2021-06-25 21:30:00;93.13333333333334
1071729215;2021-06-25 21:30:00;2021-06-25 22:00:00;103.63333333333334
1071729215;2021-06-25 22:00:00;2021-06-25 22:30:00;100.66666666666667
1071729215;2021-06-25 22:30:00;2021-06-25 23:00:00;104.66666666666667
1071729215;2021-06-25 23:00:00;2021-06-25 23:30:00;106.83333333333333
1071729215;2021-06-25 23:30:00;2021-06-25 23:59:59;101.0
1071729215;2021-06-26 00:00:00;2021-06-26 00:30:00;101.0
1071729215;2021-06-26 00:30:00;2021-06-26 01:00:00;101.0
1071729215;2021-06-26 01:00:00;2021-06-26 01:30:00;101.0
1071729215;2021-06-26 01:30:00;2021-06-26 02:00:00;101.0
1071729215;2021-06-26 02:00:00;2021-06-26 02:30:00;101.0
1071729215;2021-06-26 02:30:00;2021-06-26 03:00:00;101.0
1071729215;2021-06-26 03:00:00;2021-06-26 03:30:00;98.0
1071729215;2021-06-26 03:30:00;2021-06-26 04:00:00;105.46666666666667
1071729215;2021-06-26 04:00:00;2021-06-26 04:30:00;104.53333333333333
1071729215;2021-06-26 04:30:00;2021-06-26 05:00:00;109.73333333333333
1071729215;2021-06-26 05:00:00;2021-06-26 05:30:00;101.66666666666667
1071729215;2021-06-26 05:30:00;2021-06-26 06:00:00;107.46666666666667
1071729215;2021-06-26 06:00:00;2021-06-26 06:30:00;95.53333333333333
1071729215;2021-06-26 06:30:00;2021-06-26 07:00:00;97.9
1071729215;2021-06-26 07:00:00;2021-06-26 07:30:00;97.63333333333334
1071729215;2021-06-26 07:30:00;2021-06-26 08:00:00;111.4
1071729215;2021-06-26 08:00:00;2021-06-26 08:30:00;108.46666666666667
1071729215;2021-06-26 08:30:00;2021-06-26 09:00:00;108.1
1071729215;2021-06-26 09:00:00;2021-06-26 09:30:00;111.6
1071729215;2021-06-26 09:30:00;2021-06-26 10:00:00;110.06666666666666
1071729215;2021-06-26 10:00:00;2021-06-26 10:30:00;107.36666666666666
1071729215;2021-06-26 10:30:00;2021-06-26 11:00:00;106.06666666666666
1071729215;2021-06-26 11:00:00;2021-06-26 11:30:00;109.23333333333333
1071729215;2021-06-26 11:30:00;2021-06-26 12:00:00;103.56666666666666
1071729215;2021-06-26 12:00:00;2021-06-26 12:30:00;103.43333333333334
1071729215;2021-06-26 12:30:00;2021-06-26 13:00:00;112.96666666666667
1071729215;2021-06-26 13:00:00;2021-06-26 13:30:00;106.96666666666667
1071729215;2021-06-26 13:30:00;2021-06-26 14:00:00;105.66666666666667
1071729215;2021-06-26 14:00:00;2021-06-26 14:30:00;103.16666666666667
1071729215;2021-06-26 14:30:00;2021-06-26 15:00:00;107.36666666666666
1071729215;2021-06-26 15:00:00;2021-06-26 15:30:00;110.43333333333334
1071729215;2021-06-26 15:30:00;2021-06-26 16:00:00;104.9
1071729215;2021-06-26 16:00:00;2021-06-26 16:30:00;108.4
1071729215;2021-06-26 16:30:00;2021-06-26 17:00:00;81.86666666666666
1071729215;2021-06-26 17:00:00;2021-06-26 17:30:00;77.6
1071729215;2021-06-26 17:30:00;2021-06-26 18:00:00;120.8
1071729215;2021-06-26 18:00:00;2021-06-26 18:30:00;112.83333333333333
1071729215;2021-06-26 18:30:00;2021-06-26 19:00:00;102.76666666666667
1071729215;2021-06-26 19:00:00;2021-06-26 19:30:00;114.46666666666667
1071729215;2021-06-26 19:30:00;2021-06-26 20:00:00;115.93333333333334
1071729215;2021-06-26 20:00:00;2021-06-26 20:30:00;106.93333333333334
1071729215;2021-06-26 20:30:00;2021-06-26 21:00:00;104.66666666666667
1071729215;2021-06-26 21:00:00;2021-06-26 21:30:00;109.06666666666666
1071729215;2021-06-26 21:30:00;2021-06-26 22:00:00;101.66666666666667
1071729215;2021-06-26 22:00:00;2021-06-26 22:30:00;101.0
1071729215;2021-06-26 22:30:00;2021-06-26 23:00:00;101.0
1071729215;2021-06-26 23:00:00;2021-06-26 23:30:00;101.0
1071729215;2021-06-26 23:30:00;2021-06-26 23:59:59;101.0
1071729215;2021-06-27 00:00:00;2021-06-27 00:30:00;102.2
1071729215;2021-06-27 00:30:00;2021-06-27 01:00:00;105.73333333333333
1071729215;2021-06-27 01:00:00;2021-06-27 01:30:00;101.0
1071729215;2021-06-27 01:30:00;2021-06-27 02:00:00;93.1
1071729215;2021-06-27 02:00:00;2021-06-27 02:30:00;100.3
1071729215;2021-06-27 02:30:00;2021-06-27 03:00:00;77.8
1071729215;2021-06-27 03:00:00;2021-06-27 03:30:00;79.56666666666666
1071729215;2021-06-27 03:30:00;2021-06-27 04:00:00;90.33333333333333
1071729215;2021-06-27 04:00:00;2021-06-27 04:30:00;96.9
1071729215;2021-06-27 04:30:00;2021-06-27 05:00:00;98.0
1071729215;2021-06-27 05:00:00;2021-06-27 05:30:00;95.0
1071729215;2021-06-27 05:30:00;2021-06-27 06:00:00;95.0
1071729215;2021-06-27 06:00:00;2021-06-27 06:30:00;106.76666666666667
1071729215;2021-06-27 06:30:00;2021-06-27 07:00:00;110.1
1071729215;2021-06-27 07:00:00;2021-06-27 07:30:00;110.9
1071729215;2021-06-27 07:30:00;2021-06-27 08:00:00;114.1
1071729215;2021-06-27 08:00:00;2021-06-27 08:30:00;104.8
1071729215;2021-06-27 08:30:00;2021-06-27 09:00:00;97.93333333333334
1071729215;2021-06-27 09:00:00;2021-06-27 09:30:00;89.5
1071729215;2021-06-27 09:30:00;2021-06-27 10:00:00;89.0
1071729215;2021-06-27 10:00:00;2021-06-27 10:30:00;89.1
1071729215;2021-06-27 10:30:00;2021-06-27 11:00:00;97.03333333333333
1071729215;2021-06-27 11:00:00;2021-06-27 11:30:00;94.83333333333333
1071729215;2021-06-27 11:30:00;2021-06-27 12:00:00;87.96666666666667
1071729215;2021-06-27 12:00:00;2021-06-27 12:30:00;85.36666666666666
1071729215;2021-06-27 12:30:00;2021-06-27 13:00:00;72.46666666666667
1071729215;2021-06-27 13:00:00;2021-06-27 13:30:00;54.6
1071729215;2021-06-27 13:30:00;2021-06-27 14:00:00;45.7
1071729215;2021-06-27 14:00:00;2021-06-27 14:30:00;78.93333333333334
1071729215;2021-06-27 14:30:00;2021-06-27 15:00:00;100.5
1071729215;2021-06-27 15:00:00;2021-06-27 15:30:00;92.3
1071729215;2021-06-27 15:30:00;2021-06-27 16:00:00;90.0
1071729215;2021-06-27 16:00:00;2021-06-27 16:30:00;90.3
1071729215;2021-06-27 16:30:00;2021-06-27 17:00:00;86.26666666666667
1071729215;2021-06-27 17:00:00;2021-06-27 17:30:00;99.63333333333334
1071729215;2021-06-27 17:30:00;2021-06-27 18:00:00;89.9
1071729215;2021-06-27 18:00:00;2021-06-27 18:30:00;92.93333333333334
1071729215;2021-06-27 18:30:00;2021-06-27 19:00:00;95.13333333333334
1071729215;2021-06-27 19:00:00;2021-06-27 19:30:00;93.7
1071729215;2021-06-27 19:30:00;2021-06-27 20:00:00;100.33333333333333
1071729215;2021-06-27 20:00:00;2021-06-27 20:30:00;102.83333333333333
1071729215;2021-06-27 20:30:00;2021-06-27 21:00:00;107.46666666666667
1071729215;2021-06-27 21:00:00;2021-06-27 21:30:00;107.5
1071729215;2021-06-27 21:30:00;2021-06-27 22:00:00;108.46666666666667
1071729215;2021-06-27 22:00:00;2021-06-27 22:30:00;118.73333333333333
1071729215;2021-06-27 22:30:00;2021-06-27 23:00:00;101.06666666666666
1071729215;2021-06-27 23:00:00;2021-06-27 23:30:00;106.86666666666666
1071729215;2021-06-27 23:30:00;2021-06-27 23:59:59;101.0
1071729215;2021-06-28 00:00:00;2021-06-28 00:30:00;92.73333333333333
1071729215;2021-06-28 00:30:00;2021-06-28 01:00:00;95.93333333333334
1071729215;2021-06-28 01:00:00;2021-06-28 01:30:00;82.0
1071729215;2021-06-28 01:30:00;2021-06-28 02:00:00;90.83333333333333
1071729215;2021-06-28 02:00:00;2021-06-28 02:30:00;98.2
1071729215;2021-06-28 02:30:00;2021-06-28 03:00:00;93.63333333333334
1071729215;2021-06-28 03:00:00;2021-06-28 03:30:00;103.1
1071729215;2021-06-28 03:30:00;2021-06-28 04:00:00;102.93333333333334
1071729215;2021-06-28 04:00:00;2021-06-28 04:30:00;104.86666666666666
1071729215;2021-06-28 04:30:00;2021-06-28 05:00:00;111.5
1071729215;2021-06-28 05:00:00;2021-06-28 05:30:00;111.8
1071729215;2021-06-28 05:30:00;2021-06-28 06:00:00;112.86666666666666
1071729215;2021-06-28 06:00:00;2021-06-28 06:30:00;113.03333333333333
1071729215;2021-06-28 06:30:00;2021-06-28 07:00:00;96.33333333333333
1071729215;2021-06-28 07:00:00;2021-06-28 07:30:00;108.03333333333333
1071729215;2021-06-28 07:30:00;2021-06-28 08:00:00;98.13333333333334
1071729215;2021-06-28 08:00:00;2021-06-28 08:30:00;104.27586206896552
1071729215;2021-06-28 08:30:00;2021-06-28 09:00:00;92.46666666666667
1071729215;2021-06-28 09:00:00;2021-06-28 09:30:00;102.26666666666667
1071729215;2021-06-28 09:30:00;2021-06-28 10:00:00;94.66666666666667
1071729215;2021-06-28 10:00:00;2021-06-28 10:30:00;92.56666666666666
1071729215;2021-06-28 10:30:00;2021-06-28 11:00:00;94.7
1071729215;2021-06-28 11:00:00;2021-06-28 11:30:00;93.83333333333333
1071729215;2021-06-28 11:30:00;2021-06-28 12:00:00;96.36666666666666
1071729215;2021-06-28 12:00:00;2021-06-28 12:30:00;88.63333333333334
1071729215;2021-06-28 12:30:00;2021-06-28 13:00:00;99.33333333333333
1071729215;2021-06-28 13:00:00;2021-06-28 13:30:00;101.73333333333333
1071729215;2021-06-28 13:30:00;2021-06-28 14:00:00;93.4
1071729215;2021-06-28 14:00:00;2021-06-28 14:30:00;94.63333333333334
1071729215;2021-06-28 14:30:00;2021-06-28 15:00:00;91.86666666666666
1071729215;2021-06-28 15:00:00;2021-06-28 15:30:00;93.3
1071729215;2021-06-28 15:30:00;2021-06-28 16:00:00;95.66666666666667
1071729215;2021-06-28 16:00:00;2021-06-28 16:30:00;108.83333333333333
1071729215;2021-06-28 16:30:00;2021-06-28 17:00:00;108.38461538461539
1071729215;2021-06-28 17:00:00;2021-06-28 17:30:00;110.96666666666667
1071729215;2021-06-28 17:30:00;2021-06-28 18:00:00;101.96666666666667
1071729215;2021-06-28 18:00:00;2021-06-28 18:30:00;108.53333333333333
1071729215;2021-06-28 18:30:00;2021-06-28 19:00:00;105.7
1071729215;2021-06-28 19:00:00;2021-06-28 19:30:00;109.9
1071729215;2021-06-28 19:30:00;2021-06-28 20:00:00;104.6
1071729215;2021-06-28 20:00:00;2021-06-28 20:30:00;108.26666666666667
1071729215;2021-06-28 20:30:00;2021-06-28 21:00:00;95.26666666666667
1071729215;2021-06-28 21:00:00;2021-06-28 21:30:00;101.0
1071729215;2021-06-28 21:30:00;2021-06-28 22:00:00;101.0
1071729215;2021-06-28 22:00:00;2021-06-28 22:30:00;94.76666666666667
1071729215;2021-06-28 22:30:00;2021-06-28 23:00:00;95.26666666666667
1071729215;2021-06-28 23:00:00;2021-06-28 23:30:00;101.0
1071729215;2021-06-28 23:30:00;2021-06-28 23:59:59;101.0
1071729215;2021-06-29 00:00:00;2021-06-29 00:30:00;101.0
1071729215;2021-06-29 00:30:00;2021-06-29 01:00:00;101.0
1071729215;2021-06-29 01:00:00;2021-06-29 01:30:00;100.53333333333333
1071729215;2021-06-29 01:30:00;2021-06-29 02:00:00;101.0
1071729215;2021-06-29 02:00:00;2021-06-29 02:30:00;101.0
1071729215;2021-06-29 02:30:00;2021-06-29 03:00:00;101.0
1071729215;2021-06-29 03:00:00;2021-06-29 03:30:00;93.0
1071729215;2021-06-29 03:30:00;2021-06-29 04:00:00;94.86666666666666
1071729215;2021-06-29 04:00:00;2021-06-29 04:30:00;87.5
1071729215;2021-06-29 04:30:00;2021-06-29 05:00:00;90.2
1071729215;2021-06-29 05:00:00;2021-06-29 05:30:00;96.8
1071729215;2021-06-29 05:30:00;2021-06-29 06:00:00;102.2
1071729215;2021-06-29 06:00:00;2021-06-29 06:30:00;99.53333333333333
1071729215;2021-06-29 06:30:00;2021-06-29 07:00:00;100.26666666666667
1071729215;2021-06-29 07:00:00;2021-06-29 07:30:00;98.8
1071729215;2021-06-29 07:30:00;2021-06-29 08:00:00;99.86666666666666
1071729215;2021-06-29 08:00:00;2021-06-29 08:30:00;106.7
1071729215;2021-06-29 08:30:00;2021-06-29 09:00:00;99.33333333333333
1071729215;2021-06-29 09:00:00;2021-06-29 09:30:00;101.36666666666666
1071729215;2021-06-29 09:30:00;2021-06-29 10:00:00;110.24137931034483
1071729215;2021-06-29 10:00:00;2021-06-29 10:30:00;91.13333333333334
1071729215;2021-06-29 10:30:00;2021-06-29 11:00:00;97.36666666666666
1071729215;2021-06-29 11:00:00;2021-06-29 11:30:00;107.6
1071729215;2021-06-29 11:30:00;2021-06-29 12:00:00;88.46666666666667
1071729215;2021-06-29 12:00:00;2021-06-29 12:30:00;97.93333333333334
1071729215;2021-06-29 12:30:00;2021-06-29 13:00:00;93.8
1071729215;2021-06-29 13:00:00;2021-06-29 13:30:00;97.56666666666666
1071729215;2021-06-29 13:30:00;2021-06-29 14:00:00;99.13333333333334
1071729215;2021-06-29 14:00:00;2021-06-29 14:30:00;107.66666666666667
1071729215;2021-06-29 14:30:00;2021-06-29 15:00:00;99.4
1071729215;2021-06-29 15:00:00;2021-06-29 15:30:00;92.46666666666667
1071729215;2021-06-29 15:30:00;2021-06-29 16:00:00;94.76666666666667
1071729215;2021-06-29 16:00:00;2021-06-29 16:30:00;88.3
1071729215;2021-06-29 16:30:00;2021-06-29 17:00:00;91.25
1071729215;2021-06-29 17:00:00;2021-06-29 17:30:00;109.55172413793103
1071729215;2021-06-29 17:30:00;2021-06-29 18:00:00;107.13333333333334
1071729215;2021-06-29 18:00:00;2021-06-29 18:30:00;104.06666666666666
1071729215;2021-06-29 18:30:00;2021-06-29 19:00:00;92.7
1071729215;2021-06-29 19:00:00;2021-06-29 19:30:00;101.86206896551724
1071729215;2021-06-29 19:30:00;2021-06-29 20:00:00;99.33333333333333
1071729215;2021-06-29 20:00:00;2021-06-29 20:30:00;97.03333333333333
1071729215;2021-06-29 20:30:00;2021-06-29 21:00:00;113.62068965517241
1071729215;2021-06-29 21:00:00;2021-06-29 21:30:00;95.2
1071729215;2021-06-29 21:30:00;2021-06-29 22:00:00;88.9
1071729215;2021-06-29 22:00:00;2021-06-29 22:30:00;90.2
1071729215;2021-06-29 22:30:00;2021-06-29 23:00:00;99.1
1071729215;2021-06-29 23:00:00;2021-06-29 23:30:00;101.0
1071729215;2021-06-29 23:30:00;2021-06-29 23:59:59;101.0
1071729215;2021-06-30 00:00:00;2021-06-30 00:30:00;95.33333333333333
1071729215;2021-06-30 00:30:00;2021-06-30 01:00:00;102.2
1071729215;2021-06-30 01:00:00;2021-06-30 01:30:00;92.7
1071729215;2021-06-30 01:30:00;2021-06-30 02:00:00;107.23333333333333
1071729215;2021-06-30 02:00:00;2021-06-30 02:30:00;110.16666666666667
1071729215;2021-06-30 02:30:00;2021-06-30 03:00:00;108.1
1071729215;2021-06-30 03:00:00;2021-06-30 03:30:00;98.96666666666667
1071729215;2021-06-30 03:30:00;2021-06-30 04:00:00;94.46666666666667
1071729215;2021-06-30 04:00:00;2021-06-30 04:30:00;101.16666666666667
1071729215;2021-06-30 04:30:00;2021-06-30 05:00:00;99.53333333333333
1071729215;2021-06-30 05:00:00;2021-06-30 05:30:00;100.16666666666667
1071729215;2021-06-30 05:30:00;2021-06-30 06:00:00;100.8
1071729215;2021-06-30 06:00:00;2021-06-30 06:30:00;93.73333333333333
1071729215;2021-06-30 06:30:00;2021-06-30 07:00:00;100.06666666666666
1071729215;2021-06-30 07:00:00;2021-06-30 07:30:00;92.43333333333334
1071729215;2021-06-30 07:30:00;2021-06-30 08:00:00;91.26666666666667
1071729215;2021-06-30 08:00:00;2021-06-30 08:30:00;104.23333333333333
1071729215;2021-06-30 08:30:00;2021-06-30 09:00:00;96.33333333333333
1071729215;2021-06-30 09:00:00;2021-06-30 09:30:00;93.63333333333334
1071729215;2021-06-30 09:30:00;2021-06-30 10:00:00;103.06666666666666
1071729215;2021-06-30 10:00:00;2021-06-30 10:30:00;100.83333333333333
1071729215;2021-06-30 10:30:00;2021-06-30 11:00:00;93.4
1071729215;2021-06-30 11:00:00;2021-06-30 11:30:00;82.83333333333333
1071729215;2021-06-30 11:30:00;2021-06-30 12:00:00;102.73333333333333
1071729215;2021-06-30 12:00:00;2021-06-30 12:30:00;104.8
1071729215;2021-06-30 12:30:00;2021-06-30 13:00:00;98.58620689655173
1071729215;2021-06-30 13:00:00;2021-06-30 13:30:00;91.7
1071729215;2021-06-30 13:30:00;2021-06-30 14:00:00;89.33333333333333
1071729215;2021-06-30 14:00:00;2021-06-30 14:30:00;105.7
1071729215;2021-06-30 14:30:00;2021-06-30 15:00:00;85.83333333333333
1071729215;2021-06-30 15:00:00;2021-06-30 15:30:00;96.76666666666667
1071729215;2021-06-30 15:30:00;2021-06-30 16:00:00;89.33333333333333
1071729215;2021-06-30 16:00:00;2021-06-30 16:30:00;104.56666666666666
1071729215;2021-06-30 16:30:00;2021-06-30 17:00:00;104.36666666666666
1071729215;2021-06-30 17:00:00;2021-06-30 17:30:00;117.46666666666667
1071729215;2021-06-30 17:30:00;2021-06-30 18:00:00;109.2
1071729215;2021-06-30 18:00:00;2021-06-30 18:30:00;112.2
1071729215;2021-06-30 18:30:00;2021-06-30 19:00:00;100.2
1071729215;2021-06-30 19:00:00;2021-06-30 19:30:00;106.16666666666667
1071729215;2021-06-30 19:30:00;2021-06-30 20:00:00;101.26666666666667
1071729215;2021-06-30 20:00:00;2021-06-30 20:30:00;102.06666666666666
1071729215;2021-06-30 20:30:00;2021-06-30 21:00:00;100.96666666666667
1071729215;2021-06-30 21:00:00;2021-06-30 21:30:00;106.23333333333333
1071729215;2021-06-30 21:30:00;2021-06-30 22:00:00;86.76666666666667
1071729215;2021-06-30 22:00:00;2021-06-30 22:30:00;98.23333333333333
1071729215;2021-06-30 22:30:00;2021-06-30 23:00:00;93.66666666666667
1071729215;2021-06-30 23:00:00;2021-06-30 23:30:00;87.7
1071729215;2021-06-30 23:30:00;2021-06-30 23:59:59;82.0
1071729215;2021-07-01 00:00:00;2021-07-01 00:30:00;89.5
1071729215;2021-07-01 00:30:00;2021-07-01 01:00:00;96.1
1071729215;2021-07-01 01:00:00;2021-07-01 01:30:00;101.0
1071729215;2021-07-01 01:30:00;2021-07-01 02:00:00;101.0
1071729215;2021-07-01 02:00:00;2021-07-01 02:30:00;101.0
1071729215;2021-07-01 02:30:00;2021-07-01 03:00:00;95.3
1071729215;2021-07-01 03:00:00;2021-07-01 03:30:00;99.43333333333334
1071729215;2021-07-01 03:30:00;2021-07-01 04:00:00;89.9
1071729215;2021-07-01 04:00:00;2021-07-01 04:30:00;93.06666666666666
1071729215;2021-07-01 04:30:00;2021-07-01 05:00:00;114.66666666666667
1071729215;2021-07-01 05:00:00;2021-07-01 05:30:00;101.83333333333333
1071729215;2021-07-01 05:30:00;2021-07-01 06:00:00;98.43333333333334
1071729215;2021-07-01 06:00:00;2021-07-01 06:30:00;96.96666666666667
1071729215;2021-07-01 06:30:00;2021-07-01 07:00:00;98.53333333333333
1071729215;2021-07-01 07:00:00;2021-07-01 07:30:00;97.63333333333334
1071729215;2021-07-01 07:30:00;2021-07-01 08:00:00;100.26666666666667
1071729215;2021-07-01 08:00:00;2021-07-01 08:30:00;100.0
1071729215;2021-07-01 08:30:00;2021-07-01 09:00:00;104.7
1071729215;2021-07-01 09:00:00;2021-07-01 09:30:00;99.13333333333334
1071729215;2021-07-01 09:30:00;2021-07-01 10:00:00;102.16666666666667
1071729215;2021-07-01 10:00:00;2021-07-01 10:30:00;108.1
1071729215;2021-07-01 10:30:00;2021-07-01 11:00:00;96.93333333333334
1071729215;2021-07-01 11:00:00;2021-07-01 11:30:00;101.06896551724138
1071729215;2021-07-01 11:30:00;2021-07-01 12:00:00;98.83333333333333
1071729215;2021-07-01 12:00:00;2021-07-01 12:30:00;89.41379310344827
1071729215;2021-07-01 12:30:00;2021-07-01 13:00:00;99.76666666666667
1071729215;2021-07-01 13:00:00;2021-07-01 13:30:00;93.76666666666667
1071729215;2021-07-01 13:30:00;2021-07-01 14:00:00;97.13333333333334
1071729215;2021-07-01 14:00:00;2021-07-01 14:30:00;103.33333333333333
1071729215;2021-07-01 14:30:00;2021-07-01 15:00:00;106.43333333333334
1071729215;2021-07-01 15:00:00;2021-07-01 15:30:00;97.6
1071729215;2021-07-01 15:30:00;2021-07-01 16:00:00;101.9
1071729215;2021-07-01 16:00:00;2021-07-01 16:30:00;98.66666666666667
1071729215;2021-07-01 16:30:00;2021-07-01 17:00:00;96.4
1071729215;2021-07-01 17:00:00;2021-07-01 17:30:00;96.66666666666667
1071729215;2021-07-01 17:30:00;2021-07-01 18:00:00;112.6
1071729215;2021-07-01 18:00:00;2021-07-01 18:30:00;106.1
1071729215;2021-07-01 18:30:00;2021-07-01 19:00:00;99.06666666666666
1071729215;2021-07-01 19:00:00;2021-07-01 19:30:00;102.16666666666667
1071729215;2021-07-01 19:30:00;2021-07-01 20:00:00;99.36666666666666
1071729215;2021-07-01 20:00:00;2021-07-01 20:30:00;101.9
1071729215;2021-07-01 20:30:00;2021-07-01 21:00:00;95.7
1071729215;2021-07-01 21:00:00;2021-07-01 21:30:00;92.63333333333334
1071729215;2021-07-01 21:30:00;2021-07-01 22:00:00;109.4
1071729215;2021-07-01 22:00:00;2021-07-01 22:30:00;96.9
1071729215;2021-07-01 22:30:00;2021-07-01 23:00:00;88.8
1071729215;2021-07-01 23:00:00;2021-07-01 23:30:00;98.2
1071729215;2021-07-01 23:30:00;2021-07-01 23:59:59;100.43333333333334
1071729215;2021-07-02 00:00:00;2021-07-02 00:30:00;105.33333333333333
1071729215;2021-07-02 00:30:00;2021-07-02 01:00:00;101.0
1071729215;2021-07-02 01:00:00;2021-07-02 01:30:00;101.0
1071729215;2021-07-02 01:30:00;2021-07-02 02:00:00;101.0
1071729215;2021-07-02 02:00:00;2021-07-02 02:30:00;101.0
1071729215;2021-07-02 02:30:00;2021-07-02 03:00:00;101.0
1071729215;2021-07-02 03:00:00;2021-07-02 03:30:00;97.13333333333334
1071729215;2021-07-02 03:30:00;2021-07-02 04:00:00;99.23333333333333
1071729215;2021-07-02 04:00:00;2021-07-02 04:30:00;103.8
1071729215;2021-07-02 04:30:00;2021-07-02 05:00:00;96.7
1071729215;2021-07-02 05:00:00;2021-07-02 05:30:00;106.46666666666667
1071729215;2021-07-02 05:30:00;2021-07-02 06:00:00;100.53333333333333
1071729215;2021-07-02 06:00:00;2021-07-02 06:30:00;98.43333333333334
1071729215;2021-07-02 06:30:00;2021-07-02 07:00:00;109.16666666666667
1071729215;2021-07-02 07:00:00;2021-07-02 07:30:00;99.8
1071729215;2021-07-02 07:30:00;2021-07-02 08:00:00;92.23333333333333
1071729215;2021-07-02 08:00:00;2021-07-02 08:30:00;100.5
1071729215;2021-07-02 08:30:00;2021-07-02 09:00:00;96.8
1071729215;2021-07-02 09:00:00;2021-07-02 09:30:00;90.7
1071729215;2021-07-02 09:30:00;2021-07-02 10:00:00;100.4
1071729215;2021-07-02 10:00:00;2021-07-02 10:30:00;88.7
1071729215;2021-07-02 10:30:00;2021-07-02 11:00:00;100.86666666666666
1071729215;2021-07-02 11:00:00;2021-07-02 11:30:00;99.06666666666666
1071729215;2021-07-02 11:30:00;2021-07-02 12:00:00;86.06666666666666
1071729215;2021-07-02 12:00:00;2021-07-02 12:30:00;94.4
1071729215;2021-07-02 12:30:00;2021-07-02 13:00:00;87.9
1071729215;2021-07-02 13:00:00;2021-07-02 13:30:00;98.6
1071729215;2021-07-02 13:30:00;2021-07-02 14:00:00;102.13333333333334
1071729215;2021-07-02 14:00:00;2021-07-02 14:30:00;95.26666666666667
1071729215;2021-07-02 14:30:00;2021-07-02 15:00:00;102.06666666666666
1071729215;2021-07-02 15:00:00;2021-07-02 15:30:00;95.43333333333334
1071729215;2021-07-02 15:30:00;2021-07-02 16:00:00;108.23333333333333
1071729215;2021-07-02 16:00:00;2021-07-02 16:30:00;106.83333333333333
1071729215;2021-07-02 16:30:00;2021-07-02 17:00:00;103.33333333333333
1071729215;2021-07-02 17:00:00;2021-07-02 17:30:00;101.7
1071729215;2021-07-02 17:30:00;2021-07-02 18:00:00;103.13333333333334
1071729215;2021-07-02 18:00:00;2021-07-02 18:30:00;100.03333333333333
1071729215;2021-07-02 18:30:00;2021-07-02 19:00:00;100.7
1071729215;2021-07-02 19:00:00;2021-07-02 19:30:00;94.8
1071729215;2021-07-02 19:30:00;2021-07-02 20:00:00;94.7
1071729215;2021-07-02 20:00:00;2021-07-02 20:30:00;113.9
1071729215;2021-07-02 20:30:00;2021-07-02 21:00:00;107.6
1071729215;2021-07-02 21:00:00;2021-07-02 21:30:00;104.76666666666667
1071729215;2021-07-02 21:30:00;2021-07-02 22:00:00;103.66666666666667
1071729215;2021-07-02 22:00:00;2021-07-02 22:30:00;114.7
1071729215;2021-07-02 22:30:00;2021-07-02 23:00:00;90.2
1071729215;2021-07-02 23:00:00;2021-07-02 23:30:00;93.93333333333334
1071729215;2021-07-02 23:30:00;2021-07-02 23:59:59;101.16666666666667
1071729215;2021-07-03 00:00:00;2021-07-03 00:30:00;99.83333333333333
1071729215;2021-07-03 00:30:00;2021-07-03 01:00:00;94.66666666666667
1071729215;2021-07-03 01:00:00;2021-07-03 01:30:00;98.36666666666666
1071729215;2021-07-03 01:30:00;2021-07-03 02:00:00;92.53333333333333
1071729215;2021-07-03 02:00:00;2021-07-03 02:30:00;90.93333333333334
1071729215;2021-07-03 02:30:00;2021-07-03 03:00:00;101.0
1071729215;2021-07-03 03:00:00;2021-07-03 03:30:00;92.0
1071729215;2021-07-03 03:30:00;2021-07-03 04:00:00;98.6
1071729215;2021-07-03 04:00:00;2021-07-03 04:30:00;101.13333333333334
1071729215;2021-07-03 04:30:00;2021-07-03 05:00:00;95.26666666666667
1071729215;2021-07-03 05:00:00;2021-07-03 05:30:00;98.9
1071729215;2021-07-03 05:30:00;2021-07-03 06:00:00;100.33333333333333
1071729215;2021-07-03 06:00:00;2021-07-03 06:30:00;109.76666666666667
1071729215;2021-07-03 06:30:00;2021-07-03 07:00:00;95.26666666666667
1071729215;2021-07-03 07:00:00;2021-07-03 07:30:00;91.66666666666667
1071729215;2021-07-03 07:30:00;2021-07-03 08:00:00;107.8
1071729215;2021-07-03 08:00:00;2021-07-03 08:30:00;97.4
1071729215;2021-07-03 08:30:00;2021-07-03 09:00:00;108.26666666666667
1071729215;2021-07-03 09:00:00;2021-07-03 09:30:00;99.8
1071729215;2021-07-03 09:30:00;2021-07-03 10:00:00;105.8
1071729215;2021-07-03 10:00:00;2021-07-03 10:30:00;102.4
1071729215;2021-07-03 10:30:00;2021-07-03 11:00:00;97.3
1071729215;2021-07-03 11:00:00;2021-07-03 11:30:00;107.9
1071729215;2021-07-03 11:30:00;2021-07-03 12:00:00;102.6
1071729215;2021-07-03 12:00:00;2021-07-03 12:30:00;89.66666666666667
1071729215;2021-07-03 12:30:00;2021-07-03 13:00:00;96.3
1071729215;2021-07-03 13:00:00;2021-07-03 13:30:00;98.43333333333334
1071729215;2021-07-03 13:30:00;2021-07-03 14:00:00;108.1
1071729215;2021-07-03 14:00:00;2021-07-03 14:30:00;106.06666666666666
1071729215;2021-07-03 14:30:00;2021-07-03 15:00:00;102.23333333333333
1071729215;2021-07-03 15:00:00;2021-07-03 15:30:00;99.96666666666667
1071729215;2021-07-03 15:30:00;2021-07-03 16:00:00;110.53333333333333
1071729215;2021-07-03 16:00:00;2021-07-03 16:30:00;104.53333333333333
1071729215;2021-07-03 16:30:00;2021-07-03 17:00:00;111.96666666666667
1071729215;2021-07-03 17:00:00;2021-07-03 17:30:00;101.86666666666666
1071729215;2021-07-03 17:30:00;2021-07-03 18:00:00;98.33333333333333
1071729215;2021-07-03 18:00:00;2021-07-03 18:30:00;107.9
1071729215;2021-07-03 18:30:00;2021-07-03 19:00:00;104.43333333333334
1071729215;2021-07-03 19:00:00;2021-07-03 19:30:00;109.16666666666667
1071729215;2021-07-03 19:30:00;2021-07-03 20:00:00;112.56666666666666
1071729215;2021-07-03 20:00:00;2021-07-03 20:30:00;110.93333333333334
1071729215;2021-07-03 20:30:00;2021-07-03 21:00:00;111.76666666666667
1071729215;2021-07-03 21:00:00;2021-07-03 21:30:00;109.26666666666667
1071729215;2021-07-03 21:30:00;2021-07-03 22:00:00;109.03333333333333
1071729215;2021-07-03 22:00:00;2021-07-03 22:30:00;101.96666666666667
1071729215;2021-07-03 22:30:00;2021-07-03 23:00:00;94.7
1071729215;2021-07-03 23:00:00;2021-07-03 23:30:00;95.1
1071729215;2021-07-03 23:30:00;2021-07-03 23:59:59;99.76666666666667
1071729215;2021-07-04 00:00:00;2021-07-04 00:30:00;101.0
1071729215;2021-07-04 00:30:00;2021-07-04 01:00:00;101.0
1071729215;2021-07-04 01:00:00;2021-07-04 01:30:00;101.0
1071729215;2021-07-04 01:30:00;2021-07-04 02:00:00;92.3
1071729215;2021-07-04 02:00:00;2021-07-04 02:30:00;107.66666666666667
1071729215;2021-07-04 02:30:00;2021-07-04 03:00:00;101.13333333333334
1071729215;2021-07-04 03:00:00;2021-07-04 03:30:00;103.7
1071729215;2021-07-04 03:30:00;2021-07-04 04:00:00;108.8
1071729215;2021-07-04 04:00:00;2021-07-04 04:30:00;111.16666666666667
1071729215;2021-07-04 04:30:00;2021-07-04 05:00:00;97.16666666666667
1071729215;2021-07-04 05:00:00;2021-07-04 05:30:00;102.46666666666667
1071729215;2021-07-04 05:30:00;2021-07-04 06:00:00;108.46666666666667
1071729215;2021-07-04 06:00:00;2021-07-04 06:30:00;112.93333333333334
1071729215;2021-07-04 06:30:00;2021-07-04 07:00:00;109.03333333333333
1071729215;2021-07-04 07:00:00;2021-07-04 07:30:00;112.83333333333333
1071729215;2021-07-04 07:30:00;2021-07-04 08:00:00;116.9
1071729215;2021-07-04 08:00:00;2021-07-04 08:30:00;113.16666666666667
1071729215;2021-07-04 08:30:00;2021-07-04 09:00:00;104.2
1071729215;2021-07-04 09:00:00;2021-07-04 09:30:00;104.5
1071729215;2021-07-04 09:30:00;2021-07-04 10:00:00;98.33333333333333
1071729215;2021-07-04 10:00:00;2021-07-04 10:30:00;91.7
1071729215;2021-07-04 10:30:00;2021-07-04 11:00:00;92.03333333333333
1071729215;2021-07-04 11:00:00;2021-07-04 11:30:00;94.33333333333333
1071729215;2021-07-04 11:30:00;2021-07-04 12:00:00;90.33333333333333
1071729215;2021-07-04 12:00:00;2021-07-04 12:30:00;93.06666666666666
1071729215;2021-07-04 12:30:00;2021-07-04 13:00:00;93.5
1071729215;2021-07-04 13:00:00;2021-07-04 13:30:00;89.93333333333334
1071729215;2021-07-04 13:30:00;2021-07-04 14:00:00;87.0
1071729215;2021-07-04 14:00:00;2021-07-04 14:30:00;84.93333333333334
1071729215;2021-07-04 14:30:00;2021-07-04 15:00:00;87.63333333333334
1071729215;2021-07-04 15:00:00;2021-07-04 15:30:00;89.23333333333333
1071729215;2021-07-04 15:30:00;2021-07-04 16:00:00;94.76666666666667
1071729215;2021-07-04 16:00:00;2021-07-04 16:30:00;98.73333333333333
1071729215;2021-07-04 16:30:00;2021-07-04 17:00:00;89.23333333333333
1071729215;2021-07-04 17:00:00;2021-07-04 17:30:00;101.9
1071729215;2021-07-04 17:30:00;2021-07-04 18:00:00;92.83333333333333
1071729215;2021-07-04 18:00:00;2021-07-04 18:30:00;99.5
1071729215;2021-07-04 18:30:00;2021-07-04 19:00:00;98.96666666666667
1071729215;2021-07-04 19:00:00;2021-07-04 19:30:00;107.43333333333334
1071729215;2021-07-04 19:30:00;2021-07-04 20:00:00;112.46666666666667
1071729215;2021-07-04 20:00:00;2021-07-04 20:30:00;110.26666666666667
1071729215;2021-07-04 20:30:00;2021-07-04 21:00:00;106.96666666666667
1071729215;2021-07-04 21:00:00;2021-07-04 21:30:00;107.9
1071729215;2021-07-04 21:30:00;2021-07-04 22:00:00;114.66666666666667
1071729215;2021-07-04 22:00:00;2021-07-04 22:30:00;103.83333333333333
1071729215;2021-07-04 22:30:00;2021-07-04 23:00:00;105.9
1071729215;2021-07-04 23:00:00;2021-07-04 23:30:00;101.86666666666666
1071729215;2021-07-04 23:30:00;2021-07-04 23:59:59;103.13333333333334
1071729215;2021-07-05 00:00:00;2021-07-05 00:30:00;117.46666666666667
1071729215;2021-07-05 00:30:00;2021-07-05 01:00:00;107.66666666666667
1071729215;2021-07-05 01:00:00;2021-07-05 01:30:00;93.23333333333333
1071729215;2021-07-05 01:30:00;2021-07-05 02:00:00;92.2
1071729215;2021-07-05 02:00:00;2021-07-05 02:30:00;77.2
1071729215;2021-07-05 02:30:00;2021-07-05 03:00:00;98.9
1071729215;2021-07-05 03:00:00;2021-07-05 03:30:00;97.4
1071729215;2021-07-05 03:30:00;2021-07-05 04:00:00;105.0
1071729215;2021-07-05 04:00:00;2021-07-05 04:30:00;108.76666666666667
1071729215;2021-07-05 04:30:00;2021-07-05 05:00:00;99.8
1071729215;2021-07-05 05:00:00;2021-07-05 05:30:00;113.43333333333334
1071729215;2021-07-05 05:30:00;2021-07-05 06:00:00;100.86666666666666
1071729215;2021-07-05 06:00:00;2021-07-05 06:30:00;102.93333333333334
1071729215;2021-07-05 06:30:00;2021-07-05 07:00:00;104.33333333333333
1071729215;2021-07-05 07:00:00;2021-07-05 07:30:00;97.83333333333333
1071729215;2021-07-05 07:30:00;2021-07-05 08:00:00;114.43333333333334
1071729215;2021-07-05 08:00:00;2021-07-05 08:30:00;104.3
1071729215;2021-07-05 08:30:00;2021-07-05 09:00:00;110.8
1071729215;2021-07-05 09:00:00;2021-07-05 09:30:00;102.3
1071729215;2021-07-05 09:30:00;2021-07-05 10:00:00;98.6
1071729215;2021-07-05 10:00:00;2021-07-05 10:30:00;98.76666666666667
1071729215;2021-07-05 10:30:00;2021-07-05 11:00:00;89.8
1071729215;2021-07-05 11:00:00;2021-07-05 11:30:00;98.96666666666667
1071729215;2021-07-05 11:30:00;2021-07-05 12:00:00;98.93333333333334
1071729215;2021-07-05 12:00:00;2021-07-05 12:30:00;97.2
1071729215;2021-07-05 12:30:00;2021-07-05 13:00:00;100.26666666666667
1071729215;2021-07-05 13:00:00;2021-07-05 13:30:00;87.7
1071729215;2021-07-05 13:30:00;2021-07-05 14:00:00;98.66666666666667
1071729215;2021-07-05 14:00:00;2021-07-05 14:30:00;91.1
1071729215;2021-07-05 14:30:00;2021-07-05 15:00:00;98.2
1071729215;2021-07-05 15:00:00;2021-07-05 15:30:00;101.83333333333333
1071729215;2021-07-05 15:30:00;2021-07-05 16:00:00;98.0
1071729215;2021-07-05 16:00:00;2021-07-05 16:30:00;102.5
1071729215;2021-07-05 16:30:00;2021-07-05 17:00:00;104.0
1071729215;2021-07-05 17:00:00;2021-07-05 17:30:00;101.3
1071729215;2021-07-05 17:30:00;2021-07-05 18:00:00;103.23333333333333
1071729215;2021-07-05 18:00:00;2021-07-05 18:30:00;109.36666666666666
1071729215;2021-07-05 18:30:00;2021-07-05 19:00:00;108.8
1071729215;2021-07-05 19:00:00;2021-07-05 19:30:00;110.93333333333334
1071729215;2021-07-05 19:30:00;2021-07-05 20:00:00;106.23333333333333
1071729215;2021-07-05 20:00:00;2021-07-05 20:30:00;104.13333333333334
1071729215;2021-07-05 20:30:00;2021-07-05 21:00:00;109.0
1071729215;2021-07-05 21:00:00;2021-07-05 21:30:00;91.86666666666666
1071729215;2021-07-05 21:30:00;2021-07-05 22:00:00;95.9
1071729215;2021-07-05 22:00:00;2021-07-05 22:30:00;98.8
1071729215;2021-07-05 22:30:00;2021-07-05 23:00:00;82.03333333333333
1071729215;2021-07-05 23:00:00;2021-07-05 23:30:00;88.63333333333334
1071729215;2021-07-05 23:30:00;2021-07-05 23:59:59;96.4
1071729215;2021-07-06 00:00:00;2021-07-06 00:30:00;101.76666666666667
1071729215;2021-07-06 00:30:00;2021-07-06 01:00:00;101.0
1071729215;2021-07-06 01:00:00;2021-07-06 01:30:00;101.0
1071729215;2021-07-06 01:30:00;2021-07-06 02:00:00;101.0
1071729215;2021-07-06 02:00:00;2021-07-06 02:30:00;103.13333333333334
1071729215;2021-07-06 02:30:00;2021-07-06 03:00:00;101.0
1071729215;2021-07-06 03:00:00;2021-07-06 03:30:00;92.86666666666666
1071729215;2021-07-06 03:30:00;2021-07-06 04:00:00;97.26666666666667
1071729215;2021-07-06 04:00:00;2021-07-06 04:30:00;96.76666666666667
1071729215;2021-07-06 04:30:00;2021-07-06 05:00:00;100.23333333333333
1071729215;2021-07-06 05:00:00;2021-07-06 05:30:00;94.86666666666666
1071729215;2021-07-06 05:30:00;2021-07-06 06:00:00;106.56666666666666
1071729215;2021-07-06 06:00:00;2021-07-06 06:30:00;100.26666666666667
1071729215;2021-07-06 06:30:00;2021-07-06 07:00:00;102.76666666666667
1071729215;2021-07-06 07:00:00;2021-07-06 07:30:00;104.56666666666666
1071729215;2021-07-06 07:30:00;2021-07-06 08:00:00;98.9
1071729215;2021-07-06 08:00:00;2021-07-06 08:30:00;100.46666666666667
1071729215;2021-07-06 08:30:00;2021-07-06 09:00:00;100.83333333333333
1071729215;2021-07-06 09:00:00;2021-07-06 09:30:00;86.0
1071729215;2021-07-06 09:30:00;2021-07-06 10:00:00;90.9
1071729215;2021-07-06 10:00:00;2021-07-06 10:30:00;94.46666666666667
1071729215;2021-07-06 10:30:00;2021-07-06 11:00:00;90.96666666666667
1071729215;2021-07-06 11:00:00;2021-07-06 11:30:00;92.83333333333333
1071729215;2021-07-06 11:30:00;2021-07-06 12:00:00;94.86666666666666
1071729215;2021-07-06 12:00:00;2021-07-06 12:30:00;91.73333333333333
1071729215;2021-07-06 12:30:00;2021-07-06 13:00:00;104.73333333333333
1071729215;2021-07-06 13:00:00;2021-07-06 13:30:00;97.56666666666666
1071729215;2021-07-06 13:30:00;2021-07-06 14:00:00;93.63333333333334
1071729215;2021-07-06 14:00:00;2021-07-06 14:30:00;87.73333333333333
1071729215;2021-07-06 14:30:00;2021-07-06 15:00:00;98.63333333333334
1071729215;2021-07-06 15:00:00;2021-07-06 15:30:00;101.1
1071729215;2021-07-06 15:30:00;2021-07-06 16:00:00;90.3
1071729215;2021-07-06 16:00:00;2021-07-06 16:30:00;91.63333333333334
1071729215;2021-07-06 16:30:00;2021-07-06 17:00:00;94.5
1071729215;2021-07-06 17:00:00;2021-07-06 17:30:00;91.4
1071729215;2021-07-06 17:30:00;2021-07-06 18:00:00;90.0
1071729215;2021-07-06 18:00:00;2021-07-06 18:30:00;102.06666666666666
1071729215;2021-07-06 18:30:00;2021-07-06 19:00:00;108.73333333333333
1071729215;2021-07-06 19:00:00;2021-07-06 19:30:00;97.96666666666667
1071729215;2021-07-06 19:30:00;2021-07-06 20:00:00;106.6
1071729215;2021-07-06 20:00:00;2021-07-06 20:30:00;100.9
1071729215;2021-07-06 20:30:00;2021-07-06 21:00:00;100.06666666666666
1071729215;2021-07-06 21:00:00;2021-07-06 21:30:00;100.73333333333333
1071729215;2021-07-06 21:30:00;2021-07-06 22:00:00;101.0
1071729215;2021-07-06 22:00:00;2021-07-06 22:30:00;97.23333333333333
1071729215;2021-07-06 22:30:00;2021-07-06 23:00:00;84.73333333333333
1071729215;2021-07-06 23:00:00;2021-07-06 23:30:00;101.0
1071729215;2021-07-06 23:30:00;2021-07-06 23:59:59;102.66666666666667
1071729215;2021-07-07 00:00:00;2021-07-07 00:30:00;102.6
1071729215;2021-07-07 00:30:00;2021-07-07 01:00:00;100.5
1071729215;2021-07-07 01:00:00;2021-07-07 01:30:00;99.63333333333334
1071729215;2021-07-07 01:30:00;2021-07-07 02:00:00;94.1
1071729215;2021-07-07 02:00:00;2021-07-07 02:30:00;101.53333333333333
1071729215;2021-07-07 02:30:00;2021-07-07 03:00:00;101.0
1071729215;2021-07-07 03:00:00;2021-07-07 03:30:00;93.0
1071729215;2021-07-07 03:30:00;2021-07-07 04:00:00;98.6
1071729215;2021-07-07 04:00:00;2021-07-07 04:30:00;95.1
1071729215;2021-07-07 04:30:00;2021-07-07 05:00:00;92.93333333333334
1071729215;2021-07-07 05:00:00;2021-07-07 05:30:00;99.3
1071729215;2021-07-07 05:30:00;2021-07-07 06:00:00;95.16666666666667
1071729215;2021-07-07 06:00:00;2021-07-07 06:30:00;92.06666666666666
1071729215;2021-07-07 06:30:00;2021-07-07 07:00:00;96.33333333333333
1071729215;2021-07-07 07:00:00;2021-07-07 07:30:00;107.33333333333333
1071729215;2021-07-07 07:30:00;2021-07-07 08:00:00;91.3
1071729215;2021-07-07 08:00:00;2021-07-07 08:30:00;94.1
1071729215;2021-07-07 08:30:00;2021-07-07 09:00:00;91.66666666666667
1071729215;2021-07-07 09:00:00;2021-07-07 09:30:00;97.73333333333333
1071729215;2021-07-07 09:30:00;2021-07-07 10:00:00;85.96666666666667
1071729215;2021-07-07 10:00:00;2021-07-07 10:30:00;84.53333333333333
1071729215;2021-07-07 10:30:00;2021-07-07 11:00:00;86.06666666666666
1071729215;2021-07-07 11:00:00;2021-07-07 11:30:00;102.63333333333334
1071729215;2021-07-07 11:30:00;2021-07-07 12:00:00;100.23333333333333
1071729215;2021-07-07 12:00:00;2021-07-07 12:30:00;91.8
1071729215;2021-07-07 12:30:00;2021-07-07 13:00:00;87.86666666666666
1071729215;2021-07-07 13:00:00;2021-07-07 13:30:00;92.9
1071729215;2021-07-07 13:30:00;2021-07-07 14:00:00;96.93333333333334
1071729215;2021-07-07 14:00:00;2021-07-07 14:30:00;100.23333333333333
1071729215;2021-07-07 14:30:00;2021-07-07 15:00:00;94.83333333333333
1071729215;2021-07-07 15:00:00;2021-07-07 15:30:00;90.1
1071729215;2021-07-07 15:30:00;2021-07-07 16:00:00;100.4
1071729215;2021-07-07 16:00:00;2021-07-07 16:30:00;98.96666666666667
1071729215;2021-07-07 16:30:00;2021-07-07 17:00:00;98.83333333333333
1071729215;2021-07-07 17:00:00;2021-07-07 17:30:00;105.8
1071729215;2021-07-07 17:30:00;2021-07-07 18:00:00;99.6
1071729215;2021-07-07 18:00:00;2021-07-07 18:30:00;95.03333333333333
1071729215;2021-07-07 18:30:00;2021-07-07 19:00:00;89.13333333333334
1071729215;2021-07-07 19:00:00;2021-07-07 19:30:00;103.9
1071729215;2021-07-07 19:30:00;2021-07-07 20:00:00;98.16666666666667
1071729215;2021-07-07 20:00:00;2021-07-07 20:30:00;108.06666666666666
1071729215;2021-07-07 20:30:00;2021-07-07 21:00:00;114.0
1071729215;2021-07-07 21:00:00;2021-07-07 21:30:00;112.23333333333333
1071729215;2021-07-07 21:30:00;2021-07-07 22:00:00;103.0
1071729215;2021-07-07 22:00:00;2021-07-07 22:30:00;89.96666666666667
1071729215;2021-07-07 22:30:00;2021-07-07 23:00:00;95.86666666666666
1071729215;2021-07-07 23:00:00;2021-07-07 23:30:00;93.4
1071729215;2021-07-07 23:30:00;2021-07-07 23:59:59;117.03333333333333
1071729215;2021-07-08 00:00:00;2021-07-08 00:30:00;107.0
1071729215;2021-07-08 00:30:00;2021-07-08 01:00:00;118.26666666666667
1071729215;2021-07-08 01:00:00;2021-07-08 01:30:00;111.46666666666667
1071729215;2021-07-08 01:30:00;2021-07-08 02:00:00;101.3
1071729215;2021-07-08 02:00:00;2021-07-08 02:30:00;100.86666666666666
1071729215;2021-07-08 02:30:00;2021-07-08 03:00:00;97.8
1071729215;2021-07-08 03:00:00;2021-07-08 03:30:00;95.6
1071729215;2021-07-08 03:30:00;2021-07-08 04:00:00;100.66666666666667
1071729215;2021-07-08 04:00:00;2021-07-08 04:30:00;93.4
1071729215;2021-07-08 04:30:00;2021-07-08 05:00:00;85.93333333333334
1071729215;2021-07-08 05:00:00;2021-07-08 05:30:00;88.66666666666667
1071729215;2021-07-08 05:30:00;2021-07-08 06:00:00;95.8
1071729215;2021-07-08 06:00:00;2021-07-08 06:30:00;92.23333333333333
1071729215;2021-07-08 06:30:00;2021-07-08 07:00:00;92.03333333333333
1071729215;2021-07-08 07:00:00;2021-07-08 07:30:00;99.36666666666666
1071729215;2021-07-08 07:30:00;2021-07-08 08:00:00;95.46666666666667
1071729215;2021-07-08 08:00:00;2021-07-08 08:30:00;98.2
1071729215;2021-07-08 08:30:00;2021-07-08 09:00:00;98.33333333333333
1071729215;2021-07-08 09:00:00;2021-07-08 09:30:00;96.13333333333334
1071729215;2021-07-08 09:30:00;2021-07-08 10:00:00;102.76666666666667
1071729215;2021-07-08 10:00:00;2021-07-08 10:30:00;88.53333333333333
1071729215;2021-07-08 10:30:00;2021-07-08 11:00:00;94.53333333333333
1071729215;2021-07-08 11:00:00;2021-07-08 11:30:00;94.36666666666666
1071729215;2021-07-08 11:30:00;2021-07-08 12:00:00;88.63333333333334
1071729215;2021-07-08 12:00:00;2021-07-08 12:30:00;94.2
1071729215;2021-07-08 12:30:00;2021-07-08 13:00:00;99.2
1071729215;2021-07-08 13:00:00;2021-07-08 13:30:00;96.43333333333334
1071729215;2021-07-08 13:30:00;2021-07-08 14:00:00;97.83333333333333
1071729215;2021-07-08 14:00:00;2021-07-08 14:30:00;102.46666666666667
1071729215;2021-07-08 14:30:00;2021-07-08 15:00:00;97.1
1071729215;2021-07-08 15:00:00;2021-07-08 15:30:00;87.43333333333334
1071729215;2021-07-08 15:30:00;2021-07-08 16:00:00;97.33333333333333
1071729215;2021-07-08 16:00:00;2021-07-08 16:30:00;98.63333333333334
1071729215;2021-07-08 16:30:00;2021-07-08 17:00:00;104.73333333333333
1071729215;2021-07-08 17:00:00;2021-07-08 17:30:00;108.46666666666667
1071729215;2021-07-08 17:30:00;2021-07-08 18:00:00;92.06666666666666
1071729215;2021-07-08 18:00:00;2021-07-08 18:30:00;112.56666666666666
1071729215;2021-07-08 18:30:00;2021-07-08 19:00:00;103.36666666666666
1071729215;2021-07-08 19:00:00;2021-07-08 19:30:00;100.73333333333333
1071729215;2021-07-08 19:30:00;2021-07-08 20:00:00;102.0
1071729215;2021-07-08 20:00:00;2021-07-08 20:30:00;112.43333333333334
1071729215;2021-07-08 20:30:00;2021-07-08 21:00:00;110.23333333333333
1071729215;2021-07-08 21:00:00;2021-07-08 21:30:00;109.66666666666667
1071729215;2021-07-08 21:30:00;2021-07-08 22:00:00;100.96666666666667
1071729215;2021-07-08 22:00:00;2021-07-08 22:30:00;92.26666666666667
1071729215;2021-07-08 22:30:00;2021-07-08 23:00:00;105.66666666666667
1071729215;2021-07-08 23:00:00;2021-07-08 23:30:00;95.66666666666667
1071729215;2021-07-08 23:30:00;2021-07-08 23:59:59;105.8
1071729215;2021-07-09 00:00:00;2021-07-09 00:30:00;101.4
1071729215;2021-07-09 00:30:00;2021-07-09 01:00:00;101.0
1071729215;2021-07-09 01:00:00;2021-07-09 01:30:00;95.86666666666666
1071729215;2021-07-09 01:30:00;2021-07-09 02:00:00;97.33333333333333
1071729215;2021-07-09 02:00:00;2021-07-09 02:30:00;102.96666666666667
1071729215;2021-07-09 02:30:00;2021-07-09 03:00:00;103.7
1071729215;2021-07-09 03:00:00;2021-07-09 03:30:00;98.9
1071729215;2021-07-09 03:30:00;2021-07-09 04:00:00;106.83333333333333
1071729215;2021-07-09 04:00:00;2021-07-09 04:30:00;100.53333333333333
1071729215;2021-07-09 04:30:00;2021-07-09 05:00:00;107.7
1071729215;2021-07-09 05:00:00;2021-07-09 05:30:00;98.4
1071729215;2021-07-09 05:30:00;2021-07-09 06:00:00;99.76666666666667
1071729215;2021-07-09 06:00:00;2021-07-09 06:30:00;97.6
1071729215;2021-07-09 06:30:00;2021-07-09 07:00:00;100.53333333333333
1071729215;2021-07-09 07:00:00;2021-07-09 07:30:00;109.93333333333334
1071729215;2021-07-09 07:30:00;2021-07-09 08:00:00;107.8
1071729215;2021-07-09 08:00:00;2021-07-09 08:30:00;104.0
1071729215;2021-07-09 08:30:00;2021-07-09 09:00:00;108.66666666666667
1071729215;2021-07-09 09:00:00;2021-07-09 09:30:00;97.0
1071729215;2021-07-09 09:30:00;2021-07-09 10:00:00;96.03333333333333
1071729215;2021-07-09 10:00:00;2021-07-09 10:30:00;96.5
1071729215;2021-07-09 10:30:00;2021-07-09 11:00:00;95.83333333333333
1071729215;2021-07-09 11:00:00;2021-07-09 11:30:00;99.23333333333333
1071729215;2021-07-09 11:30:00;2021-07-09 12:00:00;107.2
1071729215;2021-07-09 12:00:00;2021-07-09 12:30:00;100.9
1071729215;2021-07-09 12:30:00;2021-07-09 13:00:00;101.46666666666667
1071729215;2021-07-09 13:00:00;2021-07-09 13:30:00;108.73333333333333
1071729215;2021-07-09 13:30:00;2021-07-09 14:00:00;94.06666666666666
1071729215;2021-07-09 14:00:00;2021-07-09 14:30:00;93.76666666666667
1071729215;2021-07-09 14:30:00;2021-07-09 15:00:00;99.23333333333333
1071729215;2021-07-09 15:00:00;2021-07-09 15:30:00;100.3
1071729215;2021-07-09 15:30:00;2021-07-09 16:00:00;102.66666666666667
1071729215;2021-07-09 16:00:00;2021-07-09 16:30:00;97.73333333333333
1071729215;2021-07-09 16:30:00;2021-07-09 17:00:00;110.27586206896552
1071729215;2021-07-09 17:00:00;2021-07-09 17:30:00;100.83333333333333
1071729215;2021-07-09 17:30:00;2021-07-09 18:00:00;113.53333333333333
1071729215;2021-07-09 18:00:00;2021-07-09 18:30:00;108.73333333333333
1071729215;2021-07-09 18:30:00;2021-07-09 19:00:00;95.26666666666667
1071729215;2021-07-09 19:00:00;2021-07-09 19:30:00;108.36666666666666
1071729215;2021-07-09 19:30:00;2021-07-09 20:00:00;110.56666666666666
1071729215;2021-07-09 20:00:00;2021-07-09 20:30:00;100.46666666666667
1071729215;2021-07-09 20:30:00;2021-07-09 21:00:00;114.16666666666667
1071729215;2021-07-09 21:00:00;2021-07-09 21:30:00;106.06666666666666
1071729215;2021-07-09 21:30:00;2021-07-09 22:00:00;103.93333333333334
1071729215;2021-07-09 22:00:00;2021-07-09 22:30:00;101.56666666666666
1071729215;2021-07-09 22:30:00;2021-07-09 23:00:00;91.0
1071729215;2021-07-09 23:00:00;2021-07-09 23:30:00;105.33333333333333
1071729215;2021-07-09 23:30:00;2021-07-09 23:59:59;101.8
1071729215;2021-07-10 00:00:00;2021-07-10 00:30:00;97.5
1071729215;2021-07-10 00:30:00;2021-07-10 01:00:00;100.16666666666667
1071729215;2021-07-10 01:00:00;2021-07-10 01:30:00;103.26666666666667
1071729215;2021-07-10 01:30:00;2021-07-10 02:00:00;99.36666666666666
1071729215;2021-07-10 02:00:00;2021-07-10 02:30:00;101.0
1071729215;2021-07-10 02:30:00;2021-07-10 03:00:00;101.0
1071729215;2021-07-10 03:00:00;2021-07-10 03:30:00;98.26666666666667
1071729215;2021-07-10 03:30:00;2021-07-10 04:00:00;92.9
1071729215;2021-07-10 04:00:00;2021-07-10 04:30:00;91.66666666666667
1071729215;2021-07-10 04:30:00;2021-07-10 05:00:00;103.26666666666667
1071729215;2021-07-10 05:00:00;2021-07-10 05:30:00;104.0
1071729215;2021-07-10 05:30:00;2021-07-10 06:00:00;97.03333333333333
1071729215;2021-07-10 06:00:00;2021-07-10 06:30:00;106.76666666666667
1071729215;2021-07-10 06:30:00;2021-07-10 07:00:00;101.9
1071729215;2021-07-10 07:00:00;2021-07-10 07:30:00;97.5
1071729215;2021-07-10 07:30:00;2021-07-10 08:00:00;86.96666666666667
1071729215;2021-07-10 08:00:00;2021-07-10 08:30:00;93.43333333333334
1071729215;2021-07-10 08:30:00;2021-07-10 09:00:00;112.5
1071729215;2021-07-10 09:00:00;2021-07-10 09:30:00;100.4
1071729215;2021-07-10 09:30:00;2021-07-10 10:00:00;92.63333333333334
1071729215;2021-07-10 10:00:00;2021-07-10 10:30:00;90.96666666666667
1071729215;2021-07-10 10:30:00;2021-07-10 11:00:00;99.03333333333333
1071729215;2021-07-10 11:00:00;2021-07-10 11:30:00;100.96666666666667
1071729215;2021-07-10 11:30:00;2021-07-10 12:00:00;104.43333333333334
1071729215;2021-07-10 12:00:00;2021-07-10 12:30:00;98.86666666666666
1071729215;2021-07-10 12:30:00;2021-07-10 13:00:00;101.4
1071729215;2021-07-10 13:00:00;2021-07-10 13:30:00;105.46666666666667
1071729215;2021-07-10 13:30:00;2021-07-10 14:00:00;106.0
1071729215;2021-07-10 14:00:00;2021-07-10 14:30:00;88.63333333333334
1071729215;2021-07-10 14:30:00;2021-07-10 15:00:00;100.3
1071729215;2021-07-10 15:00:00;2021-07-10 15:30:00;95.86666666666666
1071729215;2021-07-10 15:30:00;2021-07-10 16:00:00;99.1
1071729215;2021-07-10 16:00:00;2021-07-10 16:30:00;106.96666666666667
1071729215;2021-07-10 16:30:00;2021-07-10 17:00:00;108.23333333333333
1071729215;2021-07-10 17:00:00;2021-07-10 17:30:00;104.63333333333334
1071729215;2021-07-10 17:30:00;2021-07-10 18:00:00;106.03333333333333
1071729215;2021-07-10 18:00:00;2021-07-10 18:30:00;116.8
1071729215;2021-07-10 18:30:00;2021-07-10 19:00:00;100.5
1071729215;2021-07-10 19:00:00;2021-07-10 19:30:00;100.16666666666667
1071729215;2021-07-10 19:30:00;2021-07-10 20:00:00;110.3
1071729215;2021-07-10 20:00:00;2021-07-10 20:30:00;112.0
1071729215;2021-07-10 20:30:00;2021-07-10 21:00:00;107.36666666666666
1071729215;2021-07-10 21:00:00;2021-07-10 21:30:00;101.13333333333334
1071729215;2021-07-10 21:30:00;2021-07-10 22:00:00;101.0
1071729215;2021-07-10 22:00:00;2021-07-10 22:30:00;101.0
1071729215;2021-07-10 22:30:00;2021-07-10 23:00:00;104.2
1071729215;2021-07-10 23:00:00;2021-07-10 23:30:00;108.43333333333334
1071729215;2021-07-10 23:30:00;2021-07-10 23:59:59;104.73333333333333
1071729215;2021-07-11 00:00:00;2021-07-11 00:30:00;102.13333333333334
1071729215;2021-07-11 00:30:00;2021-07-11 01:00:00;107.6
1071729215;2021-07-11 01:00:00;2021-07-11 01:30:00;101.53333333333333
1071729215;2021-07-11 01:30:00;2021-07-11 02:00:00;97.5
1071729215;2021-07-11 02:00:00;2021-07-11 02:30:00;101.0
1071729215;2021-07-11 02:30:00;2021-07-11 03:00:00;115.43333333333334
1071729215;2021-07-11 03:00:00;2021-07-11 03:30:00;111.1
1071729215;2021-07-11 03:30:00;2021-07-11 04:00:00;108.0
1071729215;2021-07-11 04:00:00;2021-07-11 04:30:00;109.2
1071729215;2021-07-11 04:30:00;2021-07-11 05:00:00;92.1
1071729215;2021-07-11 05:00:00;2021-07-11 05:30:00;102.1
1071729215;2021-07-11 05:30:00;2021-07-11 06:00:00;108.7
1071729215;2021-07-11 06:00:00;2021-07-11 06:30:00;99.46666666666667
1071729215;2021-07-11 06:30:00;2021-07-11 07:00:00;105.23333333333333
1071729215;2021-07-11 07:00:00;2021-07-11 07:30:00;106.46666666666667
1071729215;2021-07-11 07:30:00;2021-07-11 08:00:00;109.66666666666667
1071729215;2021-07-11 08:00:00;2021-07-11 08:30:00;102.96666666666667
1071729215;2021-07-11 08:30:00;2021-07-11 09:00:00;106.03333333333333
1071729215;2021-07-11 09:00:00;2021-07-11 09:30:00;95.56666666666666
1071729215;2021-07-11 09:30:00;2021-07-11 10:00:00;109.86666666666666
1071729215;2021-07-11 10:00:00;2021-07-11 10:30:00;108.1
1071729215;2021-07-11 10:30:00;2021-07-11 11:00:00;88.2
1071729215;2021-07-11 11:00:00;2021-07-11 11:30:00;99.66666666666667
1071729215;2021-07-11 11:30:00;2021-07-11 12:00:00;89.4
1071729215;2021-07-11 12:00:00;2021-07-11 12:30:00;93.8
1071729215;2021-07-11 12:30:00;2021-07-11 13:00:00;90.3
1071729215;2021-07-11 13:00:00;2021-07-11 13:30:00;87.5
1071729215;2021-07-11 13:30:00;2021-07-11 14:00:00;84.83333333333333
1071729215;2021-07-11 14:00:00;2021-07-11 14:30:00;87.7
1071729215;2021-07-11 14:30:00;2021-07-11 15:00:00;94.83333333333333
1071729215;2021-07-11 15:00:00;2021-07-11 15:30:00;88.53333333333333
1071729215;2021-07-11 15:30:00;2021-07-11 16:00:00;86.4
1071729215;2021-07-11 16:00:00;2021-07-11 16:30:00;94.9
1071729215;2021-07-11 16:30:00;2021-07-11 17:00:00;97.16666666666667
1071729215;2021-07-11 17:00:00;2021-07-11 17:30:00;100.96666666666667
1071729215;2021-07-11 17:30:00;2021-07-11 18:00:00;101.76666666666667
1071729215;2021-07-11 18:00:00;2021-07-11 18:30:00;105.76666666666667
1071729215;2021-07-11 18:30:00;2021-07-11 19:00:00;93.3
1071729215;2021-07-11 19:00:00;2021-07-11 19:30:00;106.5
1071729215;2021-07-11 19:30:00;2021-07-11 20:00:00;111.16666666666667
1071729215;2021-07-11 20:00:00;2021-07-11 20:30:00;107.56666666666666
1071729215;2021-07-11 20:30:00;2021-07-11 21:00:00;104.76666666666667
1071729215;2021-07-11 21:00:00;2021-07-11 21:30:00;98.9
1071729215;2021-07-11 21:30:00;2021-07-11 22:00:00;93.2
1071729215;2021-07-11 22:00:00;2021-07-11 22:30:00;98.8
1071729215;2021-07-11 22:30:00;2021-07-11 23:00:00;107.56666666666666
1071729215;2021-07-11 23:00:00;2021-07-11 23:30:00;114.46666666666667
1071729215;2021-07-11 23:30:00;2021-07-11 23:59:59;106.96666666666667
1071729215;2021-07-12 00:00:00;2021-07-12 00:30:00;104.5
1071729215;2021-07-12 00:30:00;2021-07-12 01:00:00;115.6
1071729215;2021-07-12 01:00:00;2021-07-12 01:30:00;102.83333333333333
1071729215;2021-07-12 01:30:00;2021-07-12 02:00:00;96.33333333333333
1071729215;2021-07-12 02:00:00;2021-07-12 02:30:00;96.3
1071729215;2021-07-12 02:30:00;2021-07-12 03:00:00;104.63333333333334
1071729215;2021-07-12 03:00:00;2021-07-12 03:30:00;101.0
1071729215;2021-07-12 03:30:00;2021-07-12 04:00:00;103.56666666666666
1071729215;2021-07-12 04:00:00;2021-07-12 04:30:00;112.76666666666667
1071729215;2021-07-12 04:30:00;2021-07-12 05:00:00;112.43333333333334
1071729215;2021-07-12 05:00:00;2021-07-12 05:30:00;100.16666666666667
1071729215;2021-07-12 05:30:00;2021-07-12 06:00:00;113.7
1071729215;2021-07-12 06:00:00;2021-07-12 06:30:00;107.0
1071729215;2021-07-12 06:30:00;2021-07-12 07:00:00;113.96666666666667
1071729215;2021-07-12 07:00:00;2021-07-12 07:30:00;102.96666666666667
1071729215;2021-07-12 07:30:00;2021-07-12 08:00:00;105.16666666666667
1071729215;2021-07-12 08:00:00;2021-07-12 08:30:00;100.26666666666667
1071729215;2021-07-12 08:30:00;2021-07-12 09:00:00;99.46666666666667
1071729215;2021-07-12 09:00:00;2021-07-12 09:30:00;105.43333333333334
1071729215;2021-07-12 09:30:00;2021-07-12 10:00:00;101.16666666666667
1071729215;2021-07-12 10:00:00;2021-07-12 10:30:00;101.13333333333334
1071729215;2021-07-12 10:30:00;2021-07-12 11:00:00;90.1
1071729215;2021-07-12 11:00:00;2021-07-12 11:30:00;89.43333333333334
1071729215;2021-07-12 11:30:00;2021-07-12 12:00:00;92.53333333333333
1071729215;2021-07-12 12:00:00;2021-07-12 12:30:00;99.36666666666666
1071729215;2021-07-12 12:30:00;2021-07-12 13:00:00;92.36666666666666
1071729215;2021-07-12 13:00:00;2021-07-12 13:30:00;97.93333333333334
1071729215;2021-07-12 13:30:00;2021-07-12 14:00:00;97.46666666666667
1071729215;2021-07-12 14:00:00;2021-07-12 14:30:00;87.96666666666667
1071729215;2021-07-12 14:30:00;2021-07-12 15:00:00;91.86666666666666
1071729215;2021-07-12 15:00:00;2021-07-12 15:30:00;85.06666666666666
1071729215;2021-07-12 15:30:00;2021-07-12 16:00:00;97.43333333333334
1071729215;2021-07-12 16:00:00;2021-07-12 16:30:00;97.33333333333333
1071729215;2021-07-12 16:30:00;2021-07-12 17:00:00;90.23333333333333
1071729215;2021-07-12 17:00:00;2021-07-12 17:30:00;96.43333333333334
1071729215;2021-07-12 17:30:00;2021-07-12 18:00:00;90.13333333333334
1071729215;2021-07-12 18:00:00;2021-07-12 18:30:00;103.8
1071729215;2021-07-12 18:30:00;2021-07-12 19:00:00;100.46666666666667
1071729215;2021-07-12 19:00:00;2021-07-12 19:30:00;102.56666666666666
1071729215;2021-07-12 19:30:00;2021-07-12 20:00:00;100.5
1071729215;2021-07-12 20:00:00;2021-07-12 20:30:00;109.03333333333333
1071729215;2021-07-12 20:30:00;2021-07-12 21:00:00;111.83333333333333
1071729215;2021-07-12 21:00:00;2021-07-12 21:30:00;108.8
1071729215;2021-07-12 21:30:00;2021-07-12 22:00:00;101.5
1071729215;2021-07-12 22:00:00;2021-07-12 22:30:00;90.86666666666666
1071729215;2021-07-12 22:30:00;2021-07-12 23:00:00;101.0
1071729215;2021-07-12 23:00:00;2021-07-12 23:30:00;100.36666666666666
1071729215;2021-07-12 23:30:00;2021-07-12 23:59:59;100.63333333333334
1071729215;2021-07-13 00:00:00;2021-07-13 00:30:00;101.0
1071729215;2021-07-13 00:30:00;2021-07-13 01:00:00;109.7
1071729215;2021-07-13 01:00:00;2021-07-13 01:30:00;94.56666666666666
1071729215;2021-07-13 01:30:00;2021-07-13 02:00:00;96.63333333333334
1071729215;2021-07-13 02:00:00;2021-07-13 02:30:00;97.36666666666666
1071729215;2021-07-13 02:30:00;2021-07-13 03:00:00;93.7
1071729215;2021-07-13 03:00:00;2021-07-13 03:30:00;86.83333333333333
1071729215;2021-07-13 03:30:00;2021-07-13 04:00:00;104.06666666666666
1071729215;2021-07-13 04:00:00;2021-07-13 04:30:00;93.2
1071729215;2021-07-13 04:30:00;2021-07-13 05:00:00;107.93333333333334
1071729215;2021-07-13 05:00:00;2021-07-13 05:30:00;109.26666666666667
1071729215;2021-07-13 05:30:00;2021-07-13 06:00:00;106.06666666666666
1071729215;2021-07-13 06:00:00;2021-07-13 06:30:00;104.43333333333334
1071729215;2021-07-13 06:30:00;2021-07-13 07:00:00;107.23333333333333
1071729215;2021-07-13 07:00:00;2021-07-13 07:30:00;103.8
1071729215;2021-07-13 07:30:00;2021-07-13 08:00:00;102.83333333333333
1071729215;2021-07-13 08:00:00;2021-07-13 08:30:00;114.33333333333333
1071729215;2021-07-13 08:30:00;2021-07-13 09:00:00;92.53333333333333
1071729215;2021-07-13 09:00:00;2021-07-13 09:30:00;97.43333333333334
1071729215;2021-07-13 09:30:00;2021-07-13 10:00:00;86.4
1071729215;2021-07-13 10:00:00;2021-07-13 10:30:00;96.03333333333333
1071729215;2021-07-13 10:30:00;2021-07-13 11:00:00;90.86666666666666
1071729215;2021-07-13 11:00:00;2021-07-13 11:30:00;95.0
1071729215;2021-07-13 11:30:00;2021-07-13 12:00:00;85.66666666666667
1071729215;2021-07-13 12:00:00;2021-07-13 12:30:00;99.2
1071729215;2021-07-13 12:30:00;2021-07-13 13:00:00;102.43333333333334
1071729215;2021-07-13 13:00:00;2021-07-13 13:30:00;95.8
1071729215;2021-07-13 13:30:00;2021-07-13 14:00:00;105.53333333333333
1071729215;2021-07-13 14:00:00;2021-07-13 14:30:00;87.93333333333334
1071729215;2021-07-13 14:30:00;2021-07-13 15:00:00;93.1
1071729215;2021-07-13 15:00:00;2021-07-13 15:30:00;108.93333333333334
1071729215;2021-07-13 15:30:00;2021-07-13 16:00:00;90.2
1071729215;2021-07-13 16:00:00;2021-07-13 16:30:00;96.2
1071729215;2021-07-13 16:30:00;2021-07-13 17:00:00;106.5
1071729215;2021-07-13 17:00:00;2021-07-13 17:30:00;92.3
1071729215;2021-07-13 17:30:00;2021-07-13 18:00:00;100.96666666666667
1071729215;2021-07-13 18:00:00;2021-07-13 18:30:00;99.2
1071729215;2021-07-13 18:30:00;2021-07-13 19:00:00;90.1
1071729215;2021-07-13 19:00:00;2021-07-13 19:30:00;98.8
1071729215;2021-07-13 19:30:00;2021-07-13 20:00:00;102.43333333333334
1071729215;2021-07-13 20:00:00;2021-07-13 20:30:00;112.56666666666666
1071729215;2021-07-13 20:30:00;2021-07-13 21:00:00;108.36666666666666
1071729215;2021-07-13 21:00:00;2021-07-13 21:30:00;108.73333333333333
1071729215;2021-07-13 21:30:00;2021-07-13 22:00:00;101.06666666666666
1071729215;2021-07-13 22:00:00;2021-07-13 22:30:00;97.6
1071729215;2021-07-13 22:30:00;2021-07-13 23:00:00;85.1
1071729215;2021-07-13 23:00:00;2021-07-13 23:30:00;98.2
1071729215;2021-07-13 23:30:00;2021-07-13 23:59:59;105.66666666666667
1071729215;2021-07-14 00:00:00;2021-07-14 00:30:00;102.5
1071729215;2021-07-14 00:30:00;2021-07-14 01:00:00;101.0
1071729215;2021-07-14 01:00:00;2021-07-14 01:30:00;101.0
1071729215;2021-07-14 01:30:00;2021-07-14 02:00:00;97.2
1071729215;2021-07-14 02:00:00;2021-07-14 02:30:00;98.56666666666666
1071729215;2021-07-14 02:30:00;2021-07-14 03:00:00;97.2
1071729215;2021-07-14 03:00:00;2021-07-14 03:30:00;97.06666666666666
1071729215;2021-07-14 03:30:00;2021-07-14 04:00:00;103.36666666666666
1071729215;2021-07-14 04:00:00;2021-07-14 04:30:00;88.93333333333334
1071729215;2021-07-14 04:30:00;2021-07-14 05:00:00;105.16666666666667
1071729215;2021-07-14 05:00:00;2021-07-14 05:30:00;96.3
1071729215;2021-07-14 05:30:00;2021-07-14 06:00:00;86.06666666666666
1071729215;2021-07-14 06:00:00;2021-07-14 06:30:00;100.16666666666667
1071729215;2021-07-14 06:30:00;2021-07-14 07:00:00;89.23333333333333
1071729215;2021-07-14 07:00:00;2021-07-14 07:30:00;98.8
1071729215;2021-07-14 07:30:00;2021-07-14 08:00:00;104.76666666666667
1071729215;2021-07-14 08:00:00;2021-07-14 08:30:00;104.13333333333334
1071729215;2021-07-14 08:30:00;2021-07-14 09:00:00;106.4
1071729215;2021-07-14 09:00:00;2021-07-14 09:30:00;88.96666666666667
1071729215;2021-07-14 09:30:00;2021-07-14 10:00:00;93.5
1071729215;2021-07-14 10:00:00;2021-07-14 10:30:00;100.5
1071729215;2021-07-14 10:30:00;2021-07-14 11:00:00;100.43333333333334
1071729215;2021-07-14 11:00:00;2021-07-14 11:30:00;97.33333333333333
1071729215;2021-07-14 11:30:00;2021-07-14 12:00:00;87.26666666666667
1071729215;2021-07-14 12:00:00;2021-07-14 12:30:00;98.1
1071729215;2021-07-14 12:30:00;2021-07-14 13:00:00;102.36666666666666
1071729215;2021-07-14 13:00:00;2021-07-14 13:30:00;95.13333333333334
1071729215;2021-07-14 13:30:00;2021-07-14 14:00:00;97.16666666666667
1071729215;2021-07-14 14:00:00;2021-07-14 14:30:00;98.83333333333333
1071729215;2021-07-14 14:30:00;2021-07-14 15:00:00;101.2
1071729215;2021-07-14 15:00:00;2021-07-14 15:30:00;101.46666666666667
1071729215;2021-07-14 15:30:00;2021-07-14 16:00:00;97.76666666666667
1071729215;2021-07-14 16:00:00;2021-07-14 16:30:00;99.6
1071729215;2021-07-14 16:30:00;2021-07-14 17:00:00;96.63333333333334
1071729215;2021-07-14 17:00:00;2021-07-14 17:30:00;109.43333333333334
1071729215;2021-07-14 17:30:00;2021-07-14 18:00:00;105.4
1071729215;2021-07-14 18:00:00;2021-07-14 18:30:00;106.56666666666666
1071729215;2021-07-14 18:30:00;2021-07-14 19:00:00;110.86666666666666
1071729215;2021-07-14 19:00:00;2021-07-14 19:30:00;112.46666666666667
1071729215;2021-07-14 19:30:00;2021-07-14 20:00:00;110.26666666666667
1071729215;2021-07-14 20:00:00;2021-07-14 20:30:00;106.36666666666666
1071729215;2021-07-14 20:30:00;2021-07-14 21:00:00;99.16666666666667
1071729215;2021-07-14 21:00:00;2021-07-14 21:30:00;101.0
1071729215;2021-07-14 21:30:00;2021-07-14 22:00:00;92.26666666666667
1071729215;2021-07-14 22:00:00;2021-07-14 22:30:00;91.8
1071729215;2021-07-14 22:30:00;2021-07-14 23:00:00;94.83333333333333
1071729215;2021-07-14 23:00:00;2021-07-14 23:30:00;106.86666666666666
1071729215;2021-07-14 23:30:00;2021-07-14 23:59:59;101.86666666666666
1071729215;2021-07-15 00:00:00;2021-07-15 00:30:00;109.0
1071729215;2021-07-15 00:30:00;2021-07-15 01:00:00;106.16666666666667
1071729215;2021-07-15 01:00:00;2021-07-15 01:30:00;98.5
1071729215;2021-07-15 01:30:00;2021-07-15 02:00:00;99.66666666666667
1071729215;2021-07-15 02:00:00;2021-07-15 02:30:00;97.53333333333333
1071729215;2021-07-15 02:30:00;2021-07-15 03:00:00;99.56666666666666
1071729215;2021-07-15 03:00:00;2021-07-15 03:30:00;96.13333333333334
1071729215;2021-07-15 03:30:00;2021-07-15 04:00:00;100.23333333333333
1071729215;2021-07-15 04:00:00;2021-07-15 04:30:00;98.73333333333333
1071729215;2021-07-15 04:30:00;2021-07-15 05:00:00;105.26666666666667
1071729215;2021-07-15 05:00:00;2021-07-15 05:30:00;107.73333333333333
1071729215;2021-07-15 05:30:00;2021-07-15 06:00:00;96.2
1071729215;2021-07-15 06:00:00;2021-07-15 06:30:00;97.16666666666667
1071729215;2021-07-15 06:30:00;2021-07-15 07:00:00;99.5
1071729215;2021-07-15 07:00:00;2021-07-15 07:30:00;91.83333333333333
1071729215;2021-07-15 07:30:00;2021-07-15 08:00:00;90.1
1071729215;2021-07-15 08:00:00;2021-07-15 08:30:00;96.03333333333333
1071729215;2021-07-15 08:30:00;2021-07-15 09:00:00;86.96666666666667
1071729215;2021-07-15 09:00:00;2021-07-15 09:30:00;103.3
1071729215;2021-07-15 09:30:00;2021-07-15 10:00:00;96.66666666666667
1071729215;2021-07-15 10:00:00;2021-07-15 10:30:00;108.13333333333334
1071729215;2021-07-15 10:30:00;2021-07-15 11:00:00;98.0
1071729215;2021-07-15 11:00:00;2021-07-15 11:30:00;102.4
1071729215;2021-07-15 11:30:00;2021-07-15 12:00:00;91.56666666666666
1071729215;2021-07-15 12:00:00;2021-07-15 12:30:00;89.8
1071729215;2021-07-15 12:30:00;2021-07-15 13:00:00;87.46666666666667
1071729215;2021-07-15 13:00:00;2021-07-15 13:30:00;91.33333333333333
1071729215;2021-07-15 13:30:00;2021-07-15 14:00:00;97.23333333333333
1071729215;2021-07-15 14:00:00;2021-07-15 14:30:00;95.96666666666667
1071729215;2021-07-15 14:30:00;2021-07-15 15:00:00;91.76666666666667
1071729215;2021-07-15 15:00:00;2021-07-15 15:30:00;87.76666666666667
1071729215;2021-07-15 15:30:00;2021-07-15 16:00:00;80.53333333333333
1071729215;2021-07-15 16:00:00;2021-07-15 16:30:00;93.36666666666666
1071729215;2021-07-15 16:30:00;2021-07-15 17:00:00;103.3
1071729215;2021-07-15 17:00:00;2021-07-15 17:30:00;96.83333333333333
1071729215;2021-07-15 17:30:00;2021-07-15 18:00:00;92.3
1071729215;2021-07-15 18:00:00;2021-07-15 18:30:00;109.7
1071729215;2021-07-15 18:30:00;2021-07-15 19:00:00;103.53333333333333
1071729215;2021-07-15 19:00:00;2021-07-15 19:30:00;104.33333333333333
1071729215;2021-07-15 19:30:00;2021-07-15 20:00:00;89.5
1071729215;2021-07-15 20:00:00;2021-07-15 20:30:00;106.03333333333333
1071729215;2021-07-15 20:30:00;2021-07-15 21:00:00;100.5
1071729215;2021-07-15 21:00:00;2021-07-15 21:30:00;104.1
1071729215;2021-07-15 21:30:00;2021-07-15 22:00:00;106.3
1071729215;2021-07-15 22:00:00;2021-07-15 22:30:00;100.7
1071729215;2021-07-15 22:30:00;2021-07-15 23:00:00;96.3
1071729215;2021-07-15 23:00:00;2021-07-15 23:30:00;102.96666666666667
1071729215;2021-07-15 23:30:00;2021-07-15 23:59:59;105.0
1071729215;2021-07-16 00:00:00;2021-07-16 00:30:00;107.16666666666667
1071729215;2021-07-16 00:30:00;2021-07-16 01:00:00;101.0
1071729215;2021-07-16 01:00:00;2021-07-16 01:30:00;101.0
1071729215;2021-07-16 01:30:00;2021-07-16 02:00:00;101.0
1071729215;2021-07-16 02:00:00;2021-07-16 02:30:00;95.36666666666666
1071729215;2021-07-16 02:30:00;2021-07-16 03:00:00;88.53333333333333
1071729215;2021-07-16 03:00:00;2021-07-16 03:30:00;99.53333333333333
1071729215;2021-07-16 03:30:00;2021-07-16 04:00:00;101.36666666666666
1071729215;2021-07-16 04:00:00;2021-07-16 04:30:00;104.1
1071729215;2021-07-16 04:30:00;2021-07-16 05:00:00;117.46666666666667
1071729215;2021-07-16 05:00:00;2021-07-16 05:30:00;100.36666666666666
1071729215;2021-07-16 05:30:00;2021-07-16 06:00:00;105.1
1071729215;2021-07-16 06:00:00;2021-07-16 06:30:00;106.13333333333334
1071729215;2021-07-16 06:30:00;2021-07-16 07:00:00;94.5
1071729215;2021-07-16 07:00:00;2021-07-16 07:30:00;102.26666666666667
1071729215;2021-07-16 07:30:00;2021-07-16 08:00:00;93.46666666666667
1071729215;2021-07-16 08:00:00;2021-07-16 08:30:00;100.5
1071729215;2021-07-16 08:30:00;2021-07-16 09:00:00;101.66666666666667
1071729215;2021-07-16 09:00:00;2021-07-16 09:30:00;94.4
1071729215;2021-07-16 09:30:00;2021-07-16 10:00:00;91.2
1071729215;2021-07-16 10:00:00;2021-07-16 10:30:00;100.06666666666666
1071729215;2021-07-16 10:30:00;2021-07-16 11:00:00;95.26666666666667
1071729215;2021-07-16 11:00:00;2021-07-16 11:30:00;94.1
1071729215;2021-07-16 11:30:00;2021-07-16 12:00:00;90.3
1071729215;2021-07-16 12:00:00;2021-07-16 12:30:00;95.23333333333333
1071729215;2021-07-16 12:30:00;2021-07-16 13:00:00;99.56666666666666
1071729215;2021-07-16 13:00:00;2021-07-16 13:30:00;96.0
1071729215;2021-07-16 13:30:00;2021-07-16 14:00:00;104.66666666666667
1071729215;2021-07-16 14:00:00;2021-07-16 14:30:00;113.53333333333333
1071729215;2021-07-16 14:30:00;2021-07-16 15:00:00;96.66666666666667
1071729215;2021-07-16 15:00:00;2021-07-16 15:30:00;101.53333333333333
1071729215;2021-07-16 15:30:00;2021-07-16 16:00:00;92.0
1071729215;2021-07-16 16:00:00;2021-07-16 16:30:00;100.76666666666667
1071729215;2021-07-16 16:30:00;2021-07-16 17:00:00;96.26666666666667
1071729215;2021-07-16 17:00:00;2021-07-16 17:30:00;94.13333333333334
1071729215;2021-07-16 17:30:00;2021-07-16 18:00:00;96.73333333333333
1071729215;2021-07-16 18:00:00;2021-07-16 18:30:00;113.43333333333334
1071729215;2021-07-16 18:30:00;2021-07-16 19:00:00;99.86666666666666
1071729215;2021-07-16 19:00:00;2021-07-16 19:30:00;97.93333333333334
1071729215;2021-07-16 19:30:00;2021-07-16 20:00:00;101.33333333333333
1071729215;2021-07-16 20:00:00;2021-07-16 20:30:00;97.66666666666667
1071729215;2021-07-16 20:30:00;2021-07-16 21:00:00;111.66666666666667
1071729215;2021-07-16 21:00:00;2021-07-16 21:30:00;101.8
1071729215;2021-07-16 21:30:00;2021-07-16 22:00:00;102.5
1071729215;2021-07-16 22:00:00;2021-07-16 22:30:00;97.4
1071729215;2021-07-16 22:30:00;2021-07-16 23:00:00;91.8
1071729215;2021-07-16 23:00:00;2021-07-16 23:30:00;99.93333333333334
1071729215;2021-07-16 23:30:00;2021-07-16 23:59:59;102.9
1071729215;2021-07-17 00:00:00;2021-07-17 00:30:00;97.43333333333334
1071729215;2021-07-17 00:30:00;2021-07-17 01:00:00;101.0
1071729215;2021-07-17 01:00:00;2021-07-17 01:30:00;101.0
1071729215;2021-07-17 01:30:00;2021-07-17 02:00:00;101.0
1071729215;2021-07-17 02:00:00;2021-07-17 02:30:00;101.0
1071729215;2021-07-17 02:30:00;2021-07-17 03:00:00;96.2
1071729215;2021-07-17 03:00:00;2021-07-17 03:30:00;101.0
1071729215;2021-07-17 03:30:00;2021-07-17 04:00:00;99.43333333333334
1071729215;2021-07-17 04:00:00;2021-07-17 04:30:00;89.83333333333333
1071729215;2021-07-17 04:30:00;2021-07-17 05:00:00;105.8
1071729215;2021-07-17 05:00:00;2021-07-17 05:30:00;104.93333333333334
1071729215;2021-07-17 05:30:00;2021-07-17 06:00:00;103.86666666666666
1071729215;2021-07-17 06:00:00;2021-07-17 06:30:00;106.5
1071729215;2021-07-17 06:30:00;2021-07-17 07:00:00;102.53333333333333
1071729215;2021-07-17 07:00:00;2021-07-17 07:30:00;105.4
1071729215;2021-07-17 07:30:00;2021-07-17 08:00:00;103.16666666666667
1071729215;2021-07-17 08:00:00;2021-07-17 08:30:00;98.2
1071729215;2021-07-17 08:30:00;2021-07-17 09:00:00;105.63333333333334
1071729215;2021-07-17 09:00:00;2021-07-17 09:30:00;106.83333333333333
1071729215;2021-07-17 09:30:00;2021-07-17 10:00:00;108.93333333333334
1071729215;2021-07-17 10:00:00;2021-07-17 10:30:00;101.83333333333333
1071729215;2021-07-17 10:30:00;2021-07-17 11:00:00;104.63333333333334
1071729215;2021-07-17 11:00:00;2021-07-17 11:30:00;97.06666666666666
1071729215;2021-07-17 11:30:00;2021-07-17 12:00:00;90.6
1071729215;2021-07-17 12:00:00;2021-07-17 12:30:00;100.86666666666666
1071729215;2021-07-17 12:30:00;2021-07-17 13:00:00;103.7
1071729215;2021-07-17 13:00:00;2021-07-17 13:30:00;94.33333333333333
1071729215;2021-07-17 13:30:00;2021-07-17 14:00:00;101.96666666666667
1071729215;2021-07-17 14:00:00;2021-07-17 14:30:00;95.56666666666666
1071729215;2021-07-17 14:30:00;2021-07-17 15:00:00;97.3
1071729215;2021-07-17 15:00:00;2021-07-17 15:30:00;87.83333333333333
1071729215;2021-07-17 15:30:00;2021-07-17 16:00:00;109.7
1071729215;2021-07-17 16:00:00;2021-07-17 16:30:00;89.5
1071729215;2021-07-17 16:30:00;2021-07-17 17:00:00;101.83333333333333
1071729215;2021-07-17 17:00:00;2021-07-17 17:30:00;109.7
1071729215;2021-07-17 17:30:00;2021-07-17 18:00:00;103.23333333333333
1071729215;2021-07-17 18:00:00;2021-07-17 18:30:00;103.2
1071729215;2021-07-17 18:30:00;2021-07-17 19:00:00;109.03333333333333
1071729215;2021-07-17 19:00:00;2021-07-17 19:30:00;108.4
1071729215;2021-07-17 19:30:00;2021-07-17 20:00:00;98.66666666666667
1071729215;2021-07-17 20:00:00;2021-07-17 20:30:00;103.1
1071729215;2021-07-17 20:30:00;2021-07-17 21:00:00;114.5
1071729215;2021-07-17 21:00:00;2021-07-17 21:30:00;104.33333333333333
1071729215;2021-07-17 21:30:00;2021-07-17 22:00:00;105.03333333333333
1071729215;2021-07-17 22:00:00;2021-07-17 22:30:00;105.0
1071729215;2021-07-17 22:30:00;2021-07-17 23:00:00;108.2
1071729215;2021-07-17 23:00:00;2021-07-17 23:30:00;94.06666666666666
1071729215;2021-07-17 23:30:00;2021-07-17 23:59:59;100.26666666666667
1071729215;2021-07-18 00:00:00;2021-07-18 00:30:00;101.0
1071729215;2021-07-18 00:30:00;2021-07-18 01:00:00;100.0
1071729215;2021-07-18 01:00:00;2021-07-18 01:30:00;98.5
1071729215;2021-07-18 01:30:00;2021-07-18 02:00:00;101.0
1071729215;2021-07-18 02:00:00;2021-07-18 02:30:00;101.6
1071729215;2021-07-18 02:30:00;2021-07-18 03:00:00;108.2
1071729215;2021-07-18 03:00:00;2021-07-18 03:30:00;97.8
1071729215;2021-07-18 03:30:00;2021-07-18 04:00:00;95.0
1071729215;2021-07-18 04:00:00;2021-07-18 04:30:00;104.4
1071729215;2021-07-18 04:30:00;2021-07-18 05:00:00;104.76666666666667
1071729215;2021-07-18 05:00:00;2021-07-18 05:30:00;106.13333333333334
1071729215;2021-07-18 05:30:00;2021-07-18 06:00:00;110.33333333333333
1071729215;2021-07-18 06:00:00;2021-07-18 06:30:00;112.5
1071729215;2021-07-18 06:30:00;2021-07-18 07:00:00;108.9
1071729215;2021-07-18 07:00:00;2021-07-18 07:30:00;115.06666666666666
1071729215;2021-07-18 07:30:00;2021-07-18 08:00:00;110.56666666666666
1071729215;2021-07-18 08:00:00;2021-07-18 08:30:00;97.53333333333333
1071729215;2021-07-18 08:30:00;2021-07-18 09:00:00;99.8
1071729215;2021-07-18 09:00:00;2021-07-18 09:30:00;95.1
1071729215;2021-07-18 09:30:00;2021-07-18 10:00:00;87.63333333333334
1071729215;2021-07-18 10:00:00;2021-07-18 10:30:00;99.8
1071729215;2021-07-18 10:30:00;2021-07-18 11:00:00;106.83333333333333
1071729215;2021-07-18 11:00:00;2021-07-18 11:30:00;97.03333333333333
1071729215;2021-07-18 11:30:00;2021-07-18 12:00:00;89.96666666666667
1071729215;2021-07-18 12:00:00;2021-07-18 12:30:00;90.1
1071729215;2021-07-18 12:30:00;2021-07-18 13:00:00;88.83333333333333
1071729215;2021-07-18 13:00:00;2021-07-18 13:30:00;83.26666666666667
1071729215;2021-07-18 13:30:00;2021-07-18 14:00:00;91.6
1071729215;2021-07-18 14:00:00;2021-07-18 14:30:00;88.16666666666667
1071729215;2021-07-18 14:30:00;2021-07-18 15:00:00;96.93333333333334
1071729215;2021-07-18 15:00:00;2021-07-18 15:30:00;95.56666666666666
1071729215;2021-07-18 15:30:00;2021-07-18 16:00:00;91.83333333333333
1071729215;2021-07-18 16:00:00;2021-07-18 16:30:00;91.53333333333333
1071729215;2021-07-18 16:30:00;2021-07-18 17:00:00;90.0
1071729215;2021-07-18 17:00:00;2021-07-18 17:30:00;88.6
1071729215;2021-07-18 17:30:00;2021-07-18 18:00:00;89.1
1071729215;2021-07-18 18:00:00;2021-07-18 18:30:00;101.3
1071729215;2021-07-18 18:30:00;2021-07-18 19:00:00;109.03333333333333
1071729215;2021-07-18 19:00:00;2021-07-18 19:30:00;104.2
1071729215;2021-07-18 19:30:00;2021-07-18 20:00:00;108.2
1071729215;2021-07-18 20:00:00;2021-07-18 20:30:00;107.0
1071729215;2021-07-18 20:30:00;2021-07-18 21:00:00;107.2
1071729215;2021-07-18 21:00:00;2021-07-18 21:30:00;101.06666666666666
1071729215;2021-07-18 21:30:00;2021-07-18 22:00:00;97.06666666666666
1071729215;2021-07-18 22:00:00;2021-07-18 22:30:00;94.66666666666667
1071729215;2021-07-18 22:30:00;2021-07-18 23:00:00;95.83333333333333
1071729215;2021-07-18 23:00:00;2021-07-18 23:30:00;100.0
1071729215;2021-07-18 23:30:00;2021-07-18 23:59:59;103.4
1071729215;2021-07-19 00:00:00;2021-07-19 00:30:00;102.06666666666666
1071729215;2021-07-19 00:30:00;2021-07-19 01:00:00;101.0
1071729215;2021-07-19 01:00:00;2021-07-19 01:30:00;101.0
1071729215;2021-07-19 01:30:00;2021-07-19 02:00:00;94.96666666666667
1071729215;2021-07-19 02:00:00;2021-07-19 02:30:00;101.0
1071729215;2021-07-19 02:30:00;2021-07-19 03:00:00;106.0
1071729215;2021-07-19 03:00:00;2021-07-19 03:30:00;111.4
1071729215;2021-07-19 03:30:00;2021-07-19 04:00:00;102.86666666666666
1071729215;2021-07-19 04:00:00;2021-07-19 04:30:00;114.66666666666667
1071729215;2021-07-19 04:30:00;2021-07-19 05:00:00;108.53333333333333
1071729215;2021-07-19 05:00:00;2021-07-19 05:30:00;108.66666666666667
1071729215;2021-07-19 05:30:00;2021-07-19 06:00:00;108.5
1071729215;2021-07-19 06:00:00;2021-07-19 06:30:00;108.0
1071729215;2021-07-19 06:30:00;2021-07-19 07:00:00;93.1
1071729215;2021-07-19 07:00:00;2021-07-19 07:30:00;106.66666666666667
1071729215;2021-07-19 07:30:00;2021-07-19 08:00:00;102.5
1071729215;2021-07-19 08:00:00;2021-07-19 08:30:00;100.53333333333333
1071729215;2021-07-19 08:30:00;2021-07-19 09:00:00;97.3
1071729215;2021-07-19 09:00:00;2021-07-19 09:30:00;104.26666666666667
1071729215;2021-07-19 09:30:00;2021-07-19 10:00:00;95.6
1071729215;2021-07-19 10:00:00;2021-07-19 10:30:00;104.23333333333333
1071729215;2021-07-19 10:30:00;2021-07-19 11:00:00;97.3
1071729215;2021-07-19 11:00:00;2021-07-19 11:30:00;91.43333333333334
1071729215;2021-07-19 11:30:00;2021-07-19 12:00:00;94.3
1071729215;2021-07-19 12:00:00;2021-07-19 12:30:00;93.63333333333334
1071729215;2021-07-19 12:30:00;2021-07-19 13:00:00;96.93333333333334
1071729215;2021-07-19 13:00:00;2021-07-19 13:30:00;96.76666666666667
1071729215;2021-07-19 13:30:00;2021-07-19 14:00:00;101.36666666666666
1071729215;2021-07-19 14:00:00;2021-07-19 14:30:00;94.9
1071729215;2021-07-19 14:30:00;2021-07-19 15:00:00;90.86666666666666
1071729215;2021-07-19 15:00:00;2021-07-19 15:30:00;95.83333333333333
1071729215;2021-07-19 15:30:00;2021-07-19 16:00:00;100.3
1071729215;2021-07-19 16:00:00;2021-07-19 16:30:00;94.0
1071729215;2021-07-19 16:30:00;2021-07-19 17:00:00;105.83333333333333
1071729215;2021-07-19 17:00:00;2021-07-19 17:30:00;98.83333333333333
1071729215;2021-07-19 17:30:00;2021-07-19 18:00:00;102.83333333333333
1071729215;2021-07-19 18:00:00;2021-07-19 18:30:00;101.8
1071729215;2021-07-19 18:30:00;2021-07-19 19:00:00;108.26666666666667
1071729215;2021-07-19 19:00:00;2021-07-19 19:30:00;97.3
1071729215;2021-07-19 19:30:00;2021-07-19 20:00:00;98.53333333333333
1071729215;2021-07-19 20:00:00;2021-07-19 20:30:00;106.5
1071729215;2021-07-19 20:30:00;2021-07-19 21:00:00;101.36666666666666
1071729215;2021-07-19 21:00:00;2021-07-19 21:30:00;115.73333333333333
1071729215;2021-07-19 21:30:00;2021-07-19 22:00:00;92.4
1071729215;2021-07-19 22:00:00;2021-07-19 22:30:00;93.03333333333333
1071729215;2021-07-19 22:30:00;2021-07-19 23:00:00;94.9
1071729215;2021-07-19 23:00:00;2021-07-19 23:30:00;99.13333333333334
1071729215;2021-07-19 23:30:00;2021-07-19 23:59:59;103.66666666666667
1071729215;2021-07-20 00:00:00;2021-07-20 00:30:00;106.63333333333334
1071729215;2021-07-20 00:30:00;2021-07-20 01:00:00;104.8
1071729215;2021-07-20 01:00:00;2021-07-20 01:30:00;103.06666666666666
1071729215;2021-07-20 01:30:00;2021-07-20 02:00:00;106.8
1071729215;2021-07-20 02:00:00;2021-07-20 02:30:00;101.56666666666666
1071729215;2021-07-20 02:30:00;2021-07-20 03:00:00;101.0
1071729215;2021-07-20 03:00:00;2021-07-20 03:30:00;93.0
1071729215;2021-07-20 03:30:00;2021-07-20 04:00:00;93.0
1071729215;2021-07-20 04:00:00;2021-07-20 04:30:00;105.63333333333334
1071729215;2021-07-20 04:30:00;2021-07-20 05:00:00;94.66666666666667
1071729215;2021-07-20 05:00:00;2021-07-20 05:30:00;90.56666666666666
1071729215;2021-07-20 05:30:00;2021-07-20 06:00:00;106.53333333333333
1071729215;2021-07-20 06:00:00;2021-07-20 06:30:00;107.5
1071729215;2021-07-20 06:30:00;2021-07-20 07:00:00;104.06666666666666
1071729215;2021-07-20 07:00:00;2021-07-20 07:30:00;107.16666666666667
1071729215;2021-07-20 07:30:00;2021-07-20 08:00:00;96.13333333333334
1071729215;2021-07-20 08:00:00;2021-07-20 08:30:00;87.16666666666667
1071729215;2021-07-20 08:30:00;2021-07-20 09:00:00;99.2
1071729215;2021-07-20 09:00:00;2021-07-20 09:30:00;91.8
1071729215;2021-07-20 09:30:00;2021-07-20 10:00:00;88.3
1071729215;2021-07-20 10:00:00;2021-07-20 10:30:00;94.23333333333333
1071729215;2021-07-20 10:30:00;2021-07-20 11:00:00;93.53333333333333
1071729215;2021-07-20 11:00:00;2021-07-20 11:30:00;91.66666666666667
1071729215;2021-07-20 11:30:00;2021-07-20 12:00:00;104.2
1071729215;2021-07-20 12:00:00;2021-07-20 12:30:00;92.06666666666666
1071729215;2021-07-20 12:30:00;2021-07-20 13:00:00;99.23333333333333
1071729215;2021-07-20 13:00:00;2021-07-20 13:30:00;92.8
1071729215;2021-07-20 13:30:00;2021-07-20 14:00:00;92.1
1071729215;2021-07-20 14:00:00;2021-07-20 14:30:00;95.33333333333333
1071729215;2021-07-20 14:30:00;2021-07-20 15:00:00;83.7
1071729215;2021-07-20 15:00:00;2021-07-20 15:30:00;99.36666666666666
1071729215;2021-07-20 15:30:00;2021-07-20 16:00:00;104.23333333333333
1071729215;2021-07-20 16:00:00;2021-07-20 16:30:00;101.23333333333333
1071729215;2021-07-20 16:30:00;2021-07-20 17:00:00;111.73333333333333
1071729215;2021-07-20 17:00:00;2021-07-20 17:30:00;103.0
1071729215;2021-07-20 17:30:00;2021-07-20 18:00:00;106.46666666666667
1071729215;2021-07-20 18:00:00;2021-07-20 18:30:00;109.33333333333333
1071729215;2021-07-20 18:30:00;2021-07-20 19:00:00;115.1
1071729215;2021-07-20 19:00:00;2021-07-20 19:30:00;99.36666666666666
1071729215;2021-07-20 19:30:00;2021-07-20 20:00:00;93.26666666666667
1071729215;2021-07-20 20:00:00;2021-07-20 20:30:00;92.53333333333333
1071729215;2021-07-20 20:30:00;2021-07-20 21:00:00;106.56666666666666
1071729215;2021-07-20 21:00:00;2021-07-20 21:30:00;83.23333333333333
1071729215;2021-07-20 21:30:00;2021-07-20 22:00:00;101.7
1071729215;2021-07-20 22:00:00;2021-07-20 22:30:00;94.93333333333334
1071729215;2021-07-20 22:30:00;2021-07-20 23:00:00;100.06666666666666
1071729215;2021-07-20 23:00:00;2021-07-20 23:30:00;112.6
1071729215;2021-07-20 23:30:00;2021-07-20 23:59:59;115.16666666666667
1071729215;2021-07-21 00:00:00;2021-07-21 00:30:00;124.0
1071729215;2021-07-21 00:30:00;2021-07-21 01:00:00;105.73333333333333
1071729215;2021-07-21 01:00:00;2021-07-21 01:30:00;101.0
1071729215;2021-07-21 01:30:00;2021-07-21 02:00:00;101.0
1071729215;2021-07-21 02:00:00;2021-07-21 02:30:00;101.0
1071729215;2021-07-21 02:30:00;2021-07-21 03:00:00;104.9
1071729215;2021-07-21 03:00:00;2021-07-21 03:30:00;97.8
1071729215;2021-07-21 03:30:00;2021-07-21 04:00:00;91.83333333333333
1071729215;2021-07-21 04:00:00;2021-07-21 04:30:00;98.4
1071729215;2021-07-21 04:30:00;2021-07-21 05:00:00;101.63333333333334
1071729215;2021-07-21 05:00:00;2021-07-21 05:30:00;94.73333333333333
1071729215;2021-07-21 05:30:00;2021-07-21 06:00:00;104.36666666666666
1071729215;2021-07-21 06:00:00;2021-07-21 06:30:00;107.21739130434783
1071729215;2021-07-21 06:30:00;2021-07-21 07:00:00;96.16666666666667
1071729215;2021-07-21 07:00:00;2021-07-21 07:30:00;107.5
1071729215;2021-07-21 07:30:00;2021-07-21 08:00:00;102.93333333333334
1071729215;2021-07-21 08:00:00;2021-07-21 08:30:00;111.66666666666667
1071729215;2021-07-21 08:30:00;2021-07-21 09:00:00;99.13333333333334
1071729215;2021-07-21 09:00:00;2021-07-21 09:30:00;96.93333333333334
1071729215;2021-07-21 09:30:00;2021-07-21 10:00:00;104.36666666666666
1071729215;2021-07-21 10:00:00;2021-07-21 10:30:00;91.5
1071729215;2021-07-21 10:30:00;2021-07-21 11:00:00;88.03333333333333
1071729215;2021-07-21 11:00:00;2021-07-21 11:30:00;94.66666666666667
1071729215;2021-07-21 11:30:00;2021-07-21 12:00:00;96.56666666666666
1071729215;2021-07-21 12:00:00;2021-07-21 12:30:00;95.06666666666666
1071729215;2021-07-21 12:30:00;2021-07-21 13:00:00;104.03333333333333
1071729215;2021-07-21 13:00:00;2021-07-21 13:30:00;103.8
1071729215;2021-07-21 13:30:00;2021-07-21 14:00:00;91.96666666666667
1071729215;2021-07-21 14:00:00;2021-07-21 14:30:00;93.13333333333334
1071729215;2021-07-21 14:30:00;2021-07-21 15:00:00;92.7
1071729215;2021-07-21 15:00:00;2021-07-21 15:30:00;85.83333333333333
1071729215;2021-07-21 15:30:00;2021-07-21 16:00:00;93.6
1071729215;2021-07-21 16:00:00;2021-07-21 16:30:00;92.1
1071729215;2021-07-21 16:30:00;2021-07-21 17:00:00;92.43333333333334
1071729215;2021-07-21 17:00:00;2021-07-21 17:30:00;94.63333333333334
1071729215;2021-07-21 17:30:00;2021-07-21 18:00:00;117.63333333333334
1071729215;2021-07-21 18:00:00;2021-07-21 18:30:00;101.8
1071729215;2021-07-21 18:30:00;2021-07-21 19:00:00;111.43333333333334
1071729215;2021-07-21 19:00:00;2021-07-21 19:30:00;108.6
1071729215;2021-07-21 19:30:00;2021-07-21 20:00:00;109.03333333333333
1071729215;2021-07-21 20:00:00;2021-07-21 20:30:00;101.56666666666666
1071729215;2021-07-21 20:30:00;2021-07-21 21:00:00;102.3
1071729215;2021-07-21 21:00:00;2021-07-21 21:30:00;112.73333333333333
1071729215;2021-07-21 21:30:00;2021-07-21 22:00:00;97.2
1071729215;2021-07-21 22:00:00;2021-07-21 22:30:00;87.23333333333333
1071729215;2021-07-21 22:30:00;2021-07-21 23:00:00;101.0
1071729215;2021-07-21 23:00:00;2021-07-21 23:30:00;88.33333333333333
1071729215;2021-07-21 23:30:00;2021-07-21 23:59:59;99.56666666666666
1071729215;2021-07-22 00:00:00;2021-07-22 00:30:00;100.26666666666667
1071729215;2021-07-22 00:30:00;2021-07-22 01:00:00;100.2
1071729215;2021-07-22 01:00:00;2021-07-22 01:30:00;102.53333333333333
1071729215;2021-07-22 01:30:00;2021-07-22 02:00:00;101.0
1071729215;2021-07-22 02:00:00;2021-07-22 02:30:00;101.0
1071729215;2021-07-22 02:30:00;2021-07-22 03:00:00;98.1
1071729215;2021-07-22 03:00:00;2021-07-22 03:30:00;101.0
1071729215;2021-07-22 03:30:00;2021-07-22 04:00:00;100.6
1071729215;2021-07-22 04:00:00;2021-07-22 04:30:00;91.8
1071729215;2021-07-22 04:30:00;2021-07-22 05:00:00;91.86666666666666
1071729215;2021-07-22 05:00:00;2021-07-22 05:30:00;99.76666666666667
1071729215;2021-07-22 05:30:00;2021-07-22 06:00:00;106.0
1071729215;2021-07-22 06:00:00;2021-07-22 06:30:00;91.63333333333334
1071729215;2021-07-22 06:30:00;2021-07-22 07:00:00;87.5
1071729215;2021-07-22 07:00:00;2021-07-22 07:30:00;100.93333333333334
1071729215;2021-07-22 07:30:00;2021-07-22 08:00:00;101.8
1071729215;2021-07-22 08:00:00;2021-07-22 08:30:00;101.33333333333333
1071729215;2021-07-22 08:30:00;2021-07-22 09:00:00;102.2
1071729215;2021-07-22 09:00:00;2021-07-22 09:30:00;97.43333333333334
1071729215;2021-07-22 09:30:00;2021-07-22 10:00:00;88.26666666666667
1071729215;2021-07-22 10:00:00;2021-07-22 10:30:00;98.8
1071729215;2021-07-22 10:30:00;2021-07-22 11:00:00;98.4
1071729215;2021-07-22 11:00:00;2021-07-22 11:30:00;99.03333333333333
1071729215;2021-07-22 11:30:00;2021-07-22 12:00:00;91.86666666666666
1071729215;2021-07-22 12:00:00;2021-07-22 12:30:00;92.4
1071729215;2021-07-22 12:30:00;2021-07-22 13:00:00;95.3
1071729215;2021-07-22 13:00:00;2021-07-22 13:30:00;89.5
1071729215;2021-07-22 13:30:00;2021-07-22 14:00:00;96.9
1071729215;2021-07-22 14:00:00;2021-07-22 14:30:00;93.6
1071729215;2021-07-22 14:30:00;2021-07-22 15:00:00;93.53333333333333
1071729215;2021-07-22 15:00:00;2021-07-22 15:30:00;93.76666666666667
1071729215;2021-07-22 15:30:00;2021-07-22 16:00:00;93.4
1071729215;2021-07-22 16:00:00;2021-07-22 16:30:00;94.26666666666667
1071729215;2021-07-22 16:30:00;2021-07-22 17:00:00;98.66666666666667
1071729215;2021-07-22 17:00:00;2021-07-22 17:30:00;99.73333333333333
1071729215;2021-07-22 17:30:00;2021-07-22 18:00:00;110.2
1071729215;2021-07-22 18:00:00;2021-07-22 18:30:00;103.0
1071729215;2021-07-22 18:30:00;2021-07-22 19:00:00;108.16666666666667
1071729215;2021-07-22 19:00:00;2021-07-22 19:30:00;111.06666666666666
1071729215;2021-07-22 19:30:00;2021-07-22 20:00:00;112.0
1071729215;2021-07-22 20:00:00;2021-07-22 20:30:00;94.33333333333333
1071729215;2021-07-22 20:30:00;2021-07-22 21:00:00;115.33333333333333
1071729215;2021-07-22 21:00:00;2021-07-22 21:30:00;104.2
1071729215;2021-07-22 21:30:00;2021-07-22 22:00:00;96.6
1071729215;2021-07-22 22:00:00;2021-07-22 22:30:00;89.33333333333333
1071729215;2021-07-22 22:30:00;2021-07-22 23:00:00;101.0
1071729215;2021-07-22 23:00:00;2021-07-22 23:30:00;101.0
1071729215;2021-07-22 23:30:00;2021-07-22 23:59:59;101.0
1071729215;2021-07-23 00:00:00;2021-07-23 00:30:00;101.0
1071729215;2021-07-23 00:30:00;2021-07-23 01:00:00;102.96666666666667
1071729215;2021-07-23 01:00:00;2021-07-23 01:30:00;101.26666666666667
1071729215;2021-07-23 01:30:00;2021-07-23 02:00:00;101.0
1071729215;2021-07-23 02:00:00;2021-07-23 02:30:00;108.66666666666667
1071729215;2021-07-23 02:30:00;2021-07-23 03:00:00;93.76666666666667
1071729215;2021-07-23 03:00:00;2021-07-23 03:30:00;99.66666666666667
1071729215;2021-07-23 03:30:00;2021-07-23 04:00:00;95.86666666666666
1071729215;2021-07-23 04:00:00;2021-07-23 04:30:00;104.13333333333334
1071729215;2021-07-23 04:30:00;2021-07-23 05:00:00;106.9
1071729215;2021-07-23 05:00:00;2021-07-23 05:30:00;96.2
1071729215;2021-07-23 05:30:00;2021-07-23 06:00:00;105.76666666666667
1071729215;2021-07-23 06:00:00;2021-07-23 06:30:00;94.03333333333333
1071729215;2021-07-23 06:30:00;2021-07-23 07:00:00;94.53333333333333
1071729215;2021-07-23 07:00:00;2021-07-23 07:30:00;107.76666666666667
1071729215;2021-07-23 07:30:00;2021-07-23 08:00:00;105.83333333333333
1071729215;2021-07-23 08:00:00;2021-07-23 08:30:00;100.0
1071729215;2021-07-23 08:30:00;2021-07-23 09:00:00;102.26666666666667
1071729215;2021-07-23 09:00:00;2021-07-23 09:30:00;89.86666666666666
1071729215;2021-07-23 09:30:00;2021-07-23 10:00:00;94.53333333333333
1071729215;2021-07-23 10:00:00;2021-07-23 10:30:00;86.86666666666666
1071729215;2021-07-23 10:30:00;2021-07-23 11:00:00;91.83333333333333
1071729215;2021-07-23 11:00:00;2021-07-23 11:30:00;97.36666666666666
1071729215;2021-07-23 11:30:00;2021-07-23 12:00:00;92.66666666666667
1071729215;2021-07-23 12:00:00;2021-07-23 12:30:00;89.26666666666667
1071729215;2021-07-23 12:30:00;2021-07-23 13:00:00;89.23333333333333
1071729215;2021-07-23 13:00:00;2021-07-23 13:30:00;91.36666666666666
1071729215;2021-07-23 13:30:00;2021-07-23 14:00:00;95.93333333333334
1071729215;2021-07-23 14:00:00;2021-07-23 14:30:00;86.4
1071729215;2021-07-23 14:30:00;2021-07-23 15:00:00;93.93333333333334
1071729215;2021-07-23 15:00:00;2021-07-23 15:30:00;98.4
1071729215;2021-07-23 15:30:00;2021-07-23 16:00:00;93.7
1071729215;2021-07-23 16:00:00;2021-07-23 16:30:00;99.06666666666666
1071729215;2021-07-23 16:30:00;2021-07-23 17:00:00;104.46666666666667
1071729215;2021-07-23 17:00:00;2021-07-23 17:30:00;99.53333333333333
1071729215;2021-07-23 17:30:00;2021-07-23 18:00:00;115.06666666666666
1071729215;2021-07-23 18:00:00;2021-07-23 18:30:00;108.0
1071729215;2021-07-23 18:30:00;2021-07-23 19:00:00;107.53333333333333
1071729215;2021-07-23 19:00:00;2021-07-23 19:30:00;105.73333333333333
1071729215;2021-07-23 19:30:00;2021-07-23 20:00:00;122.03333333333333
1071729215;2021-07-23 20:00:00;2021-07-23 20:30:00;103.53333333333333
1071729215;2021-07-23 20:30:00;2021-07-23 21:00:00;112.96666666666667
1071729215;2021-07-23 21:00:00;2021-07-23 21:30:00;100.73333333333333
1071729215;2021-07-23 21:30:00;2021-07-23 22:00:00;100.33333333333333
1071729215;2021-07-23 22:00:00;2021-07-23 22:30:00;96.43333333333334
1071729215;2021-07-23 22:30:00;2021-07-23 23:00:00;100.73333333333333
1071729215;2021-07-23 23:00:00;2021-07-23 23:30:00;96.2
1071729215;2021-07-23 23:30:00;2021-07-23 23:59:59;98.6
1071729215;2021-07-24 00:00:00;2021-07-24 00:30:00;81.0
1071729215;2021-07-24 00:30:00;2021-07-24 01:00:00;88.1
1071729215;2021-07-24 01:00:00;2021-07-24 01:30:00;103.4
1071729215;2021-07-24 01:30:00;2021-07-24 02:00:00;97.4
1071729215;2021-07-24 02:00:00;2021-07-24 02:30:00;95.7
1071729215;2021-07-24 02:30:00;2021-07-24 03:00:00;101.0
1071729215;2021-07-24 03:00:00;2021-07-24 03:30:00;105.8
1071729215;2021-07-24 03:30:00;2021-07-24 04:00:00;93.16666666666667
1071729215;2021-07-24 04:00:00;2021-07-24 04:30:00;94.06666666666666
1071729215;2021-07-24 04:30:00;2021-07-24 05:00:00;92.93333333333334
1071729215;2021-07-24 05:00:00;2021-07-24 05:30:00;103.36666666666666
1071729215;2021-07-24 05:30:00;2021-07-24 06:00:00;109.76666666666667
1071729215;2021-07-24 06:00:00;2021-07-24 06:30:00;105.1
1071729215;2021-07-24 06:30:00;2021-07-24 07:00:00;93.06666666666666
1071729215;2021-07-24 07:00:00;2021-07-24 07:30:00;116.86666666666666
1071729215;2021-07-24 07:30:00;2021-07-24 08:00:00;111.53333333333333
1071729215;2021-07-24 08:00:00;2021-07-24 08:30:00;99.0
1071729215;2021-07-24 08:30:00;2021-07-24 09:00:00;90.4
1071729215;2021-07-24 09:00:00;2021-07-24 09:30:00;95.5
1071729215;2021-07-24 09:30:00;2021-07-24 10:00:00;103.96666666666667
1071729215;2021-07-24 10:00:00;2021-07-24 10:30:00;96.66666666666667
1071729215;2021-07-24 10:30:00;2021-07-24 11:00:00;105.56666666666666
1071729215;2021-07-24 11:00:00;2021-07-24 11:30:00;94.86666666666666
1071729215;2021-07-24 11:30:00;2021-07-24 12:00:00;102.43333333333334
1071729215;2021-07-24 12:00:00;2021-07-24 12:30:00;96.9
1071729215;2021-07-24 12:30:00;2021-07-24 13:00:00;93.8
1071729215;2021-07-24 13:00:00;2021-07-24 13:30:00;93.9
1071729215;2021-07-24 13:30:00;2021-07-24 14:00:00;99.43333333333334
1071729215;2021-07-24 14:00:00;2021-07-24 14:30:00;94.7
1071729215;2021-07-24 14:30:00;2021-07-24 15:00:00;95.96666666666667
1071729215;2021-07-24 15:00:00;2021-07-24 15:30:00;100.36666666666666
1071729215;2021-07-24 15:30:00;2021-07-24 16:00:00;102.23333333333333
1071729215;2021-07-24 16:00:00;2021-07-24 16:30:00;102.23333333333333
1071729215;2021-07-24 16:30:00;2021-07-24 17:00:00;97.23333333333333
1071729215;2021-07-24 17:00:00;2021-07-24 17:30:00;101.86666666666666
1071729215;2021-07-24 17:30:00;2021-07-24 18:00:00;107.16666666666667
1071729215;2021-07-24 18:00:00;2021-07-24 18:30:00;109.96666666666667
1071729215;2021-07-24 18:30:00;2021-07-24 19:00:00;110.4
1071729215;2021-07-24 19:00:00;2021-07-24 19:30:00;114.16666666666667
1071729215;2021-07-24 19:30:00;2021-07-24 20:00:00;110.13333333333334
1071729215;2021-07-24 20:00:00;2021-07-24 20:30:00;108.5
1071729215;2021-07-24 20:30:00;2021-07-24 21:00:00;107.93333333333334
1071729215;2021-07-24 21:00:00;2021-07-24 21:30:00;96.76666666666667
1071729215;2021-07-24 21:30:00;2021-07-24 22:00:00;93.06666666666666
1071729215;2021-07-24 22:00:00;2021-07-24 22:30:00;96.23333333333333
1071729215;2021-07-24 22:30:00;2021-07-24 23:00:00;91.2
1071729215;2021-07-24 23:00:00;2021-07-24 23:30:00;95.53333333333333
1071729215;2021-07-24 23:30:00;2021-07-24 23:59:59;99.3
1071729215;2021-07-25 00:00:00;2021-07-25 00:30:00;101.0
1071729215;2021-07-25 00:30:00;2021-07-25 01:00:00;103.8
1071729215;2021-07-25 01:00:00;2021-07-25 01:30:00;105.1
1071729215;2021-07-25 01:30:00;2021-07-25 02:00:00;101.0
1071729215;2021-07-25 02:00:00;2021-07-25 02:30:00;101.0
1071729215;2021-07-25 02:30:00;2021-07-25 03:00:00;101.0
1071729215;2021-07-25 03:00:00;2021-07-25 03:30:00;95.0
1071729215;2021-07-25 03:30:00;2021-07-25 04:00:00;100.4
1071729215;2021-07-25 04:00:00;2021-07-25 04:30:00;97.9
1071729215;2021-07-25 04:30:00;2021-07-25 05:00:00;96.86666666666666
1071729215;2021-07-25 05:00:00;2021-07-25 05:30:00;109.0
1071729215;2021-07-25 05:30:00;2021-07-25 06:00:00;109.0
1071729215;2021-07-25 06:00:00;2021-07-25 06:30:00;110.53333333333333
1071729215;2021-07-25 06:30:00;2021-07-25 07:00:00;100.23333333333333
1071729215;2021-07-25 07:00:00;2021-07-25 07:30:00;105.0
1071729215;2021-07-25 07:30:00;2021-07-25 08:00:00;91.93333333333334
1071729215;2021-07-25 08:00:00;2021-07-25 08:30:00;102.9
1071729215;2021-07-25 08:30:00;2021-07-25 09:00:00;94.86666666666666
1071729215;2021-07-25 09:00:00;2021-07-25 09:30:00;96.7
1071729215;2021-07-25 09:30:00;2021-07-25 10:00:00;101.66666666666667
1071729215;2021-07-25 10:00:00;2021-07-25 10:30:00;96.03333333333333
1071729215;2021-07-25 10:30:00;2021-07-25 11:00:00;98.4
1071729215;2021-07-25 11:00:00;2021-07-25 11:30:00;97.73333333333333
1071729215;2021-07-25 11:30:00;2021-07-25 12:00:00;93.66666666666667
1071729215;2021-07-25 12:00:00;2021-07-25 12:30:00;86.53333333333333
1071729215;2021-07-25 12:30:00;2021-07-25 13:00:00;86.33333333333333
1071729215;2021-07-25 13:00:00;2021-07-25 13:30:00;87.46666666666667
1071729215;2021-07-25 13:30:00;2021-07-25 14:00:00;98.46666666666667
1071729215;2021-07-25 14:00:00;2021-07-25 14:30:00;99.23333333333333
1071729215;2021-07-25 14:30:00;2021-07-25 15:00:00;92.16666666666667
1071729215;2021-07-25 15:00:00;2021-07-25 15:30:00;84.23333333333333
1071729215;2021-07-25 15:30:00;2021-07-25 16:00:00;95.36666666666666
1071729215;2021-07-25 16:00:00;2021-07-25 16:30:00;90.8
1071729215;2021-07-25 16:30:00;2021-07-25 17:00:00;91.36666666666666
1071729215;2021-07-25 17:00:00;2021-07-25 17:30:00;94.8
1071729215;2021-07-25 17:30:00;2021-07-25 18:00:00;95.1
1071729215;2021-07-25 18:00:00;2021-07-25 18:30:00;101.43333333333334
1071729215;2021-07-25 18:30:00;2021-07-25 19:00:00;95.06666666666666
1071729215;2021-07-25 19:00:00;2021-07-25 19:30:00;106.56666666666666
1071729215;2021-07-25 19:30:00;2021-07-25 20:00:00;110.86666666666666
1071729215;2021-07-25 20:00:00;2021-07-25 20:30:00;94.9
1071729215;2021-07-25 20:30:00;2021-07-25 21:00:00;110.73333333333333
1071729215;2021-07-25 21:00:00;2021-07-25 21:30:00;109.06666666666666
1071729215;2021-07-25 21:30:00;2021-07-25 22:00:00;102.5
1071729215;2021-07-25 22:00:00;2021-07-25 22:30:00;95.83333333333333
1071729215;2021-07-25 22:30:00;2021-07-25 23:00:00;98.6
1071729215;2021-07-25 23:00:00;2021-07-25 23:30:00;98.96666666666667
1071729215;2021-07-25 23:30:00;2021-07-25 23:59:59;101.0
1071729215;2021-07-26 00:00:00;2021-07-26 00:30:00;107.96666666666667
1071729215;2021-07-26 00:30:00;2021-07-26 01:00:00;107.43333333333334
1071729215;2021-07-26 01:00:00;2021-07-26 01:30:00;99.13333333333334
1071729215;2021-07-26 01:30:00;2021-07-26 02:00:00;100.6
1071729215;2021-07-26 02:00:00;2021-07-26 02:30:00;104.46666666666667
1071729215;2021-07-26 02:30:00;2021-07-26 03:00:00;104.5
1071729215;2021-07-26 03:00:00;2021-07-26 03:30:00;117.06666666666666
1071729215;2021-07-26 03:30:00;2021-07-26 04:00:00;116.46666666666667
1071729215;2021-07-26 04:00:00;2021-07-26 04:30:00;105.33333333333333
1071729215;2021-07-26 04:30:00;2021-07-26 05:00:00;123.53333333333333
1071729215;2021-07-26 05:00:00;2021-07-26 05:30:00;115.76666666666667
1071729215;2021-07-26 05:30:00;2021-07-26 06:00:00;110.56666666666666
1071729215;2021-07-26 06:00:00;2021-07-26 06:30:00;107.6
1071729215;2021-07-26 06:30:00;2021-07-26 07:00:00;101.6
1071729215;2021-07-26 07:00:00;2021-07-26 07:30:00;103.06666666666666
1071729215;2021-07-26 07:30:00;2021-07-26 08:00:00;95.63333333333334
1071729215;2021-07-26 08:00:00;2021-07-26 08:30:00;104.4
1071729215;2021-07-26 08:30:00;2021-07-26 09:00:00;102.43333333333334
1071729215;2021-07-26 09:00:00;2021-07-26 09:30:00;84.17857142857143
1071729215;2021-07-26 09:30:00;2021-07-26 10:00:00;92.2
1071729215;2021-07-26 10:00:00;2021-07-26 10:30:00;91.7
1071729215;2021-07-26 10:30:00;2021-07-26 11:00:00;94.2
1071729215;2021-07-26 11:00:00;2021-07-26 11:30:00;100.76666666666667
1071729215;2021-07-26 11:30:00;2021-07-26 12:00:00;100.7
1071729215;2021-07-26 12:00:00;2021-07-26 12:30:00;89.56666666666666
1071729215;2021-07-26 12:30:00;2021-07-26 13:00:00;96.56666666666666
1071729215;2021-07-26 13:00:00;2021-07-26 13:30:00;97.5
1071729215;2021-07-26 13:30:00;2021-07-26 14:00:00;93.33333333333333
1071729215;2021-07-26 14:00:00;2021-07-26 14:30:00;93.13333333333334
1071729215;2021-07-26 14:30:00;2021-07-26 15:00:00;94.2
1071729215;2021-07-26 15:00:00;2021-07-26 15:30:00;93.26666666666667
1071729215;2021-07-26 15:30:00;2021-07-26 16:00:00;111.16666666666667
1071729215;2021-07-26 16:00:00;2021-07-26 16:30:00;98.73333333333333
1071729215;2021-07-26 16:30:00;2021-07-26 17:00:00;100.1
1071729215;2021-07-26 17:00:00;2021-07-26 17:30:00;96.96666666666667
1071729215;2021-07-26 17:30:00;2021-07-26 18:00:00;108.56666666666666
1071729215;2021-07-26 18:00:00;2021-07-26 18:30:00;99.8
1071729215;2021-07-26 18:30:00;2021-07-26 19:00:00;110.33333333333333
1071729215;2021-07-26 19:00:00;2021-07-26 19:30:00;100.26666666666667
1071729215;2021-07-26 19:30:00;2021-07-26 20:00:00;124.06666666666666
1071729215;2021-07-26 20:00:00;2021-07-26 20:30:00;115.0
1071729215;2021-07-26 20:30:00;2021-07-26 21:00:00;104.6
1071729215;2021-07-26 21:00:00;2021-07-26 21:30:00;104.9
1071729215;2021-07-26 21:30:00;2021-07-26 22:00:00;97.53333333333333
1071729215;2021-07-26 22:00:00;2021-07-26 22:30:00;96.93333333333334
1071729215;2021-07-26 22:30:00;2021-07-26 23:00:00;100.2
1071729215;2021-07-26 23:00:00;2021-07-26 23:30:00;101.0
1071729215;2021-07-26 23:30:00;2021-07-26 23:59:59;90.06666666666666
1071729215;2021-07-27 00:00:00;2021-07-27 00:30:00;101.0
1071729215;2021-07-27 00:30:00;2021-07-27 01:00:00;80.46666666666667
1071729215;2021-07-27 01:00:00;2021-07-27 01:30:00;95.53333333333333
1071729215;2021-07-27 01:30:00;2021-07-27 02:00:00;103.5
1071729215;2021-07-27 02:00:00;2021-07-27 02:30:00;100.3
1071729215;2021-07-27 02:30:00;2021-07-27 03:00:00;101.0
1071729215;2021-07-27 03:00:00;2021-07-27 03:30:00;94.43333333333334
1071729215;2021-07-27 03:30:00;2021-07-27 04:00:00;96.23333333333333
1071729215;2021-07-27 04:00:00;2021-07-27 04:30:00;91.66666666666667
1071729215;2021-07-27 04:30:00;2021-07-27 05:00:00;94.3
1071729215;2021-07-27 05:00:00;2021-07-27 05:30:00;93.06666666666666
1071729215;2021-07-27 05:30:00;2021-07-27 06:00:00;100.76666666666667
1071729215;2021-07-27 06:00:00;2021-07-27 06:30:00;96.66666666666667
1071729215;2021-07-27 06:30:00;2021-07-27 07:00:00;93.83333333333333
1071729215;2021-07-27 07:00:00;2021-07-27 07:30:00;98.13333333333334
1071729215;2021-07-27 07:30:00;2021-07-27 08:00:00;111.86666666666666
1071729215;2021-07-27 08:00:00;2021-07-27 08:30:00;101.63333333333334
1071729215;2021-07-27 08:30:00;2021-07-27 09:00:00;95.03333333333333
1071729215;2021-07-27 09:00:00;2021-07-27 09:30:00;93.9
1071729215;2021-07-27 09:30:00;2021-07-27 10:00:00;93.93333333333334
1071729215;2021-07-27 10:00:00;2021-07-27 10:30:00;98.4
1071729215;2021-07-27 10:30:00;2021-07-27 11:00:00;92.23333333333333
1071729215;2021-07-27 11:00:00;2021-07-27 11:30:00;98.46666666666667
1071729215;2021-07-27 11:30:00;2021-07-27 12:00:00;99.1
1071729215;2021-07-27 12:00:00;2021-07-27 12:30:00;101.9
1071729215;2021-07-27 12:30:00;2021-07-27 13:00:00;90.76666666666667
1071729215;2021-07-27 13:00:00;2021-07-27 13:30:00;93.3
1071729215;2021-07-27 13:30:00;2021-07-27 14:00:00;103.9
1071729215;2021-07-27 14:00:00;2021-07-27 14:30:00;93.73333333333333
1071729215;2021-07-27 14:30:00;2021-07-27 15:00:00;90.93333333333334
1071729215;2021-07-27 15:00:00;2021-07-27 15:30:00;93.5
1071729215;2021-07-27 15:30:00;2021-07-27 16:00:00;90.96666666666667
1071729215;2021-07-27 16:00:00;2021-07-27 16:30:00;88.06666666666666
1071729215;2021-07-27 16:30:00;2021-07-27 17:00:00;104.06666666666666
1071729215;2021-07-27 17:00:00;2021-07-27 17:30:00;97.5
1071729215;2021-07-27 17:30:00;2021-07-27 18:00:00;109.9
1071729215;2021-07-27 18:00:00;2021-07-27 18:30:00;110.06666666666666
1071729215;2021-07-27 18:30:00;2021-07-27 19:00:00;99.8
1071729215;2021-07-27 19:00:00;2021-07-27 19:30:00;108.83333333333333
1071729215;2021-07-27 19:30:00;2021-07-27 20:00:00;107.96666666666667
1071729215;2021-07-27 20:00:00;2021-07-27 20:30:00;102.63333333333334
1071729215;2021-07-27 20:30:00;2021-07-27 21:00:00;109.3
1071729215;2021-07-27 21:00:00;2021-07-27 21:30:00;101.53333333333333
1071729215;2021-07-27 21:30:00;2021-07-27 22:00:00;92.2
1071729215;2021-07-27 22:00:00;2021-07-27 22:30:00;101.93333333333334
1071729215;2021-07-27 22:30:00;2021-07-27 23:00:00;90.16666666666667
1071729215;2021-07-27 23:00:00;2021-07-27 23:30:00;101.0
1071729215;2021-07-27 23:30:00;2021-07-27 23:59:59;101.0
1071729215;2021-07-28 00:00:00;2021-07-28 00:30:00;94.36666666666666
1071729215;2021-07-28 00:30:00;2021-07-28 01:00:00;92.6
1071729215;2021-07-28 01:00:00;2021-07-28 01:30:00;80.0
1071729215;2021-07-28 01:30:00;2021-07-28 02:00:00;81.5
1071729215;2021-07-28 02:00:00;2021-07-28 02:30:00;86.3
1071729215;2021-07-28 02:30:00;2021-07-28 03:00:00;102.03333333333333
1071729215;2021-07-28 03:00:00;2021-07-28 03:30:00;116.23333333333333
1071729215;2021-07-28 03:30:00;2021-07-28 04:00:00;105.93333333333334
1071729215;2021-07-28 04:00:00;2021-07-28 04:30:00;94.8
1071729215;2021-07-28 04:30:00;2021-07-28 05:00:00;103.9
1071729215;2021-07-28 05:00:00;2021-07-28 05:30:00;83.33333333333333
1071729215;2021-07-28 05:30:00;2021-07-28 06:00:00;99.36666666666666
1071729215;2021-07-28 06:00:00;2021-07-28 06:30:00;101.0
1071729215;2021-07-28 06:30:00;2021-07-28 07:00:00;107.5
1071729215;2021-07-28 07:00:00;2021-07-28 07:30:00;96.46666666666667
1071729215;2021-07-28 07:30:00;2021-07-28 08:00:00;95.06666666666666
1071729215;2021-07-28 08:00:00;2021-07-28 08:30:00;102.03333333333333
1071729215;2021-07-28 08:30:00;2021-07-28 09:00:00;97.93333333333334
1071729215;2021-07-28 09:00:00;2021-07-28 09:30:00;98.83333333333333
1071729215;2021-07-28 09:30:00;2021-07-28 10:00:00;92.76666666666667
1071729215;2021-07-28 10:00:00;2021-07-28 10:30:00;94.6
1071729215;2021-07-28 10:30:00;2021-07-28 11:00:00;96.83333333333333
1071729215;2021-07-28 11:00:00;2021-07-28 11:30:00;85.73333333333333
1071729215;2021-07-28 11:30:00;2021-07-28 12:00:00;95.9
1071729215;2021-07-28 12:00:00;2021-07-28 12:30:00;95.16666666666667
1071729215;2021-07-28 12:30:00;2021-07-28 13:00:00;92.46666666666667
1071729215;2021-07-28 13:00:00;2021-07-28 13:30:00;91.56666666666666
1071729215;2021-07-28 13:30:00;2021-07-28 14:00:00;86.86666666666666
1071729215;2021-07-28 14:00:00;2021-07-28 14:30:00;94.06666666666666
1071729215;2021-07-28 14:30:00;2021-07-28 15:00:00;99.73333333333333
1071729215;2021-07-28 15:00:00;2021-07-28 15:30:00;98.1
1071729215;2021-07-28 15:30:00;2021-07-28 16:00:00;101.4
1071729215;2021-07-28 16:00:00;2021-07-28 16:30:00;103.26666666666667
1071729215;2021-07-28 16:30:00;2021-07-28 17:00:00;96.7
1071729215;2021-07-28 17:00:00;2021-07-28 17:30:00;94.0
1071729215;2021-07-28 17:30:00;2021-07-28 18:00:00;113.23333333333333
1071729215;2021-07-28 18:00:00;2021-07-28 18:30:00;93.33333333333333
1071729215;2021-07-28 18:30:00;2021-07-28 19:00:00;97.5
1071729215;2021-07-28 19:00:00;2021-07-28 19:30:00;94.8
1071729215;2021-07-28 19:30:00;2021-07-28 20:00:00;112.5
1071729215;2021-07-28 20:00:00;2021-07-28 20:30:00;90.96666666666667
1071729215;2021-07-28 20:30:00;2021-07-28 21:00:00;99.96666666666667
1071729215;2021-07-28 21:00:00;2021-07-28 21:30:00;107.63333333333334
1071729215;2021-07-28 21:30:00;2021-07-28 22:00:00;92.9
1071729215;2021-07-28 22:00:00;2021-07-28 22:30:00;96.46666666666667
1071729215;2021-07-28 22:30:00;2021-07-28 23:00:00;101.0
1071729215;2021-07-28 23:00:00;2021-07-28 23:30:00;87.6
1071729215;2021-07-28 23:30:00;2021-07-28 23:59:59;99.5
1071729215;2021-07-29 00:00:00;2021-07-29 00:30:00;101.0
1071729215;2021-07-29 00:30:00;2021-07-29 01:00:00;101.0
1071729215;2021-07-29 01:00:00;2021-07-29 01:30:00;101.2
1071729215;2021-07-29 01:30:00;2021-07-29 02:00:00;97.5
1071729215;2021-07-29 02:00:00;2021-07-29 02:30:00;112.9
1071729215;2021-07-29 02:30:00;2021-07-29 03:00:00;106.0
1071729215;2021-07-29 03:00:00;2021-07-29 03:30:00;121.96666666666667
1071729215;2021-07-29 03:30:00;2021-07-29 04:00:00;106.73333333333333
1071729215;2021-07-29 04:00:00;2021-07-29 04:30:00;94.1
1071729215;2021-07-29 04:30:00;2021-07-29 05:00:00;93.73333333333333
1071729215;2021-07-29 05:00:00;2021-07-29 05:30:00;112.6
1071729215;2021-07-29 05:30:00;2021-07-29 06:00:00;99.3
1071729215;2021-07-29 06:00:00;2021-07-29 06:30:00;99.96666666666667
1071729215;2021-07-29 06:30:00;2021-07-29 07:00:00;109.43333333333334
1071729215;2021-07-29 07:00:00;2021-07-29 07:30:00;101.7
1071729215;2021-07-29 07:30:00;2021-07-29 08:00:00;92.8
1071729215;2021-07-29 08:00:00;2021-07-29 08:30:00;97.93333333333334
1071729215;2021-07-29 08:30:00;2021-07-29 09:00:00;98.86666666666666
1071729215;2021-07-29 09:00:00;2021-07-29 09:30:00;95.16666666666667
1071729215;2021-07-29 09:30:00;2021-07-29 10:00:00;90.96666666666667
1071729215;2021-07-29 10:00:00;2021-07-29 10:30:00;94.53333333333333
1071729215;2021-07-29 10:30:00;2021-07-29 11:00:00;100.73333333333333
1071729215;2021-07-29 11:00:00;2021-07-29 11:30:00;89.06666666666666
1071729215;2021-07-29 11:30:00;2021-07-29 12:00:00;86.13333333333334
1071729215;2021-07-29 12:00:00;2021-07-29 12:30:00;102.93333333333334
1071729215;2021-07-29 12:30:00;2021-07-29 13:00:00;85.53333333333333
1071729215;2021-07-29 13:00:00;2021-07-29 13:30:00;92.26666666666667
1071729215;2021-07-29 13:30:00;2021-07-29 14:00:00;94.03333333333333
1071729215;2021-07-29 14:00:00;2021-07-29 14:30:00;84.16666666666667
1071729215;2021-07-29 14:30:00;2021-07-29 15:00:00;83.56666666666666
1071729215;2021-07-29 15:00:00;2021-07-29 15:30:00;90.4
1071729215;2021-07-29 15:30:00;2021-07-29 16:00:00;98.6
1071729215;2021-07-29 16:00:00;2021-07-29 16:30:00;88.63333333333334
1071729215;2021-07-29 16:30:00;2021-07-29 17:00:00;100.9
1071729215;2021-07-29 17:00:00;2021-07-29 17:30:00;101.4
1071729215;2021-07-29 17:30:00;2021-07-29 18:00:00;99.03333333333333
1071729215;2021-07-29 18:00:00;2021-07-29 18:30:00;106.33333333333333
1071729215;2021-07-29 18:30:00;2021-07-29 19:00:00;110.46666666666667
1071729215;2021-07-29 19:00:00;2021-07-29 19:30:00;111.4
1071729215;2021-07-29 19:30:00;2021-07-29 20:00:00;114.16666666666667
1071729215;2021-07-29 20:00:00;2021-07-29 20:30:00;107.33333333333333
1071729215;2021-07-29 20:30:00;2021-07-29 21:00:00;99.46666666666667
1071729215;2021-07-29 21:00:00;2021-07-29 21:30:00;114.23333333333333
1071729215;2021-07-29 21:30:00;2021-07-29 22:00:00;92.53333333333333
1071729215;2021-07-29 22:00:00;2021-07-29 22:30:00;106.3
1071729215;2021-07-29 22:30:00;2021-07-29 23:00:00;105.66666666666667
1071729215;2021-07-29 23:00:00;2021-07-29 23:30:00;101.0
1071729215;2021-07-29 23:30:00;2021-07-29 23:59:59;101.0
1071729215;2021-07-30 00:00:00;2021-07-30 00:30:00;101.53333333333333
1071729215;2021-07-30 00:30:00;2021-07-30 01:00:00;101.0
1071729215;2021-07-30 01:00:00;2021-07-30 01:30:00;94.76666666666667
1071729215;2021-07-30 01:30:00;2021-07-30 02:00:00;101.0
1071729215;2021-07-30 02:00:00;2021-07-30 02:30:00;101.0
1071729215;2021-07-30 02:30:00;2021-07-30 03:00:00;101.0
1071729215;2021-07-30 03:00:00;2021-07-30 03:30:00;98.0
1071729215;2021-07-30 03:30:00;2021-07-30 04:00:00;97.56666666666666
1071729215;2021-07-30 04:00:00;2021-07-30 04:30:00;102.13333333333334
1071729215;2021-07-30 04:30:00;2021-07-30 05:00:00;87.1
1071729215;2021-07-30 05:00:00;2021-07-30 05:30:00;98.23333333333333
1071729215;2021-07-30 05:30:00;2021-07-30 06:00:00;100.03333333333333
1071729215;2021-07-30 06:00:00;2021-07-30 06:30:00;108.56666666666666
1071729215;2021-07-30 06:30:00;2021-07-30 07:00:00;104.33333333333333
1071729215;2021-07-30 07:00:00;2021-07-30 07:30:00;93.46666666666667
1071729215;2021-07-30 07:30:00;2021-07-30 08:00:00;102.8
1071729215;2021-07-30 08:00:00;2021-07-30 08:30:00;111.16666666666667
1071729215;2021-07-30 08:30:00;2021-07-30 09:00:00;100.03333333333333
1071729215;2021-07-30 09:00:00;2021-07-30 09:30:00;97.93333333333334
1071729215;2021-07-30 09:30:00;2021-07-30 10:00:00;101.26666666666667
1071729215;2021-07-30 10:00:00;2021-07-30 10:30:00;87.9
1071729215;2021-07-30 10:30:00;2021-07-30 11:00:00;96.9
1071729215;2021-07-30 11:00:00;2021-07-30 11:30:00;93.56666666666666
1071729215;2021-07-30 11:30:00;2021-07-30 12:00:00;96.0
1071729215;2021-07-30 12:00:00;2021-07-30 12:30:00;101.56666666666666
1071729215;2021-07-30 12:30:00;2021-07-30 13:00:00;90.46666666666667
1071729215;2021-07-30 13:00:00;2021-07-30 13:30:00;82.56666666666666
1071729215;2021-07-30 13:30:00;2021-07-30 14:00:00;91.93333333333334
1071729215;2021-07-30 14:00:00;2021-07-30 14:30:00;87.5
1071729215;2021-07-30 14:30:00;2021-07-30 15:00:00;97.2
1071729215;2021-07-30 15:00:00;2021-07-30 15:30:00;89.3
1071729215;2021-07-30 15:30:00;2021-07-30 16:00:00;104.36666666666666
1071729215;2021-07-30 16:00:00;2021-07-30 16:30:00;98.16666666666667
1071729215;2021-07-30 16:30:00;2021-07-30 17:00:00;100.53333333333333
1071729215;2021-07-30 17:00:00;2021-07-30 17:30:00;100.5
1071729215;2021-07-30 17:30:00;2021-07-30 18:00:00;104.4
1071729215;2021-07-30 18:00:00;2021-07-30 18:30:00;106.6
1071729215;2021-07-30 18:30:00;2021-07-30 19:00:00;111.26666666666667
1071729215;2021-07-30 19:00:00;2021-07-30 19:30:00;108.23333333333333
1071729215;2021-07-30 19:30:00;2021-07-30 20:00:00;112.6
1071729215;2021-07-30 20:00:00;2021-07-30 20:30:00;105.3
1071729215;2021-07-30 20:30:00;2021-07-30 21:00:00;105.93333333333334
1071729215;2021-07-30 21:00:00;2021-07-30 21:30:00;108.43333333333334
1071729215;2021-07-30 21:30:00;2021-07-30 22:00:00;101.0
1071729215;2021-07-30 22:00:00;2021-07-30 22:30:00;103.96666666666667
1071729215;2021-07-30 22:30:00;2021-07-30 23:00:00;102.4
1071729215;2021-07-30 23:00:00;2021-07-30 23:30:00;103.76666666666667
1071729215;2021-07-30 23:30:00;2021-07-30 23:59:59;101.0
1071729215;2021-07-31 00:00:00;2021-07-31 00:30:00;101.0
1071729215;2021-07-31 00:30:00;2021-07-31 01:00:00;101.0
1071729215;2021-07-31 01:00:00;2021-07-31 01:30:00;101.0
1071729215;2021-07-31 01:30:00;2021-07-31 02:00:00;101.0
1071729215;2021-07-31 02:00:00;2021-07-31 02:30:00;101.0
1071729215;2021-07-31 02:30:00;2021-07-31 03:00:00;101.0
1071729215;2021-07-31 03:00:00;2021-07-31 03:30:00;92.0
1071729215;2021-07-31 03:30:00;2021-07-31 04:00:00;92.0
1071729215;2021-07-31 04:00:00;2021-07-31 04:30:00;104.5
1071729215;2021-07-31 04:30:00;2021-07-31 05:00:00;88.9
1071729215;2021-07-31 05:00:00;2021-07-31 05:30:00;89.73333333333333
1071729215;2021-07-31 05:30:00;2021-07-31 06:00:00;93.66666666666667
1071729215;2021-07-31 06:00:00;2021-07-31 06:30:00;95.46666666666667
1071729215;2021-07-31 06:30:00;2021-07-31 07:00:00;102.6
1071729215;2021-07-31 07:00:00;2021-07-31 07:30:00;96.3
1071729215;2021-07-31 07:30:00;2021-07-31 08:00:00;90.4
1071729215;2021-07-31 08:00:00;2021-07-31 08:30:00;114.53333333333333
1071729215;2021-07-31 08:30:00;2021-07-31 09:00:00;105.13333333333334
1071729215;2021-07-31 09:00:00;2021-07-31 09:30:00;100.4
1071729215;2021-07-31 09:30:00;2021-07-31 10:00:00;110.26666666666667
1071729215;2021-07-31 10:00:00;2021-07-31 10:30:00;109.73333333333333
1071729215;2021-07-31 10:30:00;2021-07-31 11:00:00;100.0
1071729215;2021-07-31 11:00:00;2021-07-31 11:30:00;96.76666666666667
1071729215;2021-07-31 11:30:00;2021-07-31 12:00:00;102.9
1071729215;2021-07-31 12:00:00;2021-07-31 12:30:00;95.33333333333333
1071729215;2021-07-31 12:30:00;2021-07-31 13:00:00;94.06666666666666
1071729215;2021-07-31 13:00:00;2021-07-31 13:30:00;89.13333333333334
1071729215;2021-07-31 13:30:00;2021-07-31 14:00:00;96.6
1071729215;2021-07-31 14:00:00;2021-07-31 14:30:00;88.63333333333334
1071729215;2021-07-31 14:30:00;2021-07-31 15:00:00;88.83333333333333
1071729215;2021-07-31 15:00:00;2021-07-31 15:30:00;90.53333333333333
1071729215;2021-07-31 15:30:00;2021-07-31 16:00:00;92.96666666666667
1071729215;2021-07-31 16:00:00;2021-07-31 16:30:00;97.3103448275862
1071729215;2021-07-31 16:30:00;2021-07-31 17:00:00;104.4
1071729215;2021-07-31 17:00:00;2021-07-31 17:30:00;97.9
1071729215;2021-07-31 17:30:00;2021-07-31 18:00:00;113.43333333333334
1071729215;2021-07-31 18:00:00;2021-07-31 18:30:00;93.9
1071729215;2021-07-31 18:30:00;2021-07-31 19:00:00;92.43333333333334
1071729215;2021-07-31 19:00:00;2021-07-31 19:30:00;90.13333333333334
1071729215;2021-07-31 19:30:00;2021-07-31 20:00:00;87.9
1071729215;2021-07-31 20:00:00;2021-07-31 20:30:00;104.26666666666667
1071729215;2021-07-31 20:30:00;2021-07-31 21:00:00;115.46666666666667
1071729215;2021-07-31 21:00:00;2021-07-31 21:30:00;102.73333333333333
1071729215;2021-07-31 21:30:00;2021-07-31 22:00:00;105.3
1071729215;2021-07-31 22:00:00;2021-07-31 22:30:00;112.2
1071729215;2021-07-31 22:30:00;2021-07-31 23:00:00;101.66666666666667
1071729215;2021-07-31 23:00:00;2021-07-31 23:30:00;94.73333333333333
1071729215;2021-07-31 23:30:00;2021-07-31 23:59:59;113.36666666666666
1071729215;2021-08-01 00:00:00;2021-08-01 00:30:00;107.3
1071729215;2021-08-01 00:30:00;2021-08-01 01:00:00;103.8
1071729215;2021-08-01 01:00:00;2021-08-01 01:30:00;108.7
1071729215;2021-08-01 01:30:00;2021-08-01 02:00:00;99.0
1071729215;2021-08-01 02:00:00;2021-08-01 02:30:00;101.0
1071729215;2021-08-01 02:30:00;2021-08-01 03:00:00;101.0
1071729215;2021-08-01 03:00:00;2021-08-01 03:30:00;95.0
1071729215;2021-08-01 03:30:00;2021-08-01 04:00:00;95.0
1071729215;2021-08-01 04:00:00;2021-08-01 04:30:00;104.3
1071729215;2021-08-01 04:30:00;2021-08-01 05:00:00;97.96666666666667
1071729215;2021-08-01 05:00:00;2021-08-01 05:30:00;101.86666666666666
1071729215;2021-08-01 05:30:00;2021-08-01 06:00:00;113.43333333333334
1071729215;2021-08-01 06:00:00;2021-08-01 06:30:00;110.33333333333333
1071729215;2021-08-01 06:30:00;2021-08-01 07:00:00;109.93333333333334
1071729215;2021-08-01 07:00:00;2021-08-01 07:30:00;112.6
1071729215;2021-08-01 07:30:00;2021-08-01 08:00:00;112.6
1071729215;2021-08-01 08:00:00;2021-08-01 08:30:00;104.4
1071729215;2021-08-01 08:30:00;2021-08-01 09:00:00;107.1
1071729215;2021-08-01 09:00:00;2021-08-01 09:30:00;94.13333333333334
1071729215;2021-08-01 09:30:00;2021-08-01 10:00:00;93.26666666666667
1071729215;2021-08-01 10:00:00;2021-08-01 10:30:00;94.4
1071729215;2021-08-01 10:30:00;2021-08-01 11:00:00;89.2
1071729215;2021-08-01 11:00:00;2021-08-01 11:30:00;83.6
1071729215;2021-08-01 11:30:00;2021-08-01 12:00:00;86.43333333333334
1071729215;2021-08-01 12:00:00;2021-08-01 12:30:00;90.73333333333333
1071729215;2021-08-01 12:30:00;2021-08-01 13:00:00;91.56666666666666
1071729215;2021-08-01 13:00:00;2021-08-01 13:30:00;92.63333333333334
1071729215;2021-08-01 13:30:00;2021-08-01 14:00:00;94.46666666666667
1071729215;2021-08-01 14:00:00;2021-08-01 14:30:00;90.03333333333333
1071729215;2021-08-01 14:30:00;2021-08-01 15:00:00;95.66666666666667
1071729215;2021-08-01 15:00:00;2021-08-01 15:30:00;91.43333333333334
1071729215;2021-08-01 15:30:00;2021-08-01 16:00:00;93.76666666666667
1071729215;2021-08-01 16:00:00;2021-08-01 16:30:00;80.93333333333334
1071729215;2021-08-01 16:30:00;2021-08-01 17:00:00;89.6
1071729215;2021-08-01 17:00:00;2021-08-01 17:30:00;91.86666666666666
1071729215;2021-08-01 17:30:00;2021-08-01 18:00:00;87.3
1071729215;2021-08-01 18:00:00;2021-08-01 18:30:00;96.33333333333333
1071729215;2021-08-01 18:30:00;2021-08-01 19:00:00;87.96666666666667
1071729215;2021-08-01 19:00:00;2021-08-01 19:30:00;105.73333333333333
1071729215;2021-08-01 19:30:00;2021-08-01 20:00:00;97.46666666666667
1071729215;2021-08-01 20:00:00;2021-08-01 20:30:00;101.33333333333333
1071729215;2021-08-01 20:30:00;2021-08-01 21:00:00;95.56666666666666
1071729215;2021-08-01 21:00:00;2021-08-01 21:30:00;111.43333333333334
1071729215;2021-08-01 21:30:00;2021-08-01 22:00:00;107.16666666666667
1071729215;2021-08-01 22:00:00;2021-08-01 22:30:00;104.4
1071729215;2021-08-01 22:30:00;2021-08-01 23:00:00;108.86666666666666
1071729215;2021-08-01 23:00:00;2021-08-01 23:30:00;101.0
1071729215;2021-08-01 23:30:00;2021-08-01 23:59:59;101.0
1071729215;2021-08-02 00:00:00;2021-08-02 00:30:00;101.0
1071729215;2021-08-02 00:30:00;2021-08-02 01:00:00;101.0
1071729215;2021-08-02 01:00:00;2021-08-02 01:30:00;101.0
1071729215;2021-08-02 01:30:00;2021-08-02 02:00:00;101.0
1071729215;2021-08-02 02:00:00;2021-08-02 02:30:00;108.53333333333333
1071729215;2021-08-02 02:30:00;2021-08-02 03:00:00;101.0
1071729215;2021-08-02 03:00:00;2021-08-02 03:30:00;116.0
1071729215;2021-08-02 03:30:00;2021-08-02 04:00:00;105.33333333333333
1071729215;2021-08-02 04:00:00;2021-08-02 04:30:00;116.53333333333333
1071729215;2021-08-02 04:30:00;2021-08-02 05:00:00;105.3
1071729215;2021-08-02 05:00:00;2021-08-02 05:30:00;117.53333333333333
1071729215;2021-08-02 05:30:00;2021-08-02 06:00:00;113.53333333333333
1071729215;2021-08-02 06:00:00;2021-08-02 06:30:00;95.23333333333333
1071729215;2021-08-02 06:30:00;2021-08-02 07:00:00;101.7
1071729215;2021-08-02 07:00:00;2021-08-02 07:30:00;106.8
1071729215;2021-08-02 07:30:00;2021-08-02 08:00:00;99.53333333333333
1071729215;2021-08-02 08:00:00;2021-08-02 08:30:00;97.26666666666667
1071729215;2021-08-02 08:30:00;2021-08-02 09:00:00;87.3
1071729215;2021-08-02 09:00:00;2021-08-02 09:30:00;94.2
1071729215;2021-08-02 09:30:00;2021-08-02 10:00:00;94.4
1071729215;2021-08-02 10:00:00;2021-08-02 10:30:00;94.26666666666667
1071729215;2021-08-02 10:30:00;2021-08-02 11:00:00;108.13333333333334
1071729215;2021-08-02 11:00:00;2021-08-02 11:30:00;87.16666666666667
1071729215;2021-08-02 11:30:00;2021-08-02 12:00:00;91.66666666666667
1071729215;2021-08-02 12:00:00;2021-08-02 12:30:00;95.43333333333334
1071729215;2021-08-02 12:30:00;2021-08-02 13:00:00;83.36666666666666
1071729215;2021-08-02 13:00:00;2021-08-02 13:30:00;90.86666666666666
1071729215;2021-08-02 13:30:00;2021-08-02 14:00:00;98.26666666666667
1071729215;2021-08-02 14:00:00;2021-08-02 14:30:00;108.23333333333333
1071729215;2021-08-02 14:30:00;2021-08-02 15:00:00;98.9
1071729215;2021-08-02 15:00:00;2021-08-02 15:30:00;103.43333333333334
1071729215;2021-08-02 15:30:00;2021-08-02 16:00:00;98.6
1071729215;2021-08-02 16:00:00;2021-08-02 16:30:00;106.23333333333333
1071729215;2021-08-02 16:30:00;2021-08-02 17:00:00;98.8
1071729215;2021-08-02 17:00:00;2021-08-02 17:30:00;98.16666666666667
1071729215;2021-08-02 17:30:00;2021-08-02 18:00:00;91.56666666666666
1071729215;2021-08-02 18:00:00;2021-08-02 18:30:00;96.83333333333333
1071729215;2021-08-02 18:30:00;2021-08-02 19:00:00;112.5
1071729215;2021-08-02 19:00:00;2021-08-02 19:30:00;112.36666666666666
1071729215;2021-08-02 19:30:00;2021-08-02 20:00:00;108.26666666666667
1071729215;2021-08-02 20:00:00;2021-08-02 20:30:00;102.26666666666667
1071729215;2021-08-02 20:30:00;2021-08-02 21:00:00;106.96666666666667
1071729215;2021-08-02 21:00:00;2021-08-02 21:30:00;107.13333333333334
1071729215;2021-08-02 21:30:00;2021-08-02 22:00:00;105.83333333333333
1071729215;2021-08-02 22:00:00;2021-08-02 22:30:00;90.8
1071729215;2021-08-02 22:30:00;2021-08-02 23:00:00;94.53333333333333
1071729215;2021-08-02 23:00:00;2021-08-02 23:30:00;99.36666666666666
1071729215;2021-08-02 23:30:00;2021-08-02 23:59:59;101.0
1071729215;2021-08-03 00:00:00;2021-08-03 00:30:00;101.0
1071729215;2021-08-03 00:30:00;2021-08-03 01:00:00;101.0
1071729215;2021-08-03 01:00:00;2021-08-03 01:30:00;102.0
1071729215;2021-08-03 01:30:00;2021-08-03 02:00:00;99.13333333333334
1071729215;2021-08-03 02:00:00;2021-08-03 02:30:00;94.56666666666666
1071729215;2021-08-03 02:30:00;2021-08-03 03:00:00;114.63333333333334
1071729215;2021-08-03 03:00:00;2021-08-03 03:30:00;100.93333333333334
1071729215;2021-08-03 03:30:00;2021-08-03 04:00:00;95.56666666666666
1071729215;2021-08-03 04:00:00;2021-08-03 04:30:00;89.26666666666667
1071729215;2021-08-03 04:30:00;2021-08-03 05:00:00;89.1
1071729215;2021-08-03 05:00:00;2021-08-03 05:30:00;100.1
1071729215;2021-08-03 05:30:00;2021-08-03 06:00:00;86.46666666666667
1071729215;2021-08-03 06:00:00;2021-08-03 06:30:00;100.93333333333334
1071729215;2021-08-03 06:30:00;2021-08-03 07:00:00;101.6
1071729215;2021-08-03 07:00:00;2021-08-03 07:30:00;92.96666666666667
1071729215;2021-08-03 07:30:00;2021-08-03 08:00:00;104.86666666666666
1071729215;2021-08-03 08:00:00;2021-08-03 08:30:00;89.1
1071729215;2021-08-03 08:30:00;2021-08-03 09:00:00;99.56666666666666
1071729215;2021-08-03 09:00:00;2021-08-03 09:30:00;95.0
1071729215;2021-08-03 09:30:00;2021-08-03 10:00:00;93.26666666666667
1071729215;2021-08-03 10:00:00;2021-08-03 10:30:00;96.86666666666666
1071729215;2021-08-03 10:30:00;2021-08-03 11:00:00;96.63333333333334
1071729215;2021-08-03 11:00:00;2021-08-03 11:30:00;105.5
1071729215;2021-08-03 11:30:00;2021-08-03 12:00:00;89.26666666666667
1071729215;2021-08-03 12:00:00;2021-08-03 12:30:00;96.86666666666666
1071729215;2021-08-03 12:30:00;2021-08-03 13:00:00;100.6
1071729215;2021-08-03 13:00:00;2021-08-03 13:30:00;99.2
1071729215;2021-08-03 13:30:00;2021-08-03 14:00:00;90.36666666666666
1071729215;2021-08-03 14:00:00;2021-08-03 14:30:00;87.8
1071729215;2021-08-03 14:30:00;2021-08-03 15:00:00;92.6
1071729215;2021-08-03 15:00:00;2021-08-03 15:30:00;104.86666666666666
1071729215;2021-08-03 15:30:00;2021-08-03 16:00:00;94.23333333333333
1071729215;2021-08-03 16:00:00;2021-08-03 16:30:00;99.06666666666666
1071729215;2021-08-03 16:30:00;2021-08-03 17:00:00;113.66666666666667
1071729215;2021-08-03 17:00:00;2021-08-03 17:30:00;96.4
1071729215;2021-08-03 17:30:00;2021-08-03 18:00:00;107.23333333333333
1071729215;2021-08-03 18:00:00;2021-08-03 18:30:00;97.0
1071729215;2021-08-03 18:30:00;2021-08-03 19:00:00;118.06666666666666
1071729215;2021-08-03 19:00:00;2021-08-03 19:30:00;111.36666666666666
1071729215;2021-08-03 19:30:00;2021-08-03 20:00:00;102.36666666666666
1071729215;2021-08-03 20:00:00;2021-08-03 20:30:00;102.16666666666667
1071729215;2021-08-03 20:30:00;2021-08-03 21:00:00;104.4
1071729215;2021-08-03 21:00:00;2021-08-03 21:30:00;90.83333333333333
1071729215;2021-08-03 21:30:00;2021-08-03 22:00:00;95.4
1071729215;2021-08-03 22:00:00;2021-08-03 22:30:00;91.13333333333334
1071729215;2021-08-03 22:30:00;2021-08-03 23:00:00;101.13333333333334
1071729215;2021-08-03 23:00:00;2021-08-03 23:30:00;101.0
1071729215;2021-08-03 23:30:00;2021-08-03 23:59:59;101.0
1071729215;2021-08-04 00:00:00;2021-08-04 00:30:00;101.0
1071729215;2021-08-04 00:30:00;2021-08-04 01:00:00;107.1
1071729215;2021-08-04 01:00:00;2021-08-04 01:30:00;103.36666666666666
1071729215;2021-08-04 01:30:00;2021-08-04 02:00:00;95.10344827586206
1071729215;2021-08-04 02:00:00;2021-08-04 02:30:00;119.16666666666667
1071729215;2021-08-04 02:30:00;2021-08-04 03:00:00;113.3
1071729215;2021-08-04 03:00:00;2021-08-04 03:30:00;101.13333333333334
1071729215;2021-08-04 03:30:00;2021-08-04 04:00:00;97.16666666666667
1071729215;2021-08-04 04:00:00;2021-08-04 04:30:00;120.26666666666667
1071729215;2021-08-04 04:30:00;2021-08-04 05:00:00;93.93333333333334
1071729215;2021-08-04 05:00:00;2021-08-04 05:30:00;103.6
1071729215;2021-08-04 05:30:00;2021-08-04 06:00:00;104.36666666666666
1071729215;2021-08-04 06:00:00;2021-08-04 06:30:00;103.66666666666667
1071729215;2021-08-04 06:30:00;2021-08-04 07:00:00;100.7
1071729215;2021-08-04 07:00:00;2021-08-04 07:30:00;106.26666666666667
1071729215;2021-08-04 07:30:00;2021-08-04 08:00:00;105.86666666666666
1071729215;2021-08-04 08:00:00;2021-08-04 08:30:00;92.13333333333334
1071729215;2021-08-04 08:30:00;2021-08-04 09:00:00;95.86666666666666
1071729215;2021-08-04 09:00:00;2021-08-04 09:30:00;96.1
1071729215;2021-08-04 09:30:00;2021-08-04 10:00:00;103.23333333333333
1071729215;2021-08-04 10:00:00;2021-08-04 10:30:00;99.76666666666667
1071729215;2021-08-04 10:30:00;2021-08-04 11:00:00;94.9
1071729215;2021-08-04 11:00:00;2021-08-04 11:30:00;90.2
1071729215;2021-08-04 11:30:00;2021-08-04 12:00:00;104.46666666666667
1071729215;2021-08-04 12:00:00;2021-08-04 12:30:00;95.53333333333333
1071729215;2021-08-04 12:30:00;2021-08-04 13:00:00;94.4
1071729215;2021-08-04 13:00:00;2021-08-04 13:30:00;90.2
1071729215;2021-08-04 13:30:00;2021-08-04 14:00:00;99.06666666666666
1071729215;2021-08-04 14:00:00;2021-08-04 14:30:00;86.73333333333333
1071729215;2021-08-04 14:30:00;2021-08-04 15:00:00;95.7
1071729215;2021-08-04 15:00:00;2021-08-04 15:30:00;91.8
1071729215;2021-08-04 15:30:00;2021-08-04 16:00:00;104.96666666666667
1071729215;2021-08-04 16:00:00;2021-08-04 16:30:00;103.7
1071729215;2021-08-04 16:30:00;2021-08-04 17:00:00;100.7
1071729215;2021-08-04 17:00:00;2021-08-04 17:30:00;105.46666666666667
1071729215;2021-08-04 17:30:00;2021-08-04 18:00:00;109.83333333333333
1071729215;2021-08-04 18:00:00;2021-08-04 18:30:00;108.46666666666667
1071729215;2021-08-04 18:30:00;2021-08-04 19:00:00;100.6
1071729215;2021-08-04 19:00:00;2021-08-04 19:30:00;107.0
1071729215;2021-08-04 19:30:00;2021-08-04 20:00:00;114.73333333333333
1071729215;2021-08-04 20:00:00;2021-08-04 20:30:00;107.0
1071729215;2021-08-04 20:30:00;2021-08-04 21:00:00;106.46666666666667
1071729215;2021-08-04 21:00:00;2021-08-04 21:30:00;107.33333333333333
1071729215;2021-08-04 21:30:00;2021-08-04 22:00:00;98.6
1071729215;2021-08-04 22:00:00;2021-08-04 22:30:00;89.66666666666667
1071729215;2021-08-04 22:30:00;2021-08-04 23:00:00;98.1
1071729215;2021-08-04 23:00:00;2021-08-04 23:30:00;94.86666666666666
1071729215;2021-08-04 23:30:00;2021-08-04 23:59:59;83.56666666666666
1071729215;2021-08-05 00:00:00;2021-08-05 00:30:00;94.9
1071729215;2021-08-05 00:30:00;2021-08-05 01:00:00;100.96666666666667
1071729215;2021-08-05 01:00:00;2021-08-05 01:30:00;95.7
1071729215;2021-08-05 01:30:00;2021-08-05 02:00:00;101.0
1071729215;2021-08-05 02:00:00;2021-08-05 02:30:00;101.0
1071729215;2021-08-05 02:30:00;2021-08-05 03:00:00;97.8
1071729215;2021-08-05 03:00:00;2021-08-05 03:30:00;98.46666666666667
1071729215;2021-08-05 03:30:00;2021-08-05 04:00:00;96.43333333333334
1071729215;2021-08-05 04:00:00;2021-08-05 04:30:00;97.56666666666666
1071729215;2021-08-05 04:30:00;2021-08-05 05:00:00;113.86666666666666
1071729215;2021-08-05 05:00:00;2021-08-05 05:30:00;90.53333333333333
1071729215;2021-08-05 05:30:00;2021-08-05 06:00:00;95.3
1071729215;2021-08-05 06:00:00;2021-08-05 06:30:00;98.36666666666666
1071729215;2021-08-05 06:30:00;2021-08-05 07:00:00;99.76666666666667
1071729215;2021-08-05 07:00:00;2021-08-05 07:30:00;108.53333333333333
1071729215;2021-08-05 07:30:00;2021-08-05 08:00:00;97.66666666666667
1071729215;2021-08-05 08:00:00;2021-08-05 08:30:00;95.16666666666667
1071729215;2021-08-05 08:30:00;2021-08-05 09:00:00;92.23333333333333
1071729215;2021-08-05 09:00:00;2021-08-05 09:30:00;92.16666666666667
1071729215;2021-08-05 09:30:00;2021-08-05 10:00:00;95.7
1071729215;2021-08-05 10:00:00;2021-08-05 10:30:00;98.46666666666667
1071729215;2021-08-05 10:30:00;2021-08-05 11:00:00;83.43333333333334
1071729215;2021-08-05 11:00:00;2021-08-05 11:30:00;98.1
1071729215;2021-08-05 11:30:00;2021-08-05 12:00:00;79.86666666666666
1071729215;2021-08-05 12:00:00;2021-08-05 12:30:00;93.0
1071729215;2021-08-05 12:30:00;2021-08-05 13:00:00;85.63333333333334
1071729215;2021-08-05 13:00:00;2021-08-05 13:30:00;89.06666666666666
1071729215;2021-08-05 13:30:00;2021-08-05 14:00:00;96.06666666666666
1071729215;2021-08-05 14:00:00;2021-08-05 14:30:00;89.33333333333333
1071729215;2021-08-05 14:30:00;2021-08-05 15:00:00;95.16666666666667
1071729215;2021-08-05 15:00:00;2021-08-05 15:30:00;95.4
1071729215;2021-08-05 15:30:00;2021-08-05 16:00:00;96.16666666666667
1071729215;2021-08-05 16:00:00;2021-08-05 16:30:00;99.5
1071729215;2021-08-05 16:30:00;2021-08-05 17:00:00;93.76666666666667
1071729215;2021-08-05 17:00:00;2021-08-05 17:30:00;99.4
1071729215;2021-08-05 17:30:00;2021-08-05 18:00:00;95.96666666666667
1071729215;2021-08-05 18:00:00;2021-08-05 18:30:00;104.96666666666667
1071729215;2021-08-05 18:30:00;2021-08-05 19:00:00;98.8
1071729215;2021-08-05 19:00:00;2021-08-05 19:30:00;108.3
1071729215;2021-08-05 19:30:00;2021-08-05 20:00:00;111.63333333333334
1071729215;2021-08-05 20:00:00;2021-08-05 20:30:00;109.46666666666667
1071729215;2021-08-05 20:30:00;2021-08-05 21:00:00;106.83333333333333
1071729215;2021-08-05 21:00:00;2021-08-05 21:30:00;103.4
1071729215;2021-08-05 21:30:00;2021-08-05 22:00:00;106.16666666666667
1071729215;2021-08-05 22:00:00;2021-08-05 22:30:00;95.36666666666666
1071729215;2021-08-05 22:30:00;2021-08-05 23:00:00;100.93333333333334
1071729215;2021-08-05 23:00:00;2021-08-05 23:30:00;96.23333333333333
1071729215;2021-08-05 23:30:00;2021-08-05 23:59:59;104.8
1071729215;2021-08-06 00:00:00;2021-08-06 00:30:00;109.5
1071729215;2021-08-06 00:30:00;2021-08-06 01:00:00;102.36666666666666
1071729215;2021-08-06 01:00:00;2021-08-06 01:30:00;98.83333333333333
1071729215;2021-08-06 01:30:00;2021-08-06 02:00:00;96.16666666666667
1071729215;2021-08-06 02:00:00;2021-08-06 02:30:00;96.2
1071729215;2021-08-06 02:30:00;2021-08-06 03:00:00;101.0
1071729215;2021-08-06 03:00:00;2021-08-06 03:30:00;102.8
1071729215;2021-08-06 03:30:00;2021-08-06 04:00:00;93.83333333333333
1071729215;2021-08-06 04:00:00;2021-08-06 04:30:00;108.2
1071729215;2021-08-06 04:30:00;2021-08-06 05:00:00;107.9
1071729215;2021-08-06 05:00:00;2021-08-06 05:30:00;100.66666666666667
1071729215;2021-08-06 05:30:00;2021-08-06 06:00:00;114.23333333333333
1071729215;2021-08-06 06:00:00;2021-08-06 06:30:00;111.66666666666667
1071729215;2021-08-06 06:30:00;2021-08-06 07:00:00;92.8
1071729215;2021-08-06 07:00:00;2021-08-06 07:30:00;106.46666666666667
1071729215;2021-08-06 07:30:00;2021-08-06 08:00:00;112.33333333333333
1071729215;2021-08-06 08:00:00;2021-08-06 08:30:00;98.23333333333333
1071729215;2021-08-06 08:30:00;2021-08-06 09:00:00;88.8
1071729215;2021-08-06 09:00:00;2021-08-06 09:30:00;108.6
1071729215;2021-08-06 09:30:00;2021-08-06 10:00:00;89.16666666666667
1071729215;2021-08-06 10:00:00;2021-08-06 10:30:00;90.2
1071729215;2021-08-06 10:30:00;2021-08-06 11:00:00;105.5
1071729215;2021-08-06 11:00:00;2021-08-06 11:30:00;98.63333333333334
1071729215;2021-08-06 11:30:00;2021-08-06 12:00:00;98.03333333333333
1071729215;2021-08-06 12:00:00;2021-08-06 12:30:00;92.6
1071729215;2021-08-06 12:30:00;2021-08-06 13:00:00;83.83333333333333
1071729215;2021-08-06 13:00:00;2021-08-06 13:30:00;87.9
1071729215;2021-08-06 13:30:00;2021-08-06 14:00:00;97.06666666666666
1071729215;2021-08-06 14:00:00;2021-08-06 14:30:00;94.3
1071729215;2021-08-06 14:30:00;2021-08-06 15:00:00;90.9
1071729215;2021-08-06 15:00:00;2021-08-06 15:30:00;94.36666666666666
1071729215;2021-08-06 15:30:00;2021-08-06 16:00:00;94.53333333333333
1071729215;2021-08-06 16:00:00;2021-08-06 16:30:00;103.13333333333334
1071729215;2021-08-06 16:30:00;2021-08-06 17:00:00;100.7
1071729215;2021-08-06 17:00:00;2021-08-06 17:30:00;111.0
1071729215;2021-08-06 17:30:00;2021-08-06 18:00:00;107.1
1071729215;2021-08-06 18:00:00;2021-08-06 18:30:00;106.73333333333333
1071729215;2021-08-06 18:30:00;2021-08-06 19:00:00;99.76666666666667
1071729215;2021-08-06 19:00:00;2021-08-06 19:30:00;118.0
1071729215;2021-08-06 19:30:00;2021-08-06 20:00:00;103.56666666666666
1071729215;2021-08-06 20:00:00;2021-08-06 20:30:00;101.0
1071729215;2021-08-06 20:30:00;2021-08-06 21:00:00;104.53333333333333
1071729215;2021-08-06 21:00:00;2021-08-06 21:30:00;104.33333333333333
1071729215;2021-08-06 21:30:00;2021-08-06 22:00:00;100.7
1071729215;2021-08-06 22:00:00;2021-08-06 22:30:00;101.26666666666667
1071729215;2021-08-06 22:30:00;2021-08-06 23:00:00;103.53333333333333
1071729215;2021-08-06 23:00:00;2021-08-06 23:30:00;112.0
1071729215;2021-08-06 23:30:00;2021-08-06 23:59:59;100.46666666666667
1071729215;2021-08-07 00:00:00;2021-08-07 00:30:00;93.1
1071729215;2021-08-07 00:30:00;2021-08-07 01:00:00;101.0
1071729215;2021-08-07 01:00:00;2021-08-07 01:30:00;97.1
1071729215;2021-08-07 01:30:00;2021-08-07 02:00:00;101.0
1071729215;2021-08-07 02:00:00;2021-08-07 02:30:00;109.63333333333334
1071729215;2021-08-07 02:30:00;2021-08-07 03:00:00;95.36666666666666
1071729215;2021-08-07 03:00:00;2021-08-07 03:30:00;98.73333333333333
1071729215;2021-08-07 03:30:00;2021-08-07 04:00:00;101.0
1071729215;2021-08-07 04:00:00;2021-08-07 04:30:00;91.86666666666666
1071729215;2021-08-07 04:30:00;2021-08-07 05:00:00;95.5
1071729215;2021-08-07 05:00:00;2021-08-07 05:30:00;97.86666666666666
1071729215;2021-08-07 05:30:00;2021-08-07 06:00:00;99.5
1071729215;2021-08-07 06:00:00;2021-08-07 06:30:00;92.73333333333333
1071729215;2021-08-07 06:30:00;2021-08-07 07:00:00;85.63333333333334
1071729215;2021-08-07 07:00:00;2021-08-07 07:30:00;108.83333333333333
1071729215;2021-08-07 07:30:00;2021-08-07 08:00:00;103.1
1071729215;2021-08-07 08:00:00;2021-08-07 08:30:00;103.03333333333333
1071729215;2021-08-07 08:30:00;2021-08-07 09:00:00;111.6
1071729215;2021-08-07 09:00:00;2021-08-07 09:30:00;86.33333333333333
1071729215;2021-08-07 09:30:00;2021-08-07 10:00:00;102.73333333333333
1071729215;2021-08-07 10:00:00;2021-08-07 10:30:00;96.6
1071729215;2021-08-07 10:30:00;2021-08-07 11:00:00;104.13333333333334
1071729215;2021-08-07 11:00:00;2021-08-07 11:30:00;96.1
1071729215;2021-08-07 11:30:00;2021-08-07 12:00:00;105.06666666666666
1071729215;2021-08-07 12:00:00;2021-08-07 12:30:00;100.16666666666667
1071729215;2021-08-07 12:30:00;2021-08-07 13:00:00;88.3
1071729215;2021-08-07 13:00:00;2021-08-07 13:30:00;99.1
1071729215;2021-08-07 13:30:00;2021-08-07 14:00:00;104.56666666666666
1071729215;2021-08-07 14:00:00;2021-08-07 14:30:00;97.63333333333334
1071729215;2021-08-07 14:30:00;2021-08-07 15:00:00;99.3
1071729215;2021-08-07 15:00:00;2021-08-07 15:30:00;101.76666666666667
1071729215;2021-08-07 15:30:00;2021-08-07 16:00:00;94.23333333333333
1071729215;2021-08-07 16:00:00;2021-08-07 16:30:00;98.9
1071729215;2021-08-07 16:30:00;2021-08-07 17:00:00;81.9
1071729215;2021-08-07 17:00:00;2021-08-07 17:30:00;88.93333333333334
1071729215;2021-08-07 17:30:00;2021-08-07 18:00:00;95.16666666666667
1071729215;2021-08-07 18:00:00;2021-08-07 18:30:00;99.73333333333333
1071729215;2021-08-07 18:30:00;2021-08-07 19:00:00;102.03333333333333
1071729215;2021-08-07 19:00:00;2021-08-07 19:30:00;99.8
1071729215;2021-08-07 19:30:00;2021-08-07 20:00:00;97.23333333333333
1071729215;2021-08-07 20:00:00;2021-08-07 20:30:00;110.6
1071729215;2021-08-07 20:30:00;2021-08-07 21:00:00;93.16666666666667
1071729215;2021-08-07 21:00:00;2021-08-07 21:30:00;88.1
1071729215;2021-08-07 21:30:00;2021-08-07 22:00:00;99.33333333333333
1071729215;2021-08-07 22:00:00;2021-08-07 22:30:00;102.9
1071729215;2021-08-07 22:30:00;2021-08-07 23:00:00;96.73333333333333
1071729215;2021-08-07 23:00:00;2021-08-07 23:30:00;89.6
1071729215;2021-08-07 23:30:00;2021-08-07 23:59:59;95.03333333333333
1071729215;2021-08-08 00:00:00;2021-08-08 00:30:00;101.0
1071729215;2021-08-08 00:30:00;2021-08-08 01:00:00;101.0
1071729215;2021-08-08 01:00:00;2021-08-08 01:30:00;101.0
1071729215;2021-08-08 01:30:00;2021-08-08 02:00:00;101.0
1071729215;2021-08-08 02:00:00;2021-08-08 02:30:00;101.0
1071729215;2021-08-08 02:30:00;2021-08-08 03:00:00;101.0
1071729215;2021-08-08 03:00:00;2021-08-08 03:30:00;95.0
1071729215;2021-08-08 03:30:00;2021-08-08 04:00:00;95.0
1071729215;2021-08-08 04:00:00;2021-08-08 04:30:00;105.0
1071729215;2021-08-08 04:30:00;2021-08-08 05:00:00;105.0
1071729215;2021-08-08 05:00:00;2021-08-08 05:30:00;96.46666666666667
1071729215;2021-08-08 05:30:00;2021-08-08 06:00:00;106.5
1071729215;2021-08-08 06:00:00;2021-08-08 06:30:00;112.63333333333334
1071729215;2021-08-08 06:30:00;2021-08-08 07:00:00;102.36666666666666
1071729215;2021-08-08 07:00:00;2021-08-08 07:30:00;109.26666666666667
1071729215;2021-08-08 07:30:00;2021-08-08 08:00:00;99.9
1071729215;2021-08-08 08:00:00;2021-08-08 08:30:00;101.63333333333334
1071729215;2021-08-08 08:30:00;2021-08-08 09:00:00;107.03333333333333
1071729215;2021-08-08 09:00:00;2021-08-08 09:30:00;107.66666666666667
1071729215;2021-08-08 09:30:00;2021-08-08 10:00:00;93.3
1071729215;2021-08-08 10:00:00;2021-08-08 10:30:00;90.63333333333334
1071729215;2021-08-08 10:30:00;2021-08-08 11:00:00;88.93333333333334
1071729215;2021-08-08 11:00:00;2021-08-08 11:30:00;98.16666666666667
1071729215;2021-08-08 11:30:00;2021-08-08 12:00:00;93.36666666666666
1071729215;2021-08-08 12:00:00;2021-08-08 12:30:00;82.96666666666667
1071729215;2021-08-08 12:30:00;2021-08-08 13:00:00;87.6
1071729215;2021-08-08 13:00:00;2021-08-08 13:30:00;98.96666666666667
1071729215;2021-08-08 13:30:00;2021-08-08 14:00:00;89.46666666666667
1071729215;2021-08-08 14:00:00;2021-08-08 14:30:00;91.83333333333333
1071729215;2021-08-08 14:30:00;2021-08-08 15:00:00;99.56666666666666
1071729215;2021-08-08 15:00:00;2021-08-08 15:30:00;85.73333333333333
1071729215;2021-08-08 15:30:00;2021-08-08 16:00:00;86.76666666666667
1071729215;2021-08-08 16:00:00;2021-08-08 16:30:00;92.36666666666666
1071729215;2021-08-08 16:30:00;2021-08-08 17:00:00;92.73333333333333
1071729215;2021-08-08 17:00:00;2021-08-08 17:30:00;91.13333333333334
1071729215;2021-08-08 17:30:00;2021-08-08 18:00:00;91.83333333333333
1071729215;2021-08-08 18:00:00;2021-08-08 18:30:00;113.06666666666666
1071729215;2021-08-08 18:30:00;2021-08-08 19:00:00;106.16666666666667
1071729215;2021-08-08 19:00:00;2021-08-08 19:30:00;104.56666666666666
1071729215;2021-08-08 19:30:00;2021-08-08 20:00:00;113.13333333333334
1071729215;2021-08-08 20:00:00;2021-08-08 20:30:00;109.9
1071729215;2021-08-08 20:30:00;2021-08-08 21:00:00;109.0
1071729215;2021-08-08 21:00:00;2021-08-08 21:30:00;103.1
1071729215;2021-08-08 21:30:00;2021-08-08 22:00:00;101.0
1071729215;2021-08-08 22:00:00;2021-08-08 22:30:00;101.0
1071729215;2021-08-08 22:30:00;2021-08-08 23:00:00;91.4
1071729215;2021-08-08 23:00:00;2021-08-08 23:30:00;97.3
1071729215;2021-08-08 23:30:00;2021-08-08 23:59:59;108.4
1071729215;2021-08-09 00:00:00;2021-08-09 00:30:00;90.13333333333334
1071729215;2021-08-09 00:30:00;2021-08-09 01:00:00;91.26666666666667
1071729215;2021-08-09 01:00:00;2021-08-09 01:30:00;98.16666666666667
1071729215;2021-08-09 01:30:00;2021-08-09 02:00:00;100.1
1071729215;2021-08-09 02:00:00;2021-08-09 02:30:00;101.0
1071729215;2021-08-09 02:30:00;2021-08-09 03:00:00;98.63333333333334
1071729215;2021-08-09 03:00:00;2021-08-09 03:30:00;102.66666666666667
1071729215;2021-08-09 03:30:00;2021-08-09 04:00:00;96.36666666666666
1071729215;2021-08-09 04:00:00;2021-08-09 04:30:00;115.33333333333333
1071729215;2021-08-09 04:30:00;2021-08-09 05:00:00;119.03333333333333
1071729215;2021-08-09 05:00:00;2021-08-09 05:30:00;113.53333333333333
1071729215;2021-08-09 05:30:00;2021-08-09 06:00:00;109.43333333333334
1071729215;2021-08-09 06:00:00;2021-08-09 06:30:00;108.86666666666666
1071729215;2021-08-09 06:30:00;2021-08-09 07:00:00;99.5
1071729215;2021-08-09 07:00:00;2021-08-09 07:30:00;108.7
1071729215;2021-08-09 07:30:00;2021-08-09 08:00:00;91.6
1071729215;2021-08-09 08:00:00;2021-08-09 08:30:00;108.5
1071729215;2021-08-09 08:30:00;2021-08-09 09:00:00;86.0
1071729215;2021-08-09 09:00:00;2021-08-09 09:30:00;86.53333333333333
1071729215;2021-08-09 09:30:00;2021-08-09 10:00:00;110.36666666666666
1071729215;2021-08-09 10:00:00;2021-08-09 10:30:00;101.96666666666667
1071729215;2021-08-09 10:30:00;2021-08-09 11:00:00;95.33333333333333
1071729215;2021-08-09 11:00:00;2021-08-09 11:30:00;99.23333333333333
1071729215;2021-08-09 11:30:00;2021-08-09 12:00:00;88.1
1071729215;2021-08-09 12:00:00;2021-08-09 12:30:00;89.06666666666666
1071729215;2021-08-09 12:30:00;2021-08-09 13:00:00;86.63333333333334
1071729215;2021-08-09 13:00:00;2021-08-09 13:30:00;96.43333333333334
1071729215;2021-08-09 13:30:00;2021-08-09 14:00:00;103.83333333333333
1071729215;2021-08-09 14:00:00;2021-08-09 14:30:00;90.43333333333334
1071729215;2021-08-09 14:30:00;2021-08-09 15:00:00;110.66666666666667
1071729215;2021-08-09 15:00:00;2021-08-09 15:30:00;102.1
1071729215;2021-08-09 15:30:00;2021-08-09 16:00:00;106.86666666666666
1071729215;2021-08-09 16:00:00;2021-08-09 16:30:00;101.06666666666666
1071729215;2021-08-09 16:30:00;2021-08-09 17:00:00;95.56666666666666
1071729215;2021-08-09 17:00:00;2021-08-09 17:30:00;98.03333333333333
1071729215;2021-08-09 17:30:00;2021-08-09 18:00:00;108.76666666666667
1071729215;2021-08-09 18:00:00;2021-08-09 18:30:00;110.73333333333333
1071729215;2021-08-09 18:30:00;2021-08-09 19:00:00;101.23333333333333
1071729215;2021-08-09 19:00:00;2021-08-09 19:30:00;99.5
1071729215;2021-08-09 19:30:00;2021-08-09 20:00:00;102.86666666666666
1071729215;2021-08-09 20:00:00;2021-08-09 20:30:00;94.53333333333333
1071729215;2021-08-09 20:30:00;2021-08-09 21:00:00;89.4
1071729215;2021-08-09 21:00:00;2021-08-09 21:30:00;95.5
1071729215;2021-08-09 21:30:00;2021-08-09 22:00:00;106.96666666666667
1071729215;2021-08-09 22:00:00;2021-08-09 22:30:00;91.36666666666666
1071729215;2021-08-09 22:30:00;2021-08-09 23:00:00;92.0
1071729215;2021-08-09 23:00:00;2021-08-09 23:30:00;101.0
1071729215;2021-08-09 23:30:00;2021-08-09 23:59:59;101.0
1071729215;2021-08-10 00:00:00;2021-08-10 00:30:00;101.0
1071729215;2021-08-10 00:30:00;2021-08-10 01:00:00;93.46666666666667
1071729215;2021-08-10 01:00:00;2021-08-10 01:30:00;101.0
1071729215;2021-08-10 01:30:00;2021-08-10 02:00:00;89.9
1071729215;2021-08-10 02:00:00;2021-08-10 02:30:00;96.23333333333333
1071729215;2021-08-10 02:30:00;2021-08-10 03:00:00;84.9
1071729215;2021-08-10 03:00:00;2021-08-10 03:30:00;80.73333333333333
1071729215;2021-08-10 03:30:00;2021-08-10 04:00:00;93.66666666666667
1071729215;2021-08-10 04:00:00;2021-08-10 04:30:00;103.46666666666667
1071729215;2021-08-10 04:30:00;2021-08-10 05:00:00;103.5
1071729215;2021-08-10 05:00:00;2021-08-10 05:30:00;109.4
1071729215;2021-08-10 05:30:00;2021-08-10 06:00:00;105.26666666666667
1071729215;2021-08-10 06:00:00;2021-08-10 06:30:00;103.26666666666667
1071729215;2021-08-10 06:30:00;2021-08-10 07:00:00;108.46666666666667
1071729215;2021-08-10 07:00:00;2021-08-10 07:30:00;99.13333333333334
1071729215;2021-08-10 07:30:00;2021-08-10 08:00:00;99.56666666666666
1071729215;2021-08-10 08:00:00;2021-08-10 08:30:00;93.2
1071729215;2021-08-10 08:30:00;2021-08-10 09:00:00;95.16666666666667
1071729215;2021-08-10 09:00:00;2021-08-10 09:30:00;106.56666666666666
1071729215;2021-08-10 09:30:00;2021-08-10 10:00:00;102.6
1071729215;2021-08-10 10:00:00;2021-08-10 10:30:00;89.2
1071729215;2021-08-10 10:30:00;2021-08-10 11:00:00;91.13333333333334
1071729215;2021-08-10 11:00:00;2021-08-10 11:30:00;110.46666666666667
1071729215;2021-08-10 11:30:00;2021-08-10 12:00:00;107.43333333333334
1071729215;2021-08-10 12:00:00;2021-08-10 12:30:00;95.66666666666667
1071729215;2021-08-10 12:30:00;2021-08-10 13:00:00;102.83333333333333
1071729215;2021-08-10 13:00:00;2021-08-10 13:30:00;97.56666666666666
1071729215;2021-08-10 13:30:00;2021-08-10 14:00:00;84.4
1071729215;2021-08-10 14:00:00;2021-08-10 14:30:00;95.23333333333333
1071729215;2021-08-10 14:30:00;2021-08-10 15:00:00;106.06666666666666
1071729215;2021-08-10 15:00:00;2021-08-10 15:30:00;103.76666666666667
1071729215;2021-08-10 15:30:00;2021-08-10 16:00:00;105.63333333333334
1071729215;2021-08-10 16:00:00;2021-08-10 16:30:00;91.86666666666666
1071729215;2021-08-10 16:30:00;2021-08-10 17:00:00;101.2
1071729215;2021-08-10 17:00:00;2021-08-10 17:30:00;102.43333333333334
1071729215;2021-08-10 17:30:00;2021-08-10 18:00:00;109.63333333333334
1071729215;2021-08-10 18:00:00;2021-08-10 18:30:00;109.06666666666666
1071729215;2021-08-10 18:30:00;2021-08-10 19:00:00;90.53333333333333
1071729215;2021-08-10 19:00:00;2021-08-10 19:30:00;96.2
1071729215;2021-08-10 19:30:00;2021-08-10 20:00:00;100.03333333333333
1071729215;2021-08-10 20:00:00;2021-08-10 20:30:00;106.93333333333334
1071729215;2021-08-10 20:30:00;2021-08-10 21:00:00;104.66666666666667
1071729215;2021-08-10 21:00:00;2021-08-10 21:30:00;102.86666666666666
1071729215;2021-08-10 21:30:00;2021-08-10 22:00:00;100.96666666666667
1071729215;2021-08-10 22:00:00;2021-08-10 22:30:00;90.33333333333333
1071729215;2021-08-10 22:30:00;2021-08-10 23:00:00;101.0
1071729215;2021-08-10 23:00:00;2021-08-10 23:30:00;101.0
1071729215;2021-08-10 23:30:00;2021-08-10 23:59:59;101.0
1071729215;2021-08-11 00:00:00;2021-08-11 00:30:00;101.0
1071729215;2021-08-11 00:30:00;2021-08-11 01:00:00;101.0
1071729215;2021-08-11 01:00:00;2021-08-11 01:30:00;94.56666666666666
1071729215;2021-08-11 01:30:00;2021-08-11 02:00:00;106.2
1071729215;2021-08-11 02:00:00;2021-08-11 02:30:00;96.8
1071729215;2021-08-11 02:30:00;2021-08-11 03:00:00;99.0
1071729215;2021-08-11 03:00:00;2021-08-11 03:30:00;101.73333333333333
1071729215;2021-08-11 03:30:00;2021-08-11 04:00:00;97.66666666666667
1071729215;2021-08-11 04:00:00;2021-08-11 04:30:00;104.8
1071729215;2021-08-11 04:30:00;2021-08-11 05:00:00;91.66666666666667
1071729215;2021-08-11 05:00:00;2021-08-11 05:30:00;106.76666666666667
1071729215;2021-08-11 05:30:00;2021-08-11 06:00:00;108.66666666666667
1071729215;2021-08-11 06:00:00;2021-08-11 06:30:00;110.03333333333333
1071729215;2021-08-11 06:30:00;2021-08-11 07:00:00;110.63333333333334
1071729215;2021-08-11 07:00:00;2021-08-11 07:30:00;106.0
1071729215;2021-08-11 07:30:00;2021-08-11 08:00:00;85.3
1071729215;2021-08-11 08:00:00;2021-08-11 08:30:00;108.8
1071729215;2021-08-11 08:30:00;2021-08-11 09:00:00;95.16666666666667
1071729215;2021-08-11 09:00:00;2021-08-11 09:30:00;105.8
1071729215;2021-08-11 09:30:00;2021-08-11 10:00:00;112.36666666666666
1071729215;2021-08-11 10:00:00;2021-08-11 10:30:00;100.13333333333334
1071729215;2021-08-11 10:30:00;2021-08-11 11:00:00;103.1
1071729215;2021-08-11 11:00:00;2021-08-11 11:30:00;106.5
1071729215;2021-08-11 11:30:00;2021-08-11 12:00:00;89.56666666666666
1071729215;2021-08-11 12:00:00;2021-08-11 12:30:00;95.03333333333333
1071729215;2021-08-11 12:30:00;2021-08-11 13:00:00;94.13333333333334
1071729215;2021-08-11 13:00:00;2021-08-11 13:30:00;92.26666666666667
1071729215;2021-08-11 13:30:00;2021-08-11 14:00:00;86.06666666666666
1071729215;2021-08-11 14:00:00;2021-08-11 14:30:00;91.83333333333333
1071729215;2021-08-11 14:30:00;2021-08-11 15:00:00;103.53333333333333
1071729215;2021-08-11 15:00:00;2021-08-11 15:30:00;94.6
1071729215;2021-08-11 15:30:00;2021-08-11 16:00:00;91.23333333333333
1071729215;2021-08-11 16:00:00;2021-08-11 16:30:00;113.6
1071729215;2021-08-11 16:30:00;2021-08-11 17:00:00;101.6
1071729215;2021-08-11 17:00:00;2021-08-11 17:30:00;108.93333333333334
1071729215;2021-08-11 17:30:00;2021-08-11 18:00:00;104.9
1071729215;2021-08-11 18:00:00;2021-08-11 18:30:00;90.83333333333333
1071729215;2021-08-11 18:30:00;2021-08-11 19:00:00;90.9
1071729215;2021-08-11 19:00:00;2021-08-11 19:30:00;86.03333333333333
1071729215;2021-08-11 19:30:00;2021-08-11 20:00:00;103.5
1071729215;2021-08-11 20:00:00;2021-08-11 20:30:00;117.73333333333333
1071729215;2021-08-11 20:30:00;2021-08-11 21:00:00;98.43333333333334
1071729215;2021-08-11 21:00:00;2021-08-11 21:30:00;95.83333333333333
1071729215;2021-08-11 21:30:00;2021-08-11 22:00:00;100.66666666666667
1071729215;2021-08-11 22:00:00;2021-08-11 22:30:00;92.4
1071729215;2021-08-11 22:30:00;2021-08-11 23:00:00;103.8
1071729215;2021-08-11 23:00:00;2021-08-11 23:30:00;98.9
1071729215;2021-08-11 23:30:00;2021-08-11 23:59:59;99.76666666666667
1071729215;2021-08-12 00:00:00;2021-08-12 00:30:00;100.9
1071729215;2021-08-12 00:30:00;2021-08-12 01:00:00;100.4
1071729215;2021-08-12 01:00:00;2021-08-12 01:30:00;100.1
1071729215;2021-08-12 01:30:00;2021-08-12 02:00:00;99.13333333333334
1071729215;2021-08-12 02:00:00;2021-08-12 02:30:00;99.93333333333334
1071729215;2021-08-12 02:30:00;2021-08-12 03:00:00;101.0
1071729215;2021-08-12 03:00:00;2021-08-12 03:30:00;102.8
1071729215;2021-08-12 03:30:00;2021-08-12 04:00:00;102.36666666666666
1071729215;2021-08-12 04:00:00;2021-08-12 04:30:00;101.83333333333333
1071729215;2021-08-12 04:30:00;2021-08-12 05:00:00;93.4
1071729215;2021-08-12 05:00:00;2021-08-12 05:30:00;94.36666666666666
1071729215;2021-08-12 05:30:00;2021-08-12 06:00:00;102.8
1071729215;2021-08-12 06:00:00;2021-08-12 06:30:00;88.0
1071729215;2021-08-12 06:30:00;2021-08-12 07:00:00;99.96666666666667
1071729215;2021-08-12 07:00:00;2021-08-12 07:30:00;93.36666666666666
1071729215;2021-08-12 07:30:00;2021-08-12 08:00:00;102.23333333333333
1071729215;2021-08-12 08:00:00;2021-08-12 08:30:00;95.56666666666666
1071729215;2021-08-12 08:30:00;2021-08-12 09:00:00;95.36666666666666
1071729215;2021-08-12 09:00:00;2021-08-12 09:30:00;97.6
1071729215;2021-08-12 09:30:00;2021-08-12 10:00:00;83.33333333333333
1071729215;2021-08-12 10:00:00;2021-08-12 10:30:00;98.5
1071729215;2021-08-12 10:30:00;2021-08-12 11:00:00;83.5
1071729215;2021-08-12 11:00:00;2021-08-12 11:30:00;102.6
1071729215;2021-08-12 11:30:00;2021-08-12 12:00:00;99.56666666666666
1071729215;2021-08-12 12:00:00;2021-08-12 12:30:00;107.4
1071729215;2021-08-12 12:30:00;2021-08-12 13:00:00;90.53333333333333
1071729215;2021-08-12 13:00:00;2021-08-12 13:30:00;94.1
1071729215;2021-08-12 13:30:00;2021-08-12 14:00:00;107.46666666666667
1071729215;2021-08-12 14:00:00;2021-08-12 14:30:00;105.23333333333333
1071729215;2021-08-12 14:30:00;2021-08-12 15:00:00;104.7
1071729215;2021-08-12 15:00:00;2021-08-12 15:30:00;93.36666666666666
1071729215;2021-08-12 15:30:00;2021-08-12 16:00:00;98.8
1071729215;2021-08-12 16:00:00;2021-08-12 16:30:00;103.3
1071729215;2021-08-12 16:30:00;2021-08-12 17:00:00;98.1
1071729215;2021-08-12 17:00:00;2021-08-12 17:30:00;95.33333333333333
1071729215;2021-08-12 17:30:00;2021-08-12 18:00:00;95.96666666666667
1071729215;2021-08-12 18:00:00;2021-08-12 18:30:00;102.83333333333333
1071729215;2021-08-12 18:30:00;2021-08-12 19:00:00;105.93333333333334
1071729215;2021-08-12 19:00:00;2021-08-12 19:30:00;106.23333333333333
1071729215;2021-08-12 19:30:00;2021-08-12 20:00:00;114.53333333333333
1071729215;2021-08-12 20:00:00;2021-08-12 20:30:00;97.6
1071729215;2021-08-12 20:30:00;2021-08-12 21:00:00;93.73333333333333
1071729215;2021-08-12 21:00:00;2021-08-12 21:30:00;100.2
1071729215;2021-08-12 21:30:00;2021-08-12 22:00:00;96.06666666666666
1071729215;2021-08-12 22:00:00;2021-08-12 22:30:00;95.63333333333334
1071729215;2021-08-12 22:30:00;2021-08-12 23:00:00;89.7
1071729215;2021-08-12 23:00:00;2021-08-12 23:30:00;101.0
1071729215;2021-08-12 23:30:00;2021-08-12 23:59:59;90.6
1071729215;2021-08-13 00:00:00;2021-08-13 00:30:00;102.3
1071729215;2021-08-13 00:30:00;2021-08-13 01:00:00;101.66666666666667
1071729215;2021-08-13 01:00:00;2021-08-13 01:30:00;91.0
1071729215;2021-08-13 01:30:00;2021-08-13 02:00:00;92.1
1071729215;2021-08-13 02:00:00;2021-08-13 02:30:00;97.8
1071729215;2021-08-13 02:30:00;2021-08-13 03:00:00;101.0
1071729215;2021-08-13 03:00:00;2021-08-13 03:30:00;86.56666666666666
1071729215;2021-08-13 03:30:00;2021-08-13 04:00:00;92.13333333333334
1071729215;2021-08-13 04:00:00;2021-08-13 04:30:00;112.66666666666667
1071729215;2021-08-13 04:30:00;2021-08-13 05:00:00;99.93333333333334
1071729215;2021-08-13 05:00:00;2021-08-13 05:30:00;109.33333333333333
1071729215;2021-08-13 05:30:00;2021-08-13 06:00:00;104.4
1071729215;2021-08-13 06:00:00;2021-08-13 06:30:00;99.56666666666666
1071729215;2021-08-13 06:30:00;2021-08-13 07:00:00;119.13333333333334
1071729215;2021-08-13 07:00:00;2021-08-13 07:30:00;108.2
1071729215;2021-08-13 07:30:00;2021-08-13 08:00:00;108.63333333333334
1071729215;2021-08-13 08:00:00;2021-08-13 08:30:00;92.8
1071729215;2021-08-13 08:30:00;2021-08-13 09:00:00;103.26666666666667
1071729215;2021-08-13 09:00:00;2021-08-13 09:30:00;91.8
1071729215;2021-08-13 09:30:00;2021-08-13 10:00:00;91.23333333333333
1071729215;2021-08-13 10:00:00;2021-08-13 10:30:00;102.56666666666666
1071729215;2021-08-13 10:30:00;2021-08-13 11:00:00;93.26666666666667
1071729215;2021-08-13 11:00:00;2021-08-13 11:30:00;91.2
1071729215;2021-08-13 11:30:00;2021-08-13 12:00:00;106.3
1071729215;2021-08-13 12:00:00;2021-08-13 12:30:00;101.16666666666667
1071729215;2021-08-13 12:30:00;2021-08-13 13:00:00;95.1
1071729215;2021-08-13 13:00:00;2021-08-13 13:30:00;102.6
1071729215;2021-08-13 13:30:00;2021-08-13 14:00:00;97.9
1071729215;2021-08-13 14:00:00;2021-08-13 14:30:00;83.86666666666666
1071729215;2021-08-13 14:30:00;2021-08-13 15:00:00;100.56666666666666
1071729215;2021-08-13 15:00:00;2021-08-13 15:30:00;94.03333333333333
1071729215;2021-08-13 15:30:00;2021-08-13 16:00:00;94.7
1071729215;2021-08-13 16:00:00;2021-08-13 16:30:00;95.63333333333334
1071729215;2021-08-13 16:30:00;2021-08-13 17:00:00;88.4
1071729215;2021-08-13 17:00:00;2021-08-13 17:30:00;110.0
1071729215;2021-08-13 17:30:00;2021-08-13 18:00:00;101.23333333333333
1071729215;2021-08-13 18:00:00;2021-08-13 18:30:00;109.96666666666667
1071729215;2021-08-13 18:30:00;2021-08-13 19:00:00;104.13333333333334
1071729215;2021-08-13 19:00:00;2021-08-13 19:30:00;115.36666666666666
1071729215;2021-08-13 19:30:00;2021-08-13 20:00:00;110.2
1071729215;2021-08-13 20:00:00;2021-08-13 20:30:00;96.53333333333333
1071729215;2021-08-13 20:30:00;2021-08-13 21:00:00;98.83333333333333
1071729215;2021-08-13 21:00:00;2021-08-13 21:30:00;102.06666666666666
1071729215;2021-08-13 21:30:00;2021-08-13 22:00:00;120.96666666666667
1071729215;2021-08-13 22:00:00;2021-08-13 22:30:00;105.46666666666667
1071729215;2021-08-13 22:30:00;2021-08-13 23:00:00;89.36666666666666
1071729215;2021-08-13 23:00:00;2021-08-13 23:30:00;99.13333333333334
1071729215;2021-08-13 23:30:00;2021-08-13 23:59:59;92.2
1071729215;2021-08-14 00:00:00;2021-08-14 00:30:00;92.43333333333334
1071729215;2021-08-14 00:30:00;2021-08-14 01:00:00;92.1
1071729215;2021-08-14 01:00:00;2021-08-14 01:30:00;94.26666666666667
1071729215;2021-08-14 01:30:00;2021-08-14 02:00:00;100.16666666666667
1071729215;2021-08-14 02:00:00;2021-08-14 02:30:00;97.7
1071729215;2021-08-14 02:30:00;2021-08-14 03:00:00;93.96666666666667
1071729215;2021-08-14 03:00:00;2021-08-14 03:30:00;94.43333333333334
1071729215;2021-08-14 03:30:00;2021-08-14 04:00:00;108.4
1071729215;2021-08-14 04:00:00;2021-08-14 04:30:00;114.8
1071729215;2021-08-14 04:30:00;2021-08-14 05:00:00;116.5
1071729215;2021-08-14 05:00:00;2021-08-14 05:30:00;107.7
1071729215;2021-08-14 05:30:00;2021-08-14 06:00:00;93.2
1071729215;2021-08-14 06:00:00;2021-08-14 06:30:00;104.13333333333334
1071729215;2021-08-14 06:30:00;2021-08-14 07:00:00;103.7
1071729215;2021-08-14 07:00:00;2021-08-14 07:30:00;103.53333333333333
1071729215;2021-08-14 07:30:00;2021-08-14 08:00:00;94.33333333333333
1071729215;2021-08-14 08:00:00;2021-08-14 08:30:00;99.43333333333334
1071729215;2021-08-14 08:30:00;2021-08-14 09:00:00;113.86666666666666
1071729215;2021-08-14 09:00:00;2021-08-14 09:30:00;109.03333333333333
1071729215;2021-08-14 09:30:00;2021-08-14 10:00:00;100.43333333333334
1071729215;2021-08-14 10:00:00;2021-08-14 10:30:00;86.6
1071729215;2021-08-14 10:30:00;2021-08-14 11:00:00;92.66666666666667
1071729215;2021-08-14 11:00:00;2021-08-14 11:30:00;99.0
1071729215;2021-08-14 11:30:00;2021-08-14 12:00:00;104.86666666666666
1071729215;2021-08-14 12:00:00;2021-08-14 12:30:00;105.66666666666667
1071729215;2021-08-14 12:30:00;2021-08-14 13:00:00;85.96666666666667
1071729215;2021-08-14 13:00:00;2021-08-14 13:30:00;100.03333333333333
1071729215;2021-08-14 13:30:00;2021-08-14 14:00:00;101.73333333333333
1071729215;2021-08-14 14:00:00;2021-08-14 14:30:00;96.03333333333333
1071729215;2021-08-14 14:30:00;2021-08-14 15:00:00;112.3
1071729215;2021-08-14 15:00:00;2021-08-14 15:30:00;106.86666666666666
1071729215;2021-08-14 15:30:00;2021-08-14 16:00:00;101.66666666666667
1071729215;2021-08-14 16:00:00;2021-08-14 16:30:00;107.43333333333334
1071729215;2021-08-14 16:30:00;2021-08-14 17:00:00;97.83333333333333
1071729215;2021-08-14 17:00:00;2021-08-14 17:30:00;105.1
1071729215;2021-08-14 17:30:00;2021-08-14 18:00:00;94.36666666666666
1071729215;2021-08-14 18:00:00;2021-08-14 18:30:00;106.3
1071729215;2021-08-14 18:30:00;2021-08-14 19:00:00;99.2
1071729215;2021-08-14 19:00:00;2021-08-14 19:30:00;99.66666666666667
1071729215;2021-08-14 19:30:00;2021-08-14 20:00:00;101.23333333333333
1071729215;2021-08-14 20:00:00;2021-08-14 20:30:00;108.06666666666666
1071729215;2021-08-14 20:30:00;2021-08-14 21:00:00;92.83333333333333
1071729215;2021-08-14 21:00:00;2021-08-14 21:30:00;104.06666666666666
1071729215;2021-08-14 21:30:00;2021-08-14 22:00:00;102.56666666666666
1071729215;2021-08-14 22:00:00;2021-08-14 22:30:00;101.0
1071729215;2021-08-14 22:30:00;2021-08-14 23:00:00;109.43333333333334
1071729215;2021-08-14 23:00:00;2021-08-14 23:30:00;101.0
1071729215;2021-08-14 23:30:00;2021-08-14 23:59:59;113.86666666666666
1071729215;2021-08-15 00:00:00;2021-08-15 00:30:00;110.86666666666666
1071729215;2021-08-15 00:30:00;2021-08-15 01:00:00;134.6
1071729215;2021-08-15 01:00:00;2021-08-15 01:30:00;132.56666666666666
1071729215;2021-08-15 01:30:00;2021-08-15 02:00:00;104.7
1071729215;2021-08-15 02:00:00;2021-08-15 02:30:00;101.0
1071729215;2021-08-15 02:30:00;2021-08-15 03:00:00;101.0
1071729215;2021-08-15 03:00:00;2021-08-15 03:30:00;105.0
1071729215;2021-08-15 03:30:00;2021-08-15 04:00:00;100.0
1071729215;2021-08-15 04:00:00;2021-08-15 04:30:00;105.0
1071729215;2021-08-15 04:30:00;2021-08-15 05:00:00;101.0
1071729215;2021-08-15 05:00:00;2021-08-15 05:30:00;98.93333333333334
1071729215;2021-08-15 05:30:00;2021-08-15 06:00:00;107.8
1071729215;2021-08-15 06:00:00;2021-08-15 06:30:00;96.06666666666666
1071729215;2021-08-15 06:30:00;2021-08-15 07:00:00;111.03333333333333
1071729215;2021-08-15 07:00:00;2021-08-15 07:30:00;100.9
1071729215;2021-08-15 07:30:00;2021-08-15 08:00:00;102.73333333333333
1071729215;2021-08-15 08:00:00;2021-08-15 08:30:00;104.53333333333333
1071729215;2021-08-15 08:30:00;2021-08-15 09:00:00;100.9
1071729215;2021-08-15 09:00:00;2021-08-15 09:30:00;102.16666666666667
1071729215;2021-08-15 09:30:00;2021-08-15 10:00:00;97.0
1071729215;2021-08-15 10:00:00;2021-08-15 10:30:00;92.33333333333333
1071729215;2021-08-15 10:30:00;2021-08-15 11:00:00;91.13333333333334
1071729215;2021-08-15 11:00:00;2021-08-15 11:30:00;92.76666666666667
1071729215;2021-08-15 11:30:00;2021-08-15 12:00:00;94.46666666666667
1071729215;2021-08-15 12:00:00;2021-08-15 12:30:00;84.73333333333333
1071729215;2021-08-15 12:30:00;2021-08-15 13:00:00;88.0
1071729215;2021-08-15 13:00:00;2021-08-15 13:30:00;88.96666666666667
1071729215;2021-08-15 13:30:00;2021-08-15 14:00:00;83.46666666666667
1071729215;2021-08-15 14:00:00;2021-08-15 14:30:00;87.56666666666666
1071729215;2021-08-15 14:30:00;2021-08-15 15:00:00;88.4
1071729215;2021-08-15 15:00:00;2021-08-15 15:30:00;81.83333333333333
1071729215;2021-08-15 15:30:00;2021-08-15 16:00:00;96.73333333333333
1071729215;2021-08-15 16:00:00;2021-08-15 16:30:00;88.73333333333333
1071729215;2021-08-15 16:30:00;2021-08-15 17:00:00;97.06666666666666
1071729215;2021-08-15 17:00:00;2021-08-15 17:30:00;107.7
1071729215;2021-08-15 17:30:00;2021-08-15 18:00:00;101.86666666666666
1071729215;2021-08-15 18:00:00;2021-08-15 18:30:00;108.0
1071729215;2021-08-15 18:30:00;2021-08-15 19:00:00;91.7
1071729215;2021-08-15 19:00:00;2021-08-15 19:30:00;107.36666666666666
1071729215;2021-08-15 19:30:00;2021-08-15 20:00:00;114.2
1071729215;2021-08-15 20:00:00;2021-08-15 20:30:00;101.56666666666666
1071729215;2021-08-15 20:30:00;2021-08-15 21:00:00;99.73333333333333
1071729215;2021-08-15 21:00:00;2021-08-15 21:30:00;97.06666666666666
1071729215;2021-08-15 21:30:00;2021-08-15 22:00:00;104.3
1071729215;2021-08-15 22:00:00;2021-08-15 22:30:00;104.03333333333333
1071729215;2021-08-15 22:30:00;2021-08-15 23:00:00;102.73333333333333
1071729215;2021-08-15 23:00:00;2021-08-15 23:30:00;105.26666666666667
1071729215;2021-08-15 23:30:00;2021-08-15 23:59:59;102.66666666666667
1071729215;2021-08-16 00:00:00;2021-08-16 00:30:00;101.0
1071729215;2021-08-16 00:30:00;2021-08-16 01:00:00;101.0
1071729215;2021-08-16 01:00:00;2021-08-16 01:30:00;101.0
1071729215;2021-08-16 01:30:00;2021-08-16 02:00:00;101.0
1071729215;2021-08-16 02:00:00;2021-08-16 02:30:00;100.86666666666666
1071729215;2021-08-16 02:30:00;2021-08-16 03:00:00;105.53333333333333
1071729215;2021-08-16 03:00:00;2021-08-16 03:30:00;105.26666666666667
1071729215;2021-08-16 03:30:00;2021-08-16 04:00:00;114.5
1071729215;2021-08-16 04:00:00;2021-08-16 04:30:00;117.53333333333333
1071729215;2021-08-16 04:30:00;2021-08-16 05:00:00;102.23333333333333
1071729215;2021-08-16 05:00:00;2021-08-16 05:30:00;107.06666666666666
1071729215;2021-08-16 05:30:00;2021-08-16 06:00:00;105.13333333333334
1071729215;2021-08-16 06:00:00;2021-08-16 06:30:00;101.36666666666666
1071729215;2021-08-16 06:30:00;2021-08-16 07:00:00;98.72413793103448
1071729215;2021-08-16 07:00:00;2021-08-16 07:30:00;117.76666666666667
1071729215;2021-08-16 07:30:00;2021-08-16 08:00:00;104.9
1071729215;2021-08-16 08:00:00;2021-08-16 08:30:00;108.46666666666667
1071729215;2021-08-16 08:30:00;2021-08-16 09:00:00;101.96666666666667
1071729215;2021-08-16 09:00:00;2021-08-16 09:30:00;98.0
1071729215;2021-08-16 09:30:00;2021-08-16 10:00:00;100.8
1071729215;2021-08-16 10:00:00;2021-08-16 10:30:00;94.76666666666667
1071729215;2021-08-16 10:30:00;2021-08-16 11:00:00;93.73333333333333
1071729215;2021-08-16 11:00:00;2021-08-16 11:30:00;90.06666666666666
1071729215;2021-08-16 11:30:00;2021-08-16 12:00:00;94.16666666666667
1071729215;2021-08-16 12:00:00;2021-08-16 12:30:00;102.46666666666667
1071729215;2021-08-16 12:30:00;2021-08-16 13:00:00;98.13333333333334
1071729215;2021-08-16 13:00:00;2021-08-16 13:30:00;94.23333333333333
1071729215;2021-08-16 13:30:00;2021-08-16 14:00:00;96.16666666666667
1071729215;2021-08-16 14:00:00;2021-08-16 14:30:00;104.6
1071729215;2021-08-16 14:30:00;2021-08-16 15:00:00;98.9
1071729215;2021-08-16 15:00:00;2021-08-16 15:30:00;101.36666666666666
1071729215;2021-08-16 15:30:00;2021-08-16 16:00:00;85.1
1071729215;2021-08-16 16:00:00;2021-08-16 16:30:00;100.33333333333333
1071729215;2021-08-16 16:30:00;2021-08-16 17:00:00;101.3
1071729215;2021-08-16 17:00:00;2021-08-16 17:30:00;94.03333333333333
1071729215;2021-08-16 17:30:00;2021-08-16 18:00:00;98.6
1071729215;2021-08-16 18:00:00;2021-08-16 18:30:00;97.86666666666666
1071729215;2021-08-16 18:30:00;2021-08-16 19:00:00;104.1
1071729215;2021-08-16 19:00:00;2021-08-16 19:30:00;104.1
1071729215;2021-08-16 19:30:00;2021-08-16 20:00:00;89.7
1071729215;2021-08-16 20:00:00;2021-08-16 20:30:00;105.9
1071729215;2021-08-16 20:30:00;2021-08-16 21:00:00;106.0
1071729215;2021-08-16 21:00:00;2021-08-16 21:30:00;99.16666666666667
1071729215;2021-08-16 21:30:00;2021-08-16 22:00:00;93.6
1071729215;2021-08-16 22:00:00;2021-08-16 22:30:00;99.93333333333334
1071729215;2021-08-16 22:30:00;2021-08-16 23:00:00;91.26666666666667
1071729215;2021-08-16 23:00:00;2021-08-16 23:30:00;95.83333333333333
1071729215;2021-08-16 23:30:00;2021-08-16 23:59:59;106.53333333333333
1071729215;2021-08-17 00:00:00;2021-08-17 00:30:00;103.93333333333334
1071729215;2021-08-17 00:30:00;2021-08-17 01:00:00;114.06666666666666
1071729215;2021-08-17 01:00:00;2021-08-17 01:30:00;113.6
1071729215;2021-08-17 01:30:00;2021-08-17 02:00:00;105.13333333333334
1071729215;2021-08-17 02:00:00;2021-08-17 02:30:00;101.0
1071729215;2021-08-17 02:30:00;2021-08-17 03:00:00;93.63333333333334
1071729215;2021-08-17 03:00:00;2021-08-17 03:30:00;104.33333333333333
1071729215;2021-08-17 03:30:00;2021-08-17 04:00:00;102.26666666666667
1071729215;2021-08-17 04:00:00;2021-08-17 04:30:00;92.56666666666666
1071729215;2021-08-17 04:30:00;2021-08-17 05:00:00;100.0
1071729215;2021-08-17 05:00:00;2021-08-17 05:30:00;92.5
1071729215;2021-08-17 05:30:00;2021-08-17 06:00:00;89.13333333333334
1071729215;2021-08-17 06:00:00;2021-08-17 06:30:00;103.56666666666666
1071729215;2021-08-17 06:30:00;2021-08-17 07:00:00;94.56666666666666
1071729215;2021-08-17 07:00:00;2021-08-17 07:30:00;98.53333333333333
1071729215;2021-08-17 07:30:00;2021-08-17 08:00:00;86.06666666666666
1071729215;2021-08-17 08:00:00;2021-08-17 08:30:00;102.2
1071729215;2021-08-17 08:30:00;2021-08-17 09:00:00;91.23333333333333
1071729215;2021-08-17 09:00:00;2021-08-17 09:30:00;106.33333333333333
1071729215;2021-08-17 09:30:00;2021-08-17 10:00:00;86.23333333333333
1071729215;2021-08-17 10:00:00;2021-08-17 10:30:00;90.86666666666666
1071729215;2021-08-17 10:30:00;2021-08-17 11:00:00;91.9
1071729215;2021-08-17 11:00:00;2021-08-17 11:30:00;92.33333333333333
1071729215;2021-08-17 11:30:00;2021-08-17 12:00:00;96.2
1071729215;2021-08-17 12:00:00;2021-08-17 12:30:00;85.43333333333334
1071729215;2021-08-17 12:30:00;2021-08-17 13:00:00;94.3
1071729215;2021-08-17 13:00:00;2021-08-17 13:30:00;81.93333333333334
1071729215;2021-08-17 13:30:00;2021-08-17 14:00:00;90.53333333333333
1071729215;2021-08-17 14:00:00;2021-08-17 14:30:00;88.03448275862068
1071729215;2021-08-17 14:30:00;2021-08-17 15:00:00;94.33333333333333
1071729215;2021-08-17 15:00:00;2021-08-17 15:30:00;89.83333333333333
1071729215;2021-08-17 15:30:00;2021-08-17 16:00:00;101.33333333333333
1071729215;2021-08-17 16:00:00;2021-08-17 16:30:00;85.96666666666667
1071729215;2021-08-17 16:30:00;2021-08-17 17:00:00;93.73333333333333
1071729215;2021-08-17 17:00:00;2021-08-17 17:30:00;90.36666666666666
1071729215;2021-08-17 17:30:00;2021-08-17 18:00:00;100.4
1071729215;2021-08-17 18:00:00;2021-08-17 18:30:00;96.2
1071729215;2021-08-17 18:30:00;2021-08-17 19:00:00;99.76666666666667
1071729215;2021-08-17 19:00:00;2021-08-17 19:30:00;83.06666666666666
1071729215;2021-08-17 19:30:00;2021-08-17 20:00:00;98.83333333333333
1071729215;2021-08-17 20:00:00;2021-08-17 20:30:00;84.2
1071729215;2021-08-17 20:30:00;2021-08-17 21:00:00;101.63333333333334
1071729215;2021-08-17 21:00:00;2021-08-17 21:30:00;103.8
1071729215;2021-08-17 21:30:00;2021-08-17 22:00:00;103.3
1071729215;2021-08-17 22:00:00;2021-08-17 22:30:00;112.4
1071729215;2021-08-17 22:30:00;2021-08-17 23:00:00;90.73333333333333
1071729215;2021-08-17 23:00:00;2021-08-17 23:30:00;102.86666666666666
1071729215;2021-08-17 23:30:00;2021-08-17 23:59:59;102.86666666666666
1071729215;2021-08-18 00:00:00;2021-08-18 00:30:00;101.6
1071729215;2021-08-18 00:30:00;2021-08-18 01:00:00;96.83333333333333
1071729215;2021-08-18 01:00:00;2021-08-18 01:30:00;81.8
1071729215;2021-08-18 01:30:00;2021-08-18 02:00:00;77.86666666666666
1071729215;2021-08-18 02:00:00;2021-08-18 02:30:00;83.7
1071729215;2021-08-18 02:30:00;2021-08-18 03:00:00;90.0
1071729215;2021-08-18 03:00:00;2021-08-18 03:30:00;95.56666666666666
1071729215;2021-08-18 03:30:00;2021-08-18 04:00:00;101.0
1071729215;2021-08-18 04:00:00;2021-08-18 04:30:00;96.4
1071729215;2021-08-18 04:30:00;2021-08-18 05:00:00;98.76666666666667
1071729215;2021-08-18 05:00:00;2021-08-18 05:30:00;115.13333333333334
1071729215;2021-08-18 05:30:00;2021-08-18 06:00:00;96.2
1071729215;2021-08-18 06:00:00;2021-08-18 06:30:00;91.33333333333333
1071729215;2021-08-18 06:30:00;2021-08-18 07:00:00;96.43333333333334
1071729215;2021-08-18 07:00:00;2021-08-18 07:30:00;109.43333333333334
1071729215;2021-08-18 07:30:00;2021-08-18 08:00:00;90.36666666666666
1071729215;2021-08-18 08:00:00;2021-08-18 08:30:00;92.33333333333333
1071729215;2021-08-18 08:30:00;2021-08-18 09:00:00;92.13333333333334
1071729215;2021-08-18 09:00:00;2021-08-18 09:30:00;89.16666666666667
1071729215;2021-08-18 09:30:00;2021-08-18 10:00:00;83.03333333333333
1071729215;2021-08-18 10:00:00;2021-08-18 10:30:00;82.8
1071729215;2021-08-18 10:30:00;2021-08-18 11:00:00;98.4
1071729215;2021-08-18 11:00:00;2021-08-18 11:30:00;84.43333333333334
1071729215;2021-08-18 11:30:00;2021-08-18 12:00:00;101.9
1071729215;2021-08-18 12:00:00;2021-08-18 12:30:00;103.7
1071729215;2021-08-18 12:30:00;2021-08-18 13:00:00;101.4
1071729215;2021-08-18 13:00:00;2021-08-18 13:30:00;90.1
1071729215;2021-08-18 13:30:00;2021-08-18 14:00:00;90.13333333333334
1071729215;2021-08-18 14:00:00;2021-08-18 14:30:00;94.16666666666667
1071729215;2021-08-18 14:30:00;2021-08-18 15:00:00;99.13333333333334
1071729215;2021-08-18 15:00:00;2021-08-18 15:30:00;103.06666666666666
1071729215;2021-08-18 15:30:00;2021-08-18 16:00:00;102.96666666666667
1071729215;2021-08-18 16:00:00;2021-08-18 16:30:00;102.2
1071729215;2021-08-18 16:30:00;2021-08-18 17:00:00;100.76666666666667
1071729215;2021-08-18 17:00:00;2021-08-18 17:30:00;109.56666666666666
1071729215;2021-08-18 17:30:00;2021-08-18 18:00:00;103.6
1071729215;2021-08-18 18:00:00;2021-08-18 18:30:00;92.5
1071729215;2021-08-18 18:30:00;2021-08-18 19:00:00;98.1
1071729215;2021-08-18 19:00:00;2021-08-18 19:30:00;101.96666666666667
1071729215;2021-08-18 19:30:00;2021-08-18 20:00:00;102.13333333333334
1071729215;2021-08-18 20:00:00;2021-08-18 20:30:00;104.73333333333333
1071729215;2021-08-18 20:30:00;2021-08-18 21:00:00;102.6
1071729215;2021-08-18 21:00:00;2021-08-18 21:30:00;102.33333333333333
1071729215;2021-08-18 21:30:00;2021-08-18 22:00:00;100.6
1071729215;2021-08-18 22:00:00;2021-08-18 22:30:00;90.2
1071729215;2021-08-18 22:30:00;2021-08-18 23:00:00;101.0
1071729215;2021-08-18 23:00:00;2021-08-18 23:30:00;92.63333333333334
1071729215;2021-08-18 23:30:00;2021-08-18 23:59:59;91.76666666666667
1071729215;2021-08-19 00:00:00;2021-08-19 00:30:00;94.46666666666667
1071729215;2021-08-19 00:30:00;2021-08-19 01:00:00;100.9
1071729215;2021-08-19 01:00:00;2021-08-19 01:30:00;101.0
1071729215;2021-08-19 01:30:00;2021-08-19 02:00:00;100.7
1071729215;2021-08-19 02:00:00;2021-08-19 02:30:00;100.73333333333333
1071729215;2021-08-19 02:30:00;2021-08-19 03:00:00;93.6
1071729215;2021-08-19 03:00:00;2021-08-19 03:30:00;96.8
1071729215;2021-08-19 03:30:00;2021-08-19 04:00:00;90.06666666666666
1071729215;2021-08-19 04:00:00;2021-08-19 04:30:00;110.96666666666667
1071729215;2021-08-19 04:30:00;2021-08-19 05:00:00;90.53333333333333
1071729215;2021-08-19 05:00:00;2021-08-19 05:30:00;98.8
1071729215;2021-08-19 05:30:00;2021-08-19 06:00:00;103.73333333333333
1071729215;2021-08-19 06:00:00;2021-08-19 06:30:00;88.03333333333333
1071729215;2021-08-19 06:30:00;2021-08-19 07:00:00;97.6
1071729215;2021-08-19 07:00:00;2021-08-19 07:30:00;96.06666666666666
1071729215;2021-08-19 07:30:00;2021-08-19 08:00:00;92.33333333333333
1071729215;2021-08-19 08:00:00;2021-08-19 08:30:00;93.2
1071729215;2021-08-19 08:30:00;2021-08-19 09:00:00;100.56666666666666
1071729215;2021-08-19 09:00:00;2021-08-19 09:30:00;107.43333333333334
1071729215;2021-08-19 09:30:00;2021-08-19 10:00:00;97.9
1071729215;2021-08-19 10:00:00;2021-08-19 10:30:00;99.46666666666667
1071729215;2021-08-19 10:30:00;2021-08-19 11:00:00;95.56666666666666
1071729215;2021-08-19 11:00:00;2021-08-19 11:30:00;96.0
1071729215;2021-08-19 11:30:00;2021-08-19 12:00:00;100.03333333333333
1071729215;2021-08-19 12:00:00;2021-08-19 12:30:00;90.23333333333333
1071729215;2021-08-19 12:30:00;2021-08-19 13:00:00;87.83333333333333
1071729215;2021-08-19 13:00:00;2021-08-19 13:30:00;94.16666666666667
1071729215;2021-08-19 13:30:00;2021-08-19 14:00:00;92.3
1071729215;2021-08-19 14:00:00;2021-08-19 14:30:00;90.93333333333334
1071729215;2021-08-19 14:30:00;2021-08-19 15:00:00;88.13333333333334
1071729215;2021-08-19 15:00:00;2021-08-19 15:30:00;104.16666666666667
1071729215;2021-08-19 15:30:00;2021-08-19 16:00:00;107.9
1071729215;2021-08-19 16:00:00;2021-08-19 16:30:00;97.76666666666667
1071729215;2021-08-19 16:30:00;2021-08-19 17:00:00;105.6
1071729215;2021-08-19 17:00:00;2021-08-19 17:30:00;95.96666666666667
1071729215;2021-08-19 17:30:00;2021-08-19 18:00:00;108.23333333333333
1071729215;2021-08-19 18:00:00;2021-08-19 18:30:00;120.46666666666667
1071729215;2021-08-19 18:30:00;2021-08-19 19:00:00;114.86666666666666
1071729215;2021-08-19 19:00:00;2021-08-19 19:30:00;107.0
1071729215;2021-08-19 19:30:00;2021-08-19 20:00:00;101.6
1071729215;2021-08-19 20:00:00;2021-08-19 20:30:00;110.2
1071729215;2021-08-19 20:30:00;2021-08-19 21:00:00;110.63333333333334
1071729215;2021-08-19 21:00:00;2021-08-19 21:30:00;103.6
1071729215;2021-08-19 21:30:00;2021-08-19 22:00:00;105.8
1071729215;2021-08-19 22:00:00;2021-08-19 22:30:00;91.93333333333334
1071729215;2021-08-19 22:30:00;2021-08-19 23:00:00;101.0
1071729215;2021-08-19 23:00:00;2021-08-19 23:30:00;101.0
1071729215;2021-08-19 23:30:00;2021-08-19 23:59:59;98.0
1071729215;2021-08-20 00:00:00;2021-08-20 00:30:00;101.0
1071729215;2021-08-20 00:30:00;2021-08-20 01:00:00;91.6
1071729215;2021-08-20 01:00:00;2021-08-20 01:30:00;95.03333333333333
1071729215;2021-08-20 01:30:00;2021-08-20 02:00:00;82.66666666666667
1071729215;2021-08-20 02:00:00;2021-08-20 02:30:00;76.33333333333333
1071729215;2021-08-20 02:30:00;2021-08-20 03:00:00;88.0
1071729215;2021-08-20 03:00:00;2021-08-20 03:30:00;99.23333333333333
1071729215;2021-08-20 03:30:00;2021-08-20 04:00:00;104.56666666666666
1071729215;2021-08-20 04:00:00;2021-08-20 04:30:00;89.03333333333333
1071729215;2021-08-20 04:30:00;2021-08-20 05:00:00;86.6
1071729215;2021-08-20 05:00:00;2021-08-20 05:30:00;115.36666666666666
1071729215;2021-08-20 05:30:00;2021-08-20 06:00:00;108.63333333333334
1071729215;2021-08-20 06:00:00;2021-08-20 06:30:00;94.7
1071729215;2021-08-20 06:30:00;2021-08-20 07:00:00;99.0
1071729215;2021-08-20 07:00:00;2021-08-20 07:30:00;101.06666666666666
1071729215;2021-08-20 07:30:00;2021-08-20 08:00:00;106.8
1071729215;2021-08-20 08:00:00;2021-08-20 08:30:00;101.8
1071729215;2021-08-20 08:30:00;2021-08-20 09:00:00;108.03333333333333
1071729215;2021-08-20 09:00:00;2021-08-20 09:30:00;106.13333333333334
1071729215;2021-08-20 09:30:00;2021-08-20 10:00:00;98.93333333333334
1071729215;2021-08-20 10:00:00;2021-08-20 10:30:00;85.36666666666666
1071729215;2021-08-20 10:30:00;2021-08-20 11:00:00;91.1
1071729215;2021-08-20 11:00:00;2021-08-20 11:30:00;91.06666666666666
1071729215;2021-08-20 11:30:00;2021-08-20 12:00:00;98.86666666666666
1071729215;2021-08-20 12:00:00;2021-08-20 12:30:00;95.83333333333333
1071729215;2021-08-20 12:30:00;2021-08-20 13:00:00;98.03333333333333
1071729215;2021-08-20 13:00:00;2021-08-20 13:30:00;102.86666666666666
1071729215;2021-08-20 13:30:00;2021-08-20 14:00:00;84.23333333333333
1071729215;2021-08-20 14:00:00;2021-08-20 14:30:00;104.16666666666667
1071729215;2021-08-20 14:30:00;2021-08-20 15:00:00;109.83333333333333
1071729215;2021-08-20 15:00:00;2021-08-20 15:30:00;98.76666666666667
1071729215;2021-08-20 15:30:00;2021-08-20 16:00:00;109.8
1071729215;2021-08-20 16:00:00;2021-08-20 16:30:00;100.7
1071729215;2021-08-20 16:30:00;2021-08-20 17:00:00;103.9
1071729215;2021-08-20 17:00:00;2021-08-20 17:30:00;104.7
1071729215;2021-08-20 17:30:00;2021-08-20 18:00:00;102.5
1071729215;2021-08-20 18:00:00;2021-08-20 18:30:00;107.36666666666666
1071729215;2021-08-20 18:30:00;2021-08-20 19:00:00;103.73333333333333
1071729215;2021-08-20 19:00:00;2021-08-20 19:30:00;95.56666666666666
1071729215;2021-08-20 19:30:00;2021-08-20 20:00:00;97.0
1071729215;2021-08-20 20:00:00;2021-08-20 20:30:00;104.0
1071729215;2021-08-20 20:30:00;2021-08-20 21:00:00;109.4
1071729215;2021-08-20 21:00:00;2021-08-20 21:30:00;101.7
1071729215;2021-08-20 21:30:00;2021-08-20 22:00:00;96.2
1071729215;2021-08-20 22:00:00;2021-08-20 22:30:00;101.0
1071729215;2021-08-20 22:30:00;2021-08-20 23:00:00;91.2
1071729215;2021-08-20 23:00:00;2021-08-20 23:30:00;95.4
1071729215;2021-08-20 23:30:00;2021-08-20 23:59:59;77.0
1071729215;2021-08-21 00:00:00;2021-08-21 00:30:00;82.06666666666666
1071729215;2021-08-21 00:30:00;2021-08-21 01:00:00;94.43333333333334
1071729215;2021-08-21 01:00:00;2021-08-21 01:30:00;99.66666666666667
1071729215;2021-08-21 01:30:00;2021-08-21 02:00:00;98.23333333333333
1071729215;2021-08-21 02:00:00;2021-08-21 02:30:00;101.0
1071729215;2021-08-21 02:30:00;2021-08-21 03:00:00;101.0
1071729215;2021-08-21 03:00:00;2021-08-21 03:30:00;92.0
1071729215;2021-08-21 03:30:00;2021-08-21 04:00:00;113.96666666666667
1071729215;2021-08-21 04:00:00;2021-08-21 04:30:00;94.33333333333333
1071729215;2021-08-21 04:30:00;2021-08-21 05:00:00;109.93333333333334
1071729215;2021-08-21 05:00:00;2021-08-21 05:30:00;95.0
1071729215;2021-08-21 05:30:00;2021-08-21 06:00:00;101.3
1071729215;2021-08-21 06:00:00;2021-08-21 06:30:00;99.1
1071729215;2021-08-21 06:30:00;2021-08-21 07:00:00;108.06666666666666
1071729215;2021-08-21 07:00:00;2021-08-21 07:30:00;102.86666666666666
1071729215;2021-08-21 07:30:00;2021-08-21 08:00:00;102.0
1071729215;2021-08-21 08:00:00;2021-08-21 08:30:00;97.43333333333334
1071729215;2021-08-21 08:30:00;2021-08-21 09:00:00;104.86666666666666
1071729215;2021-08-21 09:00:00;2021-08-21 09:30:00;96.83333333333333
1071729215;2021-08-21 09:30:00;2021-08-21 10:00:00;97.3
1071729215;2021-08-21 10:00:00;2021-08-21 10:30:00;99.6
1071729215;2021-08-21 10:30:00;2021-08-21 11:00:00;101.7
1071729215;2021-08-21 11:00:00;2021-08-21 11:30:00;95.8
1071729215;2021-08-21 11:30:00;2021-08-21 12:00:00;88.73333333333333
1071729215;2021-08-21 12:00:00;2021-08-21 12:30:00;99.23333333333333
1071729215;2021-08-21 12:30:00;2021-08-21 13:00:00;108.5
1071729215;2021-08-21 13:00:00;2021-08-21 13:30:00;107.3
1071729215;2021-08-21 13:30:00;2021-08-21 14:00:00;100.03333333333333
1071729215;2021-08-21 14:00:00;2021-08-21 14:30:00;102.8
1071729215;2021-08-21 14:30:00;2021-08-21 15:00:00;86.46666666666667
1071729215;2021-08-21 15:00:00;2021-08-21 15:30:00;101.33333333333333
1071729215;2021-08-21 15:30:00;2021-08-21 16:00:00;113.2
1071729215;2021-08-21 16:00:00;2021-08-21 16:30:00;106.83333333333333
1071729215;2021-08-21 16:30:00;2021-08-21 17:00:00;121.36666666666666
1071729215;2021-08-21 17:00:00;2021-08-21 17:30:00;106.3
1071729215;2021-08-21 17:30:00;2021-08-21 18:00:00;102.3
1071729215;2021-08-21 18:00:00;2021-08-21 18:30:00;95.96666666666667
1071729215;2021-08-21 18:30:00;2021-08-21 19:00:00;104.8
1071729215;2021-08-21 19:00:00;2021-08-21 19:30:00;107.26666666666667
1071729215;2021-08-21 19:30:00;2021-08-21 20:00:00;108.36666666666666
1071729215;2021-08-21 20:00:00;2021-08-21 20:30:00;98.6
1071729215;2021-08-21 20:30:00;2021-08-21 21:00:00;100.73333333333333
1071729215;2021-08-21 21:00:00;2021-08-21 21:30:00;101.0
1071729215;2021-08-21 21:30:00;2021-08-21 22:00:00;101.0
1071729215;2021-08-21 22:00:00;2021-08-21 22:30:00;101.0
1071729215;2021-08-21 22:30:00;2021-08-21 23:00:00;101.0
1071729215;2021-08-21 23:00:00;2021-08-21 23:30:00;101.0
1071729215;2021-08-21 23:30:00;2021-08-21 23:59:59;101.0
1071729215;2021-08-22 00:00:00;2021-08-22 00:30:00;101.0
1071729215;2021-08-22 00:30:00;2021-08-22 01:00:00;101.0
1071729215;2021-08-22 01:00:00;2021-08-22 01:30:00;101.0
1071729215;2021-08-22 01:30:00;2021-08-22 02:00:00;101.0
1071729215;2021-08-22 02:00:00;2021-08-22 02:30:00;101.0
1071729215;2021-08-22 02:30:00;2021-08-22 03:00:00;101.0
1071729215;2021-08-22 03:00:00;2021-08-22 03:30:00;100.86666666666666
1071729215;2021-08-22 03:30:00;2021-08-22 04:00:00;100.73333333333333
1071729215;2021-08-22 04:00:00;2021-08-22 04:30:00;104.06666666666666
1071729215;2021-08-22 04:30:00;2021-08-22 05:00:00;105.0
1071729215;2021-08-22 05:00:00;2021-08-22 05:30:00;109.0
1071729215;2021-08-22 05:30:00;2021-08-22 06:00:00;109.0
1071729215;2021-08-22 06:00:00;2021-08-22 06:30:00;120.7
1071729215;2021-08-22 06:30:00;2021-08-22 07:00:00;97.7
1071729215;2021-08-22 07:00:00;2021-08-22 07:30:00;113.3
1071729215;2021-08-22 07:30:00;2021-08-22 08:00:00;110.76666666666667
1071729215;2021-08-22 08:00:00;2021-08-22 08:30:00;96.1
1071729215;2021-08-22 08:30:00;2021-08-22 09:00:00;106.06666666666666
1071729215;2021-08-22 09:00:00;2021-08-22 09:30:00;105.73333333333333
1071729215;2021-08-22 09:30:00;2021-08-22 10:00:00;106.76666666666667
1071729215;2021-08-22 10:00:00;2021-08-22 10:30:00;100.6
1071729215;2021-08-22 10:30:00;2021-08-22 11:00:00;105.43333333333334
1071729215;2021-08-22 11:00:00;2021-08-22 11:30:00;94.86666666666666
1071729215;2021-08-22 11:30:00;2021-08-22 12:00:00;104.3
1071729215;2021-08-22 12:00:00;2021-08-22 12:30:00;107.16666666666667
1071729215;2021-08-22 12:30:00;2021-08-22 13:00:00;95.66666666666667
1071729215;2021-08-22 13:00:00;2021-08-22 13:30:00;89.63333333333334
1071729215;2021-08-22 13:30:00;2021-08-22 14:00:00;88.36666666666666
1071729215;2021-08-22 14:00:00;2021-08-22 14:30:00;90.06666666666666
1071729215;2021-08-22 14:30:00;2021-08-22 15:00:00;96.46666666666667
1071729215;2021-08-22 15:00:00;2021-08-22 15:30:00;88.33333333333333
1071729215;2021-08-22 15:30:00;2021-08-22 16:00:00;102.33333333333333
1071729215;2021-08-22 16:00:00;2021-08-22 16:30:00;84.26666666666667
1071729215;2021-08-22 16:30:00;2021-08-22 17:00:00;96.5
1071729215;2021-08-22 17:00:00;2021-08-22 17:30:00;89.76666666666667
1071729215;2021-08-22 17:30:00;2021-08-22 18:00:00;103.03333333333333
1071729215;2021-08-22 18:00:00;2021-08-22 18:30:00;107.1
1071729215;2021-08-22 18:30:00;2021-08-22 19:00:00;111.76666666666667
1071729215;2021-08-22 19:00:00;2021-08-22 19:30:00;111.1
1071729215;2021-08-22 19:30:00;2021-08-22 20:00:00;109.3
1071729215;2021-08-22 20:00:00;2021-08-22 20:30:00;114.36666666666666
1071729215;2021-08-22 20:30:00;2021-08-22 21:00:00;108.0
1071729215;2021-08-22 21:00:00;2021-08-22 21:30:00;99.36666666666666
1071729215;2021-08-22 21:30:00;2021-08-22 22:00:00;101.53333333333333
1071729215;2021-08-22 22:00:00;2021-08-22 22:30:00;109.46666666666667
1071729215;2021-08-22 22:30:00;2021-08-22 23:00:00;97.53333333333333
1071729215;2021-08-22 23:00:00;2021-08-22 23:30:00;100.3
1071729215;2021-08-22 23:30:00;2021-08-22 23:59:59;101.0
1071729215;2021-08-23 00:00:00;2021-08-23 00:30:00;101.0
1071729215;2021-08-23 00:30:00;2021-08-23 01:00:00;101.0
1071729215;2021-08-23 01:00:00;2021-08-23 01:30:00;101.0
1071729215;2021-08-23 01:30:00;2021-08-23 02:00:00;101.0
1071729215;2021-08-23 02:00:00;2021-08-23 02:30:00;101.96666666666667
1071729215;2021-08-23 02:30:00;2021-08-23 03:00:00;111.2
1071729215;2021-08-23 03:00:00;2021-08-23 03:30:00;109.26666666666667
1071729215;2021-08-23 03:30:00;2021-08-23 04:00:00;104.96666666666667
1071729215;2021-08-23 04:00:00;2021-08-23 04:30:00;101.56666666666666
1071729215;2021-08-23 04:30:00;2021-08-23 05:00:00;100.9
1071729215;2021-08-23 05:00:00;2021-08-23 05:30:00;102.13333333333334
1071729215;2021-08-23 05:30:00;2021-08-23 06:00:00;101.93333333333334
1071729215;2021-08-23 06:00:00;2021-08-23 06:30:00;109.16666666666667
1071729215;2021-08-23 06:30:00;2021-08-23 07:00:00;108.86666666666666
1071729215;2021-08-23 07:00:00;2021-08-23 07:30:00;103.13333333333334
1071729215;2021-08-23 07:30:00;2021-08-23 08:00:00;99.6
1071729215;2021-08-23 08:00:00;2021-08-23 08:30:00;98.06666666666666
1071729215;2021-08-23 08:30:00;2021-08-23 09:00:00;107.46666666666667
1071729215;2021-08-23 09:00:00;2021-08-23 09:30:00;103.53333333333333
1071729215;2021-08-23 09:30:00;2021-08-23 10:00:00;97.13333333333334
1071729215;2021-08-23 10:00:00;2021-08-23 10:30:00;97.1
1071729215;2021-08-23 10:30:00;2021-08-23 11:00:00;107.1
1071729215;2021-08-23 11:00:00;2021-08-23 11:30:00;102.13333333333334
1071729215;2021-08-23 11:30:00;2021-08-23 12:00:00;94.53333333333333
1071729215;2021-08-23 12:00:00;2021-08-23 12:30:00;97.43333333333334
1071729215;2021-08-23 12:30:00;2021-08-23 13:00:00;92.06666666666666
1071729215;2021-08-23 13:00:00;2021-08-23 13:30:00;96.26666666666667
1071729215;2021-08-23 13:30:00;2021-08-23 14:00:00;92.13333333333334
1071729215;2021-08-23 14:00:00;2021-08-23 14:30:00;97.2
1071729215;2021-08-23 14:30:00;2021-08-23 15:00:00;98.5
1071729215;2021-08-23 15:00:00;2021-08-23 15:30:00;102.1
1071729215;2021-08-23 15:30:00;2021-08-23 16:00:00;96.43333333333334
1071729215;2021-08-23 16:00:00;2021-08-23 16:30:00;94.5
1071729215;2021-08-23 16:30:00;2021-08-23 17:00:00;111.66666666666667
1071729215;2021-08-23 17:00:00;2021-08-23 17:30:00;100.9
1071729215;2021-08-23 17:30:00;2021-08-23 18:00:00;103.36666666666666
1071729215;2021-08-23 18:00:00;2021-08-23 18:30:00;102.76666666666667
1071729215;2021-08-23 18:30:00;2021-08-23 19:00:00;92.63333333333334
1071729215;2021-08-23 19:00:00;2021-08-23 19:30:00;98.03333333333333
1071729215;2021-08-23 19:30:00;2021-08-23 20:00:00;105.03333333333333
1071729215;2021-08-23 20:00:00;2021-08-23 20:30:00;83.93333333333334
1071729215;2021-08-23 20:30:00;2021-08-23 21:00:00;96.0
1071729215;2021-08-23 21:00:00;2021-08-23 21:30:00;86.53333333333333
1071729215;2021-08-23 21:30:00;2021-08-23 22:00:00;97.23333333333333
1071729215;2021-08-23 22:00:00;2021-08-23 22:30:00;102.03333333333333
1071729215;2021-08-23 22:30:00;2021-08-23 23:00:00;91.66666666666667
1071729215;2021-08-23 23:00:00;2021-08-23 23:30:00;97.0
1071729215;2021-08-23 23:30:00;2021-08-23 23:59:59;101.0
1071729215;2021-08-24 00:00:00;2021-08-24 00:30:00;101.0
1071729215;2021-08-24 00:30:00;2021-08-24 01:00:00;113.33333333333333
1071729215;2021-08-24 01:00:00;2021-08-24 01:30:00;111.2
1071729215;2021-08-24 01:30:00;2021-08-24 02:00:00;103.4
1071729215;2021-08-24 02:00:00;2021-08-24 02:30:00;109.9
1071729215;2021-08-24 02:30:00;2021-08-24 03:00:00;97.83333333333333
1071729215;2021-08-24 03:00:00;2021-08-24 03:30:00;106.06666666666666
1071729215;2021-08-24 03:30:00;2021-08-24 04:00:00;95.23333333333333
1071729215;2021-08-24 04:00:00;2021-08-24 04:30:00;103.53333333333333
1071729215;2021-08-24 04:30:00;2021-08-24 05:00:00;94.03333333333333
1071729215;2021-08-24 05:00:00;2021-08-24 05:30:00;87.0
1071729215;2021-08-24 05:30:00;2021-08-24 06:00:00;111.0
1071729215;2021-08-24 06:00:00;2021-08-24 06:30:00;101.6
1071729215;2021-08-24 06:30:00;2021-08-24 07:00:00;107.13333333333334
1071729215;2021-08-24 07:00:00;2021-08-24 07:30:00;111.66666666666667
1071729215;2021-08-24 07:30:00;2021-08-24 08:00:00;105.43333333333334
1071729215;2021-08-24 08:00:00;2021-08-24 08:30:00;99.2
1071729215;2021-08-24 08:30:00;2021-08-24 09:00:00;111.76666666666667
1071729215;2021-08-24 09:00:00;2021-08-24 09:30:00;99.0
1071729215;2021-08-24 09:30:00;2021-08-24 10:00:00;94.06666666666666
1071729215;2021-08-24 10:00:00;2021-08-24 10:30:00;97.76666666666667
1071729215;2021-08-24 10:30:00;2021-08-24 11:00:00;94.03333333333333
1071729215;2021-08-24 11:00:00;2021-08-24 11:30:00;99.03333333333333
1071729215;2021-08-24 11:30:00;2021-08-24 12:00:00;97.13333333333334
1071729215;2021-08-24 12:00:00;2021-08-24 12:30:00;87.33333333333333
1071729215;2021-08-24 12:30:00;2021-08-24 13:00:00;90.33333333333333
1071729215;2021-08-24 13:00:00;2021-08-24 13:30:00;98.36666666666666
1071729215;2021-08-24 13:30:00;2021-08-24 14:00:00;100.9
1071729215;2021-08-24 14:00:00;2021-08-24 14:30:00;102.7
1071729215;2021-08-24 14:30:00;2021-08-24 15:00:00;89.2
1071729215;2021-08-24 15:00:00;2021-08-24 15:30:00;107.5
1071729215;2021-08-24 15:30:00;2021-08-24 16:00:00;94.06666666666666
1071729215;2021-08-24 16:00:00;2021-08-24 16:30:00;105.83333333333333
1071729215;2021-08-24 16:30:00;2021-08-24 17:00:00;109.53333333333333
1071729215;2021-08-24 17:00:00;2021-08-24 17:30:00;115.66666666666667
1071729215;2021-08-24 17:30:00;2021-08-24 18:00:00;111.5
1071729215;2021-08-24 18:00:00;2021-08-24 18:30:00;111.46666666666667
1071729215;2021-08-24 18:30:00;2021-08-24 19:00:00;93.16666666666667
1071729215;2021-08-24 19:00:00;2021-08-24 19:30:00;111.26666666666667
1071729215;2021-08-24 19:30:00;2021-08-24 20:00:00;96.6
1071729215;2021-08-24 20:00:00;2021-08-24 20:30:00;96.63333333333334
1071729215;2021-08-24 20:30:00;2021-08-24 21:00:00;99.1
1071729215;2021-08-24 21:00:00;2021-08-24 21:30:00;97.66666666666667
1071729215;2021-08-24 21:30:00;2021-08-24 22:00:00;101.0
1071729215;2021-08-24 22:00:00;2021-08-24 22:30:00;99.36666666666666
1071729215;2021-08-24 22:30:00;2021-08-24 23:00:00;92.73333333333333
1071729215;2021-08-24 23:00:00;2021-08-24 23:30:00;101.0
1071729215;2021-08-24 23:30:00;2021-08-24 23:59:59;101.0
1071729215;2021-08-25 00:00:00;2021-08-25 00:30:00;101.0
1071729215;2021-08-25 00:30:00;2021-08-25 01:00:00;101.0
1071729215;2021-08-25 01:00:00;2021-08-25 01:30:00;91.93333333333334
1071729215;2021-08-25 01:30:00;2021-08-25 02:00:00;92.93333333333334
1071729215;2021-08-25 02:00:00;2021-08-25 02:30:00;101.0
1071729215;2021-08-25 02:30:00;2021-08-25 03:00:00;101.0
1071729215;2021-08-25 03:00:00;2021-08-25 03:30:00;87.46666666666667
1071729215;2021-08-25 03:30:00;2021-08-25 04:00:00;98.8
1071729215;2021-08-25 04:00:00;2021-08-25 04:30:00;90.16666666666667
1071729215;2021-08-25 04:30:00;2021-08-25 05:00:00;110.7
1071729215;2021-08-25 05:00:00;2021-08-25 05:30:00;102.73333333333333
1071729215;2021-08-25 05:30:00;2021-08-25 06:00:00;95.53333333333333
1071729215;2021-08-25 06:00:00;2021-08-25 06:30:00;104.6
1071729215;2021-08-25 06:30:00;2021-08-25 07:00:00;96.26666666666667
1071729215;2021-08-25 07:00:00;2021-08-25 07:30:00;93.43333333333334
1071729215;2021-08-25 07:30:00;2021-08-25 08:00:00;99.43333333333334
1071729215;2021-08-25 08:00:00;2021-08-25 08:30:00;96.33333333333333
1071729215;2021-08-25 08:30:00;2021-08-25 09:00:00;99.2
1071729215;2021-08-25 09:00:00;2021-08-25 09:30:00;91.06666666666666
1071729215;2021-08-25 09:30:00;2021-08-25 10:00:00;102.53333333333333
1071729215;2021-08-25 10:00:00;2021-08-25 10:30:00;99.13333333333334
1071729215;2021-08-25 10:30:00;2021-08-25 11:00:00;92.13333333333334
1071729215;2021-08-25 11:00:00;2021-08-25 11:30:00;100.1
1071729215;2021-08-25 11:30:00;2021-08-25 12:00:00;103.66666666666667
1071729215;2021-08-25 12:00:00;2021-08-25 12:30:00;99.16666666666667
1071729215;2021-08-25 12:30:00;2021-08-25 13:00:00;111.83333333333333
1071729215;2021-08-25 13:00:00;2021-08-25 13:30:00;104.53333333333333
1071729215;2021-08-25 13:30:00;2021-08-25 14:00:00;88.66666666666667
1071729215;2021-08-25 14:00:00;2021-08-25 14:30:00;88.03333333333333
1071729215;2021-08-25 14:30:00;2021-08-25 15:00:00;90.8
1071729215;2021-08-25 15:00:00;2021-08-25 15:30:00;101.76666666666667
1071729215;2021-08-25 15:30:00;2021-08-25 16:00:00;112.26666666666667
1071729215;2021-08-25 16:00:00;2021-08-25 16:30:00;101.53333333333333
1071729215;2021-08-25 16:30:00;2021-08-25 17:00:00;100.26666666666667
1071729215;2021-08-25 17:00:00;2021-08-25 17:30:00;109.2
1071729215;2021-08-25 17:30:00;2021-08-25 18:00:00;100.63333333333334
1071729215;2021-08-25 18:00:00;2021-08-25 18:30:00;101.8
1071729215;2021-08-25 18:30:00;2021-08-25 19:00:00;91.83333333333333
1071729215;2021-08-25 19:00:00;2021-08-25 19:30:00;99.5
1071729215;2021-08-25 19:30:00;2021-08-25 20:00:00;94.96666666666667
1071729215;2021-08-25 20:00:00;2021-08-25 20:30:00;95.5
1071729215;2021-08-25 20:30:00;2021-08-25 21:00:00;112.6
1071729215;2021-08-25 21:00:00;2021-08-25 21:30:00;97.73333333333333
1071729215;2021-08-25 21:30:00;2021-08-25 22:00:00;86.86666666666666
1071729215;2021-08-25 22:00:00;2021-08-25 22:30:00;101.56666666666666
1071729215;2021-08-25 22:30:00;2021-08-25 23:00:00;94.6
1071729215;2021-08-25 23:00:00;2021-08-25 23:30:00;89.66666666666667
1071729215;2021-08-25 23:30:00;2021-08-25 23:59:59;99.63333333333334
1071729215;2021-08-26 00:00:00;2021-08-26 00:30:00;100.23333333333333
1071729215;2021-08-26 00:30:00;2021-08-26 01:00:00;101.0
1071729215;2021-08-26 01:00:00;2021-08-26 01:30:00;101.0
1071729215;2021-08-26 01:30:00;2021-08-26 02:00:00;101.0
1071729215;2021-08-26 02:00:00;2021-08-26 02:30:00;101.0
1071729215;2021-08-26 02:30:00;2021-08-26 03:00:00;101.0
1071729215;2021-08-26 03:00:00;2021-08-26 03:30:00;95.4
1071729215;2021-08-26 03:30:00;2021-08-26 04:00:00;97.13333333333334
1071729215;2021-08-26 04:00:00;2021-08-26 04:30:00;101.03333333333333
1071729215;2021-08-26 04:30:00;2021-08-26 05:00:00;101.73333333333333
1071729215;2021-08-26 05:00:00;2021-08-26 05:30:00;97.4
1071729215;2021-08-26 05:30:00;2021-08-26 06:00:00;111.39285714285714
1071729215;2021-08-26 06:00:00;2021-08-26 06:30:00;99.25
1071729215;2021-08-26 06:30:00;2021-08-26 07:00:00;93.93333333333334
1071729215;2021-08-26 07:00:00;2021-08-26 07:30:00;95.1
1071729215;2021-08-26 07:30:00;2021-08-26 08:00:00;108.06666666666666
1071729215;2021-08-26 08:00:00;2021-08-26 08:30:00;95.8
1071729215;2021-08-26 08:30:00;2021-08-26 09:00:00;92.7
1071729215;2021-08-26 09:00:00;2021-08-26 09:30:00;104.46666666666667
1071729215;2021-08-26 09:30:00;2021-08-26 10:00:00;91.23333333333333
1071729215;2021-08-26 10:00:00;2021-08-26 10:30:00;85.1
1071729215;2021-08-26 10:30:00;2021-08-26 11:00:00;85.56666666666666
1071729215;2021-08-26 11:00:00;2021-08-26 11:30:00;105.76666666666667
1071729215;2021-08-26 11:30:00;2021-08-26 12:00:00;98.0
1071729215;2021-08-26 12:00:00;2021-08-26 12:30:00;99.03333333333333
1071729215;2021-08-26 12:30:00;2021-08-26 13:00:00;93.16666666666667
1071729215;2021-08-26 13:00:00;2021-08-26 13:30:00;92.4
1071729215;2021-08-26 13:30:00;2021-08-26 14:00:00;94.66666666666667
1071729215;2021-08-26 14:00:00;2021-08-26 14:30:00;105.26666666666667
1071729215;2021-08-26 14:30:00;2021-08-26 15:00:00;94.53333333333333
1071729215;2021-08-26 15:00:00;2021-08-26 15:30:00;109.16666666666667
1071729215;2021-08-26 15:30:00;2021-08-26 16:00:00;107.93333333333334
1071729215;2021-08-26 16:00:00;2021-08-26 16:30:00;104.86206896551724
1071729215;2021-08-26 16:30:00;2021-08-26 17:00:00;96.43333333333334
1071729215;2021-08-26 17:00:00;2021-08-26 17:30:00;103.06666666666666
1071729215;2021-08-26 17:30:00;2021-08-26 18:00:00;100.93103448275862
1071729215;2021-08-26 18:00:00;2021-08-26 18:30:00;89.96666666666667
1071729215;2021-08-26 18:30:00;2021-08-26 19:00:00;100.26666666666667
1071729215;2021-08-26 19:00:00;2021-08-26 19:30:00;106.26666666666667
1071729215;2021-08-26 19:30:00;2021-08-26 20:00:00;95.4
1071729215;2021-08-26 20:00:00;2021-08-26 20:30:00;111.46666666666667
1071729215;2021-08-26 20:30:00;2021-08-26 21:00:00;109.7
1071729215;2021-08-26 21:00:00;2021-08-26 21:30:00;99.76666666666667
1071729215;2021-08-26 21:30:00;2021-08-26 22:00:00;92.66666666666667
1071729215;2021-08-26 22:00:00;2021-08-26 22:30:00;87.7
1071729215;2021-08-26 22:30:00;2021-08-26 23:00:00;94.16666666666667
1071729215;2021-08-26 23:00:00;2021-08-26 23:30:00;94.3
1071729215;2021-08-26 23:30:00;2021-08-26 23:59:59;87.4
1071729215;2021-08-27 00:00:00;2021-08-27 00:30:00;101.0
1071729215;2021-08-27 00:30:00;2021-08-27 01:00:00;92.3
1071729215;2021-08-27 01:00:00;2021-08-27 01:30:00;98.6
1071729215;2021-08-27 01:30:00;2021-08-27 02:00:00;92.03333333333333
1071729215;2021-08-27 02:00:00;2021-08-27 02:30:00;101.0
1071729215;2021-08-27 02:30:00;2021-08-27 03:00:00;101.0
1071729215;2021-08-27 03:00:00;2021-08-27 03:30:00;110.93333333333334
1071729215;2021-08-27 03:30:00;2021-08-27 04:00:00;105.56666666666666
1071729215;2021-08-27 04:00:00;2021-08-27 04:30:00;115.76666666666667
1071729215;2021-08-27 04:30:00;2021-08-27 05:00:00;94.2
1071729215;2021-08-27 05:00:00;2021-08-27 05:30:00;103.8
1071729215;2021-08-27 05:30:00;2021-08-27 06:00:00;96.13333333333334
1071729215;2021-08-27 06:00:00;2021-08-27 06:30:00;100.9
1071729215;2021-08-27 06:30:00;2021-08-27 07:00:00;94.03333333333333
1071729215;2021-08-27 07:00:00;2021-08-27 07:30:00;93.53333333333333
1071729215;2021-08-27 07:30:00;2021-08-27 08:00:00;93.56666666666666
1071729215;2021-08-27 08:00:00;2021-08-27 08:30:00;92.33333333333333
1071729215;2021-08-27 08:30:00;2021-08-27 09:00:00;102.16666666666667
1071729215;2021-08-27 09:00:00;2021-08-27 09:30:00;104.03333333333333
1071729215;2021-08-27 09:30:00;2021-08-27 10:00:00;91.86666666666666
1071729215;2021-08-27 10:00:00;2021-08-27 10:30:00;90.06666666666666
1071729215;2021-08-27 10:30:00;2021-08-27 11:00:00;103.83333333333333
1071729215;2021-08-27 11:00:00;2021-08-27 11:30:00;103.86666666666666
1071729215;2021-08-27 11:30:00;2021-08-27 12:00:00;102.46428571428571
1071729215;2021-08-27 12:00:00;2021-08-27 12:30:00;108.3
1071729215;2021-08-27 12:30:00;2021-08-27 13:00:00;92.53333333333333
1071729215;2021-08-27 13:00:00;2021-08-27 13:30:00;91.73333333333333
1071729215;2021-08-27 13:30:00;2021-08-27 14:00:00;98.9
1071729215;2021-08-27 14:00:00;2021-08-27 14:30:00;83.63333333333334
1071729215;2021-08-27 14:30:00;2021-08-27 15:00:00;90.2
1071729215;2021-08-27 15:00:00;2021-08-27 15:30:00;99.26666666666667
1071729215;2021-08-27 15:30:00;2021-08-27 16:00:00;91.5
1071729215;2021-08-27 16:00:00;2021-08-27 16:30:00;92.6
1071729215;2021-08-27 16:30:00;2021-08-27 17:00:00;103.66666666666667
1071729215;2021-08-27 17:00:00;2021-08-27 17:30:00;106.8
1071729215;2021-08-27 17:30:00;2021-08-27 18:00:00;96.33333333333333
1071729215;2021-08-27 18:00:00;2021-08-27 18:30:00;107.6
1071729215;2021-08-27 18:30:00;2021-08-27 19:00:00;94.13333333333334
1071729215;2021-08-27 19:00:00;2021-08-27 19:30:00;91.43333333333334
1071729215;2021-08-27 19:30:00;2021-08-27 20:00:00;103.66666666666667
1071729215;2021-08-27 20:00:00;2021-08-27 20:30:00;92.5
1071729215;2021-08-27 20:30:00;2021-08-27 21:00:00;105.4
1071729215;2021-08-27 21:00:00;2021-08-27 21:30:00;97.1
1071729215;2021-08-27 21:30:00;2021-08-27 22:00:00;110.36666666666666
1071729215;2021-08-27 22:00:00;2021-08-27 22:30:00;99.1
1071729215;2021-08-27 22:30:00;2021-08-27 23:00:00;94.2
1071729215;2021-08-27 23:00:00;2021-08-27 23:30:00;97.43333333333334
1071729215;2021-08-27 23:30:00;2021-08-27 23:59:59;97.06666666666666
1071729215;2021-08-28 00:00:00;2021-08-28 00:30:00;105.26666666666667
1071729215;2021-08-28 00:30:00;2021-08-28 01:00:00;93.9
1071729215;2021-08-28 01:00:00;2021-08-28 01:30:00;99.26666666666667
1071729215;2021-08-28 01:30:00;2021-08-28 02:00:00;95.53333333333333
1071729215;2021-08-28 02:00:00;2021-08-28 02:30:00;100.96666666666667
1071729215;2021-08-28 02:30:00;2021-08-28 03:00:00;94.96666666666667
1071729215;2021-08-28 03:00:00;2021-08-28 03:30:00;97.6
1071729215;2021-08-28 03:30:00;2021-08-28 04:00:00;97.7
1071729215;2021-08-28 04:00:00;2021-08-28 04:30:00;91.73333333333333
1071729215;2021-08-28 04:30:00;2021-08-28 05:00:00;89.1
1071729215;2021-08-28 05:00:00;2021-08-28 05:30:00;98.0
1071729215;2021-08-28 05:30:00;2021-08-28 06:00:00;93.0
1071729215;2021-08-28 06:00:00;2021-08-28 06:30:00;102.06666666666666
1071729215;2021-08-28 06:30:00;2021-08-28 07:00:00;103.16666666666667
1071729215;2021-08-28 07:00:00;2021-08-28 07:30:00;95.8
1071729215;2021-08-28 07:30:00;2021-08-28 08:00:00;101.66666666666667
1071729215;2021-08-28 08:00:00;2021-08-28 08:30:00;90.86666666666666
1071729215;2021-08-28 08:30:00;2021-08-28 09:00:00;112.46666666666667
1071729215;2021-08-28 09:00:00;2021-08-28 09:30:00;106.16666666666667
1071729215;2021-08-28 09:30:00;2021-08-28 10:00:00;99.03333333333333
1071729215;2021-08-28 10:00:00;2021-08-28 10:30:00;110.4
1071729215;2021-08-28 10:30:00;2021-08-28 11:00:00;111.56666666666666
1071729215;2021-08-28 11:00:00;2021-08-28 11:30:00;102.73333333333333
1071729215;2021-08-28 11:30:00;2021-08-28 12:00:00;103.83333333333333
1071729215;2021-08-28 12:00:00;2021-08-28 12:30:00;121.26666666666667
1071729215;2021-08-28 12:30:00;2021-08-28 13:00:00;108.96666666666667
1071729215;2021-08-28 13:00:00;2021-08-28 13:30:00;116.46666666666667
1071729215;2021-08-28 13:30:00;2021-08-28 14:00:00;89.33333333333333
1071729215;2021-08-28 14:00:00;2021-08-28 14:30:00;94.56666666666666
1071729215;2021-08-28 14:30:00;2021-08-28 15:00:00;116.33333333333333
1071729215;2021-08-28 15:00:00;2021-08-28 15:30:00;110.53333333333333
1071729215;2021-08-28 15:30:00;2021-08-28 16:00:00;105.66666666666667
1071729215;2021-08-28 16:00:00;2021-08-28 16:30:00;98.86666666666666
1071729215;2021-08-28 16:30:00;2021-08-28 17:00:00;101.16666666666667
1071729215;2021-08-28 17:00:00;2021-08-28 17:30:00;108.56666666666666
1071729215;2021-08-28 17:30:00;2021-08-28 18:00:00;111.96666666666667
1071729215;2021-08-28 18:00:00;2021-08-28 18:30:00;107.66666666666667
1071729215;2021-08-28 18:30:00;2021-08-28 19:00:00;103.6
1071729215;2021-08-28 19:00:00;2021-08-28 19:30:00;110.03333333333333
1071729215;2021-08-28 19:30:00;2021-08-28 20:00:00;106.7
1071729215;2021-08-28 20:00:00;2021-08-28 20:30:00;96.63333333333334
1071729215;2021-08-28 20:30:00;2021-08-28 21:00:00;108.13333333333334
1071729215;2021-08-28 21:00:00;2021-08-28 21:30:00;101.13333333333334
1071729215;2021-08-28 21:30:00;2021-08-28 22:00:00;104.06666666666666
1071729215;2021-08-28 22:00:00;2021-08-28 22:30:00;111.73333333333333
1071729215;2021-08-28 22:30:00;2021-08-28 23:00:00;102.03333333333333
1071729215;2021-08-28 23:00:00;2021-08-28 23:30:00;103.53333333333333
1071729215;2021-08-28 23:30:00;2021-08-28 23:59:59;104.46666666666667
1071729215;2021-08-29 00:00:00;2021-08-29 00:30:00;106.26666666666667
1071729215;2021-08-29 00:30:00;2021-08-29 01:00:00;102.33333333333333
1071729215;2021-08-29 01:00:00;2021-08-29 01:30:00;115.9
1071729215;2021-08-29 01:30:00;2021-08-29 02:00:00;104.33333333333333
1071729215;2021-08-29 02:00:00;2021-08-29 02:30:00;101.0
1071729215;2021-08-29 02:30:00;2021-08-29 03:00:00;101.0
1071729215;2021-08-29 03:00:00;2021-08-29 03:30:00;95.0
1071729215;2021-08-29 03:30:00;2021-08-29 04:00:00;95.0
1071729215;2021-08-29 04:00:00;2021-08-29 04:30:00;105.0
1071729215;2021-08-29 04:30:00;2021-08-29 05:00:00;101.0
1071729215;2021-08-29 05:00:00;2021-08-29 05:30:00;100.06666666666666
1071729215;2021-08-29 05:30:00;2021-08-29 06:00:00;109.0
1071729215;2021-08-29 06:00:00;2021-08-29 06:30:00;102.96666666666667
1071729215;2021-08-29 06:30:00;2021-08-29 07:00:00;98.06666666666666
1071729215;2021-08-29 07:00:00;2021-08-29 07:30:00;111.5
1071729215;2021-08-29 07:30:00;2021-08-29 08:00:00;100.06666666666666
1071729215;2021-08-29 08:00:00;2021-08-29 08:30:00;108.86666666666666
1071729215;2021-08-29 08:30:00;2021-08-29 09:00:00;106.5
1071729215;2021-08-29 09:00:00;2021-08-29 09:30:00;95.23333333333333
1071729215;2021-08-29 09:30:00;2021-08-29 10:00:00;111.73333333333333
1071729215;2021-08-29 10:00:00;2021-08-29 10:30:00;104.1
1071729215;2021-08-29 10:30:00;2021-08-29 11:00:00;106.43333333333334
1071729215;2021-08-29 11:00:00;2021-08-29 11:30:00;105.63333333333334
1071729215;2021-08-29 11:30:00;2021-08-29 12:00:00;95.13333333333334
1071729215;2021-08-29 12:00:00;2021-08-29 12:30:00;104.0
1071729215;2021-08-29 12:30:00;2021-08-29 13:00:00;97.93333333333334
1071729215;2021-08-29 13:00:00;2021-08-29 13:30:00;86.86666666666666
1071729215;2021-08-29 13:30:00;2021-08-29 14:00:00;87.06666666666666
1071729215;2021-08-29 14:00:00;2021-08-29 14:30:00;90.56666666666666
1071729215;2021-08-29 14:30:00;2021-08-29 15:00:00;94.83333333333333
1071729215;2021-08-29 15:00:00;2021-08-29 15:30:00;91.06666666666666
1071729215;2021-08-29 15:30:00;2021-08-29 16:00:00;91.23333333333333
1071729215;2021-08-29 16:00:00;2021-08-29 16:30:00;86.86666666666666
1071729215;2021-08-29 16:30:00;2021-08-29 17:00:00;87.56666666666666
1071729215;2021-08-29 17:00:00;2021-08-29 17:30:00;94.06666666666666
1071729215;2021-08-29 17:30:00;2021-08-29 18:00:00;96.48275862068965
1071729215;2021-08-29 18:00:00;2021-08-29 18:30:00;112.2
1071729215;2021-08-29 18:30:00;2021-08-29 19:00:00;103.13333333333334
1071729215;2021-08-29 19:00:00;2021-08-29 19:30:00;90.66666666666667
1071729215;2021-08-29 19:30:00;2021-08-29 20:00:00;84.43333333333334
1071729215;2021-08-29 20:00:00;2021-08-29 20:30:00;103.2
1071729215;2021-08-29 20:30:00;2021-08-29 21:00:00;105.5
1071729215;2021-08-29 21:00:00;2021-08-29 21:30:00;107.66666666666667
1071729215;2021-08-29 21:30:00;2021-08-29 22:00:00;103.66666666666667
1071729215;2021-08-29 22:00:00;2021-08-29 22:30:00;105.1
1071729215;2021-08-29 22:30:00;2021-08-29 23:00:00;94.13333333333334
1071729215;2021-08-29 23:00:00;2021-08-29 23:30:00;105.8
1071729215;2021-08-29 23:30:00;2021-08-29 23:59:59;93.63333333333334
1071729215;2021-08-30 00:00:00;2021-08-30 00:30:00;96.8
1071729215;2021-08-30 00:30:00;2021-08-30 01:00:00;83.86666666666666
1071729215;2021-08-30 01:00:00;2021-08-30 01:30:00;91.1
1071729215;2021-08-30 01:30:00;2021-08-30 02:00:00;98.96666666666667
1071729215;2021-08-30 02:00:00;2021-08-30 02:30:00;99.43333333333334
1071729215;2021-08-30 02:30:00;2021-08-30 03:00:00;110.16666666666667
1071729215;2021-08-30 03:00:00;2021-08-30 03:30:00;105.06666666666666
1071729215;2021-08-30 03:30:00;2021-08-30 04:00:00;96.8
1071729215;2021-08-30 04:00:00;2021-08-30 04:30:00;108.4
1071729215;2021-08-30 04:30:00;2021-08-30 05:00:00;88.66666666666667
1071729215;2021-08-30 05:00:00;2021-08-30 05:30:00;95.0
1071729215;2021-08-30 05:30:00;2021-08-30 06:00:00;100.23333333333333
1071729215;2021-08-30 06:00:00;2021-08-30 06:30:00;111.53333333333333
1071729215;2021-08-30 06:30:00;2021-08-30 07:00:00;108.0
1071729215;2021-08-30 07:00:00;2021-08-30 07:30:00;103.36666666666666
1071729215;2021-08-30 07:30:00;2021-08-30 08:00:00;95.4
1071729215;2021-08-30 08:00:00;2021-08-30 08:30:00;92.43333333333334
1071729215;2021-08-30 08:30:00;2021-08-30 09:00:00;100.43333333333334
1071729215;2021-08-30 09:00:00;2021-08-30 09:30:00;100.66666666666667
1071729215;2021-08-30 09:30:00;2021-08-30 10:00:00;87.5
1071729215;2021-08-30 10:00:00;2021-08-30 10:30:00;87.05882352941177
1071729215;2021-08-30 10:30:00;2021-08-30 11:00:00;103.7
1071729215;2021-08-30 11:00:00;2021-08-30 11:30:00;87.33333333333333
1071729215;2021-08-30 11:30:00;2021-08-30 12:00:00;105.33333333333333
1071729215;2021-08-30 12:00:00;2021-08-30 12:30:00;102.86666666666666
1071729215;2021-08-30 12:30:00;2021-08-30 13:00:00;102.36666666666666
1071729215;2021-08-30 13:00:00;2021-08-30 13:30:00;101.53333333333333
1071729215;2021-08-30 13:30:00;2021-08-30 14:00:00;94.8
1071729215;2021-08-30 14:00:00;2021-08-30 14:30:00;88.8
1071729215;2021-08-30 14:30:00;2021-08-30 15:00:00;94.0
1071729215;2021-08-30 15:00:00;2021-08-30 15:30:00;98.8
1071729215;2021-08-30 15:30:00;2021-08-30 16:00:00;94.93333333333334
1071729215;2021-08-30 16:00:00;2021-08-30 16:30:00;96.3
1071729215;2021-08-30 16:30:00;2021-08-30 17:00:00;94.1
1071729215;2021-08-30 17:00:00;2021-08-30 17:30:00;102.0
1071729215;2021-08-30 17:30:00;2021-08-30 18:00:00;108.83333333333333
1071729215;2021-08-30 18:00:00;2021-08-30 18:30:00;93.5
1071729215;2021-08-30 18:30:00;2021-08-30 19:00:00;96.23333333333333
1071729215;2021-08-30 19:00:00;2021-08-30 19:30:00;97.53333333333333
1071729215;2021-08-30 19:30:00;2021-08-30 20:00:00;90.96666666666667
1071729215;2021-08-30 20:00:00;2021-08-30 20:30:00;97.1
1071729215;2021-08-30 20:30:00;2021-08-30 21:00:00;94.9
1071729215;2021-08-30 21:00:00;2021-08-30 21:30:00;96.73333333333333
1071729215;2021-08-30 21:30:00;2021-08-30 22:00:00;108.0
1071729215;2021-08-30 22:00:00;2021-08-30 22:30:00;102.53333333333333
1071729215;2021-08-30 22:30:00;2021-08-30 23:00:00;90.2
1071729215;2021-08-30 23:00:00;2021-08-30 23:30:00;101.66666666666667
1071729215;2021-08-30 23:30:00;2021-08-30 23:59:59;97.8
1071729215;2021-08-31 00:00:00;2021-08-31 00:30:00;100.46666666666667
1071729215;2021-08-31 00:30:00;2021-08-31 01:00:00;101.0
1071729215;2021-08-31 01:00:00;2021-08-31 01:30:00;101.0
1071729215;2021-08-31 01:30:00;2021-08-31 02:00:00;98.96666666666667
1071729215;2021-08-31 02:00:00;2021-08-31 02:30:00;97.4
1071729215;2021-08-31 02:30:00;2021-08-31 03:00:00;101.0
1071729215;2021-08-31 03:00:00;2021-08-31 03:30:00;93.0
1071729215;2021-08-31 03:30:00;2021-08-31 04:00:00;92.33333333333333
1071729215;2021-08-31 04:00:00;2021-08-31 04:30:00;91.0
1071729215;2021-08-31 04:30:00;2021-08-31 05:00:00;106.03333333333333
1071729215;2021-08-31 05:00:00;2021-08-31 05:30:00;96.33333333333333
1071729215;2021-08-31 05:30:00;2021-08-31 06:00:00;107.9
1071729215;2021-08-31 06:00:00;2021-08-31 06:30:00;100.16666666666667
1071729215;2021-08-31 06:30:00;2021-08-31 07:00:00;91.93333333333334
1071729215;2021-08-31 07:00:00;2021-08-31 07:30:00;103.13333333333334
1071729215;2021-08-31 07:30:00;2021-08-31 08:00:00;108.46666666666667
1071729215;2021-08-31 08:00:00;2021-08-31 08:30:00;88.1
1071729215;2021-08-31 08:30:00;2021-08-31 09:00:00;100.43333333333334
1071729215;2021-08-31 09:00:00;2021-08-31 09:30:00;96.6
1071729215;2021-08-31 09:30:00;2021-08-31 10:00:00;89.16666666666667
1071729215;2021-08-31 10:00:00;2021-08-31 10:30:00;96.73333333333333
1071729215;2021-08-31 10:30:00;2021-08-31 11:00:00;97.86666666666666
1071729215;2021-08-31 11:00:00;2021-08-31 11:30:00;94.03333333333333
1071729215;2021-08-31 11:30:00;2021-08-31 12:00:00;93.53333333333333
1071729215;2021-08-31 12:00:00;2021-08-31 12:30:00;88.53333333333333
1071729215;2021-08-31 12:30:00;2021-08-31 13:00:00;98.13333333333334
1071729215;2021-08-31 13:00:00;2021-08-31 13:30:00;103.16666666666667
1071729215;2021-08-31 13:30:00;2021-08-31 14:00:00;105.0
1071729215;2021-08-31 14:00:00;2021-08-31 14:30:00;96.33333333333333
1071729215;2021-08-31 14:30:00;2021-08-31 15:00:00;85.93333333333334
1071729215;2021-08-31 15:00:00;2021-08-31 15:30:00;98.56666666666666
1071729215;2021-08-31 15:30:00;2021-08-31 16:00:00;93.8
1071729215;2021-08-31 16:00:00;2021-08-31 16:30:00;96.2
1071729215;2021-08-31 16:30:00;2021-08-31 17:00:00;108.9
1071729215;2021-08-31 17:00:00;2021-08-31 17:30:00;96.5
1071729215;2021-08-31 17:30:00;2021-08-31 18:00:00;98.16666666666667
1071729215;2021-08-31 18:00:00;2021-08-31 18:30:00;99.26666666666667
1071729215;2021-08-31 18:30:00;2021-08-31 19:00:00;105.36666666666666
1071729215;2021-08-31 19:00:00;2021-08-31 19:30:00;97.6
1071729215;2021-08-31 19:30:00;2021-08-31 20:00:00;107.23333333333333
1071729215;2021-08-31 20:00:00;2021-08-31 20:30:00;94.93333333333334
1071729215;2021-08-31 20:30:00;2021-08-31 21:00:00;99.73333333333333
1071729215;2021-08-31 21:00:00;2021-08-31 21:30:00;98.73333333333333
1071729215;2021-08-31 21:30:00;2021-08-31 22:00:00;101.73333333333333
1071729215;2021-08-31 22:00:00;2021-08-31 22:30:00;90.83333333333333
1071729215;2021-08-31 22:30:00;2021-08-31 23:00:00;101.0
1071729215;2021-08-31 23:00:00;2021-08-31 23:30:00;93.66666666666667
1071729215;2021-08-31 23:30:00;2021-08-31 23:59:59;106.56666666666666
1071729215;2021-09-01 00:00:00;2021-09-01 00:30:00;101.0
1071729215;2021-09-01 00:30:00;2021-09-01 01:00:00;101.0
1071729215;2021-09-01 01:00:00;2021-09-01 01:30:00;101.0
1071729215;2021-09-01 01:30:00;2021-09-01 02:00:00;101.0
1071729215;2021-09-01 02:00:00;2021-09-01 02:30:00;95.66666666666667
1071729215;2021-09-01 02:30:00;2021-09-01 03:00:00;98.13333333333334
1071729215;2021-09-01 03:00:00;2021-09-01 03:30:00;93.8
1071729215;2021-09-01 03:30:00;2021-09-01 04:00:00;97.76666666666667
1071729215;2021-09-01 04:00:00;2021-09-01 04:30:00;101.56666666666666
1071729215;2021-09-01 04:30:00;2021-09-01 05:00:00;103.16666666666667
1071729215;2021-09-01 05:00:00;2021-09-01 05:30:00;98.33333333333333
1071729215;2021-09-01 05:30:00;2021-09-01 06:00:00;102.13333333333334
1071729215;2021-09-01 06:00:00;2021-09-01 06:30:00;89.06666666666666
1071729215;2021-09-01 06:30:00;2021-09-01 07:00:00;95.83333333333333
1071729215;2021-09-01 07:00:00;2021-09-01 07:30:00;95.96666666666667
1071729215;2021-09-01 07:30:00;2021-09-01 08:00:00;85.23333333333333
1071729215;2021-09-01 08:00:00;2021-09-01 08:30:00;93.36666666666666
1071729215;2021-09-01 08:30:00;2021-09-01 09:00:00;97.75862068965517
1071729215;2021-09-01 09:00:00;2021-09-01 09:30:00;96.2
1071729215;2021-09-01 09:30:00;2021-09-01 10:00:00;91.96666666666667
1071729215;2021-09-01 10:00:00;2021-09-01 10:30:00;87.13333333333334
1071729215;2021-09-01 10:30:00;2021-09-01 11:00:00;84.56666666666666
1071729215;2021-09-01 11:00:00;2021-09-01 11:30:00;89.1
1071729215;2021-09-01 11:30:00;2021-09-01 12:00:00;58.93333333333333
1071729215;2021-09-01 12:00:00;2021-09-01 12:30:00;101.36666666666666
1071729215;2021-09-01 12:30:00;2021-09-01 13:00:00;89.6
1071729215;2021-09-01 13:00:00;2021-09-01 13:30:00;95.1
1071729215;2021-09-01 13:30:00;2021-09-01 14:00:00;103.6
1071729215;2021-09-01 14:00:00;2021-09-01 14:30:00;98.66666666666667
1071729215;2021-09-01 14:30:00;2021-09-01 15:00:00;95.03333333333333
1071729215;2021-09-01 15:00:00;2021-09-01 15:30:00;94.6
1071729215;2021-09-01 15:30:00;2021-09-01 16:00:00;99.9
1071729215;2021-09-01 16:00:00;2021-09-01 16:30:00;104.03333333333333
1071729215;2021-09-01 16:30:00;2021-09-01 17:00:00;106.9
1071729215;2021-09-01 17:00:00;2021-09-01 17:30:00;95.66666666666667
1071729215;2021-09-01 17:30:00;2021-09-01 18:00:00;100.5
1071729215;2021-09-01 18:00:00;2021-09-01 18:30:00;110.83333333333333
1071729215;2021-09-01 18:30:00;2021-09-01 19:00:00;115.03333333333333
1071729215;2021-09-01 19:00:00;2021-09-01 19:30:00;99.63333333333334
1071729215;2021-09-01 19:30:00;2021-09-01 20:00:00;110.63333333333334
1071729215;2021-09-01 20:00:00;2021-09-01 20:30:00;101.53333333333333
1071729215;2021-09-01 20:30:00;2021-09-01 21:00:00;100.9
1071729215;2021-09-01 21:00:00;2021-09-01 21:30:00;99.56666666666666
1071729215;2021-09-01 21:30:00;2021-09-01 22:00:00;99.13333333333334
1071729215;2021-09-01 22:00:00;2021-09-01 22:30:00;87.0
1071729215;2021-09-01 22:30:00;2021-09-01 23:00:00;95.26666666666667
1071729215;2021-09-01 23:00:00;2021-09-01 23:30:00;99.06666666666666
1071729215;2021-09-01 23:30:00;2021-09-01 23:59:59;94.46666666666667
1071729215;2021-09-02 00:00:00;2021-09-02 00:30:00;100.7
1071729215;2021-09-02 00:30:00;2021-09-02 01:00:00;84.63333333333334
1071729215;2021-09-02 01:00:00;2021-09-02 01:30:00;101.06666666666666
1071729215;2021-09-02 01:30:00;2021-09-02 02:00:00;92.46666666666667
1071729215;2021-09-02 02:00:00;2021-09-02 02:30:00;96.53333333333333
1071729215;2021-09-02 02:30:00;2021-09-02 03:00:00;99.16666666666667
1071729215;2021-09-02 03:00:00;2021-09-02 03:30:00;89.8
1071729215;2021-09-02 03:30:00;2021-09-02 04:00:00;99.23333333333333
1071729215;2021-09-02 04:00:00;2021-09-02 04:30:00;95.36666666666666
1071729215;2021-09-02 04:30:00;2021-09-02 05:00:00;100.66666666666667
1071729215;2021-09-02 05:00:00;2021-09-02 05:30:00;98.9
1071729215;2021-09-02 05:30:00;2021-09-02 06:00:00;103.5
1071729215;2021-09-02 06:00:00;2021-09-02 06:30:00;103.33333333333333
1071729215;2021-09-02 06:30:00;2021-09-02 07:00:00;87.66666666666667
1071729215;2021-09-02 07:00:00;2021-09-02 07:30:00;95.96666666666667
1071729215;2021-09-02 07:30:00;2021-09-02 08:00:00;101.8
1071729215;2021-09-02 08:00:00;2021-09-02 08:30:00;109.06666666666666
1071729215;2021-09-02 08:30:00;2021-09-02 09:00:00;108.26666666666667
1071729215;2021-09-02 09:00:00;2021-09-02 09:30:00;96.6
1071729215;2021-09-02 09:30:00;2021-09-02 10:00:00;101.03333333333333
1071729215;2021-09-02 10:00:00;2021-09-02 10:30:00;90.83333333333333
1071729215;2021-09-02 10:30:00;2021-09-02 11:00:00;99.26666666666667
1071729215;2021-09-02 11:00:00;2021-09-02 11:30:00;107.53333333333333
1071729215;2021-09-02 11:30:00;2021-09-02 12:00:00;97.76666666666667
1071729215;2021-09-02 12:00:00;2021-09-02 12:30:00;95.33333333333333
1071729215;2021-09-02 12:30:00;2021-09-02 13:00:00;88.7
1071729215;2021-09-02 13:00:00;2021-09-02 13:30:00;107.9
1071729215;2021-09-02 13:30:00;2021-09-02 14:00:00;89.9
1071729215;2021-09-02 14:00:00;2021-09-02 14:30:00;97.2
1071729215;2021-09-02 14:30:00;2021-09-02 15:00:00;91.1
1071729215;2021-09-02 15:00:00;2021-09-02 15:30:00;107.53333333333333
1071729215;2021-09-02 15:30:00;2021-09-02 16:00:00;100.7
1071729215;2021-09-02 16:00:00;2021-09-02 16:30:00;109.8
1071729215;2021-09-02 16:30:00;2021-09-02 17:00:00;114.03333333333333
1071729215;2021-09-02 17:00:00;2021-09-02 17:30:00;106.2
1071729215;2021-09-02 17:30:00;2021-09-02 18:00:00;105.53333333333333
1071729215;2021-09-02 18:00:00;2021-09-02 18:30:00;109.93333333333334
1071729215;2021-09-02 18:30:00;2021-09-02 19:00:00;111.06666666666666
1071729215;2021-09-02 19:00:00;2021-09-02 19:30:00;110.53333333333333
1071729215;2021-09-02 19:30:00;2021-09-02 20:00:00;94.06666666666666
1071729215;2021-09-02 20:00:00;2021-09-02 20:30:00;103.33333333333333
1071729215;2021-09-02 20:30:00;2021-09-02 21:00:00;105.83333333333333
1071729215;2021-09-02 21:00:00;2021-09-02 21:30:00;96.26666666666667
1071729215;2021-09-02 21:30:00;2021-09-02 22:00:00;104.16666666666667
1071729215;2021-09-02 22:00:00;2021-09-02 22:30:00;94.86666666666666
1071729215;2021-09-02 22:30:00;2021-09-02 23:00:00;93.23333333333333
1071729215;2021-09-02 23:00:00;2021-09-02 23:30:00;97.66666666666667
1071729215;2021-09-02 23:30:00;2021-09-02 23:59:59;96.53333333333333
1071729215;2021-09-03 00:00:00;2021-09-03 00:30:00;96.0
1071729215;2021-09-03 00:30:00;2021-09-03 01:00:00;100.13333333333334
1071729215;2021-09-03 01:00:00;2021-09-03 01:30:00;96.16666666666667
1071729215;2021-09-03 01:30:00;2021-09-03 02:00:00;93.36666666666666
1071729215;2021-09-03 02:00:00;2021-09-03 02:30:00;96.83333333333333
1071729215;2021-09-03 02:30:00;2021-09-03 03:00:00;92.53333333333333
1071729215;2021-09-03 03:00:00;2021-09-03 03:30:00;90.33333333333333
1071729215;2021-09-03 03:30:00;2021-09-03 04:00:00;97.1
1071729215;2021-09-03 04:00:00;2021-09-03 04:30:00;85.6
1071729215;2021-09-03 04:30:00;2021-09-03 05:00:00;103.0
1071729215;2021-09-03 05:00:00;2021-09-03 05:30:00;97.5
1071729215;2021-09-03 05:30:00;2021-09-03 06:00:00;103.23333333333333
1071729215;2021-09-03 06:00:00;2021-09-03 06:30:00;95.8
1071729215;2021-09-03 06:30:00;2021-09-03 07:00:00;104.9
1071729215;2021-09-03 07:00:00;2021-09-03 07:30:00;102.03333333333333
1071729215;2021-09-03 07:30:00;2021-09-03 08:00:00;97.3
1071729215;2021-09-03 08:00:00;2021-09-03 08:30:00;110.43333333333334
1071729215;2021-09-03 08:30:00;2021-09-03 09:00:00;84.26666666666667
1071729215;2021-09-03 09:00:00;2021-09-03 09:30:00;100.46666666666667
1071729215;2021-09-03 09:30:00;2021-09-03 10:00:00;98.1
1071729215;2021-09-03 10:00:00;2021-09-03 10:30:00;101.03333333333333
1071729215;2021-09-03 10:30:00;2021-09-03 11:00:00;90.03333333333333
1071729215;2021-09-03 11:00:00;2021-09-03 11:30:00;101.7
1071729215;2021-09-03 11:30:00;2021-09-03 12:00:00;99.66666666666667
1071729215;2021-09-03 12:00:00;2021-09-03 12:30:00;103.26666666666667
1071729215;2021-09-03 12:30:00;2021-09-03 13:00:00;100.2
1071729215;2021-09-03 13:00:00;2021-09-03 13:30:00;94.8
1071729215;2021-09-03 13:30:00;2021-09-03 14:00:00;77.26666666666667
1071729215;2021-09-03 14:00:00;2021-09-03 14:30:00;97.53333333333333
1071729215;2021-09-03 14:30:00;2021-09-03 15:00:00;91.3
1071729215;2021-09-03 15:00:00;2021-09-03 15:30:00;103.06666666666666
1071729215;2021-09-03 15:30:00;2021-09-03 16:00:00;93.06666666666666
1071729215;2021-09-03 16:00:00;2021-09-03 16:30:00;90.93333333333334
1071729215;2021-09-03 16:30:00;2021-09-03 17:00:00;98.93333333333334
1071729215;2021-09-03 17:00:00;2021-09-03 17:30:00;102.4
1071729215;2021-09-03 17:30:00;2021-09-03 18:00:00;107.06666666666666
1071729215;2021-09-03 18:00:00;2021-09-03 18:30:00;113.06666666666666
1071729215;2021-09-03 18:30:00;2021-09-03 19:00:00;99.43333333333334
1071729215;2021-09-03 19:00:00;2021-09-03 19:30:00;104.9
1071729215;2021-09-03 19:30:00;2021-09-03 20:00:00;103.86666666666666
1071729215;2021-09-03 20:00:00;2021-09-03 20:30:00;113.66666666666667
1071729215;2021-09-03 20:30:00;2021-09-03 21:00:00;103.3
1071729215;2021-09-03 21:00:00;2021-09-03 21:30:00;116.16666666666667
1071729215;2021-09-03 21:30:00;2021-09-03 22:00:00;104.46666666666667
1071729215;2021-09-03 22:00:00;2021-09-03 22:30:00;108.2
1071729215;2021-09-03 22:30:00;2021-09-03 23:00:00;116.06666666666666
1071729215;2021-09-03 23:00:00;2021-09-03 23:30:00;94.23333333333333
1071729215;2021-09-03 23:30:00;2021-09-03 23:59:59;91.4
1071729215;2021-09-04 00:00:00;2021-09-04 00:30:00;78.6
1071729215;2021-09-04 00:30:00;2021-09-04 01:00:00;100.89655172413794
1071729215;2021-09-04 01:00:00;2021-09-04 01:30:00;100.63333333333334
1071729215;2021-09-04 01:30:00;2021-09-04 02:00:00;101.0
1071729215;2021-09-04 02:00:00;2021-09-04 02:30:00;93.06666666666666
1071729215;2021-09-04 02:30:00;2021-09-04 03:00:00;101.0
1071729215;2021-09-04 03:00:00;2021-09-04 03:30:00;101.06666666666666
1071729215;2021-09-04 03:30:00;2021-09-04 04:00:00;100.1
1071729215;2021-09-04 04:00:00;2021-09-04 04:30:00;93.9
1071729215;2021-09-04 04:30:00;2021-09-04 05:00:00;88.7
1071729215;2021-09-04 05:00:00;2021-09-04 05:30:00;93.8
1071729215;2021-09-04 05:30:00;2021-09-04 06:00:00;103.66666666666667
1071729215;2021-09-04 06:00:00;2021-09-04 06:30:00;97.76666666666667
1071729215;2021-09-04 06:30:00;2021-09-04 07:00:00;100.3
1071729215;2021-09-04 07:00:00;2021-09-04 07:30:00;107.36666666666666
1071729215;2021-09-04 07:30:00;2021-09-04 08:00:00;89.46666666666667
1071729215;2021-09-04 08:00:00;2021-09-04 08:30:00;114.6
1071729215;2021-09-04 08:30:00;2021-09-04 09:00:00;106.9
1071729215;2021-09-04 09:00:00;2021-09-04 09:30:00;98.26666666666667
1071729215;2021-09-04 09:30:00;2021-09-04 10:00:00;105.03333333333333
1071729215;2021-09-04 10:00:00;2021-09-04 10:30:00;95.86666666666666
1071729215;2021-09-04 10:30:00;2021-09-04 11:00:00;112.6
1071729215;2021-09-04 11:00:00;2021-09-04 11:30:00;105.23333333333333
1071729215;2021-09-04 11:30:00;2021-09-04 12:00:00;101.23333333333333
1071729215;2021-09-04 12:00:00;2021-09-04 12:30:00;110.5
1071729215;2021-09-04 12:30:00;2021-09-04 13:00:00;104.66666666666667
1071729215;2021-09-04 13:00:00;2021-09-04 13:30:00;105.13333333333334
1071729215;2021-09-04 13:30:00;2021-09-04 14:00:00;114.56666666666666
1071729215;2021-09-04 14:00:00;2021-09-04 14:30:00;112.63333333333334
1071729215;2021-09-04 14:30:00;2021-09-04 15:00:00;111.6
1071729215;2021-09-04 15:00:00;2021-09-04 15:30:00;107.2
1071729215;2021-09-04 15:30:00;2021-09-04 16:00:00;110.66666666666667
1071729215;2021-09-04 16:00:00;2021-09-04 16:30:00;102.63333333333334
1071729215;2021-09-04 16:30:00;2021-09-04 17:00:00;90.73333333333333
1071729215;2021-09-04 17:00:00;2021-09-04 17:30:00;112.96666666666667
1071729215;2021-09-04 17:30:00;2021-09-04 18:00:00;99.1
1071729215;2021-09-04 18:00:00;2021-09-04 18:30:00;103.53333333333333
1071729215;2021-09-04 18:30:00;2021-09-04 19:00:00;100.96666666666667
1071729215;2021-09-04 19:00:00;2021-09-04 19:30:00;94.36666666666666
1071729215;2021-09-04 19:30:00;2021-09-04 20:00:00;106.5
1071729215;2021-09-04 20:00:00;2021-09-04 20:30:00;116.5
1071729215;2021-09-04 20:30:00;2021-09-04 21:00:00;114.53333333333333
1071729215;2021-09-04 21:00:00;2021-09-04 21:30:00;103.56666666666666
1071729215;2021-09-04 21:30:00;2021-09-04 22:00:00;101.06666666666666
1071729215;2021-09-04 22:00:00;2021-09-04 22:30:00;89.8
1071729215;2021-09-04 22:30:00;2021-09-04 23:00:00;81.13333333333334
1071729215;2021-09-04 23:00:00;2021-09-04 23:30:00;84.66666666666667
1071729215;2021-09-04 23:30:00;2021-09-04 23:59:59;95.4
1071729215;2021-09-05 00:00:00;2021-09-05 00:30:00;101.0
1071729215;2021-09-05 00:30:00;2021-09-05 01:00:00;101.23333333333333
1071729215;2021-09-05 01:00:00;2021-09-05 01:30:00;101.8
1071729215;2021-09-05 01:30:00;2021-09-05 02:00:00;101.0
1071729215;2021-09-05 02:00:00;2021-09-05 02:30:00;101.0
1071729215;2021-09-05 02:30:00;2021-09-05 03:00:00;101.0
1071729215;2021-09-05 03:00:00;2021-09-05 03:30:00;95.2
1071729215;2021-09-05 03:30:00;2021-09-05 04:00:00;109.33333333333333
1071729215;2021-09-05 04:00:00;2021-09-05 04:30:00;102.23333333333333
1071729215;2021-09-05 04:30:00;2021-09-05 05:00:00;92.2
1071729215;2021-09-05 05:00:00;2021-09-05 05:30:00;107.5
1071729215;2021-09-05 05:30:00;2021-09-05 06:00:00;107.26666666666667
1071729215;2021-09-05 06:00:00;2021-09-05 06:30:00;109.0
1071729215;2021-09-05 06:30:00;2021-09-05 07:00:00;110.06666666666666
1071729215;2021-09-05 07:00:00;2021-09-05 07:30:00;118.56666666666666
1071729215;2021-09-05 07:30:00;2021-09-05 08:00:00;108.26666666666667
1071729215;2021-09-05 08:00:00;2021-09-05 08:30:00;110.4
1071729215;2021-09-05 08:30:00;2021-09-05 09:00:00;105.43333333333334
1071729215;2021-09-05 09:00:00;2021-09-05 09:30:00;111.93333333333334
1071729215;2021-09-05 09:30:00;2021-09-05 10:00:00;99.86666666666666
1071729215;2021-09-05 10:00:00;2021-09-05 10:30:00;98.9
1071729215;2021-09-05 10:30:00;2021-09-05 11:00:00;96.66666666666667
1071729215;2021-09-05 11:00:00;2021-09-05 11:30:00;91.63333333333334
1071729215;2021-09-05 11:30:00;2021-09-05 12:00:00;98.23333333333333
1071729215;2021-09-05 12:00:00;2021-09-05 12:30:00;97.43333333333334
1071729215;2021-09-05 12:30:00;2021-09-05 13:00:00;86.36666666666666
1071729215;2021-09-05 13:00:00;2021-09-05 13:30:00;95.8
1071729215;2021-09-05 13:30:00;2021-09-05 14:00:00;100.13333333333334
1071729215;2021-09-05 14:00:00;2021-09-05 14:30:00;86.53333333333333
1071729215;2021-09-05 14:30:00;2021-09-05 15:00:00;96.36666666666666
1071729215;2021-09-05 15:00:00;2021-09-05 15:30:00;91.0
1071729215;2021-09-05 15:30:00;2021-09-05 16:00:00;93.86666666666666
1071729215;2021-09-05 16:00:00;2021-09-05 16:30:00;49.13333333333333
1071729215;2021-09-05 16:30:00;2021-09-05 17:00:00;62.333333333333336
1071729215;2021-09-05 17:00:00;2021-09-05 17:30:00;92.9
1071729215;2021-09-05 17:30:00;2021-09-05 18:00:00;103.66666666666667
1071729215;2021-09-05 18:00:00;2021-09-05 18:30:00;110.03333333333333
1071729215;2021-09-05 18:30:00;2021-09-05 19:00:00;96.86666666666666
1071729215;2021-09-05 19:00:00;2021-09-05 19:30:00;98.56666666666666
1071729215;2021-09-05 19:30:00;2021-09-05 20:00:00;113.23333333333333
1071729215;2021-09-05 20:00:00;2021-09-05 20:30:00;106.8
1071729215;2021-09-05 20:30:00;2021-09-05 21:00:00;112.26666666666667
1071729215;2021-09-05 21:00:00;2021-09-05 21:30:00;106.43333333333334
1071729215;2021-09-05 21:30:00;2021-09-05 22:00:00;103.9
1071729215;2021-09-05 22:00:00;2021-09-05 22:30:00;107.56666666666666
1071729215;2021-09-05 22:30:00;2021-09-05 23:00:00;101.26666666666667
1071729215;2021-09-05 23:00:00;2021-09-05 23:30:00;101.0
1071729215;2021-09-05 23:30:00;2021-09-05 23:59:59;101.0
1071729215;2021-09-06 00:00:00;2021-09-06 00:30:00;101.0
1071729215;2021-09-06 00:30:00;2021-09-06 01:00:00;101.0
1071729215;2021-09-06 01:00:00;2021-09-06 01:30:00;94.0
1071729215;2021-09-06 01:30:00;2021-09-06 02:00:00;97.73333333333333
1071729215;2021-09-06 02:00:00;2021-09-06 02:30:00;96.63333333333334
1071729215;2021-09-06 02:30:00;2021-09-06 03:00:00;107.0
1071729215;2021-09-06 03:00:00;2021-09-06 03:30:00;113.16666666666667
1071729215;2021-09-06 03:30:00;2021-09-06 04:00:00;106.5
1071729215;2021-09-06 04:00:00;2021-09-06 04:30:00;118.83333333333333
1071729215;2021-09-06 04:30:00;2021-09-06 05:00:00;105.2
1071729215;2021-09-06 05:00:00;2021-09-06 05:30:00;106.4
1071729215;2021-09-06 05:30:00;2021-09-06 06:00:00;98.13333333333334
1071729215;2021-09-06 06:00:00;2021-09-06 06:30:00;97.63333333333334
1071729215;2021-09-06 06:30:00;2021-09-06 07:00:00;88.0
1071729215;2021-09-06 07:00:00;2021-09-06 07:30:00;103.7
1071729215;2021-09-06 07:30:00;2021-09-06 08:00:00;90.43333333333334
1071729215;2021-09-06 08:00:00;2021-09-06 08:30:00;114.33333333333333
1071729215;2021-09-06 08:30:00;2021-09-06 09:00:00;94.76666666666667
1071729215;2021-09-06 09:00:00;2021-09-06 09:30:00;99.23333333333333
1071729215;2021-09-06 09:30:00;2021-09-06 10:00:00;97.33333333333333
1071729215;2021-09-06 10:00:00;2021-09-06 10:30:00;103.63333333333334
1071729215;2021-09-06 10:30:00;2021-09-06 11:00:00;90.9
1071729215;2021-09-06 11:00:00;2021-09-06 11:30:00;83.46666666666667
1071729215;2021-09-06 11:30:00;2021-09-06 12:00:00;92.83333333333333
1071729215;2021-09-06 12:00:00;2021-09-06 12:30:00;85.76666666666667
1071729215;2021-09-06 12:30:00;2021-09-06 13:00:00;90.33333333333333
1071729215;2021-09-06 13:00:00;2021-09-06 13:30:00;98.2
1071729215;2021-09-06 13:30:00;2021-09-06 14:00:00;98.4
1071729215;2021-09-06 14:00:00;2021-09-06 14:30:00;88.9
1071729215;2021-09-06 14:30:00;2021-09-06 15:00:00;95.7
1071729215;2021-09-06 15:00:00;2021-09-06 15:30:00;82.43333333333334
1071729215;2021-09-06 15:30:00;2021-09-06 16:00:00;86.03333333333333
1071729215;2021-09-06 16:00:00;2021-09-06 16:30:00;113.13333333333334
1071729215;2021-09-06 16:30:00;2021-09-06 17:00:00;105.1
1071729215;2021-09-06 17:00:00;2021-09-06 17:30:00;91.13333333333334
1071729215;2021-09-06 17:30:00;2021-09-06 18:00:00;116.5
1071729215;2021-09-06 18:00:00;2021-09-06 18:30:00;99.83333333333333
1071729215;2021-09-06 18:30:00;2021-09-06 19:00:00;101.83333333333333
1071729215;2021-09-06 19:00:00;2021-09-06 19:30:00;104.96666666666667
1071729215;2021-09-06 19:30:00;2021-09-06 20:00:00;102.0
1071729215;2021-09-06 20:00:00;2021-09-06 20:30:00;103.03333333333333
1071729215;2021-09-06 20:30:00;2021-09-06 21:00:00;96.63333333333334
1071729215;2021-09-06 21:00:00;2021-09-06 21:30:00;101.0
1071729215;2021-09-06 21:30:00;2021-09-06 22:00:00;101.0
1071729215;2021-09-06 22:00:00;2021-09-06 22:30:00;101.0
1071729215;2021-09-06 22:30:00;2021-09-06 23:00:00;91.93333333333334
1071729215;2021-09-06 23:00:00;2021-09-06 23:30:00;101.0
1071729215;2021-09-06 23:30:00;2021-09-06 23:59:59;101.0
1071729215;2021-09-07 00:00:00;2021-09-07 00:30:00;101.0
1071729215;2021-09-07 00:30:00;2021-09-07 01:00:00;93.4
1071729215;2021-09-07 01:00:00;2021-09-07 01:30:00;96.8
1071729215;2021-09-07 01:30:00;2021-09-07 02:00:00;95.46666666666667
1071729215;2021-09-07 02:00:00;2021-09-07 02:30:00;88.2
1071729215;2021-09-07 02:30:00;2021-09-07 03:00:00;81.56666666666666
1071729215;2021-09-07 03:00:00;2021-09-07 03:30:00;104.96666666666667
1071729215;2021-09-07 03:30:00;2021-09-07 04:00:00;102.1
1071729215;2021-09-07 04:00:00;2021-09-07 04:30:00;102.56666666666666
1071729215;2021-09-07 04:30:00;2021-09-07 05:00:00;90.5
1071729215;2021-09-07 05:00:00;2021-09-07 05:30:00;97.96666666666667
1071729215;2021-09-07 05:30:00;2021-09-07 06:00:00;106.63333333333334
1071729215;2021-09-07 06:00:00;2021-09-07 06:30:00;101.63333333333334
1071729215;2021-09-07 06:30:00;2021-09-07 07:00:00;94.4
1071729215;2021-09-07 07:00:00;2021-09-07 07:30:00;96.3
1071729215;2021-09-07 07:30:00;2021-09-07 08:00:00;105.3
1071729215;2021-09-07 08:00:00;2021-09-07 08:30:00;97.86666666666666
1071729215;2021-09-07 08:30:00;2021-09-07 09:00:00;87.36666666666666
1071729215;2021-09-07 09:00:00;2021-09-07 09:30:00;88.23333333333333
1071729215;2021-09-07 09:30:00;2021-09-07 10:00:00;105.93333333333334
1071729215;2021-09-07 10:00:00;2021-09-07 10:30:00;109.6
1071729215;2021-09-07 10:30:00;2021-09-07 11:00:00;107.96666666666667
1071729215;2021-09-07 11:00:00;2021-09-07 11:30:00;101.8
1071729215;2021-09-07 11:30:00;2021-09-07 12:00:00;97.3
1071729215;2021-09-07 12:00:00;2021-09-07 12:30:00;98.13333333333334
1071729215;2021-09-07 12:30:00;2021-09-07 13:00:00;95.33333333333333
1071729215;2021-09-07 13:00:00;2021-09-07 13:30:00;98.6
1071729215;2021-09-07 13:30:00;2021-09-07 14:00:00;97.46666666666667
1071729215;2021-09-07 14:00:00;2021-09-07 14:30:00;95.6
1071729215;2021-09-07 14:30:00;2021-09-07 15:00:00;96.63333333333334
1071729215;2021-09-07 15:00:00;2021-09-07 15:30:00;103.93333333333334
1071729215;2021-09-07 15:30:00;2021-09-07 16:00:00;98.1
1071729215;2021-09-07 16:00:00;2021-09-07 16:30:00;107.2
1071729215;2021-09-07 16:30:00;2021-09-07 17:00:00;89.16666666666667
1071729215;2021-09-07 17:00:00;2021-09-07 17:30:00;97.83333333333333
1071729215;2021-09-07 17:30:00;2021-09-07 18:00:00;97.7
1071729215;2021-09-07 18:00:00;2021-09-07 18:30:00;99.73333333333333
1071729215;2021-09-07 18:30:00;2021-09-07 19:00:00;95.83333333333333
1071729215;2021-09-07 19:00:00;2021-09-07 19:30:00;89.16666666666667
1071729215;2021-09-07 19:30:00;2021-09-07 20:00:00;99.06666666666666
1071729215;2021-09-07 20:00:00;2021-09-07 20:30:00;94.23333333333333
1071729215;2021-09-07 20:30:00;2021-09-07 21:00:00;101.46666666666667
1071729215;2021-09-07 21:00:00;2021-09-07 21:30:00;84.2
1071729215;2021-09-07 21:30:00;2021-09-07 22:00:00;92.6
1071729215;2021-09-07 22:00:00;2021-09-07 22:30:00;89.76666666666667
1071729215;2021-09-07 22:30:00;2021-09-07 23:00:00;95.33333333333333
1071729215;2021-09-07 23:00:00;2021-09-07 23:30:00;97.8
1071729215;2021-09-07 23:30:00;2021-09-07 23:59:59;101.0
1071729215;2021-09-08 00:00:00;2021-09-08 00:30:00;101.0
1071729215;2021-09-08 00:30:00;2021-09-08 01:00:00;101.0
1071729215;2021-09-08 01:00:00;2021-09-08 01:30:00;101.0
1071729215;2021-09-08 01:30:00;2021-09-08 02:00:00;101.0
1071729215;2021-09-08 02:00:00;2021-09-08 02:30:00;113.83333333333333
1071729215;2021-09-08 02:30:00;2021-09-08 03:00:00;102.83333333333333
1071729215;2021-09-08 03:00:00;2021-09-08 03:30:00;95.26666666666667
1071729215;2021-09-08 03:30:00;2021-09-08 04:00:00;97.7
1071729215;2021-09-08 04:00:00;2021-09-08 04:30:00;100.26666666666667
1071729215;2021-09-08 04:30:00;2021-09-08 05:00:00;103.5
1071729215;2021-09-08 05:00:00;2021-09-08 05:30:00;98.8
1071729215;2021-09-08 05:30:00;2021-09-08 06:00:00;101.73333333333333
1071729215;2021-09-08 06:00:00;2021-09-08 06:30:00;108.5
1071729215;2021-09-08 06:30:00;2021-09-08 07:00:00;100.56666666666666
1071729215;2021-09-08 07:00:00;2021-09-08 07:30:00;107.23333333333333
1071729215;2021-09-08 07:30:00;2021-09-08 08:00:00;92.86666666666666
1071729215;2021-09-08 08:00:00;2021-09-08 08:30:00;91.9
1071729215;2021-09-08 08:30:00;2021-09-08 09:00:00;98.33333333333333
1071729215;2021-09-08 09:00:00;2021-09-08 09:30:00;84.76666666666667
1071729215;2021-09-08 09:30:00;2021-09-08 10:00:00;81.23333333333333
1071729215;2021-09-08 10:00:00;2021-09-08 10:30:00;105.43333333333334
1071729215;2021-09-08 10:30:00;2021-09-08 11:00:00;92.06666666666666
1071729215;2021-09-08 11:00:00;2021-09-08 11:30:00;93.2
1071729215;2021-09-08 11:30:00;2021-09-08 12:00:00;97.96666666666667
1071729215;2021-09-08 12:00:00;2021-09-08 12:30:00;94.0
1071729215;2021-09-08 12:30:00;2021-09-08 13:00:00;95.2
1071729215;2021-09-08 13:00:00;2021-09-08 13:30:00;99.56666666666666
1071729215;2021-09-08 13:30:00;2021-09-08 14:00:00;90.43333333333334
1071729215;2021-09-08 14:00:00;2021-09-08 14:30:00;89.6
1071729215;2021-09-08 14:30:00;2021-09-08 15:00:00;93.26666666666667
1071729215;2021-09-08 15:00:00;2021-09-08 15:30:00;87.43333333333334
1071729215;2021-09-08 15:30:00;2021-09-08 16:00:00;83.3
1071729215;2021-09-08 16:00:00;2021-09-08 16:30:00;91.96666666666667
1071729215;2021-09-08 16:30:00;2021-09-08 17:00:00;88.6
1071729215;2021-09-08 17:00:00;2021-09-08 17:30:00;101.53333333333333
1071729215;2021-09-08 17:30:00;2021-09-08 18:00:00;111.7
1071729215;2021-09-08 18:00:00;2021-09-08 18:30:00;102.76666666666667
1071729215;2021-09-08 18:30:00;2021-09-08 19:00:00;104.7
1071729215;2021-09-08 19:00:00;2021-09-08 19:30:00;105.0
1071729215;2021-09-08 19:30:00;2021-09-08 20:00:00;102.63333333333334
1071729215;2021-09-08 20:00:00;2021-09-08 20:30:00;98.86666666666666
1071729215;2021-09-08 20:30:00;2021-09-08 21:00:00;100.75862068965517
1071729215;2021-09-08 21:00:00;2021-09-08 21:30:00;97.46666666666667
1071729215;2021-09-08 21:30:00;2021-09-08 22:00:00;94.5
1071729215;2021-09-08 22:00:00;2021-09-08 22:30:00;89.36666666666666
1071729215;2021-09-08 22:30:00;2021-09-08 23:00:00;94.7
1071729215;2021-09-08 23:00:00;2021-09-08 23:30:00;93.2
1071729215;2021-09-08 23:30:00;2021-09-08 23:59:59;97.26666666666667
1071729215;2021-09-09 00:00:00;2021-09-09 00:30:00;92.4
1071729215;2021-09-09 00:30:00;2021-09-09 01:00:00;106.5
1071729215;2021-09-09 01:00:00;2021-09-09 01:30:00;97.86666666666666
1071729215;2021-09-09 01:30:00;2021-09-09 02:00:00;94.73333333333333
1071729215;2021-09-09 02:00:00;2021-09-09 02:30:00;92.03333333333333
1071729215;2021-09-09 02:30:00;2021-09-09 03:00:00;90.5
1071729215;2021-09-09 03:00:00;2021-09-09 03:30:00;85.8
1071729215;2021-09-09 03:30:00;2021-09-09 04:00:00;100.33333333333333
1071729215;2021-09-09 04:00:00;2021-09-09 04:30:00;101.43333333333334
1071729215;2021-09-09 04:30:00;2021-09-09 05:00:00;87.83333333333333
1071729215;2021-09-09 05:00:00;2021-09-09 05:30:00;88.16666666666667
1071729215;2021-09-09 05:30:00;2021-09-09 06:00:00;100.76666666666667
1071729215;2021-09-09 06:00:00;2021-09-09 06:30:00;100.9
1071729215;2021-09-09 06:30:00;2021-09-09 07:00:00;108.63333333333334
1071729215;2021-09-09 07:00:00;2021-09-09 07:30:00;107.96666666666667
1071729215;2021-09-09 07:30:00;2021-09-09 08:00:00;88.53333333333333
1071729215;2021-09-09 08:00:00;2021-09-09 08:30:00;97.03333333333333
1071729215;2021-09-09 08:30:00;2021-09-09 09:00:00;101.3
1071729215;2021-09-09 09:00:00;2021-09-09 09:30:00;86.1
1071729215;2021-09-09 09:30:00;2021-09-09 10:00:00;88.06666666666666
1071729215;2021-09-09 10:00:00;2021-09-09 10:30:00;101.36666666666666
1071729215;2021-09-09 10:30:00;2021-09-09 11:00:00;98.6
1071729215;2021-09-09 11:00:00;2021-09-09 11:30:00;106.13333333333334
1071729215;2021-09-09 11:30:00;2021-09-09 12:00:00;91.8
1071729215;2021-09-09 12:00:00;2021-09-09 12:30:00;84.86666666666666
1071729215;2021-09-09 12:30:00;2021-09-09 13:00:00;96.83333333333333
1071729215;2021-09-09 13:00:00;2021-09-09 13:30:00;85.53333333333333
1071729215;2021-09-09 13:30:00;2021-09-09 14:00:00;91.1
1071729215;2021-09-09 14:00:00;2021-09-09 14:30:00;100.4
1071729215;2021-09-09 14:30:00;2021-09-09 15:00:00;103.26666666666667
1071729215;2021-09-09 15:00:00;2021-09-09 15:30:00;95.76666666666667
1071729215;2021-09-09 15:30:00;2021-09-09 16:00:00;91.06666666666666
1071729215;2021-09-09 16:00:00;2021-09-09 16:30:00;93.8
1071729215;2021-09-09 16:30:00;2021-09-09 17:00:00;103.36666666666666
1071729215;2021-09-09 17:00:00;2021-09-09 17:30:00;102.3
1071729215;2021-09-09 17:30:00;2021-09-09 18:00:00;103.8
1071729215;2021-09-09 18:00:00;2021-09-09 18:30:00;104.23333333333333
1071729215;2021-09-09 18:30:00;2021-09-09 19:00:00;87.33333333333333
1071729215;2021-09-09 19:00:00;2021-09-09 19:30:00;104.13333333333334
1071729215;2021-09-09 19:30:00;2021-09-09 20:00:00;116.6
1071729215;2021-09-09 20:00:00;2021-09-09 20:30:00;104.86666666666666
1071729215;2021-09-09 20:30:00;2021-09-09 21:00:00;112.53333333333333
1071729215;2021-09-09 21:00:00;2021-09-09 21:30:00;105.0
1071729215;2021-09-09 21:30:00;2021-09-09 22:00:00;101.0
1071729215;2021-09-09 22:00:00;2021-09-09 22:30:00;101.8
1071729215;2021-09-09 22:30:00;2021-09-09 23:00:00;94.53333333333333
1071729215;2021-09-09 23:00:00;2021-09-09 23:30:00;106.33333333333333
1071729215;2021-09-09 23:30:00;2021-09-09 23:59:59;93.1
1071729215;2021-09-10 00:00:00;2021-09-10 00:30:00;103.56666666666666
1071729215;2021-09-10 00:30:00;2021-09-10 01:00:00;101.83333333333333
1071729215;2021-09-10 01:00:00;2021-09-10 01:30:00;104.53333333333333
1071729215;2021-09-10 01:30:00;2021-09-10 02:00:00;94.3
1071729215;2021-09-10 02:00:00;2021-09-10 02:30:00;100.0
1071729215;2021-09-10 02:30:00;2021-09-10 03:00:00;100.93333333333334
1071729215;2021-09-10 03:00:00;2021-09-10 03:30:00;98.0
1071729215;2021-09-10 03:30:00;2021-09-10 04:00:00;101.56666666666666
1071729215;2021-09-10 04:00:00;2021-09-10 04:30:00;103.86666666666666
1071729215;2021-09-10 04:30:00;2021-09-10 05:00:00;96.83333333333333
1071729215;2021-09-10 05:00:00;2021-09-10 05:30:00;100.06666666666666
1071729215;2021-09-10 05:30:00;2021-09-10 06:00:00;107.7
1071729215;2021-09-10 06:00:00;2021-09-10 06:30:00;102.4
1071729215;2021-09-10 06:30:00;2021-09-10 07:00:00;115.46666666666667
1071729215;2021-09-10 07:00:00;2021-09-10 07:30:00;109.26666666666667
1071729215;2021-09-10 07:30:00;2021-09-10 08:00:00;94.4
1071729215;2021-09-10 08:00:00;2021-09-10 08:30:00;99.33333333333333
1071729215;2021-09-10 08:30:00;2021-09-10 09:00:00;87.7
1071729215;2021-09-10 09:00:00;2021-09-10 09:30:00;96.4
1071729215;2021-09-10 09:30:00;2021-09-10 10:00:00;101.3
1071729215;2021-09-10 10:00:00;2021-09-10 10:30:00;89.73333333333333
1071729215;2021-09-10 10:30:00;2021-09-10 11:00:00;103.2
1071729215;2021-09-10 11:00:00;2021-09-10 11:30:00;111.73333333333333
1071729215;2021-09-10 11:30:00;2021-09-10 12:00:00;98.4
1071729215;2021-09-10 12:00:00;2021-09-10 12:30:00;98.66666666666667
1071729215;2021-09-10 12:30:00;2021-09-10 13:00:00;88.5
1071729215;2021-09-10 13:00:00;2021-09-10 13:30:00;92.83333333333333
1071729215;2021-09-10 13:30:00;2021-09-10 14:00:00;101.66666666666667
1071729215;2021-09-10 14:00:00;2021-09-10 14:30:00;93.66666666666667
1071729215;2021-09-10 14:30:00;2021-09-10 15:00:00;104.13333333333334
1071729215;2021-09-10 15:00:00;2021-09-10 15:30:00;107.03333333333333
1071729215;2021-09-10 15:30:00;2021-09-10 16:00:00;110.66666666666667
1071729215;2021-09-10 16:00:00;2021-09-10 16:30:00;102.2
1071729215;2021-09-10 16:30:00;2021-09-10 17:00:00;91.33333333333333
1071729215;2021-09-10 17:00:00;2021-09-10 17:30:00;101.96666666666667
1071729215;2021-09-10 17:30:00;2021-09-10 18:00:00;106.86666666666666
1071729215;2021-09-10 18:00:00;2021-09-10 18:30:00;116.93333333333334
1071729215;2021-09-10 18:30:00;2021-09-10 19:00:00;107.63333333333334
1071729215;2021-09-10 19:00:00;2021-09-10 19:30:00;106.33333333333333
1071729215;2021-09-10 19:30:00;2021-09-10 20:00:00;111.93333333333334
1071729215;2021-09-10 20:00:00;2021-09-10 20:30:00;103.93333333333334
1071729215;2021-09-10 20:30:00;2021-09-10 21:00:00;108.33333333333333
1071729215;2021-09-10 21:00:00;2021-09-10 21:30:00;101.16666666666667
1071729215;2021-09-10 21:30:00;2021-09-10 22:00:00;101.0
1071729215;2021-09-10 22:00:00;2021-09-10 22:30:00;95.2
1071729215;2021-09-10 22:30:00;2021-09-10 23:00:00;96.26666666666667
1071729215;2021-09-10 23:00:00;2021-09-10 23:30:00;104.2
1071729215;2021-09-10 23:30:00;2021-09-10 23:59:59;95.16666666666667
1071729215;2021-09-11 00:00:00;2021-09-11 00:30:00;91.26666666666667
1071729215;2021-09-11 00:30:00;2021-09-11 01:00:00;99.1
1071729215;2021-09-11 01:00:00;2021-09-11 01:30:00;88.06666666666666
1071729215;2021-09-11 01:30:00;2021-09-11 02:00:00;95.66666666666667
1071729215;2021-09-11 02:00:00;2021-09-11 02:30:00;92.86666666666666
1071729215;2021-09-11 02:30:00;2021-09-11 03:00:00;96.56666666666666
1071729215;2021-09-11 03:00:00;2021-09-11 03:30:00;97.26666666666667
1071729215;2021-09-11 03:30:00;2021-09-11 04:00:00;103.2
1071729215;2021-09-11 04:00:00;2021-09-11 04:30:00;91.63333333333334
1071729215;2021-09-11 04:30:00;2021-09-11 05:00:00;93.46666666666667
1071729215;2021-09-11 05:00:00;2021-09-11 05:30:00;100.4
1071729215;2021-09-11 05:30:00;2021-09-11 06:00:00;97.4
1071729215;2021-09-11 06:00:00;2021-09-11 06:30:00;109.43333333333334
1071729215;2021-09-11 06:30:00;2021-09-11 07:00:00;87.76666666666667
1071729215;2021-09-11 07:00:00;2021-09-11 07:30:00;110.53333333333333
1071729215;2021-09-11 07:30:00;2021-09-11 08:00:00;108.86666666666666
1071729215;2021-09-11 08:00:00;2021-09-11 08:30:00;96.6
1071729215;2021-09-11 08:30:00;2021-09-11 09:00:00;97.33333333333333
1071729215;2021-09-11 09:00:00;2021-09-11 09:30:00;100.1
1071729215;2021-09-11 09:30:00;2021-09-11 10:00:00;109.0
1071729215;2021-09-11 10:00:00;2021-09-11 10:30:00;118.86666666666666
1071729215;2021-09-11 10:30:00;2021-09-11 11:00:00;110.36666666666666
1071729215;2021-09-11 11:00:00;2021-09-11 11:30:00;110.93333333333334
1071729215;2021-09-11 11:30:00;2021-09-11 12:00:00;99.7
1071729215;2021-09-11 12:00:00;2021-09-11 12:30:00;101.16666666666667
1071729215;2021-09-11 12:30:00;2021-09-11 13:00:00;96.9
1071729215;2021-09-11 13:00:00;2021-09-11 13:30:00;104.53333333333333
1071729215;2021-09-11 13:30:00;2021-09-11 14:00:00;95.43333333333334
1071729215;2021-09-11 14:00:00;2021-09-11 14:30:00;109.8
1071729215;2021-09-11 14:30:00;2021-09-11 15:00:00;109.56666666666666
1071729215;2021-09-11 15:00:00;2021-09-11 15:30:00;105.36666666666666
1071729215;2021-09-11 15:30:00;2021-09-11 16:00:00;91.26666666666667
1071729215;2021-09-11 16:00:00;2021-09-11 16:30:00;108.7
1071729215;2021-09-11 16:30:00;2021-09-11 17:00:00;110.3
1071729215;2021-09-11 17:00:00;2021-09-11 17:30:00;96.46666666666667
1071729215;2021-09-11 17:30:00;2021-09-11 18:00:00;104.86666666666666
1071729215;2021-09-11 18:00:00;2021-09-11 18:30:00;104.53333333333333
1071729215;2021-09-11 18:30:00;2021-09-11 19:00:00;102.9
1071729215;2021-09-11 19:00:00;2021-09-11 19:30:00;99.5
1071729215;2021-09-11 19:30:00;2021-09-11 20:00:00;109.53333333333333
1071729215;2021-09-11 20:00:00;2021-09-11 20:30:00;116.36666666666666
1071729215;2021-09-11 20:30:00;2021-09-11 21:00:00;105.2
1071729215;2021-09-11 21:00:00;2021-09-11 21:30:00;100.23333333333333
1071729215;2021-09-11 21:30:00;2021-09-11 22:00:00;99.03333333333333
1071729215;2021-09-11 22:00:00;2021-09-11 22:30:00;93.66666666666667
1071729215;2021-09-11 22:30:00;2021-09-11 23:00:00;107.66666666666667
1071729215;2021-09-11 23:00:00;2021-09-11 23:30:00;88.41379310344827
1071729215;2021-09-11 23:30:00;2021-09-11 23:59:59;89.36666666666666
1071729215;2021-09-12 00:00:00;2021-09-12 00:30:00;95.1
1071729215;2021-09-12 00:30:00;2021-09-12 01:00:00;103.93333333333334
1071729215;2021-09-12 01:00:00;2021-09-12 01:30:00;99.8
1071729215;2021-09-12 01:30:00;2021-09-12 02:00:00;98.33333333333333
1071729215;2021-09-12 02:00:00;2021-09-12 02:30:00;101.0
1071729215;2021-09-12 02:30:00;2021-09-12 03:00:00;101.0
1071729215;2021-09-12 03:00:00;2021-09-12 03:30:00;95.0
1071729215;2021-09-12 03:30:00;2021-09-12 04:00:00;95.0
1071729215;2021-09-12 04:00:00;2021-09-12 04:30:00;105.0
1071729215;2021-09-12 04:30:00;2021-09-12 05:00:00;105.0
1071729215;2021-09-12 05:00:00;2021-09-12 05:30:00;107.26666666666667
1071729215;2021-09-12 05:30:00;2021-09-12 06:00:00;105.5
1071729215;2021-09-12 06:00:00;2021-09-12 06:30:00;101.8
1071729215;2021-09-12 06:30:00;2021-09-12 07:00:00;107.03333333333333
1071729215;2021-09-12 07:00:00;2021-09-12 07:30:00;111.86666666666666
1071729215;2021-09-12 07:30:00;2021-09-12 08:00:00;101.9
1071729215;2021-09-12 08:00:00;2021-09-12 08:30:00;109.8
1071729215;2021-09-12 08:30:00;2021-09-12 09:00:00;104.56666666666666
1071729215;2021-09-12 09:00:00;2021-09-12 09:30:00;107.46666666666667
1071729215;2021-09-12 09:30:00;2021-09-12 10:00:00;96.86666666666666
1071729215;2021-09-12 10:00:00;2021-09-12 10:30:00;110.23333333333333
1071729215;2021-09-12 10:30:00;2021-09-12 11:00:00;100.43333333333334
1071729215;2021-09-12 11:00:00;2021-09-12 11:30:00;94.96666666666667
1071729215;2021-09-12 11:30:00;2021-09-12 12:00:00;107.8
1071729215;2021-09-12 12:00:00;2021-09-12 12:30:00;89.06666666666666
1071729215;2021-09-12 12:30:00;2021-09-12 13:00:00;90.5
1071729215;2021-09-12 13:00:00;2021-09-12 13:30:00;97.86666666666666
1071729215;2021-09-12 13:30:00;2021-09-12 14:00:00;93.0
1071729215;2021-09-12 14:00:00;2021-09-12 14:30:00;84.86666666666666
1071729215;2021-09-12 14:30:00;2021-09-12 15:00:00;93.13333333333334
1071729215;2021-09-12 15:00:00;2021-09-12 15:30:00;89.13333333333334
1071729215;2021-09-12 15:30:00;2021-09-12 16:00:00;91.83333333333333
1071729215;2021-09-12 16:00:00;2021-09-12 16:30:00;85.96666666666667
1071729215;2021-09-12 16:30:00;2021-09-12 17:00:00;90.36666666666666
1071729215;2021-09-12 17:00:00;2021-09-12 17:30:00;109.9
1071729215;2021-09-12 17:30:00;2021-09-12 18:00:00;94.4
1071729215;2021-09-12 18:00:00;2021-09-12 18:30:00;90.5
1071729215;2021-09-12 18:30:00;2021-09-12 19:00:00;87.33333333333333
1071729215;2021-09-12 19:00:00;2021-09-12 19:30:00;98.96666666666667
1071729215;2021-09-12 19:30:00;2021-09-12 20:00:00;109.3
1071729215;2021-09-12 20:00:00;2021-09-12 20:30:00;113.93333333333334
1071729215;2021-09-12 20:30:00;2021-09-12 21:00:00;103.13333333333334
1071729215;2021-09-12 21:00:00;2021-09-12 21:30:00;108.7
1071729215;2021-09-12 21:30:00;2021-09-12 22:00:00;94.6
1071729215;2021-09-12 22:00:00;2021-09-12 22:30:00;94.0
1071729215;2021-09-12 22:30:00;2021-09-12 23:00:00;87.26666666666667
1071729215;2021-09-12 23:00:00;2021-09-12 23:30:00;92.2
1071729215;2021-09-12 23:30:00;2021-09-12 23:59:59;98.4
1071729215;2021-09-13 00:00:00;2021-09-13 00:30:00;101.0
1071729215;2021-09-13 00:30:00;2021-09-13 01:00:00;101.0
1071729215;2021-09-13 01:00:00;2021-09-13 01:30:00;96.8
1071729215;2021-09-13 01:30:00;2021-09-13 02:00:00;96.2
1071729215;2021-09-13 02:00:00;2021-09-13 02:30:00;87.46666666666667
1071729215;2021-09-13 02:30:00;2021-09-13 03:00:00;106.56666666666666
1071729215;2021-09-13 03:00:00;2021-09-13 03:30:00;97.53333333333333
1071729215;2021-09-13 03:30:00;2021-09-13 04:00:00;98.33333333333333
1071729215;2021-09-13 04:00:00;2021-09-13 04:30:00;110.63333333333334
1071729215;2021-09-13 04:30:00;2021-09-13 05:00:00;111.73333333333333
1071729215;2021-09-13 05:00:00;2021-09-13 05:30:00;106.96666666666667
1071729215;2021-09-13 05:30:00;2021-09-13 06:00:00;107.9
1071729215;2021-09-13 06:00:00;2021-09-13 06:30:00;111.0
1071729215;2021-09-13 06:30:00;2021-09-13 07:00:00;102.8
1071729215;2021-09-13 07:00:00;2021-09-13 07:30:00;113.7
1071729215;2021-09-13 07:30:00;2021-09-13 08:00:00;103.8
1071729215;2021-09-13 08:00:00;2021-09-13 08:30:00;107.66666666666667
1071729215;2021-09-13 08:30:00;2021-09-13 09:00:00;108.93333333333334
1071729215;2021-09-13 09:00:00;2021-09-13 09:30:00;108.46666666666667
1071729215;2021-09-13 09:30:00;2021-09-13 10:00:00;104.9
1071729215;2021-09-13 10:00:00;2021-09-13 10:30:00;98.53333333333333
1071729215;2021-09-13 10:30:00;2021-09-13 11:00:00;106.4
1071729215;2021-09-13 11:00:00;2021-09-13 11:30:00;101.13333333333334
1071729215;2021-09-13 11:30:00;2021-09-13 12:00:00;111.4
1071729215;2021-09-13 12:00:00;2021-09-13 12:30:00;93.96666666666667
1071729215;2021-09-13 12:30:00;2021-09-13 13:00:00;85.86666666666666
1071729215;2021-09-13 13:00:00;2021-09-13 13:30:00;91.7
1071729215;2021-09-13 13:30:00;2021-09-13 14:00:00;102.76666666666667
1071729215;2021-09-13 14:00:00;2021-09-13 14:30:00;108.66666666666667
1071729215;2021-09-13 14:30:00;2021-09-13 15:00:00;99.96666666666667
1071729215;2021-09-13 15:00:00;2021-09-13 15:30:00;92.56666666666666
1071729215;2021-09-13 15:30:00;2021-09-13 16:00:00;91.93333333333334
1071729215;2021-09-13 16:00:00;2021-09-13 16:30:00;106.3
1071729215;2021-09-13 16:30:00;2021-09-13 17:00:00;91.9
1071729215;2021-09-13 17:00:00;2021-09-13 17:30:00;106.33333333333333
1071729215;2021-09-13 17:30:00;2021-09-13 18:00:00;103.6
1071729215;2021-09-13 18:00:00;2021-09-13 18:30:00;100.13333333333334
1071729215;2021-09-13 18:30:00;2021-09-13 19:00:00;99.93333333333334
1071729215;2021-09-13 19:00:00;2021-09-13 19:30:00;104.93333333333334
1071729215;2021-09-13 19:30:00;2021-09-13 20:00:00;114.36666666666666
1071729215;2021-09-13 20:00:00;2021-09-13 20:30:00;103.7
1071729215;2021-09-13 20:30:00;2021-09-13 21:00:00;113.3
1071729215;2021-09-13 21:00:00;2021-09-13 21:30:00;107.66666666666667
1071729215;2021-09-13 21:30:00;2021-09-13 22:00:00;116.0
1071729215;2021-09-13 22:00:00;2021-09-13 22:30:00;105.4
1071729215;2021-09-13 22:30:00;2021-09-13 23:00:00;96.06666666666666
1071729215;2021-09-13 23:00:00;2021-09-13 23:30:00;112.16666666666667
1071729215;2021-09-13 23:30:00;2021-09-13 23:59:59;106.43333333333334
1071729215;2021-09-14 00:00:00;2021-09-14 00:30:00;97.3
1071729215;2021-09-14 00:30:00;2021-09-14 01:00:00;101.0
1071729215;2021-09-14 01:00:00;2021-09-14 01:30:00;101.0
1071729215;2021-09-14 01:30:00;2021-09-14 02:00:00;101.0
1071729215;2021-09-14 02:00:00;2021-09-14 02:30:00;101.0
1071729215;2021-09-14 02:30:00;2021-09-14 03:00:00;101.0
1071729215;2021-09-14 03:00:00;2021-09-14 03:30:00;95.5
1071729215;2021-09-14 03:30:00;2021-09-14 04:00:00;99.83333333333333
1071729215;2021-09-14 04:00:00;2021-09-14 04:30:00;99.33333333333333
1071729215;2021-09-14 04:30:00;2021-09-14 05:00:00;85.16666666666667
1071729215;2021-09-14 05:00:00;2021-09-14 05:30:00;102.03333333333333
1071729215;2021-09-14 05:30:00;2021-09-14 06:00:00;99.6
1071729215;2021-09-14 06:00:00;2021-09-14 06:30:00;102.63333333333334
1071729215;2021-09-14 06:30:00;2021-09-14 07:00:00;101.23333333333333
1071729215;2021-09-14 07:00:00;2021-09-14 07:30:00;106.26666666666667
1071729215;2021-09-14 07:30:00;2021-09-14 08:00:00;100.73333333333333
1071729215;2021-09-14 08:00:00;2021-09-14 08:30:00;100.36666666666666
1071729215;2021-09-14 08:30:00;2021-09-14 09:00:00;110.03333333333333
1071729215;2021-09-14 09:00:00;2021-09-14 09:30:00;98.46666666666667
1071729215;2021-09-14 09:30:00;2021-09-14 10:00:00;98.13333333333334
1071729215;2021-09-14 10:00:00;2021-09-14 10:30:00;105.26666666666667
1071729215;2021-09-14 10:30:00;2021-09-14 11:00:00;93.66666666666667
1071729215;2021-09-14 11:00:00;2021-09-14 11:30:00;95.96666666666667
1071729215;2021-09-14 11:30:00;2021-09-14 12:00:00;87.23333333333333
1071729215;2021-09-14 12:00:00;2021-09-14 12:30:00;102.76666666666667
1071729215;2021-09-14 12:30:00;2021-09-14 13:00:00;106.33333333333333
1071729215;2021-09-14 13:00:00;2021-09-14 13:30:00;97.36666666666666
1071729215;2021-09-14 13:30:00;2021-09-14 14:00:00;91.96666666666667
1071729215;2021-09-14 14:00:00;2021-09-14 14:30:00;104.6
1071729215;2021-09-14 14:30:00;2021-09-14 15:00:00;113.0
1071729215;2021-09-14 15:00:00;2021-09-14 15:30:00;108.83333333333333
1071729215;2021-09-14 15:30:00;2021-09-14 16:00:00;110.56666666666666
1071729215;2021-09-14 16:00:00;2021-09-14 16:30:00;95.66666666666667
1071729215;2021-09-14 16:30:00;2021-09-14 17:00:00;103.83333333333333
1071729215;2021-09-14 17:00:00;2021-09-14 17:30:00;106.4
1071729215;2021-09-14 17:30:00;2021-09-14 18:00:00;110.2
1071729215;2021-09-14 18:00:00;2021-09-14 18:30:00;101.96551724137932
1071729215;2021-09-14 18:30:00;2021-09-14 19:00:00;99.93333333333334
1071729215;2021-09-14 19:00:00;2021-09-14 19:30:00;92.46666666666667
1071729215;2021-09-14 19:30:00;2021-09-14 20:00:00;113.56666666666666
1071729215;2021-09-14 20:00:00;2021-09-14 20:30:00;95.7
1071729215;2021-09-14 20:30:00;2021-09-14 21:00:00;100.3
1071729215;2021-09-14 21:00:00;2021-09-14 21:30:00;99.4
1071729215;2021-09-14 21:30:00;2021-09-14 22:00:00;104.23333333333333
1071729215;2021-09-14 22:00:00;2021-09-14 22:30:00;98.36666666666666
1071729215;2021-09-14 22:30:00;2021-09-14 23:00:00;101.5
1071729215;2021-09-14 23:00:00;2021-09-14 23:30:00;100.8
1071729215;2021-09-14 23:30:00;2021-09-14 23:59:59;100.13333333333334
1071729215;2021-09-15 00:00:00;2021-09-15 00:30:00;100.66666666666667
1071729215;2021-09-15 00:30:00;2021-09-15 01:00:00;98.76666666666667
1071729215;2021-09-15 01:00:00;2021-09-15 01:30:00;95.33333333333333
1071729215;2021-09-15 01:30:00;2021-09-15 02:00:00;99.26666666666667
1071729215;2021-09-15 02:00:00;2021-09-15 02:30:00;98.0
1071729215;2021-09-15 02:30:00;2021-09-15 03:00:00;100.6
1071729215;2021-09-15 03:00:00;2021-09-15 03:30:00;101.6
1071729215;2021-09-15 03:30:00;2021-09-15 04:00:00;100.7
1071729215;2021-09-15 04:00:00;2021-09-15 04:30:00;87.93333333333334
1071729215;2021-09-15 04:30:00;2021-09-15 05:00:00;100.53333333333333
1071729215;2021-09-15 05:00:00;2021-09-15 05:30:00;103.23333333333333
1071729215;2021-09-15 05:30:00;2021-09-15 06:00:00;102.63333333333334
1071729215;2021-09-15 06:00:00;2021-09-15 06:30:00;110.2
1071729215;2021-09-15 06:30:00;2021-09-15 07:00:00;108.56666666666666
1071729215;2021-09-15 07:00:00;2021-09-15 07:30:00;107.03333333333333
1071729215;2021-09-15 07:30:00;2021-09-15 08:00:00;95.0
1071729215;2021-09-15 08:00:00;2021-09-15 08:30:00;91.8
1071729215;2021-09-15 08:30:00;2021-09-15 09:00:00;92.23333333333333
1071729215;2021-09-15 09:00:00;2021-09-15 09:30:00;93.53333333333333
1071729215;2021-09-15 09:30:00;2021-09-15 10:00:00;98.6
1071729215;2021-09-15 10:00:00;2021-09-15 10:30:00;102.96666666666667
1071729215;2021-09-15 10:30:00;2021-09-15 11:00:00;91.96666666666667
1071729215;2021-09-15 11:00:00;2021-09-15 11:30:00;103.7
1071729215;2021-09-15 11:30:00;2021-09-15 12:00:00;95.66666666666667
1071729215;2021-09-15 12:00:00;2021-09-15 12:30:00;105.93333333333334
1071729215;2021-09-15 12:30:00;2021-09-15 13:00:00;93.33333333333333
1071729215;2021-09-15 13:00:00;2021-09-15 13:30:00;88.46666666666667
1071729215;2021-09-15 13:30:00;2021-09-15 14:00:00;99.73333333333333
1071729215;2021-09-15 14:00:00;2021-09-15 14:30:00;95.76666666666667
1071729215;2021-09-15 14:30:00;2021-09-15 15:00:00;113.03333333333333
1071729215;2021-09-15 15:00:00;2021-09-15 15:30:00;102.26666666666667
1071729215;2021-09-15 15:30:00;2021-09-15 16:00:00;97.5
1071729215;2021-09-15 16:00:00;2021-09-15 16:30:00;96.0
1071729215;2021-09-15 16:30:00;2021-09-15 17:00:00;97.96666666666667
1071729215;2021-09-15 17:00:00;2021-09-15 17:30:00;97.56666666666666
1071729215;2021-09-15 17:30:00;2021-09-15 18:00:00;102.5
1071729215;2021-09-15 18:00:00;2021-09-15 18:30:00;101.96666666666667
1071729215;2021-09-15 18:30:00;2021-09-15 19:00:00;100.43333333333334
1071729215;2021-09-15 19:00:00;2021-09-15 19:30:00;108.76666666666667
1071729215;2021-09-15 19:30:00;2021-09-15 20:00:00;102.0
1071729215;2021-09-15 20:00:00;2021-09-15 20:30:00;101.56666666666666
1071729215;2021-09-15 20:30:00;2021-09-15 21:00:00;101.03333333333333
1071729215;2021-09-15 21:00:00;2021-09-15 21:30:00;104.66666666666667
1071729215;2021-09-15 21:30:00;2021-09-15 22:00:00;90.8
1071729215;2021-09-15 22:00:00;2021-09-15 22:30:00;94.03333333333333
1071729215;2021-09-15 22:30:00;2021-09-15 23:00:00;90.0
1071729215;2021-09-15 23:00:00;2021-09-15 23:30:00;79.33333333333333
1071729215;2021-09-15 23:30:00;2021-09-15 23:59:59;87.83333333333333
1071729215;2021-09-16 00:00:00;2021-09-16 00:30:00;96.66666666666667
1071729215;2021-09-16 00:30:00;2021-09-16 01:00:00;101.0
1071729215;2021-09-16 01:00:00;2021-09-16 01:30:00;101.0
1071729215;2021-09-16 01:30:00;2021-09-16 02:00:00;101.0
1071729215;2021-09-16 02:00:00;2021-09-16 02:30:00;101.0
1071729215;2021-09-16 02:30:00;2021-09-16 03:00:00;98.6
1071729215;2021-09-16 03:00:00;2021-09-16 03:30:00;106.4
1071729215;2021-09-16 03:30:00;2021-09-16 04:00:00;104.9
1071729215;2021-09-16 04:00:00;2021-09-16 04:30:00;96.03333333333333
1071729215;2021-09-16 04:30:00;2021-09-16 05:00:00;98.83333333333333
1071729215;2021-09-16 05:00:00;2021-09-16 05:30:00;100.66666666666667
1071729215;2021-09-16 05:30:00;2021-09-16 06:00:00;100.7
1071729215;2021-09-16 06:00:00;2021-09-16 06:30:00;105.9
1071729215;2021-09-16 06:30:00;2021-09-16 07:00:00;97.9
1071729215;2021-09-16 07:00:00;2021-09-16 07:30:00;100.03333333333333
1071729215;2021-09-16 07:30:00;2021-09-16 08:00:00;90.9
1071729215;2021-09-16 08:00:00;2021-09-16 08:30:00;99.56666666666666
1071729215;2021-09-16 08:30:00;2021-09-16 09:00:00;98.3
1071729215;2021-09-16 09:00:00;2021-09-16 09:30:00;93.43333333333334
1071729215;2021-09-16 09:30:00;2021-09-16 10:00:00;100.3
1071729215;2021-09-16 10:00:00;2021-09-16 10:30:00;97.4
1071729215;2021-09-16 10:30:00;2021-09-16 11:00:00;94.8
1071729215;2021-09-16 11:00:00;2021-09-16 11:30:00;85.1
1071729215;2021-09-16 11:30:00;2021-09-16 12:00:00;87.83333333333333
1071729215;2021-09-16 12:00:00;2021-09-16 12:30:00;94.76666666666667
1071729215;2021-09-16 12:30:00;2021-09-16 13:00:00;92.96666666666667
1071729215;2021-09-16 13:00:00;2021-09-16 13:30:00;93.33333333333333
1071729215;2021-09-16 13:30:00;2021-09-16 14:00:00;104.5
1071729215;2021-09-16 14:00:00;2021-09-16 14:30:00;103.9
1071729215;2021-09-16 14:30:00;2021-09-16 15:00:00;94.27586206896552
1071729215;2021-09-16 15:00:00;2021-09-16 15:30:00;89.2
1071729215;2021-09-16 15:30:00;2021-09-16 16:00:00;96.9
1071729215;2021-09-16 16:00:00;2021-09-16 16:30:00;112.63333333333334
1071729215;2021-09-16 16:30:00;2021-09-16 17:00:00;111.46666666666667
1071729215;2021-09-16 17:00:00;2021-09-16 17:30:00;102.9
1071729215;2021-09-16 17:30:00;2021-09-16 18:00:00;106.83333333333333
1071729215;2021-09-16 18:00:00;2021-09-16 18:30:00;100.9
1071729215;2021-09-16 18:30:00;2021-09-16 19:00:00;99.4
1071729215;2021-09-16 19:00:00;2021-09-16 19:30:00;105.93333333333334
1071729215;2021-09-16 19:30:00;2021-09-16 20:00:00;101.86666666666666
1071729215;2021-09-16 20:00:00;2021-09-16 20:30:00;106.93333333333334
1071729215;2021-09-16 20:30:00;2021-09-16 21:00:00;92.73333333333333
1071729215;2021-09-16 21:00:00;2021-09-16 21:30:00;96.6
1071729215;2021-09-16 21:30:00;2021-09-16 22:00:00;97.93333333333334
1071729215;2021-09-16 22:00:00;2021-09-16 22:30:00;98.0
1071729215;2021-09-16 22:30:00;2021-09-16 23:00:00;91.36666666666666
1071729215;2021-09-16 23:00:00;2021-09-16 23:30:00;101.0
1071729215;2021-09-16 23:30:00;2021-09-16 23:59:59;95.33333333333333
1071729215;2021-09-17 00:00:00;2021-09-17 00:30:00;98.36666666666666
1071729215;2021-09-17 00:30:00;2021-09-17 01:00:00;93.8
1071729215;2021-09-17 01:00:00;2021-09-17 01:30:00;89.9
1071729215;2021-09-17 01:30:00;2021-09-17 02:00:00;93.4
1071729215;2021-09-17 02:00:00;2021-09-17 02:30:00;89.96666666666667
1071729215;2021-09-17 02:30:00;2021-09-17 03:00:00;115.6
1071729215;2021-09-17 03:00:00;2021-09-17 03:30:00;107.7
1071729215;2021-09-17 03:30:00;2021-09-17 04:00:00;107.83333333333333
1071729215;2021-09-17 04:00:00;2021-09-17 04:30:00;97.5
1071729215;2021-09-17 04:30:00;2021-09-17 05:00:00;100.53333333333333
1071729215;2021-09-17 05:00:00;2021-09-17 05:30:00;101.0
1071729215;2021-09-17 05:30:00;2021-09-17 06:00:00;100.9
1071729215;2021-09-17 06:00:00;2021-09-17 06:30:00;94.96666666666667
1071729215;2021-09-17 06:30:00;2021-09-17 07:00:00;91.03333333333333
1071729215;2021-09-17 07:00:00;2021-09-17 07:30:00;101.9
1071729215;2021-09-17 07:30:00;2021-09-17 08:00:00;113.46666666666667
1071729215;2021-09-17 08:00:00;2021-09-17 08:30:00;104.96666666666667
1071729215;2021-09-17 08:30:00;2021-09-17 09:00:00;94.4
1071729215;2021-09-17 09:00:00;2021-09-17 09:30:00;95.46666666666667
1071729215;2021-09-17 09:30:00;2021-09-17 10:00:00;91.93333333333334
1071729215;2021-09-17 10:00:00;2021-09-17 10:30:00;114.03333333333333
1071729215;2021-09-17 10:30:00;2021-09-17 11:00:00;92.36666666666666
1071729215;2021-09-17 11:00:00;2021-09-17 11:30:00;101.2
1071729215;2021-09-17 11:30:00;2021-09-17 12:00:00;89.7
1071729215;2021-09-17 12:00:00;2021-09-17 12:30:00;96.86666666666666
1071729215;2021-09-17 12:30:00;2021-09-17 13:00:00;103.5
1071729215;2021-09-17 13:00:00;2021-09-17 13:30:00;96.3
1071729215;2021-09-17 13:30:00;2021-09-17 14:00:00;93.66666666666667
1071729215;2021-09-17 14:00:00;2021-09-17 14:30:00;97.76666666666667
1071729215;2021-09-17 14:30:00;2021-09-17 15:00:00;99.46666666666667
1071729215;2021-09-17 15:00:00;2021-09-17 15:30:00;115.3
1071729215;2021-09-17 15:30:00;2021-09-17 16:00:00;100.96666666666667
1071729215;2021-09-17 16:00:00;2021-09-17 16:30:00;97.03333333333333
1071729215;2021-09-17 16:30:00;2021-09-17 17:00:00;102.73333333333333
1071729215;2021-09-17 17:00:00;2021-09-17 17:30:00;102.83333333333333
1071729215;2021-09-17 17:30:00;2021-09-17 18:00:00;90.9
1071729215;2021-09-17 18:00:00;2021-09-17 18:30:00;97.56666666666666
1071729215;2021-09-17 18:30:00;2021-09-17 19:00:00;105.43333333333334
1071729215;2021-09-17 19:00:00;2021-09-17 19:30:00;101.03333333333333
1071729215;2021-09-17 19:30:00;2021-09-17 20:00:00;101.86666666666666
1071729215;2021-09-17 20:00:00;2021-09-17 20:30:00;103.96666666666667
1071729215;2021-09-17 20:30:00;2021-09-17 21:00:00;111.03333333333333
1071729215;2021-09-17 21:00:00;2021-09-17 21:30:00;108.8
1071729215;2021-09-17 21:30:00;2021-09-17 22:00:00;101.0
1071729215;2021-09-17 22:00:00;2021-09-17 22:30:00;93.76666666666667
1071729215;2021-09-17 22:30:00;2021-09-17 23:00:00;104.16666666666667
1071729215;2021-09-17 23:00:00;2021-09-17 23:30:00;98.3
1071729215;2021-09-17 23:30:00;2021-09-17 23:59:59;94.33333333333333
1071729215;2021-09-18 00:00:00;2021-09-18 00:30:00;105.3
1071729215;2021-09-18 00:30:00;2021-09-18 01:00:00;110.2
1071729215;2021-09-18 01:00:00;2021-09-18 01:30:00;116.4
1071729215;2021-09-18 01:30:00;2021-09-18 02:00:00;99.26666666666667
1071729215;2021-09-18 02:00:00;2021-09-18 02:30:00;98.8
1071729215;2021-09-18 02:30:00;2021-09-18 03:00:00;92.1
1071729215;2021-09-18 03:00:00;2021-09-18 03:30:00;105.3
1071729215;2021-09-18 03:30:00;2021-09-18 04:00:00;103.33333333333333
1071729215;2021-09-18 04:00:00;2021-09-18 04:30:00;101.0
1071729215;2021-09-18 04:30:00;2021-09-18 05:00:00;98.7
1071729215;2021-09-18 05:00:00;2021-09-18 05:30:00;107.53333333333333
1071729215;2021-09-18 05:30:00;2021-09-18 06:00:00;95.3
1071729215;2021-09-18 06:00:00;2021-09-18 06:30:00;112.93333333333334
1071729215;2021-09-18 06:30:00;2021-09-18 07:00:00;95.06666666666666
1071729215;2021-09-18 07:00:00;2021-09-18 07:30:00;96.3
1071729215;2021-09-18 07:30:00;2021-09-18 08:00:00;93.0
1071729215;2021-09-18 08:00:00;2021-09-18 08:30:00;103.13333333333334
1071729215;2021-09-18 08:30:00;2021-09-18 09:00:00;98.96666666666667
1071729215;2021-09-18 09:00:00;2021-09-18 09:30:00;97.1
1071729215;2021-09-18 09:30:00;2021-09-18 10:00:00;93.03333333333333
1071729215;2021-09-18 10:00:00;2021-09-18 10:30:00;104.4
1071729215;2021-09-18 10:30:00;2021-09-18 11:00:00;101.96666666666667
1071729215;2021-09-18 11:00:00;2021-09-18 11:30:00;106.36666666666666
1071729215;2021-09-18 11:30:00;2021-09-18 12:00:00;108.33333333333333
1071729215;2021-09-18 12:00:00;2021-09-18 12:30:00;100.96666666666667
1071729215;2021-09-18 12:30:00;2021-09-18 13:00:00;104.73333333333333
1071729215;2021-09-18 13:00:00;2021-09-18 13:30:00;102.96666666666667
1071729215;2021-09-18 13:30:00;2021-09-18 14:00:00;95.56666666666666
1071729215;2021-09-18 14:00:00;2021-09-18 14:30:00;110.96666666666667
1071729215;2021-09-18 14:30:00;2021-09-18 15:00:00;95.83333333333333
1071729215;2021-09-18 15:00:00;2021-09-18 15:30:00;113.56666666666666
1071729215;2021-09-18 15:30:00;2021-09-18 16:00:00;122.16666666666667
1071729215;2021-09-18 16:00:00;2021-09-18 16:30:00;84.96666666666667
1071729215;2021-09-18 16:30:00;2021-09-18 17:00:00;110.56666666666666
1071729215;2021-09-18 17:00:00;2021-09-18 17:30:00;103.93333333333334
1071729215;2021-09-18 17:30:00;2021-09-18 18:00:00;105.03333333333333
1071729215;2021-09-18 18:00:00;2021-09-18 18:30:00;116.66666666666667
1071729215;2021-09-18 18:30:00;2021-09-18 19:00:00;94.03333333333333
1071729215;2021-09-18 19:00:00;2021-09-18 19:30:00;104.0
1071729215;2021-09-18 19:30:00;2021-09-18 20:00:00;106.9
1071729215;2021-09-18 20:00:00;2021-09-18 20:30:00;115.3
1071729215;2021-09-18 20:30:00;2021-09-18 21:00:00;107.2
1071729215;2021-09-18 21:00:00;2021-09-18 21:30:00;101.63333333333334
1071729215;2021-09-18 21:30:00;2021-09-18 22:00:00;102.8
1071729215;2021-09-18 22:00:00;2021-09-18 22:30:00;103.0
1071729215;2021-09-18 22:30:00;2021-09-18 23:00:00;100.9
1071729215;2021-09-18 23:00:00;2021-09-18 23:30:00;100.36666666666666
1071729215;2021-09-18 23:30:00;2021-09-18 23:59:59;101.0
1071729215;2021-09-19 00:00:00;2021-09-19 00:30:00;95.2
1071729215;2021-09-19 00:30:00;2021-09-19 01:00:00;100.66666666666667
1071729215;2021-09-19 01:00:00;2021-09-19 01:30:00;105.93333333333334
1071729215;2021-09-19 01:30:00;2021-09-19 02:00:00;101.0
1071729215;2021-09-19 02:00:00;2021-09-19 02:30:00;93.13333333333334
1071729215;2021-09-19 02:30:00;2021-09-19 03:00:00;86.6
1071729215;2021-09-19 03:00:00;2021-09-19 03:30:00;77.4
1071729215;2021-09-19 03:30:00;2021-09-19 04:00:00;83.7
1071729215;2021-09-19 04:00:00;2021-09-19 04:30:00;98.8
1071729215;2021-09-19 04:30:00;2021-09-19 05:00:00;92.73333333333333
1071729215;2021-09-19 05:00:00;2021-09-19 05:30:00;113.66666666666667
1071729215;2021-09-19 05:30:00;2021-09-19 06:00:00;108.96666666666667
1071729215;2021-09-19 06:00:00;2021-09-19 06:30:00;115.26666666666667
1071729215;2021-09-19 06:30:00;2021-09-19 07:00:00;98.9
1071729215;2021-09-19 07:00:00;2021-09-19 07:30:00;107.83333333333333
1071729215;2021-09-19 07:30:00;2021-09-19 08:00:00;112.03333333333333
1071729215;2021-09-19 08:00:00;2021-09-19 08:30:00;96.3
1071729215;2021-09-19 08:30:00;2021-09-19 09:00:00;105.1
1071729215;2021-09-19 09:00:00;2021-09-19 09:30:00;100.06666666666666
1071729215;2021-09-19 09:30:00;2021-09-19 10:00:00;100.2
1071729215;2021-09-19 10:00:00;2021-09-19 10:30:00;108.26666666666667
1071729215;2021-09-19 10:30:00;2021-09-19 11:00:00;97.4
1071729215;2021-09-19 11:00:00;2021-09-19 11:30:00;97.23333333333333
1071729215;2021-09-19 11:30:00;2021-09-19 12:00:00;106.0
1071729215;2021-09-19 12:00:00;2021-09-19 12:30:00;103.23333333333333
1071729215;2021-09-19 12:30:00;2021-09-19 13:00:00;91.96666666666667
1071729215;2021-09-19 13:00:00;2021-09-19 13:30:00;89.0
1071729215;2021-09-19 13:30:00;2021-09-19 14:00:00;87.83333333333333
1071729215;2021-09-19 14:00:00;2021-09-19 14:30:00;86.6
1071729215;2021-09-19 14:30:00;2021-09-19 15:00:00;89.2
1071729215;2021-09-19 15:00:00;2021-09-19 15:30:00;89.03333333333333
1071729215;2021-09-19 15:30:00;2021-09-19 16:00:00;92.73333333333333
1071729215;2021-09-19 16:00:00;2021-09-19 16:30:00;92.4
1071729215;2021-09-19 16:30:00;2021-09-19 17:00:00;87.56666666666666
1071729215;2021-09-19 17:00:00;2021-09-19 17:30:00;98.9
1071729215;2021-09-19 17:30:00;2021-09-19 18:00:00;87.96666666666667
1071729215;2021-09-19 18:00:00;2021-09-19 18:30:00;100.83333333333333
1071729215;2021-09-19 18:30:00;2021-09-19 19:00:00;100.53333333333333
1071729215;2021-09-19 19:00:00;2021-09-19 19:30:00;107.6
1071729215;2021-09-19 19:30:00;2021-09-19 20:00:00;103.56666666666666
1071729215;2021-09-19 20:00:00;2021-09-19 20:30:00;112.73333333333333
1071729215;2021-09-19 20:30:00;2021-09-19 21:00:00;106.73333333333333
1071729215;2021-09-19 21:00:00;2021-09-19 21:30:00;100.8
1071729215;2021-09-19 21:30:00;2021-09-19 22:00:00;100.9
1071729215;2021-09-19 22:00:00;2021-09-19 22:30:00;101.0
1071729215;2021-09-19 22:30:00;2021-09-19 23:00:00;101.0
1071729215;2021-09-19 23:00:00;2021-09-19 23:30:00;101.0
1071729215;2021-09-19 23:30:00;2021-09-19 23:59:59;101.0
1071729215;2021-09-20 00:00:00;2021-09-20 00:30:00;101.0
1071729215;2021-09-20 00:30:00;2021-09-20 01:00:00;101.0
1071729215;2021-09-20 01:00:00;2021-09-20 01:30:00;101.0
1071729215;2021-09-20 01:30:00;2021-09-20 02:00:00;101.0
1071729215;2021-09-20 02:00:00;2021-09-20 02:30:00;94.46666666666667
1071729215;2021-09-20 02:30:00;2021-09-20 03:00:00;98.53333333333333
1071729215;2021-09-20 03:00:00;2021-09-20 03:30:00;107.86666666666666
1071729215;2021-09-20 03:30:00;2021-09-20 04:00:00;103.13333333333334
1071729215;2021-09-20 04:00:00;2021-09-20 04:30:00;106.06666666666666
1071729215;2021-09-20 04:30:00;2021-09-20 05:00:00;111.73333333333333
1071729215;2021-09-20 05:00:00;2021-09-20 05:30:00;104.63333333333334
1071729215;2021-09-20 05:30:00;2021-09-20 06:00:00;103.73333333333333
1071729215;2021-09-20 06:00:00;2021-09-20 06:30:00;104.63333333333334
1071729215;2021-09-20 06:30:00;2021-09-20 07:00:00;96.33333333333333
1071729215;2021-09-20 07:00:00;2021-09-20 07:30:00;109.33333333333333
1071729215;2021-09-20 07:30:00;2021-09-20 08:00:00;98.7
1071729215;2021-09-20 08:00:00;2021-09-20 08:30:00;95.46666666666667
1071729215;2021-09-20 08:30:00;2021-09-20 09:00:00;108.7
1071729215;2021-09-20 09:00:00;2021-09-20 09:30:00;98.9
1071729215;2021-09-20 09:30:00;2021-09-20 10:00:00;110.96666666666667
1071729215;2021-09-20 10:00:00;2021-09-20 10:30:00;103.8
1071729215;2021-09-20 10:30:00;2021-09-20 11:00:00;91.96666666666667
1071729215;2021-09-20 11:00:00;2021-09-20 11:30:00;92.63333333333334
1071729215;2021-09-20 11:30:00;2021-09-20 12:00:00;97.43333333333334
1071729215;2021-09-20 12:00:00;2021-09-20 12:30:00;91.63333333333334
1071729215;2021-09-20 12:30:00;2021-09-20 13:00:00;89.93333333333334
1071729215;2021-09-20 13:00:00;2021-09-20 13:30:00;92.1
1071729215;2021-09-20 13:30:00;2021-09-20 14:00:00;96.2
1071729215;2021-09-20 14:00:00;2021-09-20 14:30:00;90.2
1071729215;2021-09-20 14:30:00;2021-09-20 15:00:00;95.96666666666667
1071729215;2021-09-20 15:00:00;2021-09-20 15:30:00;98.5
1071729215;2021-09-20 15:30:00;2021-09-20 16:00:00;96.36666666666666
1071729215;2021-09-20 16:00:00;2021-09-20 16:30:00;108.6
1071729215;2021-09-20 16:30:00;2021-09-20 17:00:00;104.36666666666666
1071729215;2021-09-20 17:00:00;2021-09-20 17:30:00;108.7
1071729215;2021-09-20 17:30:00;2021-09-20 18:00:00;105.93333333333334
1071729215;2021-09-20 18:00:00;2021-09-20 18:30:00;114.3
1071729215;2021-09-20 18:30:00;2021-09-20 19:00:00;98.4
1071729215;2021-09-20 19:00:00;2021-09-20 19:30:00;107.26666666666667
1071729215;2021-09-20 19:30:00;2021-09-20 20:00:00;103.16666666666667
1071729215;2021-09-20 20:00:00;2021-09-20 20:30:00;98.96666666666667
1071729215;2021-09-20 20:30:00;2021-09-20 21:00:00;101.9
1071729215;2021-09-20 21:00:00;2021-09-20 21:30:00;104.06666666666666
1071729215;2021-09-20 21:30:00;2021-09-20 22:00:00;101.53333333333333
1071729215;2021-09-20 22:00:00;2021-09-20 22:30:00;97.7
1071729215;2021-09-20 22:30:00;2021-09-20 23:00:00;91.1
1071729215;2021-09-20 23:00:00;2021-09-20 23:30:00;100.8
1071729215;2021-09-20 23:30:00;2021-09-20 23:59:59;100.66666666666667
1071729215;2021-09-21 00:00:00;2021-09-21 00:30:00;101.0
1071729215;2021-09-21 00:30:00;2021-09-21 01:00:00;101.0
1071729215;2021-09-21 01:00:00;2021-09-21 01:30:00;101.0
1071729215;2021-09-21 01:30:00;2021-09-21 02:00:00;91.9
1071729215;2021-09-21 02:00:00;2021-09-21 02:30:00;96.43333333333334
1071729215;2021-09-21 02:30:00;2021-09-21 03:00:00;89.26666666666667
1071729215;2021-09-21 03:00:00;2021-09-21 03:30:00;92.3
1071729215;2021-09-21 03:30:00;2021-09-21 04:00:00;101.8
1071729215;2021-09-21 04:00:00;2021-09-21 04:30:00;92.13333333333334
1071729215;2021-09-21 04:30:00;2021-09-21 05:00:00;92.1
1071729215;2021-09-21 05:00:00;2021-09-21 05:30:00;93.13333333333334
1071729215;2021-09-21 05:30:00;2021-09-21 06:00:00;103.73333333333333
1071729215;2021-09-21 06:00:00;2021-09-21 06:30:00;98.3
1071729215;2021-09-21 06:30:00;2021-09-21 07:00:00;100.13333333333334
1071729215;2021-09-21 07:00:00;2021-09-21 07:30:00;106.26666666666667
1071729215;2021-09-21 07:30:00;2021-09-21 08:00:00;100.13333333333334
1071729215;2021-09-21 08:00:00;2021-09-21 08:30:00;88.96666666666667
1071729215;2021-09-21 08:30:00;2021-09-21 09:00:00;88.63333333333334
1071729215;2021-09-21 09:00:00;2021-09-21 09:30:00;97.96666666666667
1071729215;2021-09-21 09:30:00;2021-09-21 10:00:00;102.13793103448276
1071729215;2021-09-21 10:00:00;2021-09-21 10:30:00;91.96666666666667
1071729215;2021-09-21 10:30:00;2021-09-21 11:00:00;87.23333333333333
1071729215;2021-09-21 11:00:00;2021-09-21 11:30:00;92.86666666666666
1071729215;2021-09-21 11:30:00;2021-09-21 12:00:00;91.23333333333333
1071729215;2021-09-21 12:00:00;2021-09-21 12:30:00;99.23333333333333
1071729215;2021-09-21 12:30:00;2021-09-21 13:00:00;104.43333333333334
1071729215;2021-09-21 13:00:00;2021-09-21 13:30:00;115.3
1071729215;2021-09-21 13:30:00;2021-09-21 14:00:00;88.66666666666667
1071729215;2021-09-21 14:00:00;2021-09-21 14:30:00;102.96666666666667
1071729215;2021-09-21 14:30:00;2021-09-21 15:00:00;98.3
1071729215;2021-09-21 15:00:00;2021-09-21 15:30:00;96.83333333333333
1071729215;2021-09-21 15:30:00;2021-09-21 16:00:00;97.36666666666666
1071729215;2021-09-21 16:00:00;2021-09-21 16:30:00;93.6
1071729215;2021-09-21 16:30:00;2021-09-21 17:00:00;91.66666666666667
1071729215;2021-09-21 17:00:00;2021-09-21 17:30:00;100.06896551724138
1071729215;2021-09-21 17:30:00;2021-09-21 18:00:00;101.16666666666667
1071729215;2021-09-21 18:00:00;2021-09-21 18:30:00;92.27586206896552
1071729215;2021-09-21 18:30:00;2021-09-21 19:00:00;97.3
1071729215;2021-09-21 19:00:00;2021-09-21 19:30:00;106.7
1071729215;2021-09-21 19:30:00;2021-09-21 20:00:00;110.0
1071729215;2021-09-21 20:00:00;2021-09-21 20:30:00;100.36666666666666
1071729215;2021-09-21 20:30:00;2021-09-21 21:00:00;100.33333333333333
1071729215;2021-09-21 21:00:00;2021-09-21 21:30:00;95.8
1071729215;2021-09-21 21:30:00;2021-09-21 22:00:00;101.6
1071729215;2021-09-21 22:00:00;2021-09-21 22:30:00;90.46666666666667
1071729215;2021-09-21 22:30:00;2021-09-21 23:00:00;95.8
1071729215;2021-09-21 23:00:00;2021-09-21 23:30:00;88.23333333333333
1071729215;2021-09-21 23:30:00;2021-09-21 23:59:59;101.0
1071729215;2021-09-22 00:00:00;2021-09-22 00:30:00;101.0
1071729215;2021-09-22 00:30:00;2021-09-22 01:00:00;101.0
1071729215;2021-09-22 01:00:00;2021-09-22 01:30:00;92.96666666666667
1071729215;2021-09-22 01:30:00;2021-09-22 02:00:00;101.0
1071729215;2021-09-22 02:00:00;2021-09-22 02:30:00;94.33333333333333
1071729215;2021-09-22 02:30:00;2021-09-22 03:00:00;101.0
1071729215;2021-09-22 03:00:00;2021-09-22 03:30:00;93.0
1071729215;2021-09-22 03:30:00;2021-09-22 04:00:00;97.7
1071729215;2021-09-22 04:00:00;2021-09-22 04:30:00;98.16666666666667
1071729215;2021-09-22 04:30:00;2021-09-22 05:00:00;98.26666666666667
1071729215;2021-09-22 05:00:00;2021-09-22 05:30:00;96.7
1071729215;2021-09-22 05:30:00;2021-09-22 06:00:00;100.6896551724138
1071729215;2021-09-22 06:00:00;2021-09-22 06:30:00;98.2
1071729215;2021-09-22 06:30:00;2021-09-22 07:00:00;83.7
1071729215;2021-09-22 07:00:00;2021-09-22 07:30:00;100.2
1071729215;2021-09-22 07:30:00;2021-09-22 08:00:00;102.03333333333333
1071729215;2021-09-22 08:00:00;2021-09-22 08:30:00;101.10344827586206
1071729215;2021-09-22 08:30:00;2021-09-22 09:00:00;99.76666666666667
1071729215;2021-09-22 09:00:00;2021-09-22 09:30:00;86.5
1071729215;2021-09-22 09:30:00;2021-09-22 10:00:00;91.3
1071729215;2021-09-22 10:00:00;2021-09-22 10:30:00;98.93333333333334
1071729215;2021-09-22 10:30:00;2021-09-22 11:00:00;92.63333333333334
1071729215;2021-09-22 11:00:00;2021-09-22 11:30:00;100.7
1071729215;2021-09-22 11:30:00;2021-09-22 12:00:00;95.83333333333333
1071729215;2021-09-22 12:00:00;2021-09-22 12:30:00;100.3
1071729215;2021-09-22 12:30:00;2021-09-22 13:00:00;91.76666666666667
1071729215;2021-09-22 13:00:00;2021-09-22 13:30:00;88.06666666666666
1071729215;2021-09-22 13:30:00;2021-09-22 14:00:00;87.1
1071729215;2021-09-22 14:00:00;2021-09-22 14:30:00;104.36666666666666
1071729215;2021-09-22 14:30:00;2021-09-22 15:00:00;94.93333333333334
1071729215;2021-09-22 15:00:00;2021-09-22 15:30:00;105.5
1071729215;2021-09-22 15:30:00;2021-09-22 16:00:00;97.4
1071729215;2021-09-22 16:00:00;2021-09-22 16:30:00;96.66666666666667
1071729215;2021-09-22 16:30:00;2021-09-22 17:00:00;104.73333333333333
1071729215;2021-09-22 17:00:00;2021-09-22 17:30:00;107.0
1071729215;2021-09-22 17:30:00;2021-09-22 18:00:00;96.3
1071729215;2021-09-22 18:00:00;2021-09-22 18:30:00;95.53333333333333
1071729215;2021-09-22 18:30:00;2021-09-22 19:00:00;106.33333333333333
1071729215;2021-09-22 19:00:00;2021-09-22 19:30:00;101.36666666666666
1071729215;2021-09-22 19:30:00;2021-09-22 20:00:00;111.9
1071729215;2021-09-22 20:00:00;2021-09-22 20:30:00;102.3
1071729215;2021-09-22 20:30:00;2021-09-22 21:00:00;101.0
1071729215;2021-09-22 21:00:00;2021-09-22 21:30:00;101.0
1071729215;2021-09-22 21:30:00;2021-09-22 22:00:00;98.1
1071729215;2021-09-22 22:00:00;2021-09-22 22:30:00;96.8
1071729215;2021-09-22 22:30:00;2021-09-22 23:00:00;81.06666666666666
1071729215;2021-09-22 23:00:00;2021-09-22 23:30:00;96.23333333333333
1071729215;2021-09-22 23:30:00;2021-09-22 23:59:59;96.8
1071729215;2021-09-23 00:00:00;2021-09-23 00:30:00;84.13333333333334
1071729215;2021-09-23 00:30:00;2021-09-23 01:00:00;79.43333333333334
1071729215;2021-09-23 01:00:00;2021-09-23 01:30:00;93.1
1071729215;2021-09-23 01:30:00;2021-09-23 02:00:00;100.83333333333333
1071729215;2021-09-23 02:00:00;2021-09-23 02:30:00;101.0
1071729215;2021-09-23 02:30:00;2021-09-23 03:00:00;101.0
1071729215;2021-09-23 03:00:00;2021-09-23 03:30:00;96.0
1071729215;2021-09-23 03:30:00;2021-09-23 04:00:00;94.96666666666667
1071729215;2021-09-23 04:00:00;2021-09-23 04:30:00;100.76666666666667
1071729215;2021-09-23 04:30:00;2021-09-23 05:00:00;92.46666666666667
1071729215;2021-09-23 05:00:00;2021-09-23 05:30:00;95.76666666666667
1071729215;2021-09-23 05:30:00;2021-09-23 06:00:00;107.0
1071729215;2021-09-23 06:00:00;2021-09-23 06:30:00;90.66666666666667
1071729215;2021-09-23 06:30:00;2021-09-23 07:00:00;89.66666666666667
1071729215;2021-09-23 07:00:00;2021-09-23 07:30:00;100.8
1071729215;2021-09-23 07:30:00;2021-09-23 08:00:00;88.46666666666667
1071729215;2021-09-23 08:00:00;2021-09-23 08:30:00;93.0
1071729215;2021-09-23 08:30:00;2021-09-23 09:00:00;97.73333333333333
1071729215;2021-09-23 09:00:00;2021-09-23 09:30:00;87.56666666666666
1071729215;2021-09-23 09:30:00;2021-09-23 10:00:00;97.66666666666667
1071729215;2021-09-23 10:00:00;2021-09-23 10:30:00;88.43333333333334
1071729215;2021-09-23 10:30:00;2021-09-23 11:00:00;86.73333333333333
1071729215;2021-09-23 11:00:00;2021-09-23 11:30:00;90.33333333333333
1071729215;2021-09-23 11:30:00;2021-09-23 12:00:00;98.86666666666666
1071729215;2021-09-23 12:00:00;2021-09-23 12:30:00;87.8
1071729215;2021-09-23 12:30:00;2021-09-23 13:00:00;103.63333333333334
1071729215;2021-09-23 13:00:00;2021-09-23 13:30:00;96.56666666666666
1071729215;2021-09-23 13:30:00;2021-09-23 14:00:00;97.1
1071729215;2021-09-23 14:00:00;2021-09-23 14:30:00;93.2
1071729215;2021-09-23 14:30:00;2021-09-23 15:00:00;101.3
1071729215;2021-09-23 15:00:00;2021-09-23 15:30:00;96.66666666666667
1071729215;2021-09-23 15:30:00;2021-09-23 16:00:00;98.8
1071729215;2021-09-23 16:00:00;2021-09-23 16:30:00;99.0
1071729215;2021-09-23 16:30:00;2021-09-23 17:00:00;97.56666666666666
1071729215;2021-09-23 17:00:00;2021-09-23 17:30:00;100.2
1071729215;2021-09-23 17:30:00;2021-09-23 18:00:00;100.06666666666666
1071729215;2021-09-23 18:00:00;2021-09-23 18:30:00;102.36666666666666
1071729215;2021-09-23 18:30:00;2021-09-23 19:00:00;98.26666666666667
1071729215;2021-09-23 19:00:00;2021-09-23 19:30:00;93.36666666666666
1071729215;2021-09-23 19:30:00;2021-09-23 20:00:00;99.36666666666666
1071729215;2021-09-23 20:00:00;2021-09-23 20:30:00;104.9
1071729215;2021-09-23 20:30:00;2021-09-23 21:00:00;95.83333333333333
1071729215;2021-09-23 21:00:00;2021-09-23 21:30:00;94.86666666666666
1071729215;2021-09-23 21:30:00;2021-09-23 22:00:00;77.8
1071729215;2021-09-23 22:00:00;2021-09-23 22:30:00;89.7
1071729215;2021-09-23 22:30:00;2021-09-23 23:00:00;100.63333333333334
1071729215;2021-09-23 23:00:00;2021-09-23 23:30:00;92.3
1071729215;2021-09-23 23:30:00;2021-09-23 23:59:59;99.4
1071729215;2021-09-24 00:00:00;2021-09-24 00:30:00;100.86666666666666
1071729215;2021-09-24 00:30:00;2021-09-24 01:00:00;93.0
1071729215;2021-09-24 01:00:00;2021-09-24 01:30:00;94.6
1071729215;2021-09-24 01:30:00;2021-09-24 02:00:00;101.0
1071729215;2021-09-24 02:00:00;2021-09-24 02:30:00;101.0
1071729215;2021-09-24 02:30:00;2021-09-24 03:00:00;98.7
1071729215;2021-09-24 03:00:00;2021-09-24 03:30:00;101.36666666666666
1071729215;2021-09-24 03:30:00;2021-09-24 04:00:00;102.66666666666667
1071729215;2021-09-24 04:00:00;2021-09-24 04:30:00;105.4
1071729215;2021-09-24 04:30:00;2021-09-24 05:00:00;95.73333333333333
1071729215;2021-09-24 05:00:00;2021-09-24 05:30:00;102.13333333333334
1071729215;2021-09-24 05:30:00;2021-09-24 06:00:00;105.1
1071729215;2021-09-24 06:00:00;2021-09-24 06:30:00;105.23333333333333
1071729215;2021-09-24 06:30:00;2021-09-24 07:00:00;111.5
1071729215;2021-09-24 07:00:00;2021-09-24 07:30:00;104.16666666666667
1071729215;2021-09-24 07:30:00;2021-09-24 08:00:00;102.63333333333334
1071729215;2021-09-24 08:00:00;2021-09-24 08:30:00;92.86666666666666
1071729215;2021-09-24 08:30:00;2021-09-24 09:00:00;113.16666666666667
1071729215;2021-09-24 09:00:00;2021-09-24 09:30:00;100.7
1071729215;2021-09-24 09:30:00;2021-09-24 10:00:00;94.53333333333333
1071729215;2021-09-24 10:00:00;2021-09-24 10:30:00;102.2
1071729215;2021-09-24 10:30:00;2021-09-24 11:00:00;106.83333333333333
1071729215;2021-09-24 11:00:00;2021-09-24 11:30:00;108.58620689655173
1071729215;2021-09-24 11:30:00;2021-09-24 12:00:00;91.5
1071729215;2021-09-24 12:00:00;2021-09-24 12:30:00;102.5
1071729215;2021-09-24 12:30:00;2021-09-24 13:00:00;97.83333333333333
1071729215;2021-09-24 13:00:00;2021-09-24 13:30:00;96.06666666666666
1071729215;2021-09-24 13:30:00;2021-09-24 14:00:00;89.26666666666667
1071729215;2021-09-24 14:00:00;2021-09-24 14:30:00;107.4
1071729215;2021-09-24 14:30:00;2021-09-24 15:00:00;106.93333333333334
1071729215;2021-09-24 15:00:00;2021-09-24 15:30:00;86.56666666666666
1071729215;2021-09-24 15:30:00;2021-09-24 16:00:00;87.6
1071729215;2021-09-24 16:00:00;2021-09-24 16:30:00;107.03333333333333
1071729215;2021-09-24 16:30:00;2021-09-24 17:00:00;98.1
1071729215;2021-09-24 17:00:00;2021-09-24 17:30:00;88.83333333333333
1071729215;2021-09-24 17:30:00;2021-09-24 18:00:00;101.66666666666667
1071729215;2021-09-24 18:00:00;2021-09-24 18:30:00;105.46666666666667
1071729215;2021-09-24 18:30:00;2021-09-24 19:00:00;97.8
1071729215;2021-09-24 19:00:00;2021-09-24 19:30:00;85.7
1071729215;2021-09-24 19:30:00;2021-09-24 20:00:00;100.23333333333333
1071729215;2021-09-24 20:00:00;2021-09-24 20:30:00;101.66666666666667
1071729215;2021-09-24 20:30:00;2021-09-24 21:00:00;121.43333333333334
1071729215;2021-09-24 21:00:00;2021-09-24 21:30:00;107.53333333333333
1071729215;2021-09-24 21:30:00;2021-09-24 22:00:00;104.73333333333333
1071729215;2021-09-24 22:00:00;2021-09-24 22:30:00;94.03333333333333
1071729215;2021-09-24 22:30:00;2021-09-24 23:00:00;92.06666666666666
1071729215;2021-09-24 23:00:00;2021-09-24 23:30:00;94.33333333333333
1071729215;2021-09-24 23:30:00;2021-09-24 23:59:59;87.4
1071729215;2021-09-25 00:00:00;2021-09-25 00:30:00;92.2
1071729215;2021-09-25 00:30:00;2021-09-25 01:00:00;98.26666666666667
1071729215;2021-09-25 01:00:00;2021-09-25 01:30:00;94.66666666666667
1071729215;2021-09-25 01:30:00;2021-09-25 02:00:00;99.4
1071729215;2021-09-25 02:00:00;2021-09-25 02:30:00;94.3
1071729215;2021-09-25 02:30:00;2021-09-25 03:00:00;102.5
1071729215;2021-09-25 03:00:00;2021-09-25 03:30:00;101.73333333333333
1071729215;2021-09-25 03:30:00;2021-09-25 04:00:00;98.53333333333333
1071729215;2021-09-25 04:00:00;2021-09-25 04:30:00;88.16666666666667
1071729215;2021-09-25 04:30:00;2021-09-25 05:00:00;95.73333333333333
1071729215;2021-09-25 05:00:00;2021-09-25 05:30:00;89.3
1071729215;2021-09-25 05:30:00;2021-09-25 06:00:00;90.66666666666667
1071729215;2021-09-25 06:00:00;2021-09-25 06:30:00;104.5
1071729215;2021-09-25 06:30:00;2021-09-25 07:00:00;100.66666666666667
1071729215;2021-09-25 07:00:00;2021-09-25 07:30:00;104.53333333333333
1071729215;2021-09-25 07:30:00;2021-09-25 08:00:00;110.36666666666666
1071729215;2021-09-25 08:00:00;2021-09-25 08:30:00;99.56666666666666
1071729215;2021-09-25 08:30:00;2021-09-25 09:00:00;99.9
1071729215;2021-09-25 09:00:00;2021-09-25 09:30:00;101.13333333333334
1071729215;2021-09-25 09:30:00;2021-09-25 10:00:00;104.16666666666667
1071729215;2021-09-25 10:00:00;2021-09-25 10:30:00;98.16666666666667
1071729215;2021-09-25 10:30:00;2021-09-25 11:00:00;99.2
1071729215;2021-09-25 11:00:00;2021-09-25 11:30:00;105.13333333333334
1071729215;2021-09-25 11:30:00;2021-09-25 12:00:00;110.4
1071729215;2021-09-25 12:00:00;2021-09-25 12:30:00;109.9
1071729215;2021-09-25 12:30:00;2021-09-25 13:00:00;119.9
1071729215;2021-09-25 13:00:00;2021-09-25 13:30:00;109.13333333333334
1071729215;2021-09-25 13:30:00;2021-09-25 14:00:00;115.16666666666667
1071729215;2021-09-25 14:00:00;2021-09-25 14:30:00;120.6
1071729215;2021-09-25 14:30:00;2021-09-25 15:00:00;108.73333333333333
1071729215;2021-09-25 15:00:00;2021-09-25 15:30:00;106.43333333333334
1071729215;2021-09-25 15:30:00;2021-09-25 16:00:00;100.2
1071729215;2021-09-25 16:00:00;2021-09-25 16:30:00;107.73333333333333
1071729215;2021-09-25 16:30:00;2021-09-25 17:00:00;108.56666666666666
1071729215;2021-09-25 17:00:00;2021-09-25 17:30:00;108.76666666666667
1071729215;2021-09-25 17:30:00;2021-09-25 18:00:00;103.56666666666666
1071729215;2021-09-25 18:00:00;2021-09-25 18:30:00;100.73333333333333
1071729215;2021-09-25 18:30:00;2021-09-25 19:00:00;106.2
1071729215;2021-09-25 19:00:00;2021-09-25 19:30:00;112.16666666666667
1071729215;2021-09-25 19:30:00;2021-09-25 20:00:00;111.0
1071729215;2021-09-25 20:00:00;2021-09-25 20:30:00;105.73333333333333
1071729215;2021-09-25 20:30:00;2021-09-25 21:00:00;101.56666666666666
1071729215;2021-09-25 21:00:00;2021-09-25 21:30:00;101.13333333333334
1071729215;2021-09-25 21:30:00;2021-09-25 22:00:00;101.0
1071729215;2021-09-25 22:00:00;2021-09-25 22:30:00;101.0
1071729215;2021-09-25 22:30:00;2021-09-25 23:00:00;101.26666666666667
1071729215;2021-09-25 23:00:00;2021-09-25 23:30:00;101.66666666666667
1071729215;2021-09-25 23:30:00;2021-09-25 23:59:59;101.0
1071729215;2021-09-26 00:00:00;2021-09-26 00:30:00;101.0
1071729215;2021-09-26 00:30:00;2021-09-26 01:00:00;99.0
1071729215;2021-09-26 01:00:00;2021-09-26 01:30:00;100.1
1071729215;2021-09-26 01:30:00;2021-09-26 02:00:00;99.6
1071729215;2021-09-26 02:00:00;2021-09-26 02:30:00;100.7
1071729215;2021-09-26 02:30:00;2021-09-26 03:00:00;101.0
1071729215;2021-09-26 03:00:00;2021-09-26 03:30:00;95.0
1071729215;2021-09-26 03:30:00;2021-09-26 04:00:00;95.0
1071729215;2021-09-26 04:00:00;2021-09-26 04:30:00;105.0
1071729215;2021-09-26 04:30:00;2021-09-26 05:00:00;105.0
1071729215;2021-09-26 05:00:00;2021-09-26 05:30:00;109.0
1071729215;2021-09-26 05:30:00;2021-09-26 06:00:00;109.0
1071729215;2021-09-26 06:00:00;2021-09-26 06:30:00;110.96666666666667
1071729215;2021-09-26 06:30:00;2021-09-26 07:00:00;102.23333333333333
1071729215;2021-09-26 07:00:00;2021-09-26 07:30:00;99.16666666666667
1071729215;2021-09-26 07:30:00;2021-09-26 08:00:00;98.26666666666667
1071729215;2021-09-26 08:00:00;2021-09-26 08:30:00;105.0
1071729215;2021-09-26 08:30:00;2021-09-26 09:00:00;103.56666666666666
1071729215;2021-09-26 09:00:00;2021-09-26 09:30:00;112.96666666666667
1071729215;2021-09-26 09:30:00;2021-09-26 10:00:00;97.63333333333334
1071729215;2021-09-26 10:00:00;2021-09-26 10:30:00;94.06666666666666
1071729215;2021-09-26 10:30:00;2021-09-26 11:00:00;104.3
1071729215;2021-09-26 11:00:00;2021-09-26 11:30:00;103.9
1071729215;2021-09-26 11:30:00;2021-09-26 12:00:00;95.76666666666667
1071729215;2021-09-26 12:00:00;2021-09-26 12:30:00;94.5
1071729215;2021-09-26 12:30:00;2021-09-26 13:00:00;96.96666666666667
1071729215;2021-09-26 13:00:00;2021-09-26 13:30:00;86.1
1071729215;2021-09-26 13:30:00;2021-09-26 14:00:00;88.36666666666666
1071729215;2021-09-26 14:00:00;2021-09-26 14:30:00;90.63333333333334
1071729215;2021-09-26 14:30:00;2021-09-26 15:00:00;86.6
1071729215;2021-09-26 15:00:00;2021-09-26 15:30:00;89.93333333333334
1071729215;2021-09-26 15:30:00;2021-09-26 16:00:00;85.83333333333333
1071729215;2021-09-26 16:00:00;2021-09-26 16:30:00;87.76666666666667
1071729215;2021-09-26 16:30:00;2021-09-26 17:00:00;93.66666666666667
1071729215;2021-09-26 17:00:00;2021-09-26 17:30:00;88.76666666666667
1071729215;2021-09-26 17:30:00;2021-09-26 18:00:00;91.8
1071729215;2021-09-26 18:00:00;2021-09-26 18:30:00;92.63333333333334
1071729215;2021-09-26 18:30:00;2021-09-26 19:00:00;95.66666666666667
1071729215;2021-09-26 19:00:00;2021-09-26 19:30:00;107.46666666666667
1071729215;2021-09-26 19:30:00;2021-09-26 20:00:00;112.0
1071729215;2021-09-26 20:00:00;2021-09-26 20:30:00;108.26666666666667
1071729215;2021-09-26 20:30:00;2021-09-26 21:00:00;112.9
1071729215;2021-09-26 21:00:00;2021-09-26 21:30:00;101.4
1071729215;2021-09-26 21:30:00;2021-09-26 22:00:00;98.26666666666667
1071729215;2021-09-26 22:00:00;2021-09-26 22:30:00;101.0
1071729215;2021-09-26 22:30:00;2021-09-26 23:00:00;101.0
1071729215;2021-09-26 23:00:00;2021-09-26 23:30:00;101.0
1071729215;2021-09-26 23:30:00;2021-09-26 23:59:59;101.0
1071729215;2021-09-27 00:00:00;2021-09-27 00:30:00;101.0
1071729215;2021-09-27 00:30:00;2021-09-27 01:00:00;101.0
1071729215;2021-09-27 01:00:00;2021-09-27 01:30:00;101.0
1071729215;2021-09-27 01:30:00;2021-09-27 02:00:00;110.46666666666667
1071729215;2021-09-27 02:00:00;2021-09-27 02:30:00;101.0
1071729215;2021-09-27 02:30:00;2021-09-27 03:00:00;127.0
1071729215;2021-09-27 03:00:00;2021-09-27 03:30:00;106.16666666666667
1071729215;2021-09-27 03:30:00;2021-09-27 04:00:00;101.7
1071729215;2021-09-27 04:00:00;2021-09-27 04:30:00;113.36666666666666
1071729215;2021-09-27 04:30:00;2021-09-27 05:00:00;117.2
1071729215;2021-09-27 05:00:00;2021-09-27 05:30:00;110.23333333333333
1071729215;2021-09-27 05:30:00;2021-09-27 06:00:00;101.73333333333333
1071729215;2021-09-27 06:00:00;2021-09-27 06:30:00;107.46666666666667
1071729215;2021-09-27 06:30:00;2021-09-27 07:00:00;105.06896551724138
1071729215;2021-09-27 07:00:00;2021-09-27 07:30:00;86.5
1071729215;2021-09-27 07:30:00;2021-09-27 08:00:00;99.13333333333334
1071729215;2021-09-27 08:00:00;2021-09-27 08:30:00;97.63333333333334
1071729215;2021-09-27 08:30:00;2021-09-27 09:00:00;95.53333333333333
1071729215;2021-09-27 09:00:00;2021-09-27 09:30:00;109.45833333333333
1071729215;2021-09-27 09:30:00;2021-09-27 10:00:00;96.32142857142857
1071729215;2021-09-27 10:00:00;2021-09-27 10:30:00;86.36666666666666
1071729215;2021-09-27 10:30:00;2021-09-27 11:00:00;93.76666666666667
1071729215;2021-09-27 11:00:00;2021-09-27 11:30:00;109.2
1071729215;2021-09-27 11:30:00;2021-09-27 12:00:00;96.86666666666666
1071729215;2021-09-27 12:00:00;2021-09-27 12:30:00;92.9
1071729215;2021-09-27 12:30:00;2021-09-27 13:00:00;102.3
1071729215;2021-09-27 13:00:00;2021-09-27 13:30:00;102.0
1071729215;2021-09-27 13:30:00;2021-09-27 14:00:00;101.46666666666667
1071729215;2021-09-27 14:00:00;2021-09-27 14:30:00;91.06666666666666
1071729215;2021-09-27 14:30:00;2021-09-27 15:00:00;96.96666666666667
1071729215;2021-09-27 15:00:00;2021-09-27 15:30:00;93.3
1071729215;2021-09-27 15:30:00;2021-09-27 16:00:00;101.13333333333334
1071729215;2021-09-27 16:00:00;2021-09-27 16:30:00;101.23333333333333
1071729215;2021-09-27 16:30:00;2021-09-27 17:00:00;102.06666666666666
1071729215;2021-09-27 17:00:00;2021-09-27 17:30:00;93.2
1071729215;2021-09-27 17:30:00;2021-09-27 18:00:00;90.26666666666667
1071729215;2021-09-27 18:00:00;2021-09-27 18:30:00;97.6
1071729215;2021-09-27 18:30:00;2021-09-27 19:00:00;116.5
1071729215;2021-09-27 19:00:00;2021-09-27 19:30:00;101.73333333333333
1071729215;2021-09-27 19:30:00;2021-09-27 20:00:00;100.4
1071729215;2021-09-27 20:00:00;2021-09-27 20:30:00;94.16666666666667
1071729215;2021-09-27 20:30:00;2021-09-27 21:00:00;97.1
1071729215;2021-09-27 21:00:00;2021-09-27 21:30:00;98.2
1071729215;2021-09-27 21:30:00;2021-09-27 22:00:00;107.1
1071729215;2021-09-27 22:00:00;2021-09-27 22:30:00;93.93333333333334
1071729215;2021-09-27 22:30:00;2021-09-27 23:00:00;96.03333333333333
1071729215;2021-09-27 23:00:00;2021-09-27 23:30:00;97.66666666666667
1071729215;2021-09-27 23:30:00;2021-09-27 23:59:59;101.46666666666667
1071729215;2021-09-28 00:00:00;2021-09-28 00:30:00;98.23333333333333
1071729215;2021-09-28 00:30:00;2021-09-28 01:00:00;96.8
1071729215;2021-09-28 01:00:00;2021-09-28 01:30:00;92.43333333333334
1071729215;2021-09-28 01:30:00;2021-09-28 02:00:00;99.8
1071729215;2021-09-28 02:00:00;2021-09-28 02:30:00;97.0
1071729215;2021-09-28 02:30:00;2021-09-28 03:00:00;100.3
1071729215;2021-09-28 03:00:00;2021-09-28 03:30:00;100.46666666666667
1071729215;2021-09-28 03:30:00;2021-09-28 04:00:00;112.16666666666667
1071729215;2021-09-28 04:00:00;2021-09-28 04:30:00;106.36666666666666
1071729215;2021-09-28 04:30:00;2021-09-28 05:00:00;99.3
1071729215;2021-09-28 05:00:00;2021-09-28 05:30:00;92.46666666666667
1071729215;2021-09-28 05:30:00;2021-09-28 06:00:00;93.33333333333333
1071729215;2021-09-28 06:00:00;2021-09-28 06:30:00;97.43333333333334
1071729215;2021-09-28 06:30:00;2021-09-28 07:00:00;97.86666666666666
1071729215;2021-09-28 07:00:00;2021-09-28 07:30:00;94.03333333333333
1071729215;2021-09-28 07:30:00;2021-09-28 08:00:00;83.7
1071729215;2021-09-28 08:00:00;2021-09-28 08:30:00;98.1
1071729215;2021-09-28 08:30:00;2021-09-28 09:00:00;105.03333333333333
1071729215;2021-09-28 09:00:00;2021-09-28 09:30:00;102.8
1071729215;2021-09-28 09:30:00;2021-09-28 10:00:00;101.5
1071729215;2021-09-28 10:00:00;2021-09-28 10:30:00;98.43333333333334
1071729215;2021-09-28 10:30:00;2021-09-28 11:00:00;108.1
1071729215;2021-09-28 11:00:00;2021-09-28 11:30:00;111.76666666666667
1071729215;2021-09-28 11:30:00;2021-09-28 12:00:00;95.06666666666666
1071729215;2021-09-28 12:00:00;2021-09-28 12:30:00;91.86666666666666
1071729215;2021-09-28 12:30:00;2021-09-28 13:00:00;89.83333333333333
1071729215;2021-09-28 13:00:00;2021-09-28 13:30:00;92.6
1071729215;2021-09-28 13:30:00;2021-09-28 14:00:00;101.5
1071729215;2021-09-28 14:00:00;2021-09-28 14:30:00;87.93333333333334
1071729215;2021-09-28 14:30:00;2021-09-28 15:00:00;94.2
1071729215;2021-09-28 15:00:00;2021-09-28 15:30:00;86.93333333333334
1071729215;2021-09-28 15:30:00;2021-09-28 16:00:00;101.36666666666666
1071729215;2021-09-28 16:00:00;2021-09-28 16:30:00;106.5
1071729215;2021-09-28 16:30:00;2021-09-28 17:00:00;94.73684210526316
1071729215;2021-09-28 17:00:00;2021-09-28 17:30:00;92.63333333333334
1071729215;2021-09-28 17:30:00;2021-09-28 18:00:00;97.03333333333333
1071729215;2021-09-28 18:00:00;2021-09-28 18:30:00;90.76666666666667
1071729215;2021-09-28 18:30:00;2021-09-28 19:00:00;100.33333333333333
1071729215;2021-09-28 19:00:00;2021-09-28 19:30:00;94.13333333333334
1071729215;2021-09-28 19:30:00;2021-09-28 20:00:00;99.46666666666667
1071729215;2021-09-28 20:00:00;2021-09-28 20:30:00;106.9
1071729215;2021-09-28 20:30:00;2021-09-28 21:00:00;114.26666666666667
1071729215;2021-09-28 21:00:00;2021-09-28 21:30:00;99.96666666666667
1071729215;2021-09-28 21:30:00;2021-09-28 22:00:00;91.03333333333333
1071729215;2021-09-28 22:00:00;2021-09-28 22:30:00;89.8
1071729215;2021-09-28 22:30:00;2021-09-28 23:00:00;83.8
1071729215;2021-09-28 23:00:00;2021-09-28 23:30:00;94.1
1071729215;2021-09-28 23:30:00;2021-09-28 23:59:59;106.93333333333334
1071729215;2021-09-29 00:00:00;2021-09-29 00:30:00;101.0
1071729215;2021-09-29 00:30:00;2021-09-29 01:00:00;101.0
1071729215;2021-09-29 01:00:00;2021-09-29 01:30:00;101.0
1071729215;2021-09-29 01:30:00;2021-09-29 02:00:00;101.0
1071729215;2021-09-29 02:00:00;2021-09-29 02:30:00;101.0
1071729215;2021-09-29 02:30:00;2021-09-29 03:00:00;104.63333333333334
1071729215;2021-09-29 03:00:00;2021-09-29 03:30:00;101.0
1071729215;2021-09-29 03:30:00;2021-09-29 04:00:00;97.03333333333333
1071729215;2021-09-29 04:00:00;2021-09-29 04:30:00;98.9
1071729215;2021-09-29 04:30:00;2021-09-29 05:00:00;91.1
1071729215;2021-09-29 05:00:00;2021-09-29 05:30:00;108.36666666666666
1071729215;2021-09-29 05:30:00;2021-09-29 06:00:00;98.93333333333334
1071729215;2021-09-29 06:00:00;2021-09-29 06:30:00;100.2
1071729215;2021-09-29 06:30:00;2021-09-29 07:00:00;92.66666666666667
1071729215;2021-09-29 07:00:00;2021-09-29 07:30:00;102.4
1071729215;2021-09-29 07:30:00;2021-09-29 08:00:00;100.2
1071729215;2021-09-29 08:00:00;2021-09-29 08:30:00;105.8
1071729215;2021-09-29 08:30:00;2021-09-29 09:00:00;100.2
1071729215;2021-09-29 09:00:00;2021-09-29 09:30:00;83.0
1071729215;2021-09-29 09:30:00;2021-09-29 10:00:00;94.36666666666666
1071729215;2021-09-29 10:00:00;2021-09-29 10:30:00;99.33333333333333
1071729215;2021-09-29 10:30:00;2021-09-29 11:00:00;102.9
1071729215;2021-09-29 11:00:00;2021-09-29 11:30:00;98.36666666666666
1071729215;2021-09-29 11:30:00;2021-09-29 12:00:00;96.76666666666667
1071729215;2021-09-29 12:00:00;2021-09-29 12:30:00;107.16666666666667
1071729215;2021-09-29 12:30:00;2021-09-29 13:00:00;97.26666666666667
1071729215;2021-09-29 13:00:00;2021-09-29 13:30:00;102.06666666666666
1071729215;2021-09-29 13:30:00;2021-09-29 14:00:00;86.0
1071729215;2021-09-29 14:00:00;2021-09-29 14:30:00;99.53333333333333
1071729215;2021-09-29 14:30:00;2021-09-29 15:00:00;104.0
1071729215;2021-09-29 15:00:00;2021-09-29 15:30:00;94.96666666666667
1071729215;2021-09-29 15:30:00;2021-09-29 16:00:00;92.76666666666667
1071729215;2021-09-29 16:00:00;2021-09-29 16:30:00;89.13333333333334
1071729215;2021-09-29 16:30:00;2021-09-29 17:00:00;105.86666666666666
1071729215;2021-09-29 17:00:00;2021-09-29 17:30:00;106.93333333333334
1071729215;2021-09-29 17:30:00;2021-09-29 18:00:00;104.26666666666667
1071729215;2021-09-29 18:00:00;2021-09-29 18:30:00;100.56666666666666
1071729215;2021-09-29 18:30:00;2021-09-29 19:00:00;92.56666666666666
1071729215;2021-09-29 19:00:00;2021-09-29 19:30:00;73.43333333333334
1071729215;2021-09-29 19:30:00;2021-09-29 20:00:00;116.43333333333334
1071729215;2021-09-29 20:00:00;2021-09-29 20:30:00;108.96666666666667
1071729215;2021-09-29 20:30:00;2021-09-29 21:00:00;101.0
1071729215;2021-09-29 21:00:00;2021-09-29 21:30:00;106.3
1071729215;2021-09-29 21:30:00;2021-09-29 22:00:00;99.16666666666667
1071729215;2021-09-29 22:00:00;2021-09-29 22:30:00;101.0
1071729215;2021-09-29 22:30:00;2021-09-29 23:00:00;97.2
1071729215;2021-09-29 23:00:00;2021-09-29 23:30:00;102.96666666666667
1071729215;2021-09-29 23:30:00;2021-09-29 23:59:59;101.0
1071729215;2021-09-30 00:00:00;2021-09-30 00:30:00;101.0
1071729215;2021-09-30 00:30:00;2021-09-30 01:00:00;101.0
1071729215;2021-09-30 01:00:00;2021-09-30 01:30:00;101.0
1071729215;2021-09-30 01:30:00;2021-09-30 02:00:00;101.0
1071729215;2021-09-30 02:00:00;2021-09-30 02:30:00;101.0
1071729215;2021-09-30 02:30:00;2021-09-30 03:00:00;101.0
1071729215;2021-09-30 03:00:00;2021-09-30 03:30:00;96.0
1071729215;2021-09-30 03:30:00;2021-09-30 04:00:00;110.2
1071729215;2021-09-30 04:00:00;2021-09-30 04:30:00;105.56666666666666
1071729215;2021-09-30 04:30:00;2021-09-30 05:00:00;104.7
1071729215;2021-09-30 05:00:00;2021-09-30 05:30:00;98.96666666666667
1071729215;2021-09-30 05:30:00;2021-09-30 06:00:00;96.5
1071729215;2021-09-30 06:00:00;2021-09-30 06:30:00;90.76666666666667
1071729215;2021-09-30 06:30:00;2021-09-30 07:00:00;102.76666666666667
1071729215;2021-09-30 07:00:00;2021-09-30 07:30:00;91.9
1071729215;2021-09-30 07:30:00;2021-09-30 08:00:00;101.03333333333333
1071729215;2021-09-30 08:00:00;2021-09-30 08:30:00;91.2
1071729215;2021-09-30 08:30:00;2021-09-30 09:00:00;89.1
1071729215;2021-09-30 09:00:00;2021-09-30 09:30:00;88.56666666666666
1071729215;2021-09-30 09:30:00;2021-09-30 10:00:00;101.0
1071729215;2021-09-30 10:00:00;2021-09-30 10:30:00;94.72413793103448
1071729215;2021-09-30 10:30:00;2021-09-30 11:00:00;101.63333333333334
1071729215;2021-09-30 11:00:00;2021-09-30 11:30:00;96.56666666666666
1071729215;2021-09-30 11:30:00;2021-09-30 12:00:00;99.75862068965517
1071729215;2021-09-30 12:00:00;2021-09-30 12:30:00;93.23333333333333
1071729215;2021-09-30 12:30:00;2021-09-30 13:00:00;91.73333333333333
1071729215;2021-09-30 13:00:00;2021-09-30 13:30:00;99.6
1071729215;2021-09-30 13:30:00;2021-09-30 14:00:00;90.3
1071729215;2021-09-30 14:00:00;2021-09-30 14:30:00;109.66666666666667
1071729215;2021-09-30 14:30:00;2021-09-30 15:00:00;100.96666666666667
1071729215;2021-09-30 15:00:00;2021-09-30 15:30:00;103.03333333333333
1071729215;2021-09-30 15:30:00;2021-09-30 16:00:00;100.36666666666666
1071729215;2021-09-30 16:00:00;2021-09-30 16:30:00;98.13333333333334
1071729215;2021-09-30 16:30:00;2021-09-30 17:00:00;97.1
1071729215;2021-09-30 17:00:00;2021-09-30 17:30:00;100.83333333333333
1071729215;2021-09-30 17:30:00;2021-09-30 18:00:00;102.26666666666667
1071729215;2021-09-30 18:00:00;2021-09-30 18:30:00;101.46666666666667
1071729215;2021-09-30 18:30:00;2021-09-30 19:00:00;105.9
1071729215;2021-09-30 19:00:00;2021-09-30 19:30:00;104.7
1071729215;2021-09-30 19:30:00;2021-09-30 20:00:00;99.63333333333334
1071729215;2021-09-30 20:00:00;2021-09-30 20:30:00;106.36666666666666
1071729215;2021-09-30 20:30:00;2021-09-30 21:00:00;97.3
1071729215;2021-09-30 21:00:00;2021-09-30 21:30:00;92.93333333333334
1071729215;2021-09-30 21:30:00;2021-09-30 22:00:00;111.63333333333334
1071729215;2021-09-30 22:00:00;2021-09-30 22:30:00;109.4
1071729215;2021-09-30 22:30:00;2021-09-30 23:00:00;101.0
1071729215;2021-09-30 23:00:00;2021-09-30 23:30:00;91.36666666666666
1071729215;2021-09-30 23:30:00;2021-09-30 23:59:59;105.1
1071729215;2021-10-01 00:00:00;2021-10-01 00:30:00;88.73333333333333
1071729215;2021-10-01 00:30:00;2021-10-01 01:00:00;108.06666666666666
1071729215;2021-10-01 01:00:00;2021-10-01 01:30:00;106.56666666666666
1071729215;2021-10-01 01:30:00;2021-10-01 02:00:00;104.8
1071729215;2021-10-01 02:00:00;2021-10-01 02:30:00;97.2
1071729215;2021-10-01 02:30:00;2021-10-01 03:00:00;101.0
1071729215;2021-10-01 03:00:00;2021-10-01 03:30:00;98.2
1071729215;2021-10-01 03:30:00;2021-10-01 04:00:00;100.93333333333334
1071729215;2021-10-01 04:00:00;2021-10-01 04:30:00;102.73333333333333
1071729215;2021-10-01 04:30:00;2021-10-01 05:00:00;103.53333333333333
1071729215;2021-10-01 05:00:00;2021-10-01 05:30:00;95.86666666666666
1071729215;2021-10-01 05:30:00;2021-10-01 06:00:00;105.76666666666667
1071729215;2021-10-01 06:00:00;2021-10-01 06:30:00;107.83333333333333
1071729215;2021-10-01 06:30:00;2021-10-01 07:00:00;102.3
1071729215;2021-10-01 07:00:00;2021-10-01 07:30:00;98.56666666666666
1071729215;2021-10-01 07:30:00;2021-10-01 08:00:00;98.33333333333333
1071729215;2021-10-01 08:00:00;2021-10-01 08:30:00;96.36666666666666
1071729215;2021-10-01 08:30:00;2021-10-01 09:00:00;99.76666666666667
1071729215;2021-10-01 09:00:00;2021-10-01 09:30:00;89.43333333333334
1071729215;2021-10-01 09:30:00;2021-10-01 10:00:00;106.86666666666666
1071729215;2021-10-01 10:00:00;2021-10-01 10:30:00;101.93333333333334
1071729215;2021-10-01 10:30:00;2021-10-01 11:00:00;102.83333333333333
1071729215;2021-10-01 11:00:00;2021-10-01 11:30:00;107.4
1071729215;2021-10-01 11:30:00;2021-10-01 12:00:00;102.93333333333334
1071729215;2021-10-01 12:00:00;2021-10-01 12:30:00;97.96666666666667
1071729215;2021-10-01 12:30:00;2021-10-01 13:00:00;95.53333333333333
1071729215;2021-10-01 13:00:00;2021-10-01 13:30:00;110.16666666666667
1071729215;2021-10-01 13:30:00;2021-10-01 14:00:00;111.23333333333333
1071729215;2021-10-01 14:00:00;2021-10-01 14:30:00;108.16666666666667
1071729215;2021-10-01 14:30:00;2021-10-01 15:00:00;96.7
1071729215;2021-10-01 15:00:00;2021-10-01 15:30:00;90.93333333333334
1071729215;2021-10-01 15:30:00;2021-10-01 16:00:00;110.96666666666667
1071729215;2021-10-01 16:00:00;2021-10-01 16:30:00;108.23333333333333
1071729215;2021-10-01 16:30:00;2021-10-01 17:00:00;100.66666666666667
1071729215;2021-10-01 17:00:00;2021-10-01 17:30:00;102.7
1071729215;2021-10-01 17:30:00;2021-10-01 18:00:00;113.8
1071729215;2021-10-01 18:00:00;2021-10-01 18:30:00;92.7
1071729215;2021-10-01 18:30:00;2021-10-01 19:00:00;105.0
1071729215;2021-10-01 19:00:00;2021-10-01 19:30:00;88.66666666666667
1071729215;2021-10-01 19:30:00;2021-10-01 20:00:00;113.76666666666667
1071729215;2021-10-01 20:00:00;2021-10-01 20:30:00;111.8
1071729215;2021-10-01 20:30:00;2021-10-01 21:00:00;122.5
1071729215;2021-10-01 21:00:00;2021-10-01 21:30:00;97.46666666666667
1071729215;2021-10-01 21:30:00;2021-10-01 22:00:00;105.76666666666667
1071729215;2021-10-01 22:00:00;2021-10-01 22:30:00;96.8
1071729215;2021-10-01 22:30:00;2021-10-01 23:00:00;91.46666666666667
1071729215;2021-10-01 23:00:00;2021-10-01 23:30:00;99.66666666666667
1071729215;2021-10-01 23:30:00;2021-10-01 23:59:59;93.86666666666666
1071729215;2021-10-02 00:00:00;2021-10-02 00:30:00;101.0
1071729215;2021-10-02 00:30:00;2021-10-02 01:00:00;101.0
1071729215;2021-10-02 01:00:00;2021-10-02 01:30:00;93.8
1071729215;2021-10-02 01:30:00;2021-10-02 02:00:00;100.2
1071729215;2021-10-02 02:00:00;2021-10-02 02:30:00;90.46666666666667
1071729215;2021-10-02 02:30:00;2021-10-02 03:00:00;99.73333333333333
1071729215;2021-10-02 03:00:00;2021-10-02 03:30:00;88.1
1071729215;2021-10-02 03:30:00;2021-10-02 04:00:00;92.8
1071729215;2021-10-02 04:00:00;2021-10-02 04:30:00;88.33333333333333
1071729215;2021-10-02 04:30:00;2021-10-02 05:00:00;101.06666666666666
1071729215;2021-10-02 05:00:00;2021-10-02 05:30:00;89.43333333333334
1071729215;2021-10-02 05:30:00;2021-10-02 06:00:00;101.06666666666666
1071729215;2021-10-02 06:00:00;2021-10-02 06:30:00;96.63333333333334
1071729215;2021-10-02 06:30:00;2021-10-02 07:00:00;108.4
1071729215;2021-10-02 07:00:00;2021-10-02 07:30:00;111.23333333333333
1071729215;2021-10-02 07:30:00;2021-10-02 08:00:00;100.16666666666667
1071729215;2021-10-02 08:00:00;2021-10-02 08:30:00;99.23333333333333
1071729215;2021-10-02 08:30:00;2021-10-02 09:00:00;104.33333333333333
1071729215;2021-10-02 09:00:00;2021-10-02 09:30:00;87.0
1071729215;2021-10-02 09:30:00;2021-10-02 10:00:00;105.06666666666666
1071729215;2021-10-02 10:00:00;2021-10-02 10:30:00;104.7
1071729215;2021-10-02 10:30:00;2021-10-02 11:00:00;107.56666666666666
1071729215;2021-10-02 11:00:00;2021-10-02 11:30:00;112.33333333333333
1071729215;2021-10-02 11:30:00;2021-10-02 12:00:00;102.06666666666666
1071729215;2021-10-02 12:00:00;2021-10-02 12:30:00;102.43333333333334
1071729215;2021-10-02 12:30:00;2021-10-02 13:00:00;106.4
1071729215;2021-10-02 13:00:00;2021-10-02 13:30:00;94.26666666666667
1071729215;2021-10-02 13:30:00;2021-10-02 14:00:00;97.7
1071729215;2021-10-02 14:00:00;2021-10-02 14:30:00;110.0
1071729215;2021-10-02 14:30:00;2021-10-02 15:00:00;110.73333333333333
1071729215;2021-10-02 15:00:00;2021-10-02 15:30:00;123.13333333333334
1071729215;2021-10-02 15:30:00;2021-10-02 16:00:00;110.43333333333334
1071729215;2021-10-02 16:00:00;2021-10-02 16:30:00;103.1
1071729215;2021-10-02 16:30:00;2021-10-02 17:00:00;111.16666666666667
1071729215;2021-10-02 17:00:00;2021-10-02 17:30:00;105.23333333333333
1071729215;2021-10-02 17:30:00;2021-10-02 18:00:00;103.1
1071729215;2021-10-02 18:00:00;2021-10-02 18:30:00;106.26666666666667
1071729215;2021-10-02 18:30:00;2021-10-02 19:00:00;101.76666666666667
1071729215;2021-10-02 19:00:00;2021-10-02 19:30:00;111.4
1071729215;2021-10-02 19:30:00;2021-10-02 20:00:00;96.8
1071729215;2021-10-02 20:00:00;2021-10-02 20:30:00;101.73333333333333
1071729215;2021-10-02 20:30:00;2021-10-02 21:00:00;109.0
1071729215;2021-10-02 21:00:00;2021-10-02 21:30:00;95.96666666666667
1071729215;2021-10-02 21:30:00;2021-10-02 22:00:00;101.66666666666667
1071729215;2021-10-02 22:00:00;2021-10-02 22:30:00;108.36666666666666
1071729215;2021-10-02 22:30:00;2021-10-02 23:00:00;95.2
1071729215;2021-10-02 23:00:00;2021-10-02 23:30:00;104.03333333333333
1071729215;2021-10-02 23:30:00;2021-10-02 23:59:59;109.2
1071729215;2021-10-03 00:00:00;2021-10-03 00:30:00;97.0
1071729215;2021-10-03 00:30:00;2021-10-03 01:00:00;108.06666666666666
1071729215;2021-10-03 01:00:00;2021-10-03 01:30:00;101.5
1071729215;2021-10-03 01:30:00;2021-10-03 02:00:00;101.0
1071729215;2021-10-03 02:00:00;2021-10-03 02:30:00;101.0
1071729215;2021-10-03 02:30:00;2021-10-03 03:00:00;101.0
1071729215;2021-10-03 03:00:00;2021-10-03 03:30:00;95.0
1071729215;2021-10-03 03:30:00;2021-10-03 04:00:00;95.0
1071729215;2021-10-03 04:00:00;2021-10-03 04:30:00;102.8
1071729215;2021-10-03 04:30:00;2021-10-03 05:00:00;92.06666666666666
1071729215;2021-10-03 05:00:00;2021-10-03 05:30:00;98.93333333333334
1071729215;2021-10-03 05:30:00;2021-10-03 06:00:00;104.5
1071729215;2021-10-03 06:00:00;2021-10-03 06:30:00;105.63333333333334
1071729215;2021-10-03 06:30:00;2021-10-03 07:00:00;99.03333333333333
1071729215;2021-10-03 07:00:00;2021-10-03 07:30:00;107.63333333333334
1071729215;2021-10-03 07:30:00;2021-10-03 08:00:00;107.53333333333333
1071729215;2021-10-03 08:00:00;2021-10-03 08:30:00;114.46666666666667
1071729215;2021-10-03 08:30:00;2021-10-03 09:00:00;101.56666666666666
1071729215;2021-10-03 09:00:00;2021-10-03 09:30:00;100.46666666666667
1071729215;2021-10-03 09:30:00;2021-10-03 10:00:00;111.36666666666666
1071729215;2021-10-03 10:00:00;2021-10-03 10:30:00;103.53333333333333
1071729215;2021-10-03 10:30:00;2021-10-03 11:00:00;104.5
1071729215;2021-10-03 11:00:00;2021-10-03 11:30:00;90.06666666666666
1071729215;2021-10-03 11:30:00;2021-10-03 12:00:00;97.83333333333333
1071729215;2021-10-03 12:00:00;2021-10-03 12:30:00;100.03333333333333
1071729215;2021-10-03 12:30:00;2021-10-03 13:00:00;87.56666666666666
1071729215;2021-10-03 13:00:00;2021-10-03 13:30:00;88.93333333333334
1071729215;2021-10-03 13:30:00;2021-10-03 14:00:00;86.06666666666666
1071729215;2021-10-03 14:00:00;2021-10-03 14:30:00;90.13333333333334
1071729215;2021-10-03 14:30:00;2021-10-03 15:00:00;100.1
1071729215;2021-10-03 15:00:00;2021-10-03 15:30:00;87.53333333333333
1071729215;2021-10-03 15:30:00;2021-10-03 16:00:00;94.06666666666666
1071729215;2021-10-03 16:00:00;2021-10-03 16:30:00;100.66666666666667
1071729215;2021-10-03 16:30:00;2021-10-03 17:00:00;99.03333333333333
1071729215;2021-10-03 17:00:00;2021-10-03 17:30:00;98.53333333333333
1071729215;2021-10-03 17:30:00;2021-10-03 18:00:00;109.8
1071729215;2021-10-03 18:00:00;2021-10-03 18:30:00;106.6
1071729215;2021-10-03 18:30:00;2021-10-03 19:00:00;105.4
1071729215;2021-10-03 19:00:00;2021-10-03 19:30:00;93.1
1071729215;2021-10-03 19:30:00;2021-10-03 20:00:00;100.2
1071729215;2021-10-03 20:00:00;2021-10-03 20:30:00;108.9
1071729215;2021-10-03 20:30:00;2021-10-03 21:00:00;100.6
1071729215;2021-10-03 21:00:00;2021-10-03 21:30:00;99.5
1071729215;2021-10-03 21:30:00;2021-10-03 22:00:00;108.2
1071729215;2021-10-03 22:00:00;2021-10-03 22:30:00;93.06666666666666
1071729215;2021-10-03 22:30:00;2021-10-03 23:00:00;99.4
1071729215;2021-10-03 23:00:00;2021-10-03 23:30:00;77.0
1071729215;2021-10-03 23:30:00;2021-10-03 23:59:59;80.83333333333333
1071729215;2021-10-04 00:00:00;2021-10-04 00:30:00;93.33333333333333
1071729215;2021-10-04 00:30:00;2021-10-04 01:00:00;99.93333333333334
1071729215;2021-10-04 01:00:00;2021-10-04 01:30:00;111.53333333333333
1071729215;2021-10-04 01:30:00;2021-10-04 02:00:00;94.16666666666667
1071729215;2021-10-04 02:00:00;2021-10-04 02:30:00;104.46666666666667
1071729215;2021-10-04 02:30:00;2021-10-04 03:00:00;94.5
1071729215;2021-10-04 03:00:00;2021-10-04 03:30:00;105.4
1071729215;2021-10-04 03:30:00;2021-10-04 04:00:00;102.83333333333333
1071729215;2021-10-04 04:00:00;2021-10-04 04:30:00;112.16666666666667
1071729215;2021-10-04 04:30:00;2021-10-04 05:00:00;118.8
1071729215;2021-10-04 05:00:00;2021-10-04 05:30:00;111.96666666666667
1071729215;2021-10-04 05:30:00;2021-10-04 06:00:00;91.53333333333333
1071729215;2021-10-04 06:00:00;2021-10-04 06:30:00;107.2
1071729215;2021-10-04 06:30:00;2021-10-04 07:00:00;93.66666666666667
1071729215;2021-10-04 07:00:00;2021-10-04 07:30:00;111.6
1071729215;2021-10-04 07:30:00;2021-10-04 08:00:00;110.63333333333334
1071729215;2021-10-04 08:00:00;2021-10-04 08:30:00;103.16666666666667
1071729215;2021-10-04 08:30:00;2021-10-04 09:00:00;90.33333333333333
1071729215;2021-10-04 09:00:00;2021-10-04 09:30:00;112.3
1071729215;2021-10-04 09:30:00;2021-10-04 10:00:00;95.93333333333334
1071729215;2021-10-04 10:00:00;2021-10-04 10:30:00;96.36666666666666
1071729215;2021-10-04 10:30:00;2021-10-04 11:00:00;90.7
1071729215;2021-10-04 11:00:00;2021-10-04 11:30:00;100.76666666666667
1071729215;2021-10-04 11:30:00;2021-10-04 12:00:00;94.33333333333333
1071729215;2021-10-04 12:00:00;2021-10-04 12:30:00;99.5
1071729215;2021-10-04 12:30:00;2021-10-04 13:00:00;96.23333333333333
1071729215;2021-10-04 13:00:00;2021-10-04 13:30:00;99.53333333333333
1071729215;2021-10-04 13:30:00;2021-10-04 14:00:00;99.96666666666667
1071729215;2021-10-04 14:00:00;2021-10-04 14:30:00;102.76666666666667
1071729215;2021-10-04 14:30:00;2021-10-04 15:00:00;101.56666666666666
1071729215;2021-10-04 15:00:00;2021-10-04 15:30:00;99.06666666666666
1071729215;2021-10-04 15:30:00;2021-10-04 16:00:00;97.06666666666666
1071729215;2021-10-04 16:00:00;2021-10-04 16:30:00;94.56666666666666
1071729215;2021-10-04 16:30:00;2021-10-04 17:00:00;97.7
1071729215;2021-10-04 17:00:00;2021-10-04 17:30:00;109.33333333333333
1071729215;2021-10-04 17:30:00;2021-10-04 18:00:00;114.6
1071729215;2021-10-04 18:00:00;2021-10-04 18:30:00;105.3
1071729215;2021-10-04 18:30:00;2021-10-04 19:00:00;106.03333333333333
1071729215;2021-10-04 19:00:00;2021-10-04 19:30:00;95.96666666666667
1071729215;2021-10-04 19:30:00;2021-10-04 20:00:00;89.73333333333333
1071729215;2021-10-04 20:00:00;2021-10-04 20:30:00;90.03333333333333
1071729215;2021-10-04 20:30:00;2021-10-04 21:00:00;87.8
1071729215;2021-10-04 21:00:00;2021-10-04 21:30:00;80.53333333333333
1071729215;2021-10-04 21:30:00;2021-10-04 22:00:00;87.7
1071729215;2021-10-04 22:00:00;2021-10-04 22:30:00;93.66666666666667
1071729215;2021-10-04 22:30:00;2021-10-04 23:00:00;88.8
1071729215;2021-10-04 23:00:00;2021-10-04 23:30:00;103.33333333333333
1071729215;2021-10-04 23:30:00;2021-10-04 23:59:59;99.13333333333334
1071729215;2021-10-05 00:00:00;2021-10-05 00:30:00;96.26666666666667
1071729215;2021-10-05 00:30:00;2021-10-05 01:00:00;96.93333333333334
1071729215;2021-10-05 01:00:00;2021-10-05 01:30:00;90.23333333333333
1071729215;2021-10-05 01:30:00;2021-10-05 02:00:00;99.36666666666666
1071729215;2021-10-05 02:00:00;2021-10-05 02:30:00;96.73333333333333
1071729215;2021-10-05 02:30:00;2021-10-05 03:00:00;90.86666666666666
1071729215;2021-10-05 03:00:00;2021-10-05 03:30:00;94.06666666666666
1071729215;2021-10-05 03:30:00;2021-10-05 04:00:00;92.03333333333333
1071729215;2021-10-05 04:00:00;2021-10-05 04:30:00;95.7
1071729215;2021-10-05 04:30:00;2021-10-05 05:00:00;86.56666666666666
1071729215;2021-10-05 05:00:00;2021-10-05 05:30:00;113.73333333333333
1071729215;2021-10-05 05:30:00;2021-10-05 06:00:00;102.73333333333333
1071729215;2021-10-05 06:00:00;2021-10-05 06:30:00;100.46666666666667
1071729215;2021-10-05 06:30:00;2021-10-05 07:00:00;93.0
1071729215;2021-10-05 07:00:00;2021-10-05 07:30:00;95.46666666666667
1071729215;2021-10-05 07:30:00;2021-10-05 08:00:00;90.03333333333333
1071729215;2021-10-05 08:00:00;2021-10-05 08:30:00;93.4
1071729215;2021-10-05 08:30:00;2021-10-05 09:00:00;106.83333333333333
1071729215;2021-10-05 09:00:00;2021-10-05 09:30:00;88.06666666666666
1071729215;2021-10-05 09:30:00;2021-10-05 10:00:00;91.0
1071729215;2021-10-05 10:00:00;2021-10-05 10:30:00;94.03333333333333
1071729215;2021-10-05 10:30:00;2021-10-05 11:00:00;94.36666666666666
1071729215;2021-10-05 11:00:00;2021-10-05 11:30:00;88.86666666666666
1071729215;2021-10-05 11:30:00;2021-10-05 12:00:00;102.86666666666666
1071729215;2021-10-05 12:00:00;2021-10-05 12:30:00;90.7
1071729215;2021-10-05 12:30:00;2021-10-05 13:00:00;98.0
1071729215;2021-10-05 13:00:00;2021-10-05 13:30:00;88.66666666666667
1071729215;2021-10-05 13:30:00;2021-10-05 14:00:00;85.76666666666667
1071729215;2021-10-05 14:00:00;2021-10-05 14:30:00;95.86666666666666
1071729215;2021-10-05 14:30:00;2021-10-05 15:00:00;88.56666666666666
1071729215;2021-10-05 15:00:00;2021-10-05 15:30:00;111.03333333333333
1071729215;2021-10-05 15:30:00;2021-10-05 16:00:00;95.16666666666667
1071729215;2021-10-05 16:00:00;2021-10-05 16:30:00;103.8
1071729215;2021-10-05 16:30:00;2021-10-05 17:00:00;96.06666666666666
1071729215;2021-10-05 17:00:00;2021-10-05 17:30:00;100.76666666666667
1071729215;2021-10-05 17:30:00;2021-10-05 18:00:00;92.43333333333334
1071729215;2021-10-05 18:00:00;2021-10-05 18:30:00;100.4
1071729215;2021-10-05 18:30:00;2021-10-05 19:00:00;93.53333333333333
1071729215;2021-10-05 19:00:00;2021-10-05 19:30:00;102.13333333333334
1071729215;2021-10-05 19:30:00;2021-10-05 20:00:00;95.5
1071729215;2021-10-05 20:00:00;2021-10-05 20:30:00;88.53333333333333
1071729215;2021-10-05 20:30:00;2021-10-05 21:00:00;84.63333333333334
1071729215;2021-10-05 21:00:00;2021-10-05 21:30:00;94.0
1071729215;2021-10-05 21:30:00;2021-10-05 22:00:00;90.8
1071729215;2021-10-05 22:00:00;2021-10-05 22:30:00;86.53333333333333
1071729215;2021-10-05 22:30:00;2021-10-05 23:00:00;98.0
1071729215;2021-10-05 23:00:00;2021-10-05 23:30:00;98.0
1071729215;2021-10-05 23:30:00;2021-10-05 23:59:59;92.66666666666667
1071729215;2021-10-06 00:00:00;2021-10-06 00:30:00;97.53333333333333
1071729215;2021-10-06 00:30:00;2021-10-06 01:00:00;98.0
1071729215;2021-10-06 01:00:00;2021-10-06 01:30:00;98.0
1071729215;2021-10-06 01:30:00;2021-10-06 02:00:00;98.0
1071729215;2021-10-06 02:00:00;2021-10-06 02:30:00;98.0
1071729215;2021-10-06 02:30:00;2021-10-06 03:00:00;98.66666666666667
1071729215;2021-10-06 03:00:00;2021-10-06 03:30:00;106.76666666666667
1071729215;2021-10-06 03:30:00;2021-10-06 04:00:00;91.36666666666666
1071729215;2021-10-06 04:00:00;2021-10-06 04:30:00;94.06666666666666
1071729215;2021-10-06 04:30:00;2021-10-06 05:00:00;100.76666666666667
1071729215;2021-10-06 05:00:00;2021-10-06 05:30:00;90.96666666666667
1071729215;2021-10-06 05:30:00;2021-10-06 06:00:00;102.9
1071729215;2021-10-06 06:00:00;2021-10-06 06:30:00;98.56666666666666
1071729215;2021-10-06 06:30:00;2021-10-06 07:00:00;96.73333333333333
1071729215;2021-10-06 07:00:00;2021-10-06 07:30:00;94.56666666666666
1071729215;2021-10-06 07:30:00;2021-10-06 08:00:00;105.1
1071729215;2021-10-06 08:00:00;2021-10-06 08:30:00;97.03333333333333
1071729215;2021-10-06 08:30:00;2021-10-06 09:00:00;91.6896551724138
1071729215;2021-10-06 09:00:00;2021-10-06 09:30:00;97.13333333333334
1071729215;2021-10-06 09:30:00;2021-10-06 10:00:00;104.46666666666667
1071729215;2021-10-06 10:00:00;2021-10-06 10:30:00;94.6
1071729215;2021-10-06 10:30:00;2021-10-06 11:00:00;99.76666666666667
1071729215;2021-10-06 11:00:00;2021-10-06 11:30:00;86.8
1071729215;2021-10-06 11:30:00;2021-10-06 12:00:00;93.36666666666666
1071729215;2021-10-06 12:00:00;2021-10-06 12:30:00;96.06666666666666
1071729215;2021-10-06 12:30:00;2021-10-06 13:00:00;89.33333333333333
1071729215;2021-10-06 13:00:00;2021-10-06 13:30:00;96.26666666666667
1071729215;2021-10-06 13:30:00;2021-10-06 14:00:00;106.73333333333333
1071729215;2021-10-06 14:00:00;2021-10-06 14:30:00;92.06666666666666
1071729215;2021-10-06 14:30:00;2021-10-06 15:00:00;93.03333333333333
1071729215;2021-10-06 15:00:00;2021-10-06 15:30:00;100.4
1071729215;2021-10-06 15:30:00;2021-10-06 16:00:00;96.33333333333333
1071729215;2021-10-06 16:00:00;2021-10-06 16:30:00;95.66666666666667
1071729215;2021-10-06 16:30:00;2021-10-06 17:00:00;91.66666666666667
1071729215;2021-10-06 17:00:00;2021-10-06 17:30:00;98.83333333333333
1071729215;2021-10-06 17:30:00;2021-10-06 18:00:00;90.9
1071729215;2021-10-06 18:00:00;2021-10-06 18:30:00;85.2
1071729215;2021-10-06 18:30:00;2021-10-06 19:00:00;89.6
1071729215;2021-10-06 19:00:00;2021-10-06 19:30:00;94.53333333333333
1071729215;2021-10-06 19:30:00;2021-10-06 20:00:00;108.9
1071729215;2021-10-06 20:00:00;2021-10-06 20:30:00;101.1
1071729215;2021-10-06 20:30:00;2021-10-06 21:00:00;113.7
1071729215;2021-10-06 21:00:00;2021-10-06 21:30:00;92.6
1071729215;2021-10-06 21:30:00;2021-10-06 22:00:00;95.36666666666666
1071729215;2021-10-06 22:00:00;2021-10-06 22:30:00;88.2
1071729215;2021-10-06 22:30:00;2021-10-06 23:00:00;93.56666666666666
1071729215;2021-10-06 23:00:00;2021-10-06 23:30:00;79.13333333333334
1071729215;2021-10-06 23:30:00;2021-10-06 23:59:59;107.53333333333333
1071729215;2021-10-07 00:00:00;2021-10-07 00:30:00;112.4
1071729215;2021-10-07 00:30:00;2021-10-07 01:00:00;120.3
1071729215;2021-10-07 01:00:00;2021-10-07 01:30:00;101.13333333333334
1071729215;2021-10-07 01:30:00;2021-10-07 02:00:00;92.4
1071729215;2021-10-07 02:00:00;2021-10-07 02:30:00;98.0
1071729215;2021-10-07 02:30:00;2021-10-07 03:00:00;98.0
1071729215;2021-10-07 03:00:00;2021-10-07 03:30:00;95.56666666666666
1071729215;2021-10-07 03:30:00;2021-10-07 04:00:00;95.03333333333333
1071729215;2021-10-07 04:00:00;2021-10-07 04:30:00;102.13333333333334
1071729215;2021-10-07 04:30:00;2021-10-07 05:00:00;94.0
1071729215;2021-10-07 05:00:00;2021-10-07 05:30:00;108.53333333333333
1071729215;2021-10-07 05:30:00;2021-10-07 06:00:00;103.13333333333334
1071729215;2021-10-07 06:00:00;2021-10-07 06:30:00;103.43333333333334
1071729215;2021-10-07 06:30:00;2021-10-07 07:00:00;101.83333333333333
1071729215;2021-10-07 07:00:00;2021-10-07 07:30:00;85.83333333333333
1071729215;2021-10-07 07:30:00;2021-10-07 08:00:00;95.06666666666666
1071729215;2021-10-07 08:00:00;2021-10-07 08:30:00;97.5
1071729215;2021-10-07 08:30:00;2021-10-07 09:00:00;92.9
1071729215;2021-10-07 09:00:00;2021-10-07 09:30:00;95.66666666666667
1071729215;2021-10-07 09:30:00;2021-10-07 10:00:00;94.26666666666667
1071729215;2021-10-07 10:00:00;2021-10-07 10:30:00;92.43333333333334
1071729215;2021-10-07 10:30:00;2021-10-07 11:00:00;99.0
1071729215;2021-10-07 11:00:00;2021-10-07 11:30:00;91.76666666666667
1071729215;2021-10-07 11:30:00;2021-10-07 12:00:00;90.0
1071729215;2021-10-07 12:00:00;2021-10-07 12:30:00;105.3
1071729215;2021-10-07 12:30:00;2021-10-07 13:00:00;93.53333333333333
1071729215;2021-10-07 13:00:00;2021-10-07 13:30:00;93.63333333333334
1071729215;2021-10-07 13:30:00;2021-10-07 14:00:00;91.9
1071729215;2021-10-07 14:00:00;2021-10-07 14:30:00;91.63333333333334
1071729215;2021-10-07 14:30:00;2021-10-07 15:00:00;95.83333333333333
1071729215;2021-10-07 15:00:00;2021-10-07 15:30:00;98.7
1071729215;2021-10-07 15:30:00;2021-10-07 16:00:00;105.86666666666666
1071729215;2021-10-07 16:00:00;2021-10-07 16:30:00;95.73333333333333
1071729215;2021-10-07 16:30:00;2021-10-07 17:00:00;82.3
1071729215;2021-10-07 17:00:00;2021-10-07 17:30:00;93.96666666666667
1071729215;2021-10-07 17:30:00;2021-10-07 18:00:00;94.83333333333333
1071729215;2021-10-07 18:00:00;2021-10-07 18:30:00;108.9
1071729215;2021-10-07 18:30:00;2021-10-07 19:00:00;108.56666666666666
1071729215;2021-10-07 19:00:00;2021-10-07 19:30:00;103.0
1071729215;2021-10-07 19:30:00;2021-10-07 20:00:00;96.0
1071729215;2021-10-07 20:00:00;2021-10-07 20:30:00;103.9
1071729215;2021-10-07 20:30:00;2021-10-07 21:00:00;99.16666666666667
1071729215;2021-10-07 21:00:00;2021-10-07 21:30:00;111.8
1071729215;2021-10-07 21:30:00;2021-10-07 22:00:00;101.8
1071729215;2021-10-07 22:00:00;2021-10-07 22:30:00;89.66666666666667
1071729215;2021-10-07 22:30:00;2021-10-07 23:00:00;105.5
1071729215;2021-10-07 23:00:00;2021-10-07 23:30:00;102.46666666666667
1071729215;2021-10-07 23:30:00;2021-10-07 23:59:59;98.0
1071729215;2021-10-08 00:00:00;2021-10-08 00:30:00;98.0
1071729215;2021-10-08 00:30:00;2021-10-08 01:00:00;97.6
1071729215;2021-10-08 01:00:00;2021-10-08 01:30:00;91.16666666666667
1071729215;2021-10-08 01:30:00;2021-10-08 02:00:00;88.33333333333333
1071729215;2021-10-08 02:00:00;2021-10-08 02:30:00;91.6
1071729215;2021-10-08 02:30:00;2021-10-08 03:00:00;98.0
1071729215;2021-10-08 03:00:00;2021-10-08 03:30:00;97.43333333333334
1071729215;2021-10-08 03:30:00;2021-10-08 04:00:00;98.33333333333333
1071729215;2021-10-08 04:00:00;2021-10-08 04:30:00;102.66666666666667
1071729215;2021-10-08 04:30:00;2021-10-08 05:00:00;95.6
1071729215;2021-10-08 05:00:00;2021-10-08 05:30:00;107.73333333333333
1071729215;2021-10-08 05:30:00;2021-10-08 06:00:00;101.6
1071729215;2021-10-08 06:00:00;2021-10-08 06:30:00;91.6
1071729215;2021-10-08 06:30:00;2021-10-08 07:00:00;98.6
1071729215;2021-10-08 07:00:00;2021-10-08 07:30:00;100.6
1071729215;2021-10-08 07:30:00;2021-10-08 08:00:00;76.86666666666666
1071729215;2021-10-08 08:00:00;2021-10-08 08:30:00;97.5
1071729215;2021-10-08 08:30:00;2021-10-08 09:00:00;104.83333333333333
1071729215;2021-10-08 09:00:00;2021-10-08 09:30:00;95.86666666666666
1071729215;2021-10-08 09:30:00;2021-10-08 10:00:00;103.33333333333333
1071729215;2021-10-08 10:00:00;2021-10-08 10:30:00;91.33333333333333
1071729215;2021-10-08 10:30:00;2021-10-08 11:00:00;102.2
1071729215;2021-10-08 11:00:00;2021-10-08 11:30:00;95.2
1071729215;2021-10-08 11:30:00;2021-10-08 12:00:00;104.16666666666667
1071729215;2021-10-08 12:00:00;2021-10-08 12:30:00;103.6
1071729215;2021-10-08 12:30:00;2021-10-08 13:00:00;96.2
1071729215;2021-10-08 13:00:00;2021-10-08 13:30:00;107.86666666666666
1071729215;2021-10-08 13:30:00;2021-10-08 14:00:00;103.63333333333334
1071729215;2021-10-08 14:00:00;2021-10-08 14:30:00;100.8
1071729215;2021-10-08 14:30:00;2021-10-08 15:00:00;92.56666666666666
1071729215;2021-10-08 15:00:00;2021-10-08 15:30:00;107.6
1071729215;2021-10-08 15:30:00;2021-10-08 16:00:00;94.06666666666666
1071729215;2021-10-08 16:00:00;2021-10-08 16:30:00;114.63333333333334
1071729215;2021-10-08 16:30:00;2021-10-08 17:00:00;95.26666666666667
1071729215;2021-10-08 17:00:00;2021-10-08 17:30:00;91.76666666666667
1071729215;2021-10-08 17:30:00;2021-10-08 18:00:00;96.16666666666667
1071729215;2021-10-08 18:00:00;2021-10-08 18:30:00;108.43333333333334
1071729215;2021-10-08 18:30:00;2021-10-08 19:00:00;100.26666666666667
1071729215;2021-10-08 19:00:00;2021-10-08 19:30:00;107.83333333333333
1071729215;2021-10-08 19:30:00;2021-10-08 20:00:00;105.2
1071729215;2021-10-08 20:00:00;2021-10-08 20:30:00;98.76666666666667
1071729215;2021-10-08 20:30:00;2021-10-08 21:00:00;98.0
1071729215;2021-10-08 21:00:00;2021-10-08 21:30:00;98.0
1071729215;2021-10-08 21:30:00;2021-10-08 22:00:00;98.0
1071729215;2021-10-08 22:00:00;2021-10-08 22:30:00;89.33333333333333
1071729215;2021-10-08 22:30:00;2021-10-08 23:00:00;86.8
1071729215;2021-10-08 23:00:00;2021-10-08 23:30:00;77.26666666666667
1071729215;2021-10-08 23:30:00;2021-10-08 23:59:59;82.56666666666666
1071729215;2021-10-09 00:00:00;2021-10-09 00:30:00;88.8
1071729215;2021-10-09 00:30:00;2021-10-09 01:00:00;98.0
1071729215;2021-10-09 01:00:00;2021-10-09 01:30:00;98.0
1071729215;2021-10-09 01:30:00;2021-10-09 02:00:00;96.86666666666666
1071729215;2021-10-09 02:00:00;2021-10-09 02:30:00;98.0
1071729215;2021-10-09 02:30:00;2021-10-09 03:00:00;96.13333333333334
1071729215;2021-10-09 03:00:00;2021-10-09 03:30:00;94.76666666666667
1071729215;2021-10-09 03:30:00;2021-10-09 04:00:00;95.03333333333333
1071729215;2021-10-09 04:00:00;2021-10-09 04:30:00;92.73333333333333
1071729215;2021-10-09 04:30:00;2021-10-09 05:00:00;89.7
1071729215;2021-10-09 05:00:00;2021-10-09 05:30:00;102.13333333333334
1071729215;2021-10-09 05:30:00;2021-10-09 06:00:00;93.03333333333333
1071729215;2021-10-09 06:00:00;2021-10-09 06:30:00;99.63333333333334
1071729215;2021-10-09 06:30:00;2021-10-09 07:00:00;124.16666666666667
1071729215;2021-10-09 07:00:00;2021-10-09 07:30:00;112.76666666666667
1071729215;2021-10-09 07:30:00;2021-10-09 08:00:00;103.83333333333333
1071729215;2021-10-09 08:00:00;2021-10-09 08:30:00;105.06666666666666
1071729215;2021-10-09 08:30:00;2021-10-09 09:00:00;107.23333333333333
1071729215;2021-10-09 09:00:00;2021-10-09 09:30:00;113.2
1071729215;2021-10-09 09:30:00;2021-10-09 10:00:00;104.7
1071729215;2021-10-09 10:00:00;2021-10-09 10:30:00;98.4
1071729215;2021-10-09 10:30:00;2021-10-09 11:00:00;87.5
1071729215;2021-10-09 11:00:00;2021-10-09 11:30:00;104.03333333333333
1071729215;2021-10-09 11:30:00;2021-10-09 12:00:00;116.43333333333334
1071729215;2021-10-09 12:00:00;2021-10-09 12:30:00;115.73333333333333
1071729215;2021-10-09 12:30:00;2021-10-09 13:00:00;92.33333333333333
1071729215;2021-10-09 13:00:00;2021-10-09 13:30:00;100.86666666666666
1071729215;2021-10-09 13:30:00;2021-10-09 14:00:00;98.33333333333333
1071729215;2021-10-09 14:00:00;2021-10-09 14:30:00;109.56666666666666
1071729215;2021-10-09 14:30:00;2021-10-09 15:00:00;104.53333333333333
1071729215;2021-10-09 15:00:00;2021-10-09 15:30:00;104.8
1071729215;2021-10-09 15:30:00;2021-10-09 16:00:00;107.46666666666667
1071729215;2021-10-09 16:00:00;2021-10-09 16:30:00;109.2
1071729215;2021-10-09 16:30:00;2021-10-09 17:00:00;99.13333333333334
1071729215;2021-10-09 17:00:00;2021-10-09 17:30:00;98.8
1071729215;2021-10-09 17:30:00;2021-10-09 18:00:00;93.06666666666666
1071729215;2021-10-09 18:00:00;2021-10-09 18:30:00;92.26666666666667
1071729215;2021-10-09 18:30:00;2021-10-09 19:00:00;112.13333333333334
1071729215;2021-10-09 19:00:00;2021-10-09 19:30:00;119.0
1071729215;2021-10-09 19:30:00;2021-10-09 20:00:00;106.83333333333333
1071729215;2021-10-09 20:00:00;2021-10-09 20:30:00;104.93333333333334
1071729215;2021-10-09 20:30:00;2021-10-09 21:00:00;98.0
1071729215;2021-10-09 21:00:00;2021-10-09 21:30:00;98.0
1071729215;2021-10-09 21:30:00;2021-10-09 22:00:00;98.0
1071729215;2021-10-09 22:00:00;2021-10-09 22:30:00;98.0
1071729215;2021-10-09 22:30:00;2021-10-09 23:00:00;98.0
1071729215;2021-10-09 23:00:00;2021-10-09 23:30:00;98.0
1071729215;2021-10-09 23:30:00;2021-10-09 23:59:59;98.73333333333333
1071729215;2021-10-10 00:00:00;2021-10-10 00:30:00;98.6
1071729215;2021-10-10 00:30:00;2021-10-10 01:00:00;98.0
1071729215;2021-10-10 01:00:00;2021-10-10 01:30:00;98.0
1071729215;2021-10-10 01:30:00;2021-10-10 02:00:00;98.0
1071729215;2021-10-10 02:00:00;2021-10-10 02:30:00;98.0
1071729215;2021-10-10 02:30:00;2021-10-10 03:00:00;98.0
1071729215;2021-10-10 03:00:00;2021-10-10 03:30:00;92.0
1071729215;2021-10-10 03:30:00;2021-10-10 04:00:00;94.2
1071729215;2021-10-10 04:00:00;2021-10-10 04:30:00;95.76666666666667
1071729215;2021-10-10 04:30:00;2021-10-10 05:00:00;91.26666666666667
1071729215;2021-10-10 05:00:00;2021-10-10 05:30:00;89.2
1071729215;2021-10-10 05:30:00;2021-10-10 06:00:00;95.76666666666667
1071729215;2021-10-10 06:00:00;2021-10-10 06:30:00;100.1
1071729215;2021-10-10 06:30:00;2021-10-10 07:00:00;89.6
1071729215;2021-10-10 07:00:00;2021-10-10 07:30:00;107.76666666666667
1071729215;2021-10-10 07:30:00;2021-10-10 08:00:00;102.03333333333333
1071729215;2021-10-10 08:00:00;2021-10-10 08:30:00;103.5
1071729215;2021-10-10 08:30:00;2021-10-10 09:00:00;94.66666666666667
1071729215;2021-10-10 09:00:00;2021-10-10 09:30:00;98.3
1071729215;2021-10-10 09:30:00;2021-10-10 10:00:00;100.43333333333334
1071729215;2021-10-10 10:00:00;2021-10-10 10:30:00;103.73333333333333
1071729215;2021-10-10 10:30:00;2021-10-10 11:00:00;105.76666666666667
1071729215;2021-10-10 11:00:00;2021-10-10 11:30:00;101.5
1071729215;2021-10-10 11:30:00;2021-10-10 12:00:00;100.9
1071729215;2021-10-10 12:00:00;2021-10-10 12:30:00;103.46666666666667
1071729215;2021-10-10 12:30:00;2021-10-10 13:00:00;106.7
1071729215;2021-10-10 13:00:00;2021-10-10 13:30:00;90.66666666666667
1071729215;2021-10-10 13:30:00;2021-10-10 14:00:00;93.13333333333334
1071729215;2021-10-10 14:00:00;2021-10-10 14:30:00;91.16666666666667
1071729215;2021-10-10 14:30:00;2021-10-10 15:00:00;99.03333333333333
1071729215;2021-10-10 15:00:00;2021-10-10 15:30:00;92.46666666666667
1071729215;2021-10-10 15:30:00;2021-10-10 16:00:00;87.93333333333334
1071729215;2021-10-10 16:00:00;2021-10-10 16:30:00;98.86666666666666
1071729215;2021-10-10 16:30:00;2021-10-10 17:00:00;84.3
1071729215;2021-10-10 17:00:00;2021-10-10 17:30:00;86.6
1071729215;2021-10-10 17:30:00;2021-10-10 18:00:00;97.13333333333334
1071729215;2021-10-10 18:00:00;2021-10-10 18:30:00;109.86666666666666
1071729215;2021-10-10 18:30:00;2021-10-10 19:00:00;105.93333333333334
1071729215;2021-10-10 19:00:00;2021-10-10 19:30:00;105.63333333333334
1071729215;2021-10-10 19:30:00;2021-10-10 20:00:00;108.36666666666666
1071729215;2021-10-10 20:00:00;2021-10-10 20:30:00;113.93333333333334
1071729215;2021-10-10 20:30:00;2021-10-10 21:00:00;109.93333333333334
1071729215;2021-10-10 21:00:00;2021-10-10 21:30:00;98.43333333333334
1071729215;2021-10-10 21:30:00;2021-10-10 22:00:00;98.0
1071729215;2021-10-10 22:00:00;2021-10-10 22:30:00;98.0
1071729215;2021-10-10 22:30:00;2021-10-10 23:00:00;98.0
1071729215;2021-10-10 23:00:00;2021-10-10 23:30:00;98.0
1071729215;2021-10-10 23:30:00;2021-10-10 23:59:59;98.0
1071729215;2021-10-11 00:00:00;2021-10-11 00:30:00;98.0
1071729215;2021-10-11 00:30:00;2021-10-11 01:00:00;98.0
1071729215;2021-10-11 01:00:00;2021-10-11 01:30:00;99.0
1071729215;2021-10-11 01:30:00;2021-10-11 02:00:00;98.0
1071729215;2021-10-11 02:00:00;2021-10-11 02:30:00;92.4
1071729215;2021-10-11 02:30:00;2021-10-11 03:00:00;109.26666666666667
1071729215;2021-10-11 03:00:00;2021-10-11 03:30:00;104.5
1071729215;2021-10-11 03:30:00;2021-10-11 04:00:00;98.53333333333333
1071729215;2021-10-11 04:00:00;2021-10-11 04:30:00;103.93333333333334
1071729215;2021-10-11 04:30:00;2021-10-11 05:00:00;112.16666666666667
1071729215;2021-10-11 05:00:00;2021-10-11 05:30:00;101.16666666666667
1071729215;2021-10-11 05:30:00;2021-10-11 06:00:00;100.66666666666667
1071729215;2021-10-11 06:00:00;2021-10-11 06:30:00;86.13333333333334
1071729215;2021-10-11 06:30:00;2021-10-11 07:00:00;111.36666666666666
1071729215;2021-10-11 07:00:00;2021-10-11 07:30:00;101.5
1071729215;2021-10-11 07:30:00;2021-10-11 08:00:00;92.9
1071729215;2021-10-11 08:00:00;2021-10-11 08:30:00;96.7
1071729215;2021-10-11 08:30:00;2021-10-11 09:00:00;105.16666666666667
1071729215;2021-10-11 09:00:00;2021-10-11 09:30:00;93.36666666666666
1071729215;2021-10-11 09:30:00;2021-10-11 10:00:00;96.13333333333334
1071729215;2021-10-11 10:00:00;2021-10-11 10:30:00;85.8
1071729215;2021-10-11 10:30:00;2021-10-11 11:00:00;98.53333333333333
1071729215;2021-10-11 11:00:00;2021-10-11 11:30:00;102.6
1071729215;2021-10-11 11:30:00;2021-10-11 12:00:00;92.2
1071729215;2021-10-11 12:00:00;2021-10-11 12:30:00;93.96666666666667
1071729215;2021-10-11 12:30:00;2021-10-11 13:00:00;101.06666666666666
1071729215;2021-10-11 13:00:00;2021-10-11 13:30:00;94.23333333333333
1071729215;2021-10-11 13:30:00;2021-10-11 14:00:00;95.93333333333334
1071729215;2021-10-11 14:00:00;2021-10-11 14:30:00;90.33333333333333
1071729215;2021-10-11 14:30:00;2021-10-11 15:00:00;103.5
1071729215;2021-10-11 15:00:00;2021-10-11 15:30:00;101.16666666666667
1071729215;2021-10-11 15:30:00;2021-10-11 16:00:00;99.93333333333334
1071729215;2021-10-11 16:00:00;2021-10-11 16:30:00;104.1
1071729215;2021-10-11 16:30:00;2021-10-11 17:00:00;90.73333333333333
1071729215;2021-10-11 17:00:00;2021-10-11 17:30:00;95.63333333333334
1071729215;2021-10-11 17:30:00;2021-10-11 18:00:00;108.93333333333334
1071729215;2021-10-11 18:00:00;2021-10-11 18:30:00;97.3
1071729215;2021-10-11 18:30:00;2021-10-11 19:00:00;98.6
1071729215;2021-10-11 19:00:00;2021-10-11 19:30:00;94.0
1071729215;2021-10-11 19:30:00;2021-10-11 20:00:00;96.03333333333333
1071729215;2021-10-11 20:00:00;2021-10-11 20:30:00;80.0
1071729215;2021-10-11 20:30:00;2021-10-11 21:00:00;85.86666666666666
1071729215;2021-10-11 21:00:00;2021-10-11 21:30:00;95.86666666666666
1071729215;2021-10-11 21:30:00;2021-10-11 22:00:00;98.0
1071729215;2021-10-11 22:00:00;2021-10-11 22:30:00;93.96666666666667
1071729215;2021-10-11 22:30:00;2021-10-11 23:00:00;93.6
1071729215;2021-10-11 23:00:00;2021-10-11 23:30:00;98.0
1071729215;2021-10-11 23:30:00;2021-10-11 23:59:59;98.0
1071729215;2021-10-12 00:00:00;2021-10-12 00:30:00;98.0
1071729215;2021-10-12 00:30:00;2021-10-12 01:00:00;98.0
1071729215;2021-10-12 01:00:00;2021-10-12 01:30:00;98.0
1071729215;2021-10-12 01:30:00;2021-10-12 02:00:00;95.36666666666666
1071729215;2021-10-12 02:00:00;2021-10-12 02:30:00;90.16666666666667
1071729215;2021-10-12 02:30:00;2021-10-12 03:00:00;106.93333333333334
1071729215;2021-10-12 03:00:00;2021-10-12 03:30:00;99.26666666666667
1071729215;2021-10-12 03:30:00;2021-10-12 04:00:00;89.07142857142857
1071729215;2021-10-12 04:00:00;2021-10-12 04:30:00;95.3
1071729215;2021-10-12 04:30:00;2021-10-12 05:00:00;97.43333333333334
1071729215;2021-10-12 05:00:00;2021-10-12 05:30:00;101.53333333333333
1071729215;2021-10-12 05:30:00;2021-10-12 06:00:00;97.33333333333333
1071729215;2021-10-12 06:00:00;2021-10-12 06:30:00;90.26666666666667
1071729215;2021-10-12 06:30:00;2021-10-12 07:00:00;93.0
1071729215;2021-10-12 07:00:00;2021-10-12 07:30:00;96.23333333333333
1071729215;2021-10-12 07:30:00;2021-10-12 08:00:00;96.2
1071729215;2021-10-12 08:00:00;2021-10-12 08:30:00;89.96666666666667
1071729215;2021-10-12 08:30:00;2021-10-12 09:00:00;111.13333333333334
1071729215;2021-10-12 09:00:00;2021-10-12 09:30:00;103.6
1071729215;2021-10-12 09:30:00;2021-10-12 10:00:00;99.3
1071729215;2021-10-12 10:00:00;2021-10-12 10:30:00;100.26666666666667
1071729215;2021-10-12 10:30:00;2021-10-12 11:00:00;87.83333333333333
1071729215;2021-10-12 11:00:00;2021-10-12 11:30:00;97.23333333333333
1071729215;2021-10-12 11:30:00;2021-10-12 12:00:00;99.0
1071729215;2021-10-12 12:00:00;2021-10-12 12:30:00;89.66666666666667
1071729215;2021-10-12 12:30:00;2021-10-12 13:00:00;86.2
1071729215;2021-10-12 13:00:00;2021-10-12 13:30:00;97.8
1071729215;2021-10-12 13:30:00;2021-10-12 14:00:00;100.76666666666667
1071729215;2021-10-12 14:00:00;2021-10-12 14:30:00;96.4
1071729215;2021-10-12 14:30:00;2021-10-12 15:00:00;90.46666666666667
1071729215;2021-10-12 15:00:00;2021-10-12 15:30:00;114.76666666666667
1071729215;2021-10-12 15:30:00;2021-10-12 16:00:00;101.76666666666667
1071729215;2021-10-12 16:00:00;2021-10-12 16:30:00;97.13333333333334
1071729215;2021-10-12 16:30:00;2021-10-12 17:00:00;97.9
1071729215;2021-10-12 17:00:00;2021-10-12 17:30:00;92.3
1071729215;2021-10-12 17:30:00;2021-10-12 18:00:00;95.3
1071729215;2021-10-12 18:00:00;2021-10-12 18:30:00;97.4
1071729215;2021-10-12 18:30:00;2021-10-12 19:00:00;110.9
1071729215;2021-10-12 19:00:00;2021-10-12 19:30:00;86.96666666666667
1071729215;2021-10-12 19:30:00;2021-10-12 20:00:00;104.0
1071729215;2021-10-12 20:00:00;2021-10-12 20:30:00;92.6
1071729215;2021-10-12 20:30:00;2021-10-12 21:00:00;86.9
1071729215;2021-10-12 21:00:00;2021-10-12 21:30:00;94.8
1071729215;2021-10-12 21:30:00;2021-10-12 22:00:00;95.43333333333334
1071729215;2021-10-12 22:00:00;2021-10-12 22:30:00;89.13333333333334
1071729215;2021-10-12 22:30:00;2021-10-12 23:00:00;98.0
1071729215;2021-10-12 23:00:00;2021-10-12 23:30:00;98.0
1071729215;2021-10-12 23:30:00;2021-10-12 23:59:59;98.0
1071729215;2021-10-13 00:00:00;2021-10-13 00:30:00;98.0
1071729215;2021-10-13 00:30:00;2021-10-13 01:00:00;98.0
1071729215;2021-10-13 01:00:00;2021-10-13 01:30:00;98.0
1071729215;2021-10-13 01:30:00;2021-10-13 02:00:00;97.63333333333334
1071729215;2021-10-13 02:00:00;2021-10-13 02:30:00;95.33333333333333
1071729215;2021-10-13 02:30:00;2021-10-13 03:00:00;94.03333333333333
1071729215;2021-10-13 03:00:00;2021-10-13 03:30:00;97.3
1071729215;2021-10-13 03:30:00;2021-10-13 04:00:00;96.13333333333334
1071729215;2021-10-13 04:00:00;2021-10-13 04:30:00;97.9
1071729215;2021-10-13 04:30:00;2021-10-13 05:00:00;89.13333333333334
1071729215;2021-10-13 05:00:00;2021-10-13 05:30:00;91.46666666666667
1071729215;2021-10-13 05:30:00;2021-10-13 06:00:00;95.16666666666667
1071729215;2021-10-13 06:00:00;2021-10-13 06:30:00;89.66666666666667
1071729215;2021-10-13 06:30:00;2021-10-13 07:00:00;85.4
1071729215;2021-10-13 07:00:00;2021-10-13 07:30:00;93.9
1071729215;2021-10-13 07:30:00;2021-10-13 08:00:00;95.03333333333333
1071729215;2021-10-13 08:00:00;2021-10-13 08:30:00;84.73333333333333
1071729215;2021-10-13 08:30:00;2021-10-13 09:00:00;97.03333333333333
1071729215;2021-10-13 09:00:00;2021-10-13 09:30:00;91.53333333333333
1071729215;2021-10-13 09:30:00;2021-10-13 10:00:00;103.83333333333333
1071729215;2021-10-13 10:00:00;2021-10-13 10:30:00;94.1
1071729215;2021-10-13 10:30:00;2021-10-13 11:00:00;85.3
1071729215;2021-10-13 11:00:00;2021-10-13 11:30:00;94.1
1071729215;2021-10-13 11:30:00;2021-10-13 12:00:00;104.93333333333334
1071729215;2021-10-13 12:00:00;2021-10-13 12:30:00;98.16666666666667
1071729215;2021-10-13 12:30:00;2021-10-13 13:00:00;93.13333333333334
1071729215;2021-10-13 13:00:00;2021-10-13 13:30:00;95.5
1071729215;2021-10-13 13:30:00;2021-10-13 14:00:00;90.43333333333334
1071729215;2021-10-13 14:00:00;2021-10-13 14:30:00;91.53333333333333
1071729215;2021-10-13 14:30:00;2021-10-13 15:00:00;91.06666666666666
1071729215;2021-10-13 15:00:00;2021-10-13 15:30:00;114.7
1071729215;2021-10-13 15:30:00;2021-10-13 16:00:00;93.26666666666667
1071729215;2021-10-13 16:00:00;2021-10-13 16:30:00;98.13333333333334
1071729215;2021-10-13 16:30:00;2021-10-13 17:00:00;98.93333333333334
1071729215;2021-10-13 17:00:00;2021-10-13 17:30:00;93.5
1071729215;2021-10-13 17:30:00;2021-10-13 18:00:00;91.46666666666667
1071729215;2021-10-13 18:00:00;2021-10-13 18:30:00;105.26666666666667
1071729215;2021-10-13 18:30:00;2021-10-13 19:00:00;100.86666666666666
1071729215;2021-10-13 19:00:00;2021-10-13 19:30:00;105.16666666666667
1071729215;2021-10-13 19:30:00;2021-10-13 20:00:00;111.1
1071729215;2021-10-13 20:00:00;2021-10-13 20:30:00;106.86666666666666
1071729215;2021-10-13 20:30:00;2021-10-13 21:00:00;101.46666666666667
1071729215;2021-10-13 21:00:00;2021-10-13 21:30:00;97.8
1071729215;2021-10-13 21:30:00;2021-10-13 22:00:00;88.36666666666666
1071729215;2021-10-13 22:00:00;2021-10-13 22:30:00;83.53333333333333
1071729215;2021-10-13 22:30:00;2021-10-13 23:00:00;96.5
1071729215;2021-10-13 23:00:00;2021-10-13 23:30:00;89.76666666666667
1071729215;2021-10-13 23:30:00;2021-10-13 23:59:59;93.73333333333333
1071729215;2021-10-14 00:00:00;2021-10-14 00:30:00;87.53333333333333
1071729215;2021-10-14 00:30:00;2021-10-14 01:00:00;94.7
1071729215;2021-10-14 01:00:00;2021-10-14 01:30:00;98.0
1071729215;2021-10-14 01:30:00;2021-10-14 02:00:00;102.5
1071729215;2021-10-14 02:00:00;2021-10-14 02:30:00;98.43333333333334
1071729215;2021-10-14 02:30:00;2021-10-14 03:00:00;93.36666666666666
1071729215;2021-10-14 03:00:00;2021-10-14 03:30:00;93.83333333333333
1071729215;2021-10-14 03:30:00;2021-10-14 04:00:00;99.4
1071729215;2021-10-14 04:00:00;2021-10-14 04:30:00;87.76666666666667
1071729215;2021-10-14 04:30:00;2021-10-14 05:00:00;88.6
1071729215;2021-10-14 05:00:00;2021-10-14 05:30:00;101.66666666666667
1071729215;2021-10-14 05:30:00;2021-10-14 06:00:00;92.46666666666667
1071729215;2021-10-14 06:00:00;2021-10-14 06:30:00;101.93333333333334
1071729215;2021-10-14 06:30:00;2021-10-14 07:00:00;97.86666666666666
1071729215;2021-10-14 07:00:00;2021-10-14 07:30:00;90.8
1071729215;2021-10-14 07:30:00;2021-10-14 08:00:00;99.86666666666666
1071729215;2021-10-14 08:00:00;2021-10-14 08:30:00;91.7
1071729215;2021-10-14 08:30:00;2021-10-14 09:00:00;91.73333333333333
1071729215;2021-10-14 09:00:00;2021-10-14 09:30:00;93.43333333333334
1071729215;2021-10-14 09:30:00;2021-10-14 10:00:00;92.46666666666667
1071729215;2021-10-14 10:00:00;2021-10-14 10:30:00;82.16666666666667
1071729215;2021-10-14 10:30:00;2021-10-14 11:00:00;91.23333333333333
1071729215;2021-10-14 11:00:00;2021-10-14 11:30:00;92.8
1071729215;2021-10-14 11:30:00;2021-10-14 12:00:00;92.1
1071729215;2021-10-14 12:00:00;2021-10-14 12:30:00;91.33333333333333
1071729215;2021-10-14 12:30:00;2021-10-14 13:00:00;106.76666666666667
1071729215;2021-10-14 13:00:00;2021-10-14 13:30:00;88.46666666666667
1071729215;2021-10-14 13:30:00;2021-10-14 14:00:00;94.2
1071729215;2021-10-14 14:00:00;2021-10-14 14:30:00;114.4
1071729215;2021-10-14 14:30:00;2021-10-14 15:00:00;99.4
1071729215;2021-10-14 15:00:00;2021-10-14 15:30:00;97.73333333333333
1071729215;2021-10-14 15:30:00;2021-10-14 16:00:00;91.53333333333333
1071729215;2021-10-14 16:00:00;2021-10-14 16:30:00;99.06666666666666
1071729215;2021-10-14 16:30:00;2021-10-14 17:00:00;91.96666666666667
1071729215;2021-10-14 17:00:00;2021-10-14 17:30:00;96.86666666666666
1071729215;2021-10-14 17:30:00;2021-10-14 18:00:00;103.6
1071729215;2021-10-14 18:00:00;2021-10-14 18:30:00;91.96666666666667
1071729215;2021-10-14 18:30:00;2021-10-14 19:00:00;95.26666666666667
1071729215;2021-10-14 19:00:00;2021-10-14 19:30:00;98.9
1071729215;2021-10-14 19:30:00;2021-10-14 20:00:00;97.93333333333334
1071729215;2021-10-14 20:00:00;2021-10-14 20:30:00;103.53333333333333
1071729215;2021-10-14 20:30:00;2021-10-14 21:00:00;88.13333333333334
1071729215;2021-10-14 21:00:00;2021-10-14 21:30:00;93.1
1071729215;2021-10-14 21:30:00;2021-10-14 22:00:00;92.73333333333333
1071729215;2021-10-14 22:00:00;2021-10-14 22:30:00;93.93333333333334
1071729215;2021-10-14 22:30:00;2021-10-14 23:00:00;92.13333333333334
1071729215;2021-10-14 23:00:00;2021-10-14 23:30:00;93.2
1071729215;2021-10-14 23:30:00;2021-10-14 23:59:59;87.23333333333333
1071729215;2021-10-15 00:00:00;2021-10-15 00:30:00;98.0
1071729215;2021-10-15 00:30:00;2021-10-15 01:00:00;98.0
1071729215;2021-10-15 01:00:00;2021-10-15 01:30:00;98.0
1071729215;2021-10-15 01:30:00;2021-10-15 02:00:00;106.63333333333334
1071729215;2021-10-15 02:00:00;2021-10-15 02:30:00;98.0
1071729215;2021-10-15 02:30:00;2021-10-15 03:00:00;98.0
1071729215;2021-10-15 03:00:00;2021-10-15 03:30:00;95.23333333333333
1071729215;2021-10-15 03:30:00;2021-10-15 04:00:00;102.1
1071729215;2021-10-15 04:00:00;2021-10-15 04:30:00;91.16666666666667
1071729215;2021-10-15 04:30:00;2021-10-15 05:00:00;95.06666666666666
1071729215;2021-10-15 05:00:00;2021-10-15 05:30:00;96.36666666666666
1071729215;2021-10-15 05:30:00;2021-10-15 06:00:00;112.2
1071729215;2021-10-15 06:00:00;2021-10-15 06:30:00;90.46666666666667
1071729215;2021-10-15 06:30:00;2021-10-15 07:00:00;91.53333333333333
1071729215;2021-10-15 07:00:00;2021-10-15 07:30:00;86.96666666666667
1071729215;2021-10-15 07:30:00;2021-10-15 08:00:00;115.56666666666666
1071729215;2021-10-15 08:00:00;2021-10-15 08:30:00;111.26666666666667
1071729215;2021-10-15 08:30:00;2021-10-15 09:00:00;100.4
1071729215;2021-10-15 09:00:00;2021-10-15 09:30:00;101.66666666666667
1071729215;2021-10-15 09:30:00;2021-10-15 10:00:00;100.1
1071729215;2021-10-15 10:00:00;2021-10-15 10:30:00;105.76666666666667
1071729215;2021-10-15 10:30:00;2021-10-15 11:00:00;93.66666666666667
1071729215;2021-10-15 11:00:00;2021-10-15 11:30:00;96.2
1071729215;2021-10-15 11:30:00;2021-10-15 12:00:00;99.46666666666667
1071729215;2021-10-15 12:00:00;2021-10-15 12:30:00;93.63333333333334
1071729215;2021-10-15 12:30:00;2021-10-15 13:00:00;93.03333333333333
1071729215;2021-10-15 13:00:00;2021-10-15 13:30:00;97.5
1071729215;2021-10-15 13:30:00;2021-10-15 14:00:00;95.0
1071729215;2021-10-15 14:00:00;2021-10-15 14:30:00;99.16666666666667
1071729215;2021-10-15 14:30:00;2021-10-15 15:00:00;109.26666666666667
1071729215;2021-10-15 15:00:00;2021-10-15 15:30:00;98.23333333333333
1071729215;2021-10-15 15:30:00;2021-10-15 16:00:00;99.66666666666667
1071729215;2021-10-15 16:00:00;2021-10-15 16:30:00;99.03333333333333
1071729215;2021-10-15 16:30:00;2021-10-15 17:00:00;95.73333333333333
1071729215;2021-10-15 17:00:00;2021-10-15 17:30:00;97.66666666666667
1071729215;2021-10-15 17:30:00;2021-10-15 18:00:00;104.23333333333333
1071729215;2021-10-15 18:00:00;2021-10-15 18:30:00;103.03333333333333
1071729215;2021-10-15 18:30:00;2021-10-15 19:00:00;95.9
1071729215;2021-10-15 19:00:00;2021-10-15 19:30:00;109.9
1071729215;2021-10-15 19:30:00;2021-10-15 20:00:00;103.9
1071729215;2021-10-15 20:00:00;2021-10-15 20:30:00;102.96666666666667
1071729215;2021-10-15 20:30:00;2021-10-15 21:00:00;114.33333333333333
1071729215;2021-10-15 21:00:00;2021-10-15 21:30:00;93.26666666666667
1071729215;2021-10-15 21:30:00;2021-10-15 22:00:00;102.53333333333333
1071729215;2021-10-15 22:00:00;2021-10-15 22:30:00;98.23333333333333
1071729215;2021-10-15 22:30:00;2021-10-15 23:00:00;90.83333333333333
1071729215;2021-10-15 23:00:00;2021-10-15 23:30:00;96.4
1071729215;2021-10-15 23:30:00;2021-10-15 23:59:59;102.1
1071729215;2021-10-16 00:00:00;2021-10-16 00:30:00;100.66666666666667
1071729215;2021-10-16 00:30:00;2021-10-16 01:00:00;109.3
1071729215;2021-10-16 01:00:00;2021-10-16 01:30:00;104.2
1071729215;2021-10-16 01:30:00;2021-10-16 02:00:00;90.2
1071729215;2021-10-16 02:00:00;2021-10-16 02:30:00;95.8
1071729215;2021-10-16 02:30:00;2021-10-16 03:00:00;98.0
1071729215;2021-10-16 03:00:00;2021-10-16 03:30:00;90.33333333333333
1071729215;2021-10-16 03:30:00;2021-10-16 04:00:00;91.76666666666667
1071729215;2021-10-16 04:00:00;2021-10-16 04:30:00;97.8
1071729215;2021-10-16 04:30:00;2021-10-16 05:00:00;93.36666666666666
1071729215;2021-10-16 05:00:00;2021-10-16 05:30:00;109.7
1071729215;2021-10-16 05:30:00;2021-10-16 06:00:00;90.13333333333334
1071729215;2021-10-16 06:00:00;2021-10-16 06:30:00;97.63333333333334
1071729215;2021-10-16 06:30:00;2021-10-16 07:00:00;103.0
1071729215;2021-10-16 07:00:00;2021-10-16 07:30:00;89.4
1071729215;2021-10-16 07:30:00;2021-10-16 08:00:00;93.26666666666667
1071729215;2021-10-16 08:00:00;2021-10-16 08:30:00;99.56666666666666
1071729215;2021-10-16 08:30:00;2021-10-16 09:00:00;108.96666666666667
1071729215;2021-10-16 09:00:00;2021-10-16 09:30:00;100.66666666666667
1071729215;2021-10-16 09:30:00;2021-10-16 10:00:00;112.76666666666667
1071729215;2021-10-16 10:00:00;2021-10-16 10:30:00;95.1
1071729215;2021-10-16 10:30:00;2021-10-16 11:00:00;109.76666666666667
1071729215;2021-10-16 11:00:00;2021-10-16 11:30:00;110.46666666666667
1071729215;2021-10-16 11:30:00;2021-10-16 12:00:00;105.66666666666667
1071729215;2021-10-16 12:00:00;2021-10-16 12:30:00;105.36666666666666
1071729215;2021-10-16 12:30:00;2021-10-16 13:00:00;104.5
1071729215;2021-10-16 13:00:00;2021-10-16 13:30:00;103.83333333333333
1071729215;2021-10-16 13:30:00;2021-10-16 14:00:00;104.0
1071729215;2021-10-16 14:00:00;2021-10-16 14:30:00;104.86666666666666
1071729215;2021-10-16 14:30:00;2021-10-16 15:00:00;111.66666666666667
1071729215;2021-10-16 15:00:00;2021-10-16 15:30:00;104.76666666666667
1071729215;2021-10-16 15:30:00;2021-10-16 16:00:00;101.13333333333334
1071729215;2021-10-16 16:00:00;2021-10-16 16:30:00;107.0
1071729215;2021-10-16 16:30:00;2021-10-16 17:00:00;108.9
1071729215;2021-10-16 17:00:00;2021-10-16 17:30:00;83.16666666666667
1071729215;2021-10-16 17:30:00;2021-10-16 18:00:00;83.4
1071729215;2021-10-16 18:00:00;2021-10-16 18:30:00;94.13333333333334
1071729215;2021-10-16 18:30:00;2021-10-16 19:00:00;98.33333333333333
1071729215;2021-10-16 19:00:00;2021-10-16 19:30:00;105.76666666666667
1071729215;2021-10-16 19:30:00;2021-10-16 20:00:00;105.93333333333334
1071729215;2021-10-16 20:00:00;2021-10-16 20:30:00;111.86666666666666
1071729215;2021-10-16 20:30:00;2021-10-16 21:00:00;105.2
1071729215;2021-10-16 21:00:00;2021-10-16 21:30:00;99.86666666666666
1071729215;2021-10-16 21:30:00;2021-10-16 22:00:00;101.2
1071729215;2021-10-16 22:00:00;2021-10-16 22:30:00;97.0
1071729215;2021-10-16 22:30:00;2021-10-16 23:00:00;94.33333333333333
1071729215;2021-10-16 23:00:00;2021-10-16 23:30:00;98.0
1071729215;2021-10-16 23:30:00;2021-10-16 23:59:59;98.0
1071729215;2021-10-17 00:00:00;2021-10-17 00:30:00;98.0
1071729215;2021-10-17 00:30:00;2021-10-17 01:00:00;98.0
1071729215;2021-10-17 01:00:00;2021-10-17 01:30:00;105.43333333333334
1071729215;2021-10-17 01:30:00;2021-10-17 02:00:00;98.6
1071729215;2021-10-17 02:00:00;2021-10-17 02:30:00;100.0
1071729215;2021-10-17 02:30:00;2021-10-17 03:00:00;95.7
1071729215;2021-10-17 03:00:00;2021-10-17 03:30:00;96.1
1071729215;2021-10-17 03:30:00;2021-10-17 04:00:00;94.33333333333333
1071729215;2021-10-17 04:00:00;2021-10-17 04:30:00;95.0
1071729215;2021-10-17 04:30:00;2021-10-17 05:00:00;89.0
1071729215;2021-10-17 05:00:00;2021-10-17 05:30:00;90.7
1071729215;2021-10-17 05:30:00;2021-10-17 06:00:00;103.46666666666667
1071729215;2021-10-17 06:00:00;2021-10-17 06:30:00;90.66666666666667
1071729215;2021-10-17 06:30:00;2021-10-17 07:00:00;93.66666666666667
1071729215;2021-10-17 07:00:00;2021-10-17 07:30:00;101.43333333333334
1071729215;2021-10-17 07:30:00;2021-10-17 08:00:00;114.03333333333333
1071729215;2021-10-17 08:00:00;2021-10-17 08:30:00;104.03333333333333
1071729215;2021-10-17 08:30:00;2021-10-17 09:00:00;107.86666666666666
1071729215;2021-10-17 09:00:00;2021-10-17 09:30:00;113.4
1071729215;2021-10-17 09:30:00;2021-10-17 10:00:00;105.3
1071729215;2021-10-17 10:00:00;2021-10-17 10:30:00;104.7
1071729215;2021-10-17 10:30:00;2021-10-17 11:00:00;103.7
1071729215;2021-10-17 11:00:00;2021-10-17 11:30:00;91.16666666666667
1071729215;2021-10-17 11:30:00;2021-10-17 12:00:00;108.4
1071729215;2021-10-17 12:00:00;2021-10-17 12:30:00;99.03333333333333
1071729215;2021-10-17 12:30:00;2021-10-17 13:00:00;105.9
1071729215;2021-10-17 13:00:00;2021-10-17 13:30:00;103.5
1071729215;2021-10-17 13:30:00;2021-10-17 14:00:00;92.3
1071729215;2021-10-17 14:00:00;2021-10-17 14:30:00;97.0
1071729215;2021-10-17 14:30:00;2021-10-17 15:00:00;103.1
1071729215;2021-10-17 15:00:00;2021-10-17 15:30:00;97.53333333333333
1071729215;2021-10-17 15:30:00;2021-10-17 16:00:00;103.53333333333333
1071729215;2021-10-17 16:00:00;2021-10-17 16:30:00;95.56666666666666
1071729215;2021-10-17 16:30:00;2021-10-17 17:00:00;97.26666666666667
1071729215;2021-10-17 17:00:00;2021-10-17 17:30:00;108.7
1071729215;2021-10-17 17:30:00;2021-10-17 18:00:00;91.8
1071729215;2021-10-17 18:00:00;2021-10-17 18:30:00;90.16666666666667
1071729215;2021-10-17 18:30:00;2021-10-17 19:00:00;115.03333333333333
1071729215;2021-10-17 19:00:00;2021-10-17 19:30:00;107.1
1071729215;2021-10-17 19:30:00;2021-10-17 20:00:00;109.7
1071729215;2021-10-17 20:00:00;2021-10-17 20:30:00;109.06666666666666
1071729215;2021-10-17 20:30:00;2021-10-17 21:00:00;108.5
1071729215;2021-10-17 21:00:00;2021-10-17 21:30:00;88.73333333333333
1071729215;2021-10-17 21:30:00;2021-10-17 22:00:00;98.16666666666667
1071729215;2021-10-17 22:00:00;2021-10-17 22:30:00;106.3
1071729215;2021-10-17 22:30:00;2021-10-17 23:00:00;114.0
1071729215;2021-10-17 23:00:00;2021-10-17 23:30:00;122.7
1071729215;2021-10-17 23:30:00;2021-10-17 23:59:59;134.16666666666666
1071729215;2021-10-18 00:00:00;2021-10-18 00:30:00;117.06666666666666
1071729215;2021-10-18 00:30:00;2021-10-18 01:00:00;104.56666666666666
1071729215;2021-10-18 01:00:00;2021-10-18 01:30:00;98.0
1071729215;2021-10-18 01:30:00;2021-10-18 02:00:00;98.0
1071729215;2021-10-18 02:00:00;2021-10-18 02:30:00;98.0
1071729215;2021-10-18 02:30:00;2021-10-18 03:00:00;103.76666666666667
1071729215;2021-10-18 03:00:00;2021-10-18 03:30:00;103.53333333333333
1071729215;2021-10-18 03:30:00;2021-10-18 04:00:00;98.53333333333333
1071729215;2021-10-18 04:00:00;2021-10-18 04:30:00;114.5
1071729215;2021-10-18 04:30:00;2021-10-18 05:00:00;106.36666666666666
1071729215;2021-10-18 05:00:00;2021-10-18 05:30:00;98.46666666666667
1071729215;2021-10-18 05:30:00;2021-10-18 06:00:00;106.5
1071729215;2021-10-18 06:00:00;2021-10-18 06:30:00;109.86666666666666
1071729215;2021-10-18 06:30:00;2021-10-18 07:00:00;98.86666666666666
1071729215;2021-10-18 07:00:00;2021-10-18 07:30:00;90.63333333333334
1071729215;2021-10-18 07:30:00;2021-10-18 08:00:00;110.4
1071729215;2021-10-18 08:00:00;2021-10-18 08:30:00;101.76666666666667
1071729215;2021-10-18 08:30:00;2021-10-18 09:00:00;90.16666666666667
1071729215;2021-10-18 09:00:00;2021-10-18 09:30:00;90.4
1071729215;2021-10-18 09:30:00;2021-10-18 10:00:00;102.13333333333334
1071729215;2021-10-18 10:00:00;2021-10-18 10:30:00;107.46666666666667
1071729215;2021-10-18 10:30:00;2021-10-18 11:00:00;110.86666666666666
1071729215;2021-10-18 11:00:00;2021-10-18 11:30:00;92.5
1071729215;2021-10-18 11:30:00;2021-10-18 12:00:00;89.2
1071729215;2021-10-18 12:00:00;2021-10-18 12:30:00;104.56666666666666
1071729215;2021-10-18 12:30:00;2021-10-18 13:00:00;92.53333333333333
1071729215;2021-10-18 13:00:00;2021-10-18 13:30:00;98.7
1071729215;2021-10-18 13:30:00;2021-10-18 14:00:00;90.96666666666667
1071729215;2021-10-18 14:00:00;2021-10-18 14:30:00;105.8
1071729215;2021-10-18 14:30:00;2021-10-18 15:00:00;109.5
1071729215;2021-10-18 15:00:00;2021-10-18 15:30:00;95.43333333333334
1071729215;2021-10-18 15:30:00;2021-10-18 16:00:00;101.56666666666666
1071729215;2021-10-18 16:00:00;2021-10-18 16:30:00;104.3
1071729215;2021-10-18 16:30:00;2021-10-18 17:00:00;98.9
1071729215;2021-10-18 17:00:00;2021-10-18 17:30:00;100.06666666666666
1071729215;2021-10-18 17:30:00;2021-10-18 18:00:00;97.62068965517241
1071729215;2021-10-18 18:00:00;2021-10-18 18:30:00;83.5
1071729215;2021-10-18 18:30:00;2021-10-18 19:00:00;98.23333333333333
1071729215;2021-10-18 19:00:00;2021-10-18 19:30:00;96.6
1071729215;2021-10-18 19:30:00;2021-10-18 20:00:00;107.4
1071729215;2021-10-18 20:00:00;2021-10-18 20:30:00;106.43333333333334
1071729215;2021-10-18 20:30:00;2021-10-18 21:00:00;105.86666666666666
1071729215;2021-10-18 21:00:00;2021-10-18 21:30:00;114.06666666666666
1071729215;2021-10-18 21:30:00;2021-10-18 22:00:00;106.03333333333333
1071729215;2021-10-18 22:00:00;2021-10-18 22:30:00;89.43333333333334
1071729215;2021-10-18 22:30:00;2021-10-18 23:00:00;99.76666666666667
1071729215;2021-10-18 23:00:00;2021-10-18 23:30:00;111.43333333333334
1071729215;2021-10-18 23:30:00;2021-10-18 23:59:59;100.3
1071729215;2021-10-19 00:00:00;2021-10-19 00:30:00;101.0
1071729215;2021-10-19 00:30:00;2021-10-19 01:00:00;96.56666666666666
1071729215;2021-10-19 01:00:00;2021-10-19 01:30:00;90.33333333333333
1071729215;2021-10-19 01:30:00;2021-10-19 02:00:00;94.46666666666667
1071729215;2021-10-19 02:00:00;2021-10-19 02:30:00;95.06666666666666
1071729215;2021-10-19 02:30:00;2021-10-19 03:00:00;98.0
1071729215;2021-10-19 03:00:00;2021-10-19 03:30:00;94.23333333333333
1071729215;2021-10-19 03:30:00;2021-10-19 04:00:00;97.93333333333334
1071729215;2021-10-19 04:00:00;2021-10-19 04:30:00;95.36666666666666
1071729215;2021-10-19 04:30:00;2021-10-19 05:00:00;91.56666666666666
1071729215;2021-10-19 05:00:00;2021-10-19 05:30:00;87.8
1071729215;2021-10-19 05:30:00;2021-10-19 06:00:00;97.86666666666666
1071729215;2021-10-19 06:00:00;2021-10-19 06:30:00;108.7
1071729215;2021-10-19 06:30:00;2021-10-19 07:00:00;110.8
1071729215;2021-10-19 07:00:00;2021-10-19 07:30:00;97.93333333333334
1071729215;2021-10-19 07:30:00;2021-10-19 08:00:00;90.4
1071729215;2021-10-19 08:00:00;2021-10-19 08:30:00;87.96666666666667
1071729215;2021-10-19 08:30:00;2021-10-19 09:00:00;98.3
1071729215;2021-10-19 09:00:00;2021-10-19 09:30:00;86.8
1071729215;2021-10-19 09:30:00;2021-10-19 10:00:00;93.7
1071729215;2021-10-19 10:00:00;2021-10-19 10:30:00;98.7
1071729215;2021-10-19 10:30:00;2021-10-19 11:00:00;92.43333333333334
1071729215;2021-10-19 11:00:00;2021-10-19 11:30:00;94.53333333333333
1071729215;2021-10-19 11:30:00;2021-10-19 12:00:00;101.33333333333333
1071729215;2021-10-19 12:00:00;2021-10-19 12:30:00;99.26666666666667
1071729215;2021-10-19 12:30:00;2021-10-19 13:00:00;99.63333333333334
1071729215;2021-10-19 13:00:00;2021-10-19 13:30:00;90.43333333333334
1071729215;2021-10-19 13:30:00;2021-10-19 14:00:00;96.8
1071729215;2021-10-19 14:00:00;2021-10-19 14:30:00;88.0
1071729215;2021-10-19 14:30:00;2021-10-19 15:00:00;88.56666666666666
1071729215;2021-10-19 15:00:00;2021-10-19 15:30:00;102.4
1071729215;2021-10-19 15:30:00;2021-10-19 16:00:00;88.13333333333334
1071729215;2021-10-19 16:00:00;2021-10-19 16:30:00;82.36666666666666
1071729215;2021-10-19 16:30:00;2021-10-19 17:00:00;81.36666666666666
1071729215;2021-10-19 17:00:00;2021-10-19 17:30:00;87.23333333333333
1071729215;2021-10-19 17:30:00;2021-10-19 18:00:00;89.33333333333333
1071729215;2021-10-19 18:00:00;2021-10-19 18:30:00;94.26666666666667
1071729215;2021-10-19 18:30:00;2021-10-19 19:00:00;107.53333333333333
1071729215;2021-10-19 19:00:00;2021-10-19 19:30:00;100.2
1071729215;2021-10-19 19:30:00;2021-10-19 20:00:00;98.73333333333333
1071729215;2021-10-19 20:00:00;2021-10-19 20:30:00;98.56666666666666
1071729215;2021-10-19 20:30:00;2021-10-19 21:00:00;87.06666666666666
1071729215;2021-10-19 21:00:00;2021-10-19 21:30:00;105.3
1071729215;2021-10-19 21:30:00;2021-10-19 22:00:00;99.53333333333333
1071729215;2021-10-19 22:00:00;2021-10-19 22:30:00;87.76666666666667
1071729215;2021-10-19 22:30:00;2021-10-19 23:00:00;88.13333333333334
1071729215;2021-10-19 23:00:00;2021-10-19 23:30:00;98.0
1071729215;2021-10-19 23:30:00;2021-10-19 23:59:59;98.0
1071729215;2021-10-20 00:00:00;2021-10-20 00:30:00;98.0
1071729215;2021-10-20 00:30:00;2021-10-20 01:00:00;95.73333333333333
1071729215;2021-10-20 01:00:00;2021-10-20 01:30:00;95.0
1071729215;2021-10-20 01:30:00;2021-10-20 02:00:00;98.0
1071729215;2021-10-20 02:00:00;2021-10-20 02:30:00;98.0
1071729215;2021-10-20 02:30:00;2021-10-20 03:00:00;98.96666666666667
1071729215;2021-10-20 03:00:00;2021-10-20 03:30:00;110.93333333333334
1071729215;2021-10-20 03:30:00;2021-10-20 04:00:00;92.33333333333333
1071729215;2021-10-20 04:00:00;2021-10-20 04:30:00;100.96666666666667
1071729215;2021-10-20 04:30:00;2021-10-20 05:00:00;101.56666666666666
1071729215;2021-10-20 05:00:00;2021-10-20 05:30:00;98.96666666666667
1071729215;2021-10-20 05:30:00;2021-10-20 06:00:00;102.43333333333334
1071729215;2021-10-20 06:00:00;2021-10-20 06:30:00;102.3
1071729215;2021-10-20 06:30:00;2021-10-20 07:00:00;87.06666666666666
1071729215;2021-10-20 07:00:00;2021-10-20 07:30:00;97.46666666666667
1071729215;2021-10-20 07:30:00;2021-10-20 08:00:00;101.53333333333333
1071729215;2021-10-20 08:00:00;2021-10-20 08:30:00;91.23333333333333
1071729215;2021-10-20 08:30:00;2021-10-20 09:00:00;94.43333333333334
1071729215;2021-10-20 09:00:00;2021-10-20 09:30:00;94.13333333333334
1071729215;2021-10-20 09:30:00;2021-10-20 10:00:00;104.73333333333333
1071729215;2021-10-20 10:00:00;2021-10-20 10:30:00;93.16666666666667
1071729215;2021-10-20 10:30:00;2021-10-20 11:00:00;91.63333333333334
1071729215;2021-10-20 11:00:00;2021-10-20 11:30:00;97.63333333333334
1071729215;2021-10-20 11:30:00;2021-10-20 12:00:00;104.3
1071729215;2021-10-20 12:00:00;2021-10-20 12:30:00;98.23333333333333
1071729215;2021-10-20 12:30:00;2021-10-20 13:00:00;100.7
1071729215;2021-10-20 13:00:00;2021-10-20 13:30:00;91.96666666666667
1071729215;2021-10-20 13:30:00;2021-10-20 14:00:00;100.9
1071729215;2021-10-20 14:00:00;2021-10-20 14:30:00;91.7
1071729215;2021-10-20 14:30:00;2021-10-20 15:00:00;105.43333333333334
1071729215;2021-10-20 15:00:00;2021-10-20 15:30:00;90.7
1071729215;2021-10-20 15:30:00;2021-10-20 16:00:00;86.63333333333334
1071729215;2021-10-20 16:00:00;2021-10-20 16:30:00;105.26666666666667
1071729215;2021-10-20 16:30:00;2021-10-20 17:00:00;100.66666666666667
1071729215;2021-10-20 17:00:00;2021-10-20 17:30:00;99.03333333333333
1071729215;2021-10-20 17:30:00;2021-10-20 18:00:00;104.9
1071729215;2021-10-20 18:00:00;2021-10-20 18:30:00;114.43333333333334
1071729215;2021-10-20 18:30:00;2021-10-20 19:00:00;112.96666666666667
1071729215;2021-10-20 19:00:00;2021-10-20 19:30:00;111.0
1071729215;2021-10-20 19:30:00;2021-10-20 20:00:00;129.03333333333333
1071729215;2021-10-20 20:00:00;2021-10-20 20:30:00;119.56666666666666
1071729215;2021-10-20 20:30:00;2021-10-20 21:00:00;102.4
1071729215;2021-10-20 21:00:00;2021-10-20 21:30:00;104.03333333333333
1071729215;2021-10-20 21:30:00;2021-10-20 22:00:00;98.0
1071729215;2021-10-20 22:00:00;2021-10-20 22:30:00;88.86666666666666
1071729215;2021-10-20 22:30:00;2021-10-20 23:00:00;91.7
1071729215;2021-10-20 23:00:00;2021-10-20 23:30:00;77.0
1071729215;2021-10-20 23:30:00;2021-10-20 23:59:59;81.03333333333333
1071729215;2021-10-21 00:00:00;2021-10-21 00:30:00;96.33333333333333
1071729215;2021-10-21 00:30:00;2021-10-21 01:00:00;107.23333333333333
1071729215;2021-10-21 01:00:00;2021-10-21 01:30:00;98.0
1071729215;2021-10-21 01:30:00;2021-10-21 02:00:00;98.0
1071729215;2021-10-21 02:00:00;2021-10-21 02:30:00;95.9
1071729215;2021-10-21 02:30:00;2021-10-21 03:00:00;92.56666666666666
1071729215;2021-10-21 03:00:00;2021-10-21 03:30:00;93.93333333333334
1071729215;2021-10-21 03:30:00;2021-10-21 04:00:00;96.16666666666667
1071729215;2021-10-21 04:00:00;2021-10-21 04:30:00;96.36666666666666
1071729215;2021-10-21 04:30:00;2021-10-21 05:00:00;98.93333333333334
1071729215;2021-10-21 05:00:00;2021-10-21 05:30:00;84.33333333333333
1071729215;2021-10-21 05:30:00;2021-10-21 06:00:00;92.9
1071729215;2021-10-21 06:00:00;2021-10-21 06:30:00;93.2
1071729215;2021-10-21 06:30:00;2021-10-21 07:00:00;90.8
1071729215;2021-10-21 07:00:00;2021-10-21 07:30:00;101.63333333333334
1071729215;2021-10-21 07:30:00;2021-10-21 08:00:00;99.23333333333333
1071729215;2021-10-21 08:00:00;2021-10-21 08:30:00;109.3103448275862
1071729215;2021-10-21 08:30:00;2021-10-21 09:00:00;99.51851851851852
1071729215;2021-10-21 09:00:00;2021-10-21 09:30:00;85.36666666666666
1071729215;2021-10-21 09:30:00;2021-10-21 10:00:00;96.06666666666666
1071729215;2021-10-21 10:00:00;2021-10-21 10:30:00;101.06666666666666
1071729215;2021-10-21 10:30:00;2021-10-21 11:00:00;92.8
1071729215;2021-10-21 11:00:00;2021-10-21 11:30:00;95.23333333333333
1071729215;2021-10-21 11:30:00;2021-10-21 12:00:00;92.06666666666666
1071729215;2021-10-21 12:00:00;2021-10-21 12:30:00;97.1
1071729215;2021-10-21 12:30:00;2021-10-21 13:00:00;114.73333333333333
1071729215;2021-10-21 13:00:00;2021-10-21 13:30:00;90.9
1071729215;2021-10-21 13:30:00;2021-10-21 14:00:00;105.73333333333333
1071729215;2021-10-21 14:00:00;2021-10-21 14:30:00;107.03333333333333
1071729215;2021-10-21 14:30:00;2021-10-21 15:00:00;94.96666666666667
1071729215;2021-10-21 15:00:00;2021-10-21 15:30:00;100.66666666666667
1071729215;2021-10-21 15:30:00;2021-10-21 16:00:00;102.76666666666667
1071729215;2021-10-21 16:00:00;2021-10-21 16:30:00;93.66666666666667
1071729215;2021-10-21 16:30:00;2021-10-21 17:00:00;105.86666666666666
1071729215;2021-10-21 17:00:00;2021-10-21 17:30:00;102.9
1071729215;2021-10-21 17:30:00;2021-10-21 18:00:00;107.8
1071729215;2021-10-21 18:00:00;2021-10-21 18:30:00;104.43333333333334
1071729215;2021-10-21 18:30:00;2021-10-21 19:00:00;97.26666666666667
1071729215;2021-10-21 19:00:00;2021-10-21 19:30:00;104.83333333333333
1071729215;2021-10-21 19:30:00;2021-10-21 20:00:00;109.8
1071729215;2021-10-21 20:00:00;2021-10-21 20:30:00;90.93333333333334
1071729215;2021-10-21 20:30:00;2021-10-21 21:00:00;86.2
1071729215;2021-10-21 21:00:00;2021-10-21 21:30:00;92.36666666666666
1071729215;2021-10-21 21:30:00;2021-10-21 22:00:00;97.86666666666666
1071729215;2021-10-21 22:00:00;2021-10-21 22:30:00;90.5
1071729215;2021-10-21 22:30:00;2021-10-21 23:00:00;92.43333333333334
1071729215;2021-10-21 23:00:00;2021-10-21 23:30:00;97.66666666666667
1071729215;2021-10-21 23:30:00;2021-10-21 23:59:59;91.2
1071729215;2021-10-22 00:00:00;2021-10-22 00:30:00;90.96666666666667
1071729215;2021-10-22 00:30:00;2021-10-22 01:00:00;98.0
1071729215;2021-10-22 01:00:00;2021-10-22 01:30:00;98.53333333333333
1071729215;2021-10-22 01:30:00;2021-10-22 02:00:00;98.26666666666667
1071729215;2021-10-22 02:00:00;2021-10-22 02:30:00;98.0
1071729215;2021-10-22 02:30:00;2021-10-22 03:00:00;98.0
1071729215;2021-10-22 03:00:00;2021-10-22 03:30:00;105.16666666666667
1071729215;2021-10-22 03:30:00;2021-10-22 04:00:00;96.86666666666666
1071729215;2021-10-22 04:00:00;2021-10-22 04:30:00;96.93333333333334
1071729215;2021-10-22 04:30:00;2021-10-22 05:00:00;93.46666666666667
1071729215;2021-10-22 05:00:00;2021-10-22 05:30:00;95.2
1071729215;2021-10-22 05:30:00;2021-10-22 06:00:00;104.93333333333334
1071729215;2021-10-22 06:00:00;2021-10-22 06:30:00;97.33333333333333
1071729215;2021-10-22 06:30:00;2021-10-22 07:00:00;89.46666666666667
1071729215;2021-10-22 07:00:00;2021-10-22 07:30:00;99.1
1071729215;2021-10-22 07:30:00;2021-10-22 08:00:00;111.4
1071729215;2021-10-22 08:00:00;2021-10-22 08:30:00;98.73333333333333
1071729215;2021-10-22 08:30:00;2021-10-22 09:00:00;98.23333333333333
1071729215;2021-10-22 09:00:00;2021-10-22 09:30:00;94.8
1071729215;2021-10-22 09:30:00;2021-10-22 10:00:00;90.73333333333333
1071729215;2021-10-22 10:00:00;2021-10-22 10:30:00;102.9
1071729215;2021-10-22 10:30:00;2021-10-22 11:00:00;93.23333333333333
1071729215;2021-10-22 11:00:00;2021-10-22 11:30:00;107.2
1071729215;2021-10-22 11:30:00;2021-10-22 12:00:00;104.13333333333334
1071729215;2021-10-22 12:00:00;2021-10-22 12:30:00;91.9
1071729215;2021-10-22 12:30:00;2021-10-22 13:00:00;96.76666666666667
1071729215;2021-10-22 13:00:00;2021-10-22 13:30:00;109.86666666666666
1071729215;2021-10-22 13:30:00;2021-10-22 14:00:00;109.56666666666666
1071729215;2021-10-22 14:00:00;2021-10-22 14:30:00;111.53333333333333
1071729215;2021-10-22 14:30:00;2021-10-22 15:00:00;97.36666666666666
1071729215;2021-10-22 15:00:00;2021-10-22 15:30:00;110.56666666666666
1071729215;2021-10-22 15:30:00;2021-10-22 16:00:00;100.16666666666667
1071729215;2021-10-22 16:00:00;2021-10-22 16:30:00;90.43333333333334
1071729215;2021-10-22 16:30:00;2021-10-22 17:00:00;108.26666666666667
1071729215;2021-10-22 17:00:00;2021-10-22 17:30:00;114.53333333333333
1071729215;2021-10-22 17:30:00;2021-10-22 18:00:00;116.46666666666667
1071729215;2021-10-22 18:00:00;2021-10-22 18:30:00;105.46666666666667
1071729215;2021-10-22 18:30:00;2021-10-22 19:00:00;111.16666666666667
1071729215;2021-10-22 19:00:00;2021-10-22 19:30:00;95.73333333333333
1071729215;2021-10-22 19:30:00;2021-10-22 20:00:00;102.96666666666667
1071729215;2021-10-22 20:00:00;2021-10-22 20:30:00;96.23333333333333
1071729215;2021-10-22 20:30:00;2021-10-22 21:00:00;100.33333333333333
1071729215;2021-10-22 21:00:00;2021-10-22 21:30:00;100.83333333333333
1071729215;2021-10-22 21:30:00;2021-10-22 22:00:00;111.33333333333333
1071729215;2021-10-22 22:00:00;2021-10-22 22:30:00;104.4
1071729215;2021-10-22 22:30:00;2021-10-22 23:00:00;88.9
1071729215;2021-10-22 23:00:00;2021-10-22 23:30:00;98.0
1071729215;2021-10-22 23:30:00;2021-10-22 23:59:59;87.06666666666666
1071729215;2021-10-23 00:00:00;2021-10-23 00:30:00;81.56666666666666
1071729215;2021-10-23 00:30:00;2021-10-23 01:00:00;88.46666666666667
1071729215;2021-10-23 01:00:00;2021-10-23 01:30:00;98.0
1071729215;2021-10-23 01:30:00;2021-10-23 02:00:00;98.0
1071729215;2021-10-23 02:00:00;2021-10-23 02:30:00;88.1
1071729215;2021-10-23 02:30:00;2021-10-23 03:00:00;92.3
1071729215;2021-10-23 03:00:00;2021-10-23 03:30:00;103.93333333333334
1071729215;2021-10-23 03:30:00;2021-10-23 04:00:00;106.1
1071729215;2021-10-23 04:00:00;2021-10-23 04:30:00;96.0
1071729215;2021-10-23 04:30:00;2021-10-23 05:00:00;99.13333333333334
1071729215;2021-10-23 05:00:00;2021-10-23 05:30:00;95.43333333333334
1071729215;2021-10-23 05:30:00;2021-10-23 06:00:00;97.96666666666667
1071729215;2021-10-23 06:00:00;2021-10-23 06:30:00;87.6
1071729215;2021-10-23 06:30:00;2021-10-23 07:00:00;107.76666666666667
1071729215;2021-10-23 07:00:00;2021-10-23 07:30:00;116.83333333333333
1071729215;2021-10-23 07:30:00;2021-10-23 08:00:00;103.7
1071729215;2021-10-23 08:00:00;2021-10-23 08:30:00;101.56666666666666
1071729215;2021-10-23 08:30:00;2021-10-23 09:00:00;102.86666666666666
1071729215;2021-10-23 09:00:00;2021-10-23 09:30:00;91.86666666666666
1071729215;2021-10-23 09:30:00;2021-10-23 10:00:00;110.33333333333333
1071729215;2021-10-23 10:00:00;2021-10-23 10:30:00;108.96666666666667
1071729215;2021-10-23 10:30:00;2021-10-23 11:00:00;103.7
1071729215;2021-10-23 11:00:00;2021-10-23 11:30:00;107.56666666666666
1071729215;2021-10-23 11:30:00;2021-10-23 12:00:00;109.83333333333333
1071729215;2021-10-23 12:00:00;2021-10-23 12:30:00;100.6
1071729215;2021-10-23 12:30:00;2021-10-23 13:00:00;105.56666666666666
1071729215;2021-10-23 13:00:00;2021-10-23 13:30:00;106.46666666666667
1071729215;2021-10-23 13:30:00;2021-10-23 14:00:00;92.66666666666667
1071729215;2021-10-23 14:00:00;2021-10-23 14:30:00;108.03333333333333
1071729215;2021-10-23 14:30:00;2021-10-23 15:00:00;96.36666666666666
1071729215;2021-10-23 15:00:00;2021-10-23 15:30:00;113.93333333333334
1071729215;2021-10-23 15:30:00;2021-10-23 16:00:00;120.9
1071729215;2021-10-23 16:00:00;2021-10-23 16:30:00;112.9
1071729215;2021-10-23 16:30:00;2021-10-23 17:00:00;98.6
1071729215;2021-10-23 17:00:00;2021-10-23 17:30:00;95.3
1071729215;2021-10-23 17:30:00;2021-10-23 18:00:00;98.03333333333333
1071729215;2021-10-23 18:00:00;2021-10-23 18:30:00;105.96666666666667
1071729215;2021-10-23 18:30:00;2021-10-23 19:00:00;96.76666666666667
1071729215;2021-10-23 19:00:00;2021-10-23 19:30:00;94.03333333333333
1071729215;2021-10-23 19:30:00;2021-10-23 20:00:00;92.16666666666667
1071729215;2021-10-23 20:00:00;2021-10-23 20:30:00;116.73333333333333
1071729215;2021-10-23 20:30:00;2021-10-23 21:00:00;113.26666666666667
1071729215;2021-10-23 21:00:00;2021-10-23 21:30:00;86.53333333333333
1071729215;2021-10-23 21:30:00;2021-10-23 22:00:00;104.4
1071729215;2021-10-23 22:00:00;2021-10-23 22:30:00;90.16666666666667
1071729215;2021-10-23 22:30:00;2021-10-23 23:00:00;99.63333333333334
1071729215;2021-10-23 23:00:00;2021-10-23 23:30:00;90.4
1071729215;2021-10-23 23:30:00;2021-10-23 23:59:59;80.0
1071729215;2021-10-24 00:00:00;2021-10-24 00:30:00;85.0
1071729215;2021-10-24 00:30:00;2021-10-24 01:00:00;94.4
1071729215;2021-10-24 01:00:00;2021-10-24 01:30:00;92.8
1071729215;2021-10-24 01:30:00;2021-10-24 02:00:00;98.4
1071729215;2021-10-24 02:00:00;2021-10-24 02:30:00;98.86666666666666
1071729215;2021-10-24 02:30:00;2021-10-24 03:00:00;98.0
1071729215;2021-10-24 03:00:00;2021-10-24 03:30:00;105.13333333333334
1071729215;2021-10-24 03:30:00;2021-10-24 04:00:00;95.0
1071729215;2021-10-24 04:00:00;2021-10-24 04:30:00;95.56666666666666
1071729215;2021-10-24 04:30:00;2021-10-24 05:00:00;91.43333333333334
1071729215;2021-10-24 05:00:00;2021-10-24 05:30:00;89.0
1071729215;2021-10-24 05:30:00;2021-10-24 06:00:00;89.0
1071729215;2021-10-24 06:00:00;2021-10-24 06:30:00;108.1
1071729215;2021-10-24 06:30:00;2021-10-24 07:00:00;89.06666666666666
1071729215;2021-10-24 07:00:00;2021-10-24 07:30:00;94.1
1071729215;2021-10-24 07:30:00;2021-10-24 08:00:00;107.6
1071729215;2021-10-24 08:00:00;2021-10-24 08:30:00;105.4
1071729215;2021-10-24 08:30:00;2021-10-24 09:00:00;105.63333333333334
1071729215;2021-10-24 09:00:00;2021-10-24 09:30:00;106.1
1071729215;2021-10-24 09:30:00;2021-10-24 10:00:00;102.4
1071729215;2021-10-24 10:00:00;2021-10-24 10:30:00;107.86666666666666
1071729215;2021-10-24 10:30:00;2021-10-24 11:00:00;102.1
1071729215;2021-10-24 11:00:00;2021-10-24 11:30:00;103.73333333333333
1071729215;2021-10-24 11:30:00;2021-10-24 12:00:00;108.16666666666667
1071729215;2021-10-24 12:00:00;2021-10-24 12:30:00;102.63333333333334
1071729215;2021-10-24 12:30:00;2021-10-24 13:00:00;95.43333333333334
1071729215;2021-10-24 13:00:00;2021-10-24 13:30:00;105.63333333333334
1071729215;2021-10-24 13:30:00;2021-10-24 14:00:00;103.23333333333333
1071729215;2021-10-24 14:00:00;2021-10-24 14:30:00;97.76666666666667
1071729215;2021-10-24 14:30:00;2021-10-24 15:00:00;95.06666666666666
1071729215;2021-10-24 15:00:00;2021-10-24 15:30:00;92.3
1071729215;2021-10-24 15:30:00;2021-10-24 16:00:00;97.83333333333333
1071729215;2021-10-24 16:00:00;2021-10-24 16:30:00;90.56666666666666
1071729215;2021-10-24 16:30:00;2021-10-24 17:00:00;96.06666666666666
1071729215;2021-10-24 17:00:00;2021-10-24 17:30:00;104.26666666666667
1071729215;2021-10-24 17:30:00;2021-10-24 18:00:00;101.66666666666667
1071729215;2021-10-24 18:00:00;2021-10-24 18:30:00;105.63333333333334
1071729215;2021-10-24 18:30:00;2021-10-24 19:00:00;107.1
1071729215;2021-10-24 19:00:00;2021-10-24 19:30:00;105.43333333333334
1071729215;2021-10-24 19:30:00;2021-10-24 20:00:00;110.63333333333334
1071729215;2021-10-24 20:00:00;2021-10-24 20:30:00;109.46666666666667
1071729215;2021-10-24 20:30:00;2021-10-24 21:00:00;108.43333333333334
1071729215;2021-10-24 21:00:00;2021-10-24 21:30:00;95.0
1071729215;2021-10-24 21:30:00;2021-10-24 22:00:00;96.4
1071729215;2021-10-24 22:00:00;2021-10-24 22:30:00;109.1
1071729215;2021-10-24 22:30:00;2021-10-24 23:00:00;114.8
1071729215;2021-10-24 23:00:00;2021-10-24 23:30:00;120.5
1071729215;2021-10-24 23:30:00;2021-10-24 23:59:59;105.8
1071729215;2021-10-25 00:00:00;2021-10-25 00:30:00;97.5
1071729215;2021-10-25 00:30:00;2021-10-25 01:00:00;98.0
1071729215;2021-10-25 01:00:00;2021-10-25 01:30:00;106.86666666666666
1071729215;2021-10-25 01:30:00;2021-10-25 02:00:00;99.3
1071729215;2021-10-25 02:00:00;2021-10-25 02:30:00;98.0
1071729215;2021-10-25 02:30:00;2021-10-25 03:00:00;108.7
1071729215;2021-10-25 03:00:00;2021-10-25 03:30:00;102.96666666666667
1071729215;2021-10-25 03:30:00;2021-10-25 04:00:00;99.76666666666667
1071729215;2021-10-25 04:00:00;2021-10-25 04:30:00;111.96666666666667
1071729215;2021-10-25 04:30:00;2021-10-25 05:00:00;111.86666666666666
1071729215;2021-10-25 05:00:00;2021-10-25 05:30:00;112.93333333333334
1071729215;2021-10-25 05:30:00;2021-10-25 06:00:00;108.4
1071729215;2021-10-25 06:00:00;2021-10-25 06:30:00;102.9
1071729215;2021-10-25 06:30:00;2021-10-25 07:00:00;93.53333333333333
1071729215;2021-10-25 07:00:00;2021-10-25 07:30:00;100.83333333333333
1071729215;2021-10-25 07:30:00;2021-10-25 08:00:00;111.66666666666667
1071729215;2021-10-25 08:00:00;2021-10-25 08:30:00;91.83333333333333
1071729215;2021-10-25 08:30:00;2021-10-25 09:00:00;104.2
1071729215;2021-10-25 09:00:00;2021-10-25 09:30:00;103.23333333333333
1071729215;2021-10-25 09:30:00;2021-10-25 10:00:00;94.44444444444444
1071729215;2021-10-25 10:00:00;2021-10-25 10:30:00;89.36666666666666
1071729215;2021-10-25 10:30:00;2021-10-25 11:00:00;96.4
1071729215;2021-10-25 11:00:00;2021-10-25 11:30:00;102.03333333333333
1071729215;2021-10-25 11:30:00;2021-10-25 12:00:00;100.13333333333334
1071729215;2021-10-25 12:00:00;2021-10-25 12:30:00;109.76666666666667
1071729215;2021-10-25 12:30:00;2021-10-25 13:00:00;101.36666666666666
1071729215;2021-10-25 13:00:00;2021-10-25 13:30:00;90.56666666666666
1071729215;2021-10-25 13:30:00;2021-10-25 14:00:00;92.23333333333333
1071729215;2021-10-25 14:00:00;2021-10-25 14:30:00;99.5
1071729215;2021-10-25 14:30:00;2021-10-25 15:00:00;91.76666666666667
1071729215;2021-10-25 15:00:00;2021-10-25 15:30:00;106.36666666666666
1071729215;2021-10-25 15:30:00;2021-10-25 16:00:00;98.1
1071729215;2021-10-25 16:00:00;2021-10-25 16:30:00;91.0
1071729215;2021-10-25 16:30:00;2021-10-25 17:00:00;102.36666666666666
1071729215;2021-10-25 17:00:00;2021-10-25 17:30:00;98.86666666666666
1071729215;2021-10-25 17:30:00;2021-10-25 18:00:00;87.13333333333334
1071729215;2021-10-25 18:00:00;2021-10-25 18:30:00;103.4
1071729215;2021-10-25 18:30:00;2021-10-25 19:00:00;93.26666666666667
1071729215;2021-10-25 19:00:00;2021-10-25 19:30:00;110.0
1071729215;2021-10-25 19:30:00;2021-10-25 20:00:00;113.03448275862068
1071729215;2021-10-25 20:00:00;2021-10-25 20:30:00;94.33333333333333
1071729215;2021-10-25 20:30:00;2021-10-25 21:00:00;90.93333333333334
1071729215;2021-10-25 21:00:00;2021-10-25 21:30:00;87.72413793103448
1071729215;2021-10-25 21:30:00;2021-10-25 22:00:00;107.53333333333333
1071729215;2021-10-25 22:00:00;2021-10-25 22:30:00;89.33333333333333
1071729215;2021-10-25 22:30:00;2021-10-25 23:00:00;97.36666666666666
1071729215;2021-10-25 23:00:00;2021-10-25 23:30:00;80.26666666666667
1071729215;2021-10-25 23:30:00;2021-10-25 23:59:59;83.26666666666667
1071729215;2021-10-26 00:00:00;2021-10-26 00:30:00;86.36666666666666
1071729215;2021-10-26 00:30:00;2021-10-26 01:00:00;98.0
1071729215;2021-10-26 01:00:00;2021-10-26 01:30:00;98.0
1071729215;2021-10-26 01:30:00;2021-10-26 02:00:00;98.0
1071729215;2021-10-26 02:00:00;2021-10-26 02:30:00;98.0
1071729215;2021-10-26 02:30:00;2021-10-26 03:00:00;98.0
1071729215;2021-10-26 03:00:00;2021-10-26 03:30:00;89.43333333333334
1071729215;2021-10-26 03:30:00;2021-10-26 04:00:00;112.63333333333334
1071729215;2021-10-26 04:00:00;2021-10-26 04:30:00;107.13333333333334
1071729215;2021-10-26 04:30:00;2021-10-26 05:00:00;93.6
1071729215;2021-10-26 05:00:00;2021-10-26 05:30:00;97.16666666666667
1071729215;2021-10-26 05:30:00;2021-10-26 06:00:00;94.7
1071729215;2021-10-26 06:00:00;2021-10-26 06:30:00;102.86666666666666
1071729215;2021-10-26 06:30:00;2021-10-26 07:00:00;94.46666666666667
1071729215;2021-10-26 07:00:00;2021-10-26 07:30:00;90.53333333333333
1071729215;2021-10-26 07:30:00;2021-10-26 08:00:00;100.4
1071729215;2021-10-26 08:00:00;2021-10-26 08:30:00;89.43333333333334
1071729215;2021-10-26 08:30:00;2021-10-26 09:00:00;93.9
1071729215;2021-10-26 09:00:00;2021-10-26 09:30:00;98.3
1071729215;2021-10-26 09:30:00;2021-10-26 10:00:00;87.58620689655173
1071729215;2021-10-26 10:00:00;2021-10-26 10:30:00;92.06666666666666
1071729215;2021-10-26 10:30:00;2021-10-26 11:00:00;103.73333333333333
1071729215;2021-10-26 11:00:00;2021-10-26 11:30:00;103.23333333333333
1071729215;2021-10-26 11:30:00;2021-10-26 12:00:00;89.1
1071729215;2021-10-26 12:00:00;2021-10-26 12:30:00;101.66666666666667
1071729215;2021-10-26 12:30:00;2021-10-26 13:00:00;100.36666666666666
1071729215;2021-10-26 13:00:00;2021-10-26 13:30:00;93.23333333333333
1071729215;2021-10-26 13:30:00;2021-10-26 14:00:00;97.06666666666666
1071729215;2021-10-26 14:00:00;2021-10-26 14:30:00;99.66666666666667
1071729215;2021-10-26 14:30:00;2021-10-26 15:00:00;116.16666666666667
1071729215;2021-10-26 15:00:00;2021-10-26 15:30:00;95.6
1071729215;2021-10-26 15:30:00;2021-10-26 16:00:00;102.16666666666667
1071729215;2021-10-26 16:00:00;2021-10-26 16:30:00;95.53333333333333
1071729215;2021-10-26 16:30:00;2021-10-26 17:00:00;107.1
1071729215;2021-10-26 17:00:00;2021-10-26 17:30:00;96.63333333333334
1071729215;2021-10-26 17:30:00;2021-10-26 18:00:00;101.73333333333333
1071729215;2021-10-26 18:00:00;2021-10-26 18:30:00;98.4
1071729215;2021-10-26 18:30:00;2021-10-26 19:00:00;88.46666666666667
1071729215;2021-10-26 19:00:00;2021-10-26 19:30:00;106.06666666666666
1071729215;2021-10-26 19:30:00;2021-10-26 20:00:00;104.46666666666667
1071729215;2021-10-26 20:00:00;2021-10-26 20:30:00;94.9
1071729215;2021-10-26 20:30:00;2021-10-26 21:00:00;94.0
1071729215;2021-10-26 21:00:00;2021-10-26 21:30:00;111.2
1071729215;2021-10-26 21:30:00;2021-10-26 22:00:00;107.56666666666666
1071729215;2021-10-26 22:00:00;2021-10-26 22:30:00;89.4
1071729215;2021-10-26 22:30:00;2021-10-26 23:00:00;98.0
1071729215;2021-10-26 23:00:00;2021-10-26 23:30:00;98.0
1071729215;2021-10-26 23:30:00;2021-10-26 23:59:59;95.36666666666666
1071729215;2021-10-27 00:00:00;2021-10-27 00:30:00;98.0
1071729215;2021-10-27 00:30:00;2021-10-27 01:00:00;97.43333333333334
1071729215;2021-10-27 01:00:00;2021-10-27 01:30:00;91.83333333333333
1071729215;2021-10-27 01:30:00;2021-10-27 02:00:00;105.4
1071729215;2021-10-27 02:00:00;2021-10-27 02:30:00;101.16666666666667
1071729215;2021-10-27 02:30:00;2021-10-27 03:00:00;92.86666666666666
1071729215;2021-10-27 03:00:00;2021-10-27 03:30:00;98.0
1071729215;2021-10-27 03:30:00;2021-10-27 04:00:00;97.73333333333333
1071729215;2021-10-27 04:00:00;2021-10-27 04:30:00;96.2
1071729215;2021-10-27 04:30:00;2021-10-27 05:00:00;93.3
1071729215;2021-10-27 05:00:00;2021-10-27 05:30:00;96.26666666666667
1071729215;2021-10-27 05:30:00;2021-10-27 06:00:00;96.96666666666667
1071729215;2021-10-27 06:00:00;2021-10-27 06:30:00;106.4
1071729215;2021-10-27 06:30:00;2021-10-27 07:00:00;91.03333333333333
1071729215;2021-10-27 07:00:00;2021-10-27 07:30:00;96.1
1071729215;2021-10-27 07:30:00;2021-10-27 08:00:00;96.33333333333333
1071729215;2021-10-27 08:00:00;2021-10-27 08:30:00;97.76666666666667
1071729215;2021-10-27 08:30:00;2021-10-27 09:00:00;93.36666666666666
1071729215;2021-10-27 09:00:00;2021-10-27 09:30:00;102.76666666666667
1071729215;2021-10-27 09:30:00;2021-10-27 10:00:00;94.5
1071729215;2021-10-27 10:00:00;2021-10-27 10:30:00;92.7
1071729215;2021-10-27 10:30:00;2021-10-27 11:00:00;94.56666666666666
1071729215;2021-10-27 11:00:00;2021-10-27 11:30:00;100.03333333333333
1071729215;2021-10-27 11:30:00;2021-10-27 12:00:00;91.73333333333333
1071729215;2021-10-27 12:00:00;2021-10-27 12:30:00;84.7
1071729215;2021-10-27 12:30:00;2021-10-27 13:00:00;107.7
1071729215;2021-10-27 13:00:00;2021-10-27 13:30:00;94.13333333333334
1071729215;2021-10-27 13:30:00;2021-10-27 14:00:00;92.56666666666666
1071729215;2021-10-27 14:00:00;2021-10-27 14:30:00;83.96666666666667
1071729215;2021-10-27 14:30:00;2021-10-27 15:00:00;92.16666666666667
1071729215;2021-10-27 15:00:00;2021-10-27 15:30:00;92.63333333333334
1071729215;2021-10-27 15:30:00;2021-10-27 16:00:00;88.73333333333333
1071729215;2021-10-27 16:00:00;2021-10-27 16:30:00;97.43333333333334
1071729215;2021-10-27 16:30:00;2021-10-27 17:00:00;90.7
1071729215;2021-10-27 17:00:00;2021-10-27 17:30:00;101.03333333333333
1071729215;2021-10-27 17:30:00;2021-10-27 18:00:00;97.96666666666667
1071729215;2021-10-27 18:00:00;2021-10-27 18:30:00;100.93333333333334
1071729215;2021-10-27 18:30:00;2021-10-27 19:00:00;98.36666666666666
1071729215;2021-10-27 19:00:00;2021-10-27 19:30:00;103.96666666666667
1071729215;2021-10-27 19:30:00;2021-10-27 20:00:00;92.1
1071729215;2021-10-27 20:00:00;2021-10-27 20:30:00;105.93333333333334
1071729215;2021-10-27 20:30:00;2021-10-27 21:00:00;100.2
1071729215;2021-10-27 21:00:00;2021-10-27 21:30:00;98.0
1071729215;2021-10-27 21:30:00;2021-10-27 22:00:00;86.13333333333334
1071729215;2021-10-27 22:00:00;2021-10-27 22:30:00;92.3
1071729215;2021-10-27 22:30:00;2021-10-27 23:00:00;87.5
1071729215;2021-10-27 23:00:00;2021-10-27 23:30:00;77.86666666666666
1071729215;2021-10-27 23:30:00;2021-10-27 23:59:59;86.16666666666667
1071729215;2021-10-28 00:00:00;2021-10-28 00:30:00;92.73333333333333
1071729215;2021-10-28 00:30:00;2021-10-28 01:00:00;98.0
1071729215;2021-10-28 01:00:00;2021-10-28 01:30:00;98.0
1071729215;2021-10-28 01:30:00;2021-10-28 02:00:00;98.0
1071729215;2021-10-28 02:00:00;2021-10-28 02:30:00;98.0
1071729215;2021-10-28 02:30:00;2021-10-28 03:00:00;98.0
1071729215;2021-10-28 03:00:00;2021-10-28 03:30:00;99.6
1071729215;2021-10-28 03:30:00;2021-10-28 04:00:00;99.43333333333334
1071729215;2021-10-28 04:00:00;2021-10-28 04:30:00;104.8
1071729215;2021-10-28 04:30:00;2021-10-28 05:00:00;102.3
1071729215;2021-10-28 05:00:00;2021-10-28 05:30:00;100.1
1071729215;2021-10-28 05:30:00;2021-10-28 06:00:00;98.0
1071729215;2021-10-28 06:00:00;2021-10-28 06:30:00;98.16666666666667
1071729215;2021-10-28 06:30:00;2021-10-28 07:00:00;94.23333333333333
1071729215;2021-10-28 07:00:00;2021-10-28 07:30:00;105.03333333333333
1071729215;2021-10-28 07:30:00;2021-10-28 08:00:00;106.83333333333333
1071729215;2021-10-28 08:00:00;2021-10-28 08:30:00;89.1
1071729215;2021-10-28 08:30:00;2021-10-28 09:00:00;95.36666666666666
1071729215;2021-10-28 09:00:00;2021-10-28 09:30:00;101.66666666666667
1071729215;2021-10-28 09:30:00;2021-10-28 10:00:00;99.4
1071729215;2021-10-28 10:00:00;2021-10-28 10:30:00;105.8
1071729215;2021-10-28 10:30:00;2021-10-28 11:00:00;93.56666666666666
1071729215;2021-10-28 11:00:00;2021-10-28 11:30:00;97.03448275862068
1071729215;2021-10-28 11:30:00;2021-10-28 12:00:00;87.8
1071729215;2021-10-28 12:00:00;2021-10-28 12:30:00;109.03333333333333
1071729215;2021-10-28 12:30:00;2021-10-28 13:00:00;100.73333333333333
1071729215;2021-10-28 13:00:00;2021-10-28 13:30:00;101.4
1071729215;2021-10-28 13:30:00;2021-10-28 14:00:00;95.0
1071729215;2021-10-28 14:00:00;2021-10-28 14:30:00;103.03333333333333
1071729215;2021-10-28 14:30:00;2021-10-28 15:00:00;97.63333333333334
1071729215;2021-10-28 15:00:00;2021-10-28 15:30:00;99.16666666666667
1071729215;2021-10-28 15:30:00;2021-10-28 16:00:00;101.33333333333333
1071729215;2021-10-28 16:00:00;2021-10-28 16:30:00;99.8
1071729215;2021-10-28 16:30:00;2021-10-28 17:00:00;103.8
1071729215;2021-10-28 17:00:00;2021-10-28 17:30:00;104.36666666666666
1071729215;2021-10-28 17:30:00;2021-10-28 18:00:00;102.0
1071729215;2021-10-28 18:00:00;2021-10-28 18:30:00;101.0
1071729215;2021-10-28 18:30:00;2021-10-28 19:00:00;93.53333333333333
1071729215;2021-10-28 19:00:00;2021-10-28 19:30:00;95.5
1071729215;2021-10-28 19:30:00;2021-10-28 20:00:00;106.93333333333334
1071729215;2021-10-28 20:00:00;2021-10-28 20:30:00;95.23333333333333
1071729215;2021-10-28 20:30:00;2021-10-28 21:00:00;97.66666666666667
1071729215;2021-10-28 21:00:00;2021-10-28 21:30:00;103.86666666666666
1071729215;2021-10-28 21:30:00;2021-10-28 22:00:00;97.73333333333333
1071729215;2021-10-28 22:00:00;2021-10-28 22:30:00;97.76666666666667
1071729215;2021-10-28 22:30:00;2021-10-28 23:00:00;98.0
1071729215;2021-10-28 23:00:00;2021-10-28 23:30:00;98.0
1071729215;2021-10-28 23:30:00;2021-10-28 23:59:59;98.0
1071729215;2021-10-29 00:00:00;2021-10-29 00:30:00;91.13333333333334
1071729215;2021-10-29 00:30:00;2021-10-29 01:00:00;95.43333333333334
1071729215;2021-10-29 01:00:00;2021-10-29 01:30:00;91.63333333333334
1071729215;2021-10-29 01:30:00;2021-10-29 02:00:00;96.76666666666667
1071729215;2021-10-29 02:00:00;2021-10-29 02:30:00;86.13333333333334
1071729215;2021-10-29 02:30:00;2021-10-29 03:00:00;97.9
1071729215;2021-10-29 03:00:00;2021-10-29 03:30:00;97.0
1071729215;2021-10-29 03:30:00;2021-10-29 04:00:00;93.4
1071729215;2021-10-29 04:00:00;2021-10-29 04:30:00;103.3
1071729215;2021-10-29 04:30:00;2021-10-29 05:00:00;99.73333333333333
1071729215;2021-10-29 05:00:00;2021-10-29 05:30:00;102.76666666666667
1071729215;2021-10-29 05:30:00;2021-10-29 06:00:00;104.8
1071729215;2021-10-29 06:00:00;2021-10-29 06:30:00;99.13333333333334
1071729215;2021-10-29 06:30:00;2021-10-29 07:00:00;96.16666666666667
1071729215;2021-10-29 07:00:00;2021-10-29 07:30:00;97.53333333333333
1071729215;2021-10-29 07:30:00;2021-10-29 08:00:00;91.5
1071729215;2021-10-29 08:00:00;2021-10-29 08:30:00;90.36666666666666
1071729215;2021-10-29 08:30:00;2021-10-29 09:00:00;101.0
1071729215;2021-10-29 09:00:00;2021-10-29 09:30:00;101.13333333333334
1071729215;2021-10-29 09:30:00;2021-10-29 10:00:00;91.06666666666666
1071729215;2021-10-29 10:00:00;2021-10-29 10:30:00;87.36666666666666
1071729215;2021-10-29 10:30:00;2021-10-29 11:00:00;87.2
1071729215;2021-10-29 11:00:00;2021-10-29 11:30:00;113.73333333333333
1071729215;2021-10-29 11:30:00;2021-10-29 12:00:00;102.7
1071729215;2021-10-29 12:00:00;2021-10-29 12:30:00;93.66666666666667
1071729215;2021-10-29 12:30:00;2021-10-29 13:00:00;98.26666666666667
1071729215;2021-10-29 13:00:00;2021-10-29 13:30:00;101.03333333333333
1071729215;2021-10-29 13:30:00;2021-10-29 14:00:00;96.86666666666666
1071729215;2021-10-29 14:00:00;2021-10-29 14:30:00;93.03333333333333
1071729215;2021-10-29 14:30:00;2021-10-29 15:00:00;88.83333333333333
1071729215;2021-10-29 15:00:00;2021-10-29 15:30:00;100.13333333333334
1071729215;2021-10-29 15:30:00;2021-10-29 16:00:00;98.1
1071729215;2021-10-29 16:00:00;2021-10-29 16:30:00;86.7
1071729215;2021-10-29 16:30:00;2021-10-29 17:00:00;107.66666666666667
1071729215;2021-10-29 17:00:00;2021-10-29 17:30:00;69.16666666666667
1071729215;2021-10-29 17:30:00;2021-10-29 18:00:00;53.2
1071729215;2021-10-29 18:00:00;2021-10-29 18:30:00;55.06666666666667
1071729215;2021-10-29 18:30:00;2021-10-29 19:00:00;93.5
1071729215;2021-10-29 19:00:00;2021-10-29 19:30:00;104.8
1071729215;2021-10-29 19:30:00;2021-10-29 20:00:00;99.16666666666667
1071729215;2021-10-29 20:00:00;2021-10-29 20:30:00;103.43333333333334
1071729215;2021-10-29 20:30:00;2021-10-29 21:00:00;106.73333333333333
1071729215;2021-10-29 21:00:00;2021-10-29 21:30:00;112.76666666666667
1071729215;2021-10-29 21:30:00;2021-10-29 22:00:00;103.83333333333333
1071729215;2021-10-29 22:00:00;2021-10-29 22:30:00;104.06666666666666
1071729215;2021-10-29 22:30:00;2021-10-29 23:00:00;89.66666666666667
1071729215;2021-10-29 23:00:00;2021-10-29 23:30:00;107.76666666666667
1071729215;2021-10-29 23:30:00;2021-10-29 23:59:59;120.23333333333333
1071729215;2021-10-30 00:00:00;2021-10-30 00:30:00;124.36666666666666
1071729215;2021-10-30 00:30:00;2021-10-30 01:00:00;103.8
1071729215;2021-10-30 01:00:00;2021-10-30 01:30:00;92.1
1071729215;2021-10-30 01:30:00;2021-10-30 02:00:00;89.46666666666667
1071729215;2021-10-30 02:00:00;2021-10-30 02:30:00;98.0
1071729215;2021-10-30 02:30:00;2021-10-30 03:00:00;97.13333333333334
1071729215;2021-10-30 03:00:00;2021-10-30 03:30:00;103.76666666666667
1071729215;2021-10-30 03:30:00;2021-10-30 04:00:00;98.0
1071729215;2021-10-30 04:00:00;2021-10-30 04:30:00;105.86666666666666
1071729215;2021-10-30 04:30:00;2021-10-30 05:00:00;96.5
1071729215;2021-10-30 05:00:00;2021-10-30 05:30:00;90.8
1071729215;2021-10-30 05:30:00;2021-10-30 06:00:00;93.73333333333333
1071729215;2021-10-30 06:00:00;2021-10-30 06:30:00;99.36666666666666
1071729215;2021-10-30 06:30:00;2021-10-30 07:00:00;89.56666666666666
1071729215;2021-10-30 07:00:00;2021-10-30 07:30:00;95.76666666666667
1071729215;2021-10-30 07:30:00;2021-10-30 08:00:00;111.03333333333333
1071729215;2021-10-30 08:00:00;2021-10-30 08:30:00;103.13333333333334
1071729215;2021-10-30 08:30:00;2021-10-30 09:00:00;101.03333333333333
1071729215;2021-10-30 09:00:00;2021-10-30 09:30:00;86.93333333333334
1071729215;2021-10-30 09:30:00;2021-10-30 10:00:00;112.2
1071729215;2021-10-30 10:00:00;2021-10-30 10:30:00;109.66666666666667
1071729215;2021-10-30 10:30:00;2021-10-30 11:00:00;97.73333333333333
1071729215;2021-10-30 11:00:00;2021-10-30 11:30:00;102.16666666666667
1071729215;2021-10-30 11:30:00;2021-10-30 12:00:00;103.03333333333333
1071729215;2021-10-30 12:00:00;2021-10-30 12:30:00;106.4
1071729215;2021-10-30 12:30:00;2021-10-30 13:00:00;110.53333333333333
1071729215;2021-10-30 13:00:00;2021-10-30 13:30:00;102.5
1071729215;2021-10-30 13:30:00;2021-10-30 14:00:00;102.6
1071729215;2021-10-30 14:00:00;2021-10-30 14:30:00;113.56666666666666
1071729215;2021-10-30 14:30:00;2021-10-30 15:00:00;94.53333333333333
1071729215;2021-10-30 15:00:00;2021-10-30 15:30:00;109.03333333333333
1071729215;2021-10-30 15:30:00;2021-10-30 16:00:00;104.1
1071729215;2021-10-30 16:00:00;2021-10-30 16:30:00;99.56666666666666
1071729215;2021-10-30 16:30:00;2021-10-30 17:00:00;97.83333333333333
1071729215;2021-10-30 17:00:00;2021-10-30 17:30:00;107.36666666666666
1071729215;2021-10-30 17:30:00;2021-10-30 18:00:00;108.03333333333333
1071729215;2021-10-30 18:00:00;2021-10-30 18:30:00;101.63333333333334
1071729215;2021-10-30 18:30:00;2021-10-30 19:00:00;106.5
1071729215;2021-10-30 19:00:00;2021-10-30 19:30:00;107.53333333333333
1071729215;2021-10-30 19:30:00;2021-10-30 20:00:00;104.43333333333334
1071729215;2021-10-30 20:00:00;2021-10-30 20:30:00;94.13333333333334
1071729215;2021-10-30 20:30:00;2021-10-30 21:00:00;90.3
1071729215;2021-10-30 21:00:00;2021-10-30 21:30:00;99.56666666666666
1071729215;2021-10-30 21:30:00;2021-10-30 22:00:00;98.53333333333333
1071729215;2021-10-30 22:00:00;2021-10-30 22:30:00;98.0
1071729215;2021-10-30 22:30:00;2021-10-30 23:00:00;98.0
1071729215;2021-10-30 23:00:00;2021-10-30 23:30:00;98.0
1071729215;2021-10-30 23:30:00;2021-10-30 23:59:59;98.0
1071729215;2021-10-31 00:00:00;2021-10-31 00:30:00;98.0
1071729215;2021-10-31 00:30:00;2021-10-31 01:00:00;91.83333333333333
1071729215;2021-10-31 01:00:00;2021-10-31 01:30:00;98.33333333333333
1071729215;2021-10-31 01:30:00;2021-10-31 02:00:00;98.0
1071729215;2021-10-31 02:00:00;2021-10-31 02:30:00;102.0
1071729215;2021-10-31 02:30:00;2021-10-31 03:00:00;104.96666666666667
1071729215;2021-10-31 03:00:00;2021-10-31 03:30:00;99.2
1071729215;2021-10-31 03:30:00;2021-10-31 04:00:00;115.0
1071729215;2021-10-31 04:00:00;2021-10-31 04:30:00;103.66666666666667
1071729215;2021-10-31 04:30:00;2021-10-31 05:00:00;92.83333333333333
1071729215;2021-10-31 05:00:00;2021-10-31 05:30:00;86.96666666666667
1071729215;2021-10-31 05:30:00;2021-10-31 06:00:00;86.6
1071729215;2021-10-31 06:00:00;2021-10-31 06:30:00;86.0
1071729215;2021-10-31 06:30:00;2021-10-31 07:00:00;95.56666666666666
1071729215;2021-10-31 07:00:00;2021-10-31 07:30:00;98.63333333333334
1071729215;2021-10-31 07:30:00;2021-10-31 08:00:00;94.56666666666666
1071729215;2021-10-31 08:00:00;2021-10-31 08:30:00;106.63333333333334
1071729215;2021-10-31 08:30:00;2021-10-31 09:00:00;110.86666666666666
1071729215;2021-10-31 09:00:00;2021-10-31 09:30:00;108.46666666666667
1071729215;2021-10-31 09:30:00;2021-10-31 10:00:00;105.5
1071729215;2021-10-31 10:00:00;2021-10-31 10:30:00;95.83333333333333
1071729215;2021-10-31 10:30:00;2021-10-31 11:00:00;94.03333333333333
1071729215;2021-10-31 11:00:00;2021-10-31 11:30:00;111.3
1071729215;2021-10-31 11:30:00;2021-10-31 12:00:00;103.6
1071729215;2021-10-31 12:00:00;2021-10-31 12:30:00;96.26666666666667
1071729215;2021-10-31 12:30:00;2021-10-31 13:00:00;113.1
1071729215;2021-10-31 13:00:00;2021-10-31 13:30:00;107.03333333333333
1071729215;2021-10-31 13:30:00;2021-10-31 14:00:00;95.63333333333334
1071729215;2021-10-31 14:00:00;2021-10-31 14:30:00;107.2
1071729215;2021-10-31 14:30:00;2021-10-31 15:00:00;92.66666666666667
1071729215;2021-10-31 15:00:00;2021-10-31 15:30:00;95.13333333333334
1071729215;2021-10-31 15:30:00;2021-10-31 16:00:00;92.76666666666667
1071729215;2021-10-31 16:00:00;2021-10-31 16:30:00;94.96666666666667
1071729215;2021-10-31 16:30:00;2021-10-31 17:00:00;101.9
1071729215;2021-10-31 17:00:00;2021-10-31 17:30:00;107.06666666666666
1071729215;2021-10-31 17:30:00;2021-10-31 18:00:00;108.53333333333333
1071729215;2021-10-31 18:00:00;2021-10-31 18:30:00;96.5
1071729215;2021-10-31 18:30:00;2021-10-31 19:00:00;106.79310344827586
1071729215;2021-10-31 19:00:00;2021-10-31 19:30:00;106.26666666666667
1071729215;2021-10-31 19:30:00;2021-10-31 20:00:00;108.16666666666667
1071729215;2021-10-31 20:00:00;2021-10-31 20:30:00;93.83333333333333
1071729215;2021-10-31 20:30:00;2021-10-31 21:00:00;109.33333333333333
1071729215;2021-10-31 21:00:00;2021-10-31 21:30:00;106.53333333333333
1071729215;2021-10-31 21:30:00;2021-10-31 22:00:00;91.26666666666667
1071729215;2021-10-31 22:00:00;2021-10-31 22:30:00;96.5
1071729215;2021-10-31 22:30:00;2021-10-31 23:00:00;108.4
1071729215;2021-10-31 23:00:00;2021-10-31 23:30:00;100.6
1071729215;2021-10-31 23:30:00;2021-10-31 23:59:59;99.5
1071729215;2021-11-01 00:00:00;2021-11-01 00:30:00;97.0
1071729215;2021-11-01 00:30:00;2021-11-01 01:00:00;98.0
1071729215;2021-11-01 01:00:00;2021-11-01 01:30:00;92.16666666666667
1071729215;2021-11-01 01:30:00;2021-11-01 02:00:00;95.16666666666667
1071729215;2021-11-01 02:00:00;2021-11-01 02:30:00;108.66666666666667
1071729215;2021-11-01 02:30:00;2021-11-01 03:00:00;88.3
1071729215;2021-11-01 03:00:00;2021-11-01 03:30:00;97.0
1071729215;2021-11-01 03:30:00;2021-11-01 04:00:00;95.96666666666667
1071729215;2021-11-01 04:00:00;2021-11-01 04:30:00;100.06666666666666
1071729215;2021-11-01 04:30:00;2021-11-01 05:00:00;99.46666666666667
1071729215;2021-11-01 05:00:00;2021-11-01 05:30:00;99.46666666666667
1071729215;2021-11-01 05:30:00;2021-11-01 06:00:00;107.56666666666666
1071729215;2021-11-01 06:00:00;2021-11-01 06:30:00;107.3
1071729215;2021-11-01 06:30:00;2021-11-01 07:00:00;99.03333333333333
1071729215;2021-11-01 07:00:00;2021-11-01 07:30:00;103.5
1071729215;2021-11-01 07:30:00;2021-11-01 08:00:00;108.36666666666666
1071729215;2021-11-01 08:00:00;2021-11-01 08:30:00;114.26666666666667
1071729215;2021-11-01 08:30:00;2021-11-01 09:00:00;97.13333333333334
1071729215;2021-11-01 09:00:00;2021-11-01 09:30:00;91.77777777777777
1071729215;2021-11-01 09:30:00;2021-11-01 10:00:00;97.93333333333334
1071729215;2021-11-01 10:00:00;2021-11-01 10:30:00;94.7
1071729215;2021-11-01 10:30:00;2021-11-01 11:00:00;86.6
1071729215;2021-11-01 11:00:00;2021-11-01 11:30:00;84.83333333333333
1071729215;2021-11-01 11:30:00;2021-11-01 12:00:00;107.86666666666666
1071729215;2021-11-01 12:00:00;2021-11-01 12:30:00;111.23333333333333
1071729215;2021-11-01 12:30:00;2021-11-01 13:00:00;100.5
1071729215;2021-11-01 13:00:00;2021-11-01 13:30:00;99.26666666666667
1071729215;2021-11-01 13:30:00;2021-11-01 14:00:00;99.66666666666667
1071729215;2021-11-01 14:00:00;2021-11-01 14:30:00;97.96666666666667
1071729215;2021-11-01 14:30:00;2021-11-01 15:00:00;106.3
1071729215;2021-11-01 15:00:00;2021-11-01 15:30:00;92.76666666666667
1071729215;2021-11-01 15:30:00;2021-11-01 16:00:00;97.16666666666667
1071729215;2021-11-01 16:00:00;2021-11-01 16:30:00;90.7
1071729215;2021-11-01 16:30:00;2021-11-01 17:00:00;94.5
1071729215;2021-11-01 17:00:00;2021-11-01 17:30:00;102.7
1071729215;2021-11-01 17:30:00;2021-11-01 18:00:00;103.73333333333333
1071729215;2021-11-01 18:00:00;2021-11-01 18:30:00;103.6
1071729215;2021-11-01 18:30:00;2021-11-01 19:00:00;92.73333333333333
1071729215;2021-11-01 19:00:00;2021-11-01 19:30:00;106.26666666666667
1071729215;2021-11-01 19:30:00;2021-11-01 20:00:00;98.8
1071729215;2021-11-01 20:00:00;2021-11-01 20:30:00;100.5
1071729215;2021-11-01 20:30:00;2021-11-01 21:00:00;93.5
1071729215;2021-11-01 21:00:00;2021-11-01 21:30:00;97.9
1071729215;2021-11-01 21:30:00;2021-11-01 22:00:00;94.86666666666666
1071729215;2021-11-01 22:00:00;2021-11-01 22:30:00;90.56666666666666
1071729215;2021-11-01 22:30:00;2021-11-01 23:00:00;103.83333333333333
1071729215;2021-11-01 23:00:00;2021-11-01 23:30:00;95.46666666666667
1071729215;2021-11-01 23:30:00;2021-11-01 23:59:59;91.43333333333334
1071729215;2021-11-02 00:00:00;2021-11-02 00:30:00;98.0
1071729215;2021-11-02 00:30:00;2021-11-02 01:00:00;98.0
1071729215;2021-11-02 01:00:00;2021-11-02 01:30:00;98.0
1071729215;2021-11-02 01:30:00;2021-11-02 02:00:00;98.0
1071729215;2021-11-02 02:00:00;2021-11-02 02:30:00;91.7
1071729215;2021-11-02 02:30:00;2021-11-02 03:00:00;98.0
1071729215;2021-11-02 03:00:00;2021-11-02 03:30:00;98.0
1071729215;2021-11-02 03:30:00;2021-11-02 04:00:00;96.76666666666667
1071729215;2021-11-02 04:00:00;2021-11-02 04:30:00;90.36666666666666
1071729215;2021-11-02 04:30:00;2021-11-02 05:00:00;95.86666666666666
1071729215;2021-11-02 05:00:00;2021-11-02 05:30:00;102.43333333333334
1071729215;2021-11-02 05:30:00;2021-11-02 06:00:00;87.16666666666667
1071729215;2021-11-02 06:00:00;2021-11-02 06:30:00;102.16666666666667
1071729215;2021-11-02 06:30:00;2021-11-02 07:00:00;97.8
1071729215;2021-11-02 07:00:00;2021-11-02 07:30:00;108.1
1071729215;2021-11-02 07:30:00;2021-11-02 08:00:00;101.2
1071729215;2021-11-02 08:00:00;2021-11-02 08:30:00;94.76666666666667
1071729215;2021-11-02 08:30:00;2021-11-02 09:00:00;95.56666666666666
1071729215;2021-11-02 09:00:00;2021-11-02 09:30:00;87.76666666666667
1071729215;2021-11-02 09:30:00;2021-11-02 10:00:00;95.5
1071729215;2021-11-02 10:00:00;2021-11-02 10:30:00;107.3
1071729215;2021-11-02 10:30:00;2021-11-02 11:00:00;90.9
1071729215;2021-11-02 11:00:00;2021-11-02 11:30:00;89.63333333333334
1071729215;2021-11-02 11:30:00;2021-11-02 12:00:00;86.9
1071729215;2021-11-02 12:00:00;2021-11-02 12:30:00;96.33333333333333
1071729215;2021-11-02 12:30:00;2021-11-02 13:00:00;104.6
1071729215;2021-11-02 13:00:00;2021-11-02 13:30:00;90.93333333333334
1071729215;2021-11-02 13:30:00;2021-11-02 14:00:00;94.83333333333333
1071729215;2021-11-02 14:00:00;2021-11-02 14:30:00;100.06666666666666
1071729215;2021-11-02 14:30:00;2021-11-02 15:00:00;89.13333333333334
1071729215;2021-11-02 15:00:00;2021-11-02 15:30:00;96.53333333333333
1071729215;2021-11-02 15:30:00;2021-11-02 16:00:00;106.26666666666667
1071729215;2021-11-02 16:00:00;2021-11-02 16:30:00;100.6
1071729215;2021-11-02 16:30:00;2021-11-02 17:00:00;84.23333333333333
1071729215;2021-11-02 17:00:00;2021-11-02 17:30:00;88.5
1071729215;2021-11-02 17:30:00;2021-11-02 18:00:00;81.83333333333333
1071729215;2021-11-02 18:00:00;2021-11-02 18:30:00;92.2
1071729215;2021-11-02 18:30:00;2021-11-02 19:00:00;96.6
1071729215;2021-11-02 19:00:00;2021-11-02 19:30:00;98.56666666666666
1071729215;2021-11-02 19:30:00;2021-11-02 20:00:00;93.46666666666667
1071729215;2021-11-02 20:00:00;2021-11-02 20:30:00;90.0
1071729215;2021-11-02 20:30:00;2021-11-02 21:00:00;95.6
1071729215;2021-11-02 21:00:00;2021-11-02 21:30:00;96.16666666666667
1071729215;2021-11-02 21:30:00;2021-11-02 22:00:00;100.63333333333334
1071729215;2021-11-02 22:00:00;2021-11-02 22:30:00;103.13333333333334
1071729215;2021-11-02 22:30:00;2021-11-02 23:00:00;95.13333333333334
1071729215;2021-11-02 23:00:00;2021-11-02 23:30:00;105.5
1071729215;2021-11-02 23:30:00;2021-11-02 23:59:59;78.83333333333333
1071729215;2021-11-03 00:00:00;2021-11-03 00:30:00;94.83333333333333
1071729215;2021-11-03 00:30:00;2021-11-03 01:00:00;96.4
1071729215;2021-11-03 01:00:00;2021-11-03 01:30:00;98.0
1071729215;2021-11-03 01:30:00;2021-11-03 02:00:00;98.0
1071729215;2021-11-03 02:00:00;2021-11-03 02:30:00;100.03333333333333
1071729215;2021-11-03 02:30:00;2021-11-03 03:00:00;98.26666666666667
1071729215;2021-11-03 03:00:00;2021-11-03 03:30:00;95.76666666666667
1071729215;2021-11-03 03:30:00;2021-11-03 04:00:00;107.0
1071729215;2021-11-03 04:00:00;2021-11-03 04:30:00;97.7
1071729215;2021-11-03 04:30:00;2021-11-03 05:00:00;92.66666666666667
1071729215;2021-11-03 05:00:00;2021-11-03 05:30:00;99.13333333333334
1071729215;2021-11-03 05:30:00;2021-11-03 06:00:00;96.66666666666667
1071729215;2021-11-03 06:00:00;2021-11-03 06:30:00;109.36666666666666
1071729215;2021-11-03 06:30:00;2021-11-03 07:00:00;95.33333333333333
1071729215;2021-11-03 07:00:00;2021-11-03 07:30:00;95.1
1071729215;2021-11-03 07:30:00;2021-11-03 08:00:00;94.5
1071729215;2021-11-03 08:00:00;2021-11-03 08:30:00;96.7
1071729215;2021-11-03 08:30:00;2021-11-03 09:00:00;105.2
1071729215;2021-11-03 09:00:00;2021-11-03 09:30:00;95.03333333333333
1071729215;2021-11-03 09:30:00;2021-11-03 10:00:00;99.43333333333334
1071729215;2021-11-03 10:00:00;2021-11-03 10:30:00;92.1
1071729215;2021-11-03 10:30:00;2021-11-03 11:00:00;90.83333333333333
1071729215;2021-11-03 11:00:00;2021-11-03 11:30:00;105.16666666666667
1071729215;2021-11-03 11:30:00;2021-11-03 12:00:00;93.43333333333334
1071729215;2021-11-03 12:00:00;2021-11-03 12:30:00;96.6
1071729215;2021-11-03 12:30:00;2021-11-03 13:00:00;96.6
1071729215;2021-11-03 13:00:00;2021-11-03 13:30:00;98.0
1071729215;2021-11-03 13:30:00;2021-11-03 14:00:00;98.0
1071729215;2021-11-03 14:00:00;2021-11-03 14:30:00;98.0
1071729215;2021-11-03 14:30:00;2021-11-03 15:00:00;98.0
1071729215;2021-11-03 15:00:00;2021-11-03 15:30:00;98.0
1071729215;2021-11-03 15:30:00;2021-11-03 16:00:00;94.36666666666666
1071729215;2021-11-03 16:00:00;2021-11-03 16:30:00;85.6
1071729215;2021-11-03 16:30:00;2021-11-03 17:00:00;101.26666666666667
1071729215;2021-11-03 17:00:00;2021-11-03 17:30:00;96.73333333333333
1071729215;2021-11-03 17:30:00;2021-11-03 18:00:00;95.66666666666667
1071729215;2021-11-03 18:00:00;2021-11-03 18:30:00;100.0
1071729215;2021-11-03 18:30:00;2021-11-03 19:00:00;100.0
1071729215;2021-11-03 19:00:00;2021-11-03 19:30:00;100.0
1071729215;2021-11-03 19:30:00;2021-11-03 20:00:00;100.0
1071729215;2021-11-03 20:00:00;2021-11-03 20:30:00;97.0
1071729215;2021-11-03 20:30:00;2021-11-03 21:00:00;98.5
1071729215;2021-11-03 21:00:00;2021-11-03 21:30:00;97.63333333333334
1071729215;2021-11-03 21:30:00;2021-11-03 22:00:00;92.2
1071729215;2021-11-03 22:00:00;2021-11-03 22:30:00;92.8
1071729215;2021-11-03 22:30:00;2021-11-03 23:00:00;90.4
1071729215;2021-11-03 23:00:00;2021-11-03 23:30:00;84.4
1071729215;2021-11-03 23:30:00;2021-11-03 23:59:59;96.36666666666666
1071729215;2021-11-04 00:00:00;2021-11-04 00:30:00;92.2
1071729215;2021-11-04 00:30:00;2021-11-04 01:00:00;87.48275862068965
1071729215;2021-11-04 01:00:00;2021-11-04 01:30:00;95.6
1071729215;2021-11-04 01:30:00;2021-11-04 02:00:00;95.3
1071729215;2021-11-04 02:00:00;2021-11-04 02:30:00;98.0
1071729215;2021-11-04 02:30:00;2021-11-04 03:00:00;101.76666666666667
1071729215;2021-11-04 03:00:00;2021-11-04 03:30:00;99.3
1071729215;2021-11-04 03:30:00;2021-11-04 04:00:00;97.96666666666667
1071729215;2021-11-04 04:00:00;2021-11-04 04:30:00;90.2
1071729215;2021-11-04 04:30:00;2021-11-04 05:00:00;100.2
1071729215;2021-11-04 05:00:00;2021-11-04 05:30:00;102.03333333333333
1071729215;2021-11-04 05:30:00;2021-11-04 06:00:00;97.03333333333333
1071729215;2021-11-04 06:00:00;2021-11-04 06:30:00;107.66666666666667
1071729215;2021-11-04 06:30:00;2021-11-04 07:00:00;95.16666666666667
1071729215;2021-11-04 07:00:00;2021-11-04 07:30:00;92.8
1071729215;2021-11-04 07:30:00;2021-11-04 08:00:00;90.0
1071729215;2021-11-04 08:00:00;2021-11-04 08:30:00;97.36666666666666
1071729215;2021-11-04 08:30:00;2021-11-04 09:00:00;101.36666666666666
1071729215;2021-11-04 09:00:00;2021-11-04 09:30:00;90.1
1071729215;2021-11-04 09:30:00;2021-11-04 10:00:00;88.3
1071729215;2021-11-04 10:00:00;2021-11-04 10:30:00;90.0
1071729215;2021-11-04 10:30:00;2021-11-04 11:00:00;101.86666666666666
1071729215;2021-11-04 11:00:00;2021-11-04 11:30:00;97.26666666666667
1071729215;2021-11-04 11:30:00;2021-11-04 12:00:00;90.63333333333334
1071729215;2021-11-04 12:00:00;2021-11-04 12:30:00;88.06666666666666
1071729215;2021-11-04 12:30:00;2021-11-04 13:00:00;99.9
1071729215;2021-11-04 13:00:00;2021-11-04 13:30:00;86.7
1071729215;2021-11-04 13:30:00;2021-11-04 14:00:00;89.46666666666667
1071729215;2021-11-04 14:00:00;2021-11-04 14:30:00;99.43333333333334
1071729215;2021-11-04 14:30:00;2021-11-04 15:00:00;88.93333333333334
1071729215;2021-11-04 15:00:00;2021-11-04 15:30:00;85.63333333333334
1071729215;2021-11-04 15:30:00;2021-11-04 16:00:00;88.46666666666667
1071729215;2021-11-04 16:00:00;2021-11-04 16:30:00;94.63333333333334
1071729215;2021-11-04 16:30:00;2021-11-04 17:00:00;92.73333333333333
1071729215;2021-11-04 17:00:00;2021-11-04 17:30:00;92.73333333333333
1071729215;2021-11-04 17:30:00;2021-11-04 18:00:00;88.36666666666666
1071729215;2021-11-04 18:00:00;2021-11-04 18:30:00;95.06666666666666
1071729215;2021-11-04 18:30:00;2021-11-04 19:00:00;98.4
1071729215;2021-11-04 19:00:00;2021-11-04 19:30:00;98.03333333333333
1071729215;2021-11-04 19:30:00;2021-11-04 20:00:00;92.73333333333333
1071729215;2021-11-04 20:00:00;2021-11-04 20:30:00;93.53333333333333
1071729215;2021-11-04 20:30:00;2021-11-04 21:00:00;99.73333333333333
1071729215;2021-11-04 21:00:00;2021-11-04 21:30:00;98.13333333333334
1071729215;2021-11-04 21:30:00;2021-11-04 22:00:00;97.93333333333334
1071729215;2021-11-04 22:00:00;2021-11-04 22:30:00;89.7
1071729215;2021-11-04 22:30:00;2021-11-04 23:00:00;98.0
1071729215;2021-11-04 23:00:00;2021-11-04 23:30:00;88.26666666666667
1071729215;2021-11-04 23:30:00;2021-11-04 23:59:59;95.2
1071729215;2021-11-05 00:00:00;2021-11-05 00:30:00;77.13333333333334
1071729215;2021-11-05 00:30:00;2021-11-05 01:00:00;79.9
1071729215;2021-11-05 01:00:00;2021-11-05 01:30:00;88.3
1071729215;2021-11-05 01:30:00;2021-11-05 02:00:00;97.9
1071729215;2021-11-05 02:00:00;2021-11-05 02:30:00;98.0
1071729215;2021-11-05 02:30:00;2021-11-05 03:00:00;93.23333333333333
1071729215;2021-11-05 03:00:00;2021-11-05 03:30:00;98.0
1071729215;2021-11-05 03:30:00;2021-11-05 04:00:00;98.0
1071729215;2021-11-05 04:00:00;2021-11-05 04:30:00;96.13333333333334
1071729215;2021-11-05 04:30:00;2021-11-05 05:00:00;84.73333333333333
1071729215;2021-11-05 05:00:00;2021-11-05 05:30:00;93.2
1071729215;2021-11-05 05:30:00;2021-11-05 06:00:00;96.5
1071729215;2021-11-05 06:00:00;2021-11-05 06:30:00;105.33333333333333
1071729215;2021-11-05 06:30:00;2021-11-05 07:00:00;99.06666666666666
1071729215;2021-11-05 07:00:00;2021-11-05 07:30:00;99.43333333333334
1071729215;2021-11-05 07:30:00;2021-11-05 08:00:00;94.23333333333333
1071729215;2021-11-05 08:00:00;2021-11-05 08:30:00;95.1
1071729215;2021-11-05 08:30:00;2021-11-05 09:00:00;104.9
1071729215;2021-11-05 09:00:00;2021-11-05 09:30:00;89.7
1071729215;2021-11-05 09:30:00;2021-11-05 10:00:00;90.8
1071729215;2021-11-05 10:00:00;2021-11-05 10:30:00;102.03333333333333
1071729215;2021-11-05 10:30:00;2021-11-05 11:00:00;110.33333333333333
1071729215;2021-11-05 11:00:00;2021-11-05 11:30:00;89.03333333333333
1071729215;2021-11-05 11:30:00;2021-11-05 12:00:00;111.16666666666667
1071729215;2021-11-05 12:00:00;2021-11-05 12:30:00;99.43333333333334
1071729215;2021-11-05 12:30:00;2021-11-05 13:00:00;92.86666666666666
1071729215;2021-11-05 13:00:00;2021-11-05 13:30:00;99.43333333333334
1071729215;2021-11-05 13:30:00;2021-11-05 14:00:00;103.36666666666666
1071729215;2021-11-05 14:00:00;2021-11-05 14:30:00;105.16666666666667
1071729215;2021-11-05 14:30:00;2021-11-05 15:00:00;89.93333333333334
1071729215;2021-11-05 15:00:00;2021-11-05 15:30:00;97.26666666666667
1071729215;2021-11-05 15:30:00;2021-11-05 16:00:00;101.26666666666667
1071729215;2021-11-05 16:00:00;2021-11-05 16:30:00;92.46666666666667
1071729215;2021-11-05 16:30:00;2021-11-05 17:00:00;94.86666666666666
1071729215;2021-11-05 17:00:00;2021-11-05 17:30:00;99.1
1071729215;2021-11-05 17:30:00;2021-11-05 18:00:00;104.3
1071729215;2021-11-05 18:00:00;2021-11-05 18:30:00;105.53333333333333
1071729215;2021-11-05 18:30:00;2021-11-05 19:00:00;107.8
1071729215;2021-11-05 19:00:00;2021-11-05 19:30:00;102.13333333333334
1071729215;2021-11-05 19:30:00;2021-11-05 20:00:00;107.63333333333334
1071729215;2021-11-05 20:00:00;2021-11-05 20:30:00;119.23333333333333
1071729215;2021-11-05 20:30:00;2021-11-05 21:00:00;107.9
1071729215;2021-11-05 21:00:00;2021-11-05 21:30:00;94.33333333333333
1071729215;2021-11-05 21:30:00;2021-11-05 22:00:00;99.83333333333333
1071729215;2021-11-05 22:00:00;2021-11-05 22:30:00;104.03333333333333
1071729215;2021-11-05 22:30:00;2021-11-05 23:00:00;100.6
1071729215;2021-11-05 23:00:00;2021-11-05 23:30:00;116.36666666666666
1071729215;2021-11-05 23:30:00;2021-11-05 23:59:59;91.4
1071729215;2021-11-06 00:00:00;2021-11-06 00:30:00;98.73333333333333
1071729215;2021-11-06 00:30:00;2021-11-06 01:00:00;101.0
1071729215;2021-11-06 01:00:00;2021-11-06 01:30:00;86.9
1071729215;2021-11-06 01:30:00;2021-11-06 02:00:00;97.1
1071729215;2021-11-06 02:00:00;2021-11-06 02:30:00;98.0
1071729215;2021-11-06 02:30:00;2021-11-06 03:00:00;92.23333333333333
1071729215;2021-11-06 03:00:00;2021-11-06 03:30:00;91.79310344827586
1071729215;2021-11-06 03:30:00;2021-11-06 04:00:00;80.13333333333334
1071729215;2021-11-06 04:00:00;2021-11-06 04:30:00;88.46666666666667
1071729215;2021-11-06 04:30:00;2021-11-06 05:00:00;100.66666666666667
1071729215;2021-11-06 05:00:00;2021-11-06 05:30:00;102.43333333333334
1071729215;2021-11-06 05:30:00;2021-11-06 06:00:00;103.0
1071729215;2021-11-06 06:00:00;2021-11-06 06:30:00;108.66666666666667
1071729215;2021-11-06 06:30:00;2021-11-06 07:00:00;103.6
1071729215;2021-11-06 07:00:00;2021-11-06 07:30:00;101.16666666666667
1071729215;2021-11-06 07:30:00;2021-11-06 08:00:00;96.23333333333333
1071729215;2021-11-06 08:00:00;2021-11-06 08:30:00;96.5
1071729215;2021-11-06 08:30:00;2021-11-06 09:00:00;106.0
1071729215;2021-11-06 09:00:00;2021-11-06 09:30:00;100.6
1071729215;2021-11-06 09:30:00;2021-11-06 10:00:00;85.33333333333333
1071729215;2021-11-06 10:00:00;2021-11-06 10:30:00;96.96666666666667
1071729215;2021-11-06 10:30:00;2021-11-06 11:00:00;111.5
1071729215;2021-11-06 11:00:00;2021-11-06 11:30:00;107.9
1071729215;2021-11-06 11:30:00;2021-11-06 12:00:00;113.7
1071729215;2021-11-06 12:00:00;2021-11-06 12:30:00;105.43333333333334
1071729215;2021-11-06 12:30:00;2021-11-06 13:00:00;108.96666666666667
1071729215;2021-11-06 13:00:00;2021-11-06 13:30:00;99.76666666666667
1071729215;2021-11-06 13:30:00;2021-11-06 14:00:00;104.0
1071729215;2021-11-06 14:00:00;2021-11-06 14:30:00;110.93333333333334
1071729215;2021-11-06 14:30:00;2021-11-06 15:00:00;102.3
1071729215;2021-11-06 15:00:00;2021-11-06 15:30:00;106.43333333333334
1071729215;2021-11-06 15:30:00;2021-11-06 16:00:00;104.63333333333334
1071729215;2021-11-06 16:00:00;2021-11-06 16:30:00;118.6
1071729215;2021-11-06 16:30:00;2021-11-06 17:00:00;108.66666666666667
1071729215;2021-11-06 17:00:00;2021-11-06 17:30:00;111.96666666666667
1071729215;2021-11-06 17:30:00;2021-11-06 18:00:00;96.33333333333333
1071729215;2021-11-06 18:00:00;2021-11-06 18:30:00;107.36666666666666
1071729215;2021-11-06 18:30:00;2021-11-06 19:00:00;97.13333333333334
1071729215;2021-11-06 19:00:00;2021-11-06 19:30:00;99.96666666666667
1071729215;2021-11-06 19:30:00;2021-11-06 20:00:00;103.7
1071729215;2021-11-06 20:00:00;2021-11-06 20:30:00;114.7
1071729215;2021-11-06 20:30:00;2021-11-06 21:00:00;112.86666666666666
1071729215;2021-11-06 21:00:00;2021-11-06 21:30:00;100.6
1071729215;2021-11-06 21:30:00;2021-11-06 22:00:00;103.93333333333334
1071729215;2021-11-06 22:00:00;2021-11-06 22:30:00;97.76666666666667
1071729215;2021-11-06 22:30:00;2021-11-06 23:00:00;101.03333333333333
1071729215;2021-11-06 23:00:00;2021-11-06 23:30:00;98.86666666666666
1071729215;2021-11-06 23:30:00;2021-11-06 23:59:59;98.0
1071729215;2021-11-07 00:00:00;2021-11-07 00:30:00;98.0
1071729215;2021-11-07 00:30:00;2021-11-07 01:00:00;98.0
1071729215;2021-11-07 01:00:00;2021-11-07 01:30:00;98.0
1071729215;2021-11-07 01:30:00;2021-11-07 02:00:00;98.0
1071729215;2021-11-07 02:00:00;2021-11-07 02:30:00;98.0
1071729215;2021-11-07 02:30:00;2021-11-07 03:00:00;98.0
1071729215;2021-11-07 03:00:00;2021-11-07 03:30:00;98.0
1071729215;2021-11-07 03:30:00;2021-11-07 04:00:00;98.0
1071729215;2021-11-07 04:00:00;2021-11-07 04:30:00;92.0
1071729215;2021-11-07 04:30:00;2021-11-07 05:00:00;92.0
1071729215;2021-11-07 05:00:00;2021-11-07 05:30:00;89.0
1071729215;2021-11-07 05:30:00;2021-11-07 06:00:00;89.0
1071729215;2021-11-07 06:00:00;2021-11-07 06:30:00;88.73333333333333
1071729215;2021-11-07 06:30:00;2021-11-07 07:00:00;85.0
1071729215;2021-11-07 07:00:00;2021-11-07 07:30:00;97.43333333333334
1071729215;2021-11-07 07:30:00;2021-11-07 08:00:00;99.0
1071729215;2021-11-07 08:00:00;2021-11-07 08:30:00;103.9
1071729215;2021-11-07 08:30:00;2021-11-07 09:00:00;115.93333333333334
1071729215;2021-11-07 09:00:00;2021-11-07 09:30:00;105.56666666666666
1071729215;2021-11-07 09:30:00;2021-11-07 10:00:00;105.0
1071729215;2021-11-07 10:00:00;2021-11-07 10:30:00;98.23333333333333
1071729215;2021-11-07 10:30:00;2021-11-07 11:00:00;107.96666666666667
1071729215;2021-11-07 11:00:00;2021-11-07 11:30:00;105.6
1071729215;2021-11-07 11:30:00;2021-11-07 12:00:00;99.26666666666667
1071729215;2021-11-07 12:00:00;2021-11-07 12:30:00;98.3
1071729215;2021-11-07 12:30:00;2021-11-07 13:00:00;96.8
1071729215;2021-11-07 13:00:00;2021-11-07 13:30:00;96.13333333333334
1071729215;2021-11-07 13:30:00;2021-11-07 14:00:00;88.1
1071729215;2021-11-07 14:00:00;2021-11-07 14:30:00;88.63333333333334
1071729215;2021-11-07 14:30:00;2021-11-07 15:00:00;88.26666666666667
1071729215;2021-11-07 15:00:00;2021-11-07 15:30:00;79.63333333333334
1071729215;2021-11-07 15:30:00;2021-11-07 16:00:00;74.26666666666667
1071729215;2021-11-07 16:00:00;2021-11-07 16:30:00;72.46666666666667
1071729215;2021-11-07 16:30:00;2021-11-07 17:00:00;75.6
1071729215;2021-11-07 17:00:00;2021-11-07 17:30:00;79.13333333333334
1071729215;2021-11-07 17:30:00;2021-11-07 18:00:00;82.1
1071729215;2021-11-07 18:00:00;2021-11-07 18:30:00;89.93333333333334
1071729215;2021-11-07 18:30:00;2021-11-07 19:00:00;84.33333333333333
1071729215;2021-11-07 19:00:00;2021-11-07 19:30:00;84.43333333333334
1071729215;2021-11-07 19:30:00;2021-11-07 20:00:00;85.83333333333333
1071729215;2021-11-07 20:00:00;2021-11-07 20:30:00;104.36666666666666
1071729215;2021-11-07 20:30:00;2021-11-07 21:00:00;94.46666666666667
1071729215;2021-11-07 21:00:00;2021-11-07 21:30:00;98.43333333333334
1071729215;2021-11-07 21:30:00;2021-11-07 22:00:00;97.13333333333334
1071729215;2021-11-07 22:00:00;2021-11-07 22:30:00;97.96666666666667
1071729215;2021-11-07 22:30:00;2021-11-07 23:00:00;98.0
1071729215;2021-11-07 23:00:00;2021-11-07 23:30:00;98.0
1071729215;2021-11-07 23:30:00;2021-11-07 23:59:59;97.5
1071729215;2021-11-08 00:00:00;2021-11-08 00:30:00;94.5
1071729215;2021-11-08 00:30:00;2021-11-08 01:00:00;98.0
1071729215;2021-11-08 01:00:00;2021-11-08 01:30:00;98.0
1071729215;2021-11-08 01:30:00;2021-11-08 02:00:00;98.0
1071729215;2021-11-08 02:00:00;2021-11-08 02:30:00;98.0
1071729215;2021-11-08 02:30:00;2021-11-08 03:00:00;94.76666666666667
1071729215;2021-11-08 03:00:00;2021-11-08 03:30:00;96.5
1071729215;2021-11-08 03:30:00;2021-11-08 04:00:00;106.66666666666667
1071729215;2021-11-08 04:00:00;2021-11-08 04:30:00;101.2
1071729215;2021-11-08 04:30:00;2021-11-08 05:00:00;105.7
1071729215;2021-11-08 05:00:00;2021-11-08 05:30:00;108.83333333333333
1071729215;2021-11-08 05:30:00;2021-11-08 06:00:00;105.43333333333334
1071729215;2021-11-08 06:00:00;2021-11-08 06:30:00;110.23333333333333
1071729215;2021-11-08 06:30:00;2021-11-08 07:00:00;89.8
1071729215;2021-11-08 07:00:00;2021-11-08 07:30:00;107.43333333333334
1071729215;2021-11-08 07:30:00;2021-11-08 08:00:00;95.3
1071729215;2021-11-08 08:00:00;2021-11-08 08:30:00;103.26666666666667
1071729215;2021-11-08 08:30:00;2021-11-08 09:00:00;105.16666666666667
1071729215;2021-11-08 09:00:00;2021-11-08 09:30:00;93.5
1071729215;2021-11-08 09:30:00;2021-11-08 10:00:00;104.0
1071729215;2021-11-08 10:00:00;2021-11-08 10:30:00;93.26666666666667
1071729215;2021-11-08 10:30:00;2021-11-08 11:00:00;104.1
1071729215;2021-11-08 11:00:00;2021-11-08 11:30:00;89.9
1071729215;2021-11-08 11:30:00;2021-11-08 12:00:00;89.06666666666666
1071729215;2021-11-08 12:00:00;2021-11-08 12:30:00;97.86666666666666
1071729215;2021-11-08 12:30:00;2021-11-08 13:00:00;98.7
1071729215;2021-11-08 13:00:00;2021-11-08 13:30:00;92.66666666666667
1071729215;2021-11-08 13:30:00;2021-11-08 14:00:00;84.26666666666667
1071729215;2021-11-08 14:00:00;2021-11-08 14:30:00;103.36666666666666
1071729215;2021-11-08 14:30:00;2021-11-08 15:00:00;94.33333333333333
1071729215;2021-11-08 15:00:00;2021-11-08 15:30:00;83.36666666666666
1071729215;2021-11-08 15:30:00;2021-11-08 16:00:00;88.13333333333334
1071729215;2021-11-08 16:00:00;2021-11-08 16:30:00;98.7
1071729215;2021-11-08 16:30:00;2021-11-08 17:00:00;92.96666666666667
1071729215;2021-11-08 17:00:00;2021-11-08 17:30:00;97.23333333333333
1071729215;2021-11-08 17:30:00;2021-11-08 18:00:00;99.33333333333333
1071729215;2021-11-08 18:00:00;2021-11-08 18:30:00;91.23333333333333
1071729215;2021-11-08 18:30:00;2021-11-08 19:00:00;94.03333333333333
1071729215;2021-11-08 19:00:00;2021-11-08 19:30:00;102.66666666666667
1071729215;2021-11-08 19:30:00;2021-11-08 20:00:00;92.46666666666667
1071729215;2021-11-08 20:00:00;2021-11-08 20:30:00;113.0
1071729215;2021-11-08 20:30:00;2021-11-08 21:00:00;
1071729215;2021-11-08 21:00:00;2021-11-08 21:30:00;
1071729215;2021-11-08 21:30:00;2021-11-08 22:00:00;
1071729215;2021-11-08 22:00:00;2021-11-08 22:30:00;
1071729215;2021-11-08 22:30:00;2021-11-08 23:00:00;
1071729215;2021-11-08 23:00:00;2021-11-08 23:30:00;
1071729215;2021-11-08 23:30:00;2021-11-08 23:59:59;
1071729215;2021-11-09 00:00:00;2021-11-09 00:30:00;
1071729215;2021-11-09 00:30:00;2021-11-09 01:00:00;
1071729215;2021-11-09 01:00:00;2021-11-09 01:30:00;
1071729215;2021-11-09 01:30:00;2021-11-09 02:00:00;
1071729215;2021-11-09 02:00:00;2021-11-09 02:30:00;
1071729215;2021-11-09 02:30:00;2021-11-09 03:00:00;
1071729215;2021-11-09 03:00:00;2021-11-09 03:30:00;
1071729215;2021-11-09 03:30:00;2021-11-09 04:00:00;
1071729215;2021-11-09 04:00:00;2021-11-09 04:30:00;
1071729215;2021-11-09 04:30:00;2021-11-09 05:00:00;
1071729215;2021-11-09 05:00:00;2021-11-09 05:30:00;
1071729215;2021-11-09 05:30:00;2021-11-09 06:00:00;
1071729215;2021-11-09 06:00:00;2021-11-09 06:30:00;
1071729215;2021-11-09 06:30:00;2021-11-09 07:00:00;
1071729215;2021-11-09 07:00:00;2021-11-09 07:30:00;
1071729215;2021-11-09 07:30:00;2021-11-09 08:00:00;81.5
1071729215;2021-11-09 08:00:00;2021-11-09 08:30:00;81.66666666666667
1071729215;2021-11-09 08:30:00;2021-11-09 09:00:00;85.03333333333333
1071729215;2021-11-09 09:00:00;2021-11-09 09:30:00;80.6
1071729215;2021-11-09 09:30:00;2021-11-09 10:00:00;90.0
1071729215;2021-11-09 10:00:00;2021-11-09 10:30:00;78.4
1071729215;2021-11-09 10:30:00;2021-11-09 11:00:00;88.0
1071729215;2021-11-09 11:00:00;2021-11-09 11:30:00;88.53333333333333
1071729215;2021-11-09 11:30:00;2021-11-09 12:00:00;82.6
1071729215;2021-11-09 12:00:00;2021-11-09 12:30:00;101.36666666666666
1071729215;2021-11-09 12:30:00;2021-11-09 13:00:00;99.8
1071729215;2021-11-09 13:00:00;2021-11-09 13:30:00;76.1
1071729215;2021-11-09 13:30:00;2021-11-09 14:00:00;93.9
1071729215;2021-11-09 14:00:00;2021-11-09 14:30:00;108.66666666666667
1071729215;2021-11-09 14:30:00;2021-11-09 15:00:00;83.13333333333334
1071729215;2021-11-09 15:00:00;2021-11-09 15:30:00;94.26666666666667
1071729215;2021-11-09 15:30:00;2021-11-09 16:00:00;91.23333333333333
1071729215;2021-11-09 16:00:00;2021-11-09 16:30:00;95.86666666666666
1071729215;2021-11-09 16:30:00;2021-11-09 17:00:00;88.4
1071729215;2021-11-09 17:00:00;2021-11-09 17:30:00;87.16666666666667
1071729215;2021-11-09 17:30:00;2021-11-09 18:00:00;96.2
1071729215;2021-11-09 18:00:00;2021-11-09 18:30:00;99.13333333333334
1071729215;2021-11-09 18:30:00;2021-11-09 19:00:00;101.06666666666666
1071729215;2021-11-09 19:00:00;2021-11-09 19:30:00;98.23333333333333
1071729215;2021-11-09 19:30:00;2021-11-09 20:00:00;97.06666666666666
1071729215;2021-11-09 20:00:00;2021-11-09 20:30:00;86.43333333333334
1071729215;2021-11-09 20:30:00;2021-11-09 21:00:00;79.3
1071729215;2021-11-09 21:00:00;2021-11-09 21:30:00;88.0
1071729215;2021-11-09 21:30:00;2021-11-09 22:00:00;98.06666666666666
1071729215;2021-11-09 22:00:00;2021-11-09 22:30:00;105.7
1071729215;2021-11-09 22:30:00;2021-11-09 23:00:00;96.3
1071729215;2021-11-09 23:00:00;2021-11-09 23:30:00;112.0
1071729215;2021-11-09 23:30:00;2021-11-09 23:59:59;88.76666666666667
1071729215;2021-11-10 00:00:00;2021-11-10 00:30:00;98.0
1071729215;2021-11-10 00:30:00;2021-11-10 01:00:00;98.0
1071729215;2021-11-10 01:00:00;2021-11-10 01:30:00;98.0
1071729215;2021-11-10 01:30:00;2021-11-10 02:00:00;98.0
1071729215;2021-11-10 02:00:00;2021-11-10 02:30:00;98.0
1071729215;2021-11-10 02:30:00;2021-11-10 03:00:00;98.0
1071729215;2021-11-10 03:00:00;2021-11-10 03:30:00;98.0
1071729215;2021-11-10 03:30:00;2021-11-10 04:00:00;95.33333333333333
1071729215;2021-11-10 04:00:00;2021-11-10 04:30:00;97.63333333333334
1071729215;2021-11-10 04:30:00;2021-11-10 05:00:00;100.96666666666667
1071729215;2021-11-10 05:00:00;2021-11-10 05:30:00;103.86666666666666
1071729215;2021-11-10 05:30:00;2021-11-10 06:00:00;94.1
1071729215;2021-11-10 06:00:00;2021-11-10 06:30:00;95.06666666666666
1071729215;2021-11-10 06:30:00;2021-11-10 07:00:00;89.1
1071729215;2021-11-10 07:00:00;2021-11-10 07:30:00;85.3
1071729215;2021-11-10 07:30:00;2021-11-10 08:00:00;86.66666666666667
1071729215;2021-11-10 08:00:00;2021-11-10 08:30:00;101.63333333333334
1071729215;2021-11-10 08:30:00;2021-11-10 09:00:00;94.66666666666667
1071729215;2021-11-10 09:00:00;2021-11-10 09:30:00;95.16666666666667
1071729215;2021-11-10 09:30:00;2021-11-10 10:00:00;83.5
1071729215;2021-11-10 10:00:00;2021-11-10 10:30:00;91.96666666666667
1071729215;2021-11-10 10:30:00;2021-11-10 11:00:00;102.6
1071729215;2021-11-10 11:00:00;2021-11-10 11:30:00;91.6
1071729215;2021-11-10 11:30:00;2021-11-10 12:00:00;95.7
1071729215;2021-11-10 12:00:00;2021-11-10 12:30:00;94.46666666666667
1071729215;2021-11-10 12:30:00;2021-11-10 13:00:00;97.56666666666666
1071729215;2021-11-10 13:00:00;2021-11-10 13:30:00;100.46666666666667
1071729215;2021-11-10 13:30:00;2021-11-10 14:00:00;105.86666666666666
1071729215;2021-11-10 14:00:00;2021-11-10 14:30:00;99.16666666666667
1071729215;2021-11-10 14:30:00;2021-11-10 15:00:00;103.9
1071729215;2021-11-10 15:00:00;2021-11-10 15:30:00;102.16666666666667
1071729215;2021-11-10 15:30:00;2021-11-10 16:00:00;89.8
1071729215;2021-11-10 16:00:00;2021-11-10 16:30:00;89.16666666666667
1071729215;2021-11-10 16:30:00;2021-11-10 17:00:00;90.7
1071729215;2021-11-10 17:00:00;2021-11-10 17:30:00;90.63333333333334
1071729215;2021-11-10 17:30:00;2021-11-10 18:00:00;93.96666666666667
1071729215;2021-11-10 18:00:00;2021-11-10 18:30:00;104.7
1071729215;2021-11-10 18:30:00;2021-11-10 19:00:00;88.4
1071729215;2021-11-10 19:00:00;2021-11-10 19:30:00;104.66666666666667
1071729215;2021-11-10 19:30:00;2021-11-10 20:00:00;101.86666666666666
1071729215;2021-11-10 20:00:00;2021-11-10 20:30:00;96.86666666666666
1071729215;2021-11-10 20:30:00;2021-11-10 21:00:00;91.53333333333333
1071729215;2021-11-10 21:00:00;2021-11-10 21:30:00;102.43333333333334
1071729215;2021-11-10 21:30:00;2021-11-10 22:00:00;106.06666666666666
1071729215;2021-11-10 22:00:00;2021-11-10 22:30:00;101.4
1071729215;2021-11-10 22:30:00;2021-11-10 23:00:00;98.0
1071729215;2021-11-10 23:00:00;2021-11-10 23:30:00;97.7
1071729215;2021-11-10 23:30:00;2021-11-10 23:59:59;89.83333333333333
1071729215;2021-11-11 00:00:00;2021-11-11 00:30:00;98.0
1071729215;2021-11-11 00:30:00;2021-11-11 01:00:00;95.23333333333333
1071729215;2021-11-11 01:00:00;2021-11-11 01:30:00;98.0
1071729215;2021-11-11 01:30:00;2021-11-11 02:00:00;98.0
1071729215;2021-11-11 02:00:00;2021-11-11 02:30:00;98.0
1071729215;2021-11-11 02:30:00;2021-11-11 03:00:00;98.0
1071729215;2021-11-11 03:00:00;2021-11-11 03:30:00;98.0
1071729215;2021-11-11 03:30:00;2021-11-11 04:00:00;95.4
1071729215;2021-11-11 04:00:00;2021-11-11 04:30:00;92.43333333333334
1071729215;2021-11-11 04:30:00;2021-11-11 05:00:00;100.8
1071729215;2021-11-11 05:00:00;2021-11-11 05:30:00;102.83333333333333
1071729215;2021-11-11 05:30:00;2021-11-11 06:00:00;100.73333333333333
1071729215;2021-11-11 06:00:00;2021-11-11 06:30:00;97.66666666666667
1071729215;2021-11-11 06:30:00;2021-11-11 07:00:00;96.9
1071729215;2021-11-11 07:00:00;2021-11-11 07:30:00;88.63333333333334
1071729215;2021-11-11 07:30:00;2021-11-11 08:00:00;97.83333333333333
1071729215;2021-11-11 08:00:00;2021-11-11 08:30:00;95.03333333333333
1071729215;2021-11-11 08:30:00;2021-11-11 09:00:00;99.1
1071729215;2021-11-11 09:00:00;2021-11-11 09:30:00;102.2
1071729215;2021-11-11 09:30:00;2021-11-11 10:00:00;88.86666666666666
1071729215;2021-11-11 10:00:00;2021-11-11 10:30:00;88.96666666666667
1071729215;2021-11-11 10:30:00;2021-11-11 11:00:00;101.66666666666667
1071729215;2021-11-11 11:00:00;2021-11-11 11:30:00;104.6
1071729215;2021-11-11 11:30:00;2021-11-11 12:00:00;96.56666666666666
1071729215;2021-11-11 12:00:00;2021-11-11 12:30:00;96.53333333333333
1071729215;2021-11-11 12:30:00;2021-11-11 13:00:00;92.73333333333333
1071729215;2021-11-11 13:00:00;2021-11-11 13:30:00;91.96666666666667
1071729215;2021-11-11 13:30:00;2021-11-11 14:00:00;88.26666666666667
1071729215;2021-11-11 14:00:00;2021-11-11 14:30:00;99.56666666666666
1071729215;2021-11-11 14:30:00;2021-11-11 15:00:00;88.3
1071729215;2021-11-11 15:00:00;2021-11-11 15:30:00;91.3
1071729215;2021-11-11 15:30:00;2021-11-11 16:00:00;96.43333333333334
1071729215;2021-11-11 16:00:00;2021-11-11 16:30:00;91.9
1071729215;2021-11-11 16:30:00;2021-11-11 17:00:00;89.33333333333333
1071729215;2021-11-11 17:00:00;2021-11-11 17:30:00;94.43333333333334
1071729215;2021-11-11 17:30:00;2021-11-11 18:00:00;89.13333333333334
1071729215;2021-11-11 18:00:00;2021-11-11 18:30:00;112.8
1071729215;2021-11-11 18:30:00;2021-11-11 19:00:00;105.63333333333334
1071729215;2021-11-11 19:00:00;2021-11-11 19:30:00;103.56666666666666
1071729215;2021-11-11 19:30:00;2021-11-11 20:00:00;103.43333333333334
1071729215;2021-11-11 20:00:00;2021-11-11 20:30:00;98.36666666666666
1071729215;2021-11-11 20:30:00;2021-11-11 21:00:00;99.36666666666666
1071729215;2021-11-11 21:00:00;2021-11-11 21:30:00;97.7
1071729215;2021-11-11 21:30:00;2021-11-11 22:00:00;98.0
1071729215;2021-11-11 22:00:00;2021-11-11 22:30:00;98.0
1071729215;2021-11-11 22:30:00;2021-11-11 23:00:00;96.96666666666667
1071729215;2021-11-11 23:00:00;2021-11-11 23:30:00;91.5
1071729215;2021-11-11 23:30:00;2021-11-11 23:59:59;97.8
1071729215;2021-11-12 00:00:00;2021-11-12 00:30:00;93.43333333333334
1071729215;2021-11-12 00:30:00;2021-11-12 01:00:00;93.53333333333333
1071729215;2021-11-12 01:00:00;2021-11-12 01:30:00;91.93333333333334
1071729215;2021-11-12 01:30:00;2021-11-12 02:00:00;98.0
1071729215;2021-11-12 02:00:00;2021-11-12 02:30:00;98.0
1071729215;2021-11-12 02:30:00;2021-11-12 03:00:00;91.73333333333333
1071729215;2021-11-12 03:00:00;2021-11-12 03:30:00;97.9
1071729215;2021-11-12 03:30:00;2021-11-12 04:00:00;98.0
1071729215;2021-11-12 04:00:00;2021-11-12 04:30:00;103.86666666666666
1071729215;2021-11-12 04:30:00;2021-11-12 05:00:00;99.96666666666667
1071729215;2021-11-12 05:00:00;2021-11-12 05:30:00;96.3
1071729215;2021-11-12 05:30:00;2021-11-12 06:00:00;90.43333333333334
1071729215;2021-11-12 06:00:00;2021-11-12 06:30:00;88.8
1071729215;2021-11-12 06:30:00;2021-11-12 07:00:00;102.53333333333333
1071729215;2021-11-12 07:00:00;2021-11-12 07:30:00;96.06666666666666
1071729215;2021-11-12 07:30:00;2021-11-12 08:00:00;104.66666666666667
1071729215;2021-11-12 08:00:00;2021-11-12 08:30:00;98.03333333333333
1071729215;2021-11-12 08:30:00;2021-11-12 09:00:00;88.76666666666667
1071729215;2021-11-12 09:00:00;2021-11-12 09:30:00;89.93333333333334
1071729215;2021-11-12 09:30:00;2021-11-12 10:00:00;99.7
1071729215;2021-11-12 10:00:00;2021-11-12 10:30:00;91.43333333333334
1071729215;2021-11-12 10:30:00;2021-11-12 11:00:00;93.36666666666666
1071729215;2021-11-12 11:00:00;2021-11-12 11:30:00;104.83333333333333
1071729215;2021-11-12 11:30:00;2021-11-12 12:00:00;97.46666666666667
1071729215;2021-11-12 12:00:00;2021-11-12 12:30:00;105.06666666666666
1071729215;2021-11-12 12:30:00;2021-11-12 13:00:00;91.1
1071729215;2021-11-12 13:00:00;2021-11-12 13:30:00;102.4
1071729215;2021-11-12 13:30:00;2021-11-12 14:00:00;92.0
1071729215;2021-11-12 14:00:00;2021-11-12 14:30:00;94.16666666666667
1071729215;2021-11-12 14:30:00;2021-11-12 15:00:00;101.53333333333333
1071729215;2021-11-12 15:00:00;2021-11-12 15:30:00;95.76666666666667
1071729215;2021-11-12 15:30:00;2021-11-12 16:00:00;95.46666666666667
1071729215;2021-11-12 16:00:00;2021-11-12 16:30:00;90.1
1071729215;2021-11-12 16:30:00;2021-11-12 17:00:00;106.33333333333333
1071729215;2021-11-12 17:00:00;2021-11-12 17:30:00;96.0
1071729215;2021-11-12 17:30:00;2021-11-12 18:00:00;105.8
1071729215;2021-11-12 18:00:00;2021-11-12 18:30:00;102.5
1071729215;2021-11-12 18:30:00;2021-11-12 19:00:00;102.76666666666667
1071729215;2021-11-12 19:00:00;2021-11-12 19:30:00;104.9
1071729215;2021-11-12 19:30:00;2021-11-12 20:00:00;100.13333333333334
1071729215;2021-11-12 20:00:00;2021-11-12 20:30:00;112.0
1071729215;2021-11-12 20:30:00;2021-11-12 21:00:00;107.56666666666666
1071729215;2021-11-12 21:00:00;2021-11-12 21:30:00;105.03333333333333
1071729215;2021-11-12 21:30:00;2021-11-12 22:00:00;94.2
1071729215;2021-11-12 22:00:00;2021-11-12 22:30:00;94.6
1071729215;2021-11-12 22:30:00;2021-11-12 23:00:00;95.5
1071729215;2021-11-12 23:00:00;2021-11-12 23:30:00;88.23333333333333
1071729215;2021-11-12 23:30:00;2021-11-12 23:59:59;98.0
1071729215;2021-11-13 00:00:00;2021-11-13 00:30:00;79.1
1071729215;2021-11-13 00:30:00;2021-11-13 01:00:00;79.5
1071729215;2021-11-13 01:00:00;2021-11-13 01:30:00;89.0
1071729215;2021-11-13 01:30:00;2021-11-13 02:00:00;92.4
1071729215;2021-11-13 02:00:00;2021-11-13 02:30:00;98.0
1071729215;2021-11-13 02:30:00;2021-11-13 03:00:00;98.0
1071729215;2021-11-13 03:00:00;2021-11-13 03:30:00;91.1
1071729215;2021-11-13 03:30:00;2021-11-13 04:00:00;89.83333333333333
1071729215;2021-11-13 04:00:00;2021-11-13 04:30:00;84.9
1071729215;2021-11-13 04:30:00;2021-11-13 05:00:00;87.7
1071729215;2021-11-13 05:00:00;2021-11-13 05:30:00;92.96666666666667
1071729215;2021-11-13 05:30:00;2021-11-13 06:00:00;93.0
1071729215;2021-11-13 06:00:00;2021-11-13 06:30:00;95.13333333333334
1071729215;2021-11-13 06:30:00;2021-11-13 07:00:00;93.53333333333333
1071729215;2021-11-13 07:00:00;2021-11-13 07:30:00;95.26666666666667
1071729215;2021-11-13 07:30:00;2021-11-13 08:00:00;99.73333333333333
1071729215;2021-11-13 08:00:00;2021-11-13 08:30:00;104.46666666666667
1071729215;2021-11-13 08:30:00;2021-11-13 09:00:00;107.86666666666666
1071729215;2021-11-13 09:00:00;2021-11-13 09:30:00;97.7
1071729215;2021-11-13 09:30:00;2021-11-13 10:00:00;105.53333333333333
1071729215;2021-11-13 10:00:00;2021-11-13 10:30:00;95.76666666666667
1071729215;2021-11-13 10:30:00;2021-11-13 11:00:00;102.7
1071729215;2021-11-13 11:00:00;2021-11-13 11:30:00;96.16666666666667
1071729215;2021-11-13 11:30:00;2021-11-13 12:00:00;107.73333333333333
1071729215;2021-11-13 12:00:00;2021-11-13 12:30:00;109.6
1071729215;2021-11-13 12:30:00;2021-11-13 13:00:00;102.93333333333334
1071729215;2021-11-13 13:00:00;2021-11-13 13:30:00;99.96666666666667
1071729215;2021-11-13 13:30:00;2021-11-13 14:00:00;111.0
1071729215;2021-11-13 14:00:00;2021-11-13 14:30:00;104.73333333333333
1071729215;2021-11-13 14:30:00;2021-11-13 15:00:00;100.4
1071729215;2021-11-13 15:00:00;2021-11-13 15:30:00;94.06666666666666
1071729215;2021-11-13 15:30:00;2021-11-13 16:00:00;101.5
1071729215;2021-11-13 16:00:00;2021-11-13 16:30:00;97.93333333333334
1071729215;2021-11-13 16:30:00;2021-11-13 17:00:00;100.43333333333334
1071729215;2021-11-13 17:00:00;2021-11-13 17:30:00;88.1
1071729215;2021-11-13 17:30:00;2021-11-13 18:00:00;89.8
1071729215;2021-11-13 18:00:00;2021-11-13 18:30:00;100.36666666666666
1071729215;2021-11-13 18:30:00;2021-11-13 19:00:00;97.23333333333333
1071729215;2021-11-13 19:00:00;2021-11-13 19:30:00;93.66666666666667
1071729215;2021-11-13 19:30:00;2021-11-13 20:00:00;117.4
1071729215;2021-11-13 20:00:00;2021-11-13 20:30:00;116.1
1071729215;2021-11-13 20:30:00;2021-11-13 21:00:00;110.86666666666666
1071729215;2021-11-13 21:00:00;2021-11-13 21:30:00;104.53333333333333
1071729215;2021-11-13 21:30:00;2021-11-13 22:00:00;95.06666666666666
1071729215;2021-11-13 22:00:00;2021-11-13 22:30:00;101.1
1071729215;2021-11-13 22:30:00;2021-11-13 23:00:00;97.2
1071729215;2021-11-13 23:00:00;2021-11-13 23:30:00;104.8
1071729215;2021-11-13 23:30:00;2021-11-13 23:59:59;96.9
1071729215;2021-11-14 00:00:00;2021-11-14 00:30:00;97.6
1071729215;2021-11-14 00:30:00;2021-11-14 01:00:00;98.0
1071729215;2021-11-14 01:00:00;2021-11-14 01:30:00;98.9
1071729215;2021-11-14 01:30:00;2021-11-14 02:00:00;99.73333333333333
1071729215;2021-11-14 02:00:00;2021-11-14 02:30:00;100.86666666666666
1071729215;2021-11-14 02:30:00;2021-11-14 03:00:00;103.76666666666667
1071729215;2021-11-14 03:00:00;2021-11-14 03:30:00;110.8
1071729215;2021-11-14 03:30:00;2021-11-14 04:00:00;113.2
1071729215;2021-11-14 04:00:00;2021-11-14 04:30:00;103.26666666666667
1071729215;2021-11-14 04:30:00;2021-11-14 05:00:00;93.16666666666667
1071729215;2021-11-14 05:00:00;2021-11-14 05:30:00;89.0
1071729215;2021-11-14 05:30:00;2021-11-14 06:00:00;89.0
1071729215;2021-11-14 06:00:00;2021-11-14 06:30:00;89.0
1071729215;2021-11-14 06:30:00;2021-11-14 07:00:00;94.53333333333333
1071729215;2021-11-14 07:00:00;2021-11-14 07:30:00;99.13333333333334
1071729215;2021-11-14 07:30:00;2021-11-14 08:00:00;97.06666666666666
1071729215;2021-11-14 08:00:00;2021-11-14 08:30:00;109.3
1071729215;2021-11-14 08:30:00;2021-11-14 09:00:00;106.46666666666667
1071729215;2021-11-14 09:00:00;2021-11-14 09:30:00;106.4
1071729215;2021-11-14 09:30:00;2021-11-14 10:00:00;99.4
1071729215;2021-11-14 10:00:00;2021-11-14 10:30:00;106.76666666666667
1071729215;2021-11-14 10:30:00;2021-11-14 11:00:00;112.06666666666666
1071729215;2021-11-14 11:00:00;2021-11-14 11:30:00;102.83333333333333
1071729215;2021-11-14 11:30:00;2021-11-14 12:00:00;106.8
1071729215;2021-11-14 12:00:00;2021-11-14 12:30:00;112.03333333333333
1071729215;2021-11-14 12:30:00;2021-11-14 13:00:00;100.53333333333333
1071729215;2021-11-14 13:00:00;2021-11-14 13:30:00;111.36666666666666
1071729215;2021-11-14 13:30:00;2021-11-14 14:00:00;101.76666666666667
1071729215;2021-11-14 14:00:00;2021-11-14 14:30:00;106.36666666666666
1071729215;2021-11-14 14:30:00;2021-11-14 15:00:00;100.73333333333333
1071729215;2021-11-14 15:00:00;2021-11-14 15:30:00;98.93333333333334
1071729215;2021-11-14 15:30:00;2021-11-14 16:00:00;100.33333333333333
1071729215;2021-11-14 16:00:00;2021-11-14 16:30:00;92.83333333333333
1071729215;2021-11-14 16:30:00;2021-11-14 17:00:00;92.06666666666666
1071729215;2021-11-14 17:00:00;2021-11-14 17:30:00;97.7
1071729215;2021-11-14 17:30:00;2021-11-14 18:00:00;94.46666666666667
1071729215;2021-11-14 18:00:00;2021-11-14 18:30:00;111.43333333333334
1071729215;2021-11-14 18:30:00;2021-11-14 19:00:00;111.26666666666667
1071729215;2021-11-14 19:00:00;2021-11-14 19:30:00;110.73333333333333
1071729215;2021-11-14 19:30:00;2021-11-14 20:00:00;117.3
1071729215;2021-11-14 20:00:00;2021-11-14 20:30:00;109.0
1071729215;2021-11-14 20:30:00;2021-11-14 21:00:00;109.0
1071729215;2021-11-14 21:00:00;2021-11-14 21:30:00;98.0
1071729215;2021-11-14 21:30:00;2021-11-14 22:00:00;99.73333333333333
1071729215;2021-11-14 22:00:00;2021-11-14 22:30:00;101.13333333333334
1071729215;2021-11-14 22:30:00;2021-11-14 23:00:00;98.0
1071729215;2021-11-14 23:00:00;2021-11-14 23:30:00;98.0
1071729215;2021-11-14 23:30:00;2021-11-14 23:59:59;98.0
1071729215;2021-11-15 00:00:00;2021-11-15 00:30:00;98.0
1071729215;2021-11-15 00:30:00;2021-11-15 01:00:00;101.26666666666667
1071729215;2021-11-15 01:00:00;2021-11-15 01:30:00;98.0
1071729215;2021-11-15 01:30:00;2021-11-15 02:00:00;98.0
1071729215;2021-11-15 02:00:00;2021-11-15 02:30:00;100.13333333333334
1071729215;2021-11-15 02:30:00;2021-11-15 03:00:00;107.16666666666667
1071729215;2021-11-15 03:00:00;2021-11-15 03:30:00;101.83333333333333
1071729215;2021-11-15 03:30:00;2021-11-15 04:00:00;110.26666666666667
1071729215;2021-11-15 04:00:00;2021-11-15 04:30:00;110.73333333333333
1071729215;2021-11-15 04:30:00;2021-11-15 05:00:00;89.1
1071729215;2021-11-15 05:00:00;2021-11-15 05:30:00;96.33333333333333
1071729215;2021-11-15 05:30:00;2021-11-15 06:00:00;110.7
1071729215;2021-11-15 06:00:00;2021-11-15 06:30:00;107.6
1071729215;2021-11-15 06:30:00;2021-11-15 07:00:00;96.83333333333333
1071729215;2021-11-15 07:00:00;2021-11-15 07:30:00;102.9
1071729215;2021-11-15 07:30:00;2021-11-15 08:00:00;83.33333333333333
1071729215;2021-11-15 08:00:00;2021-11-15 08:30:00;103.13333333333334
1071729215;2021-11-15 08:30:00;2021-11-15 09:00:00;90.8
1071729215;2021-11-15 09:00:00;2021-11-15 09:30:00;88.76666666666667
1071729215;2021-11-15 09:30:00;2021-11-15 10:00:00;84.86666666666666
1071729215;2021-11-15 10:00:00;2021-11-15 10:30:00;90.66666666666667
1071729215;2021-11-15 10:30:00;2021-11-15 11:00:00;74.63333333333334
1071729215;2021-11-15 11:00:00;2021-11-15 11:30:00;80.43333333333334
1071729215;2021-11-15 11:30:00;2021-11-15 12:00:00;81.7
1071729215;2021-11-15 12:00:00;2021-11-15 12:30:00;72.9
1071729215;2021-11-15 12:30:00;2021-11-15 13:00:00;81.9
1071729215;2021-11-15 13:00:00;2021-11-15 13:30:00;73.3
1071729215;2021-11-15 13:30:00;2021-11-15 14:00:00;76.5
1071729215;2021-11-15 14:00:00;2021-11-15 14:30:00;66.56666666666666
1071729215;2021-11-15 14:30:00;2021-11-15 15:00:00;77.8
1071729215;2021-11-15 15:00:00;2021-11-15 15:30:00;65.76666666666667
1071729215;2021-11-15 15:30:00;2021-11-15 16:00:00;60.03333333333333
1071729215;2021-11-15 16:00:00;2021-11-15 16:30:00;48.833333333333336
1071729215;2021-11-15 16:30:00;2021-11-15 17:00:00;53.5
1071729215;2021-11-15 17:00:00;2021-11-15 17:30:00;70.2
1071729215;2021-11-15 17:30:00;2021-11-15 18:00:00;95.3
1071729215;2021-11-15 18:00:00;2021-11-15 18:30:00;91.33333333333333
1071729215;2021-11-15 18:30:00;2021-11-15 19:00:00;90.76666666666667
1071729215;2021-11-15 19:00:00;2021-11-15 19:30:00;93.4
1071729215;2021-11-15 19:30:00;2021-11-15 20:00:00;92.96666666666667
1071729215;2021-11-15 20:00:00;2021-11-15 20:30:00;90.3
1071729215;2021-11-15 20:30:00;2021-11-15 21:00:00;93.63333333333334
1071729215;2021-11-15 21:00:00;2021-11-15 21:30:00;87.33333333333333
1071729215;2021-11-15 21:30:00;2021-11-15 22:00:00;94.5
1071729215;2021-11-15 22:00:00;2021-11-15 22:30:00;77.0
1071729215;2021-11-15 22:30:00;2021-11-15 23:00:00;80.3
1071729215;2021-11-15 23:00:00;2021-11-15 23:30:00;89.5
1071729215;2021-11-15 23:30:00;2021-11-15 23:59:59;92.36666666666666
1071729215;2021-11-16 00:00:00;2021-11-16 00:30:00;98.0
1071729215;2021-11-16 00:30:00;2021-11-16 01:00:00;98.0
1071729215;2021-11-16 01:00:00;2021-11-16 01:30:00;98.0
1071729215;2021-11-16 01:30:00;2021-11-16 02:00:00;98.0
1071729215;2021-11-16 02:00:00;2021-11-16 02:30:00;111.76666666666667
1071729215;2021-11-16 02:30:00;2021-11-16 03:00:00;98.0
1071729215;2021-11-16 03:00:00;2021-11-16 03:30:00;98.0
1071729215;2021-11-16 03:30:00;2021-11-16 04:00:00;97.66666666666667
1071729215;2021-11-16 04:00:00;2021-11-16 04:30:00;95.33333333333333
1071729215;2021-11-16 04:30:00;2021-11-16 05:00:00;95.66666666666667
1071729215;2021-11-16 05:00:00;2021-11-16 05:30:00;97.83333333333333
1071729215;2021-11-16 05:30:00;2021-11-16 06:00:00;90.96666666666667
1071729215;2021-11-16 06:00:00;2021-11-16 06:30:00;88.46666666666667
1071729215;2021-11-16 06:30:00;2021-11-16 07:00:00;72.13333333333334
1071729215;2021-11-16 07:00:00;2021-11-16 07:30:00;88.63333333333334
1071729215;2021-11-16 07:30:00;2021-11-16 08:00:00;98.86666666666666
1071729215;2021-11-16 08:00:00;2021-11-16 08:30:00;83.06666666666666
1071729215;2021-11-16 08:30:00;2021-11-16 09:00:00;85.73333333333333
1071729215;2021-11-16 09:00:00;2021-11-16 09:30:00;92.8
1071729215;2021-11-16 09:30:00;2021-11-16 10:00:00;86.23333333333333
1071729215;2021-11-16 10:00:00;2021-11-16 10:30:00;84.9
1071729215;2021-11-16 10:30:00;2021-11-16 11:00:00;96.6
1071729215;2021-11-16 11:00:00;2021-11-16 11:30:00;85.76666666666667
1071729215;2021-11-16 11:30:00;2021-11-16 12:00:00;100.9
1071729215;2021-11-16 12:00:00;2021-11-16 12:30:00;91.6
1071729215;2021-11-16 12:30:00;2021-11-16 13:00:00;103.23333333333333
1071729215;2021-11-16 13:00:00;2021-11-16 13:30:00;83.36666666666666
1071729215;2021-11-16 13:30:00;2021-11-16 14:00:00;102.53333333333333
1071729215;2021-11-16 14:00:00;2021-11-16 14:30:00;89.66666666666667
1071729215;2021-11-16 14:30:00;2021-11-16 15:00:00;85.56666666666666
1071729215;2021-11-16 15:00:00;2021-11-16 15:30:00;96.7
1071729215;2021-11-16 15:30:00;2021-11-16 16:00:00;97.03333333333333
1071729215;2021-11-16 16:00:00;2021-11-16 16:30:00;91.46666666666667
1071729215;2021-11-16 16:30:00;2021-11-16 17:00:00;92.8
1071729215;2021-11-16 17:00:00;2021-11-16 17:30:00;91.4
1071729215;2021-11-16 17:30:00;2021-11-16 18:00:00;82.13333333333334
1071729215;2021-11-16 18:00:00;2021-11-16 18:30:00;106.1
1071729215;2021-11-16 18:30:00;2021-11-16 19:00:00;85.3
1071729215;2021-11-16 19:00:00;2021-11-16 19:30:00;92.83333333333333
1071729215;2021-11-16 19:30:00;2021-11-16 20:00:00;97.7
1071729215;2021-11-16 20:00:00;2021-11-16 20:30:00;88.23333333333333
1071729215;2021-11-16 20:30:00;2021-11-16 21:00:00;97.03333333333333
1071729215;2021-11-16 21:00:00;2021-11-16 21:30:00;92.86666666666666
1071729215;2021-11-16 21:30:00;2021-11-16 22:00:00;98.0
1071729215;2021-11-16 22:00:00;2021-11-16 22:30:00;98.0
1071729215;2021-11-16 22:30:00;2021-11-16 23:00:00;98.0
1071729215;2021-11-16 23:00:00;2021-11-16 23:30:00;96.43333333333334
1071729215;2021-11-16 23:30:00;2021-11-16 23:59:59;92.4
1071729215;2021-11-17 00:00:00;2021-11-17 00:30:00;97.73333333333333
1071729215;2021-11-17 00:30:00;2021-11-17 01:00:00;96.7
1071729215;2021-11-17 01:00:00;2021-11-17 01:30:00;86.2
1071729215;2021-11-17 01:30:00;2021-11-17 02:00:00;89.96666666666667
1071729215;2021-11-17 02:00:00;2021-11-17 02:30:00;98.0
1071729215;2021-11-17 02:30:00;2021-11-17 03:00:00;98.0
1071729215;2021-11-17 03:00:00;2021-11-17 03:30:00;88.96666666666667
1071729215;2021-11-17 03:30:00;2021-11-17 04:00:00;106.06666666666666
1071729215;2021-11-17 04:00:00;2021-11-17 04:30:00;107.13333333333334
1071729215;2021-11-17 04:30:00;2021-11-17 05:00:00;93.0
1071729215;2021-11-17 05:00:00;2021-11-17 05:30:00;101.66666666666667
1071729215;2021-11-17 05:30:00;2021-11-17 06:00:00;96.8
1071729215;2021-11-17 06:00:00;2021-11-17 06:30:00;86.6
1071729215;2021-11-17 06:30:00;2021-11-17 07:00:00;94.73333333333333
1071729215;2021-11-17 07:00:00;2021-11-17 07:30:00;95.4
1071729215;2021-11-17 07:30:00;2021-11-17 08:00:00;85.96666666666667
1071729215;2021-11-17 08:00:00;2021-11-17 08:30:00;87.4
1071729215;2021-11-17 08:30:00;2021-11-17 09:00:00;102.2
1071729215;2021-11-17 09:00:00;2021-11-17 09:30:00;93.13333333333334
1071729215;2021-11-17 09:30:00;2021-11-17 10:00:00;89.06666666666666
1071729215;2021-11-17 10:00:00;2021-11-17 10:30:00;99.3
1071729215;2021-11-17 10:30:00;2021-11-17 11:00:00;102.53333333333333
1071729215;2021-11-17 11:00:00;2021-11-17 11:30:00;91.3
1071729215;2021-11-17 11:30:00;2021-11-17 12:00:00;102.73333333333333
1071729215;2021-11-17 12:00:00;2021-11-17 12:30:00;88.06666666666666
1071729215;2021-11-17 12:30:00;2021-11-17 13:00:00;88.7
1071729215;2021-11-17 13:00:00;2021-11-17 13:30:00;101.13333333333334
1071729215;2021-11-17 13:30:00;2021-11-17 14:00:00;90.1
1071729215;2021-11-17 14:00:00;2021-11-17 14:30:00;99.93333333333334
1071729215;2021-11-17 14:30:00;2021-11-17 15:00:00;102.36666666666666
1071729215;2021-11-17 15:00:00;2021-11-17 15:30:00;88.23333333333333
1071729215;2021-11-17 15:30:00;2021-11-17 16:00:00;96.7
1071729215;2021-11-17 16:00:00;2021-11-17 16:30:00;93.2
1071729215;2021-11-17 16:30:00;2021-11-17 17:00:00;95.36666666666666
1071729215;2021-11-17 17:00:00;2021-11-17 17:30:00;92.73333333333333
1071729215;2021-11-17 17:30:00;2021-11-17 18:00:00;108.86666666666666
1071729215;2021-11-17 18:00:00;2021-11-17 18:30:00;91.76666666666667
1071729215;2021-11-17 18:30:00;2021-11-17 19:00:00;99.76666666666667
1071729215;2021-11-17 19:00:00;2021-11-17 19:30:00;92.1
1071729215;2021-11-17 19:30:00;2021-11-17 20:00:00;86.56666666666666
1071729215;2021-11-17 20:00:00;2021-11-17 20:30:00;98.33333333333333
1071729215;2021-11-17 20:30:00;2021-11-17 21:00:00;97.56666666666666
1071729215;2021-11-17 21:00:00;2021-11-17 21:30:00;105.2
1071729215;2021-11-17 21:30:00;2021-11-17 22:00:00;94.23333333333333
1071729215;2021-11-17 22:00:00;2021-11-17 22:30:00;98.36666666666666
1071729215;2021-11-17 22:30:00;2021-11-17 23:00:00;92.06666666666666
1071729215;2021-11-17 23:00:00;2021-11-17 23:30:00;103.5
1071729215;2021-11-17 23:30:00;2021-11-17 23:59:59;93.43333333333334
1071729215;2021-11-18 00:00:00;2021-11-18 00:30:00;103.0
1071729215;2021-11-18 00:30:00;2021-11-18 01:00:00;105.83333333333333
1071729215;2021-11-18 01:00:00;2021-11-18 01:30:00;92.9
1071729215;2021-11-18 01:30:00;2021-11-18 02:00:00;93.26666666666667
1071729215;2021-11-18 02:00:00;2021-11-18 02:30:00;95.13333333333334
1071729215;2021-11-18 02:30:00;2021-11-18 03:00:00;98.0
1071729215;2021-11-18 03:00:00;2021-11-18 03:30:00;98.0
1071729215;2021-11-18 03:30:00;2021-11-18 04:00:00;95.86666666666666
1071729215;2021-11-18 04:00:00;2021-11-18 04:30:00;88.13333333333334
1071729215;2021-11-18 04:30:00;2021-11-18 05:00:00;97.33333333333333
1071729215;2021-11-18 05:00:00;2021-11-18 05:30:00;101.0
1071729215;2021-11-18 05:30:00;2021-11-18 06:00:00;97.26666666666667
1071729215;2021-11-18 06:00:00;2021-11-18 06:30:00;98.43333333333334
1071729215;2021-11-18 06:30:00;2021-11-18 07:00:00;100.76666666666667
1071729215;2021-11-18 07:00:00;2021-11-18 07:30:00;109.96666666666667
1071729215;2021-11-18 07:30:00;2021-11-18 08:00:00;101.66666666666667
1071729215;2021-11-18 08:00:00;2021-11-18 08:30:00;90.9
1071729215;2021-11-18 08:30:00;2021-11-18 09:00:00;89.03333333333333
1071729215;2021-11-18 09:00:00;2021-11-18 09:30:00;86.56666666666666
1071729215;2021-11-18 09:30:00;2021-11-18 10:00:00;91.0
1071729215;2021-11-18 10:00:00;2021-11-18 10:30:00;87.36666666666666
1071729215;2021-11-18 10:30:00;2021-11-18 11:00:00;89.83333333333333
1071729215;2021-11-18 11:00:00;2021-11-18 11:30:00;82.86666666666666
1071729215;2021-11-18 11:30:00;2021-11-18 12:00:00;84.7
1071729215;2021-11-18 12:00:00;2021-11-18 12:30:00;98.76666666666667
1071729215;2021-11-18 12:30:00;2021-11-18 13:00:00;107.73333333333333
1071729215;2021-11-18 13:00:00;2021-11-18 13:30:00;94.43333333333334
1071729215;2021-11-18 13:30:00;2021-11-18 14:00:00;111.9
1071729215;2021-11-18 14:00:00;2021-11-18 14:30:00;92.73333333333333
1071729215;2021-11-18 14:30:00;2021-11-18 15:00:00;85.9
1071729215;2021-11-18 15:00:00;2021-11-18 15:30:00;82.73333333333333
1071729215;2021-11-18 15:30:00;2021-11-18 16:00:00;85.03333333333333
1071729215;2021-11-18 16:00:00;2021-11-18 16:30:00;94.76666666666667
1071729215;2021-11-18 16:30:00;2021-11-18 17:00:00;95.5
1071729215;2021-11-18 17:00:00;2021-11-18 17:30:00;84.36666666666666
1071729215;2021-11-18 17:30:00;2021-11-18 18:00:00;86.0
1071729215;2021-11-18 18:00:00;2021-11-18 18:30:00;75.6
1071729215;2021-11-18 18:30:00;2021-11-18 19:00:00;89.4
1071729215;2021-11-18 19:00:00;2021-11-18 19:30:00;92.86666666666666
1071729215;2021-11-18 19:30:00;2021-11-18 20:00:00;93.8
1071729215;2021-11-18 20:00:00;2021-11-18 20:30:00;96.93333333333334
1071729215;2021-11-18 20:30:00;2021-11-18 21:00:00;101.93333333333334
1071729215;2021-11-18 21:00:00;2021-11-18 21:30:00;97.63333333333334
1071729215;2021-11-18 21:30:00;2021-11-18 22:00:00;100.33333333333333
1071729215;2021-11-18 22:00:00;2021-11-18 22:30:00;98.0
1071729215;2021-11-18 22:30:00;2021-11-18 23:00:00;101.63333333333334
1071729215;2021-11-18 23:00:00;2021-11-18 23:30:00;90.8
1071729215;2021-11-18 23:30:00;2021-11-18 23:59:59;91.7
1071729215;2021-11-19 00:00:00;2021-11-19 00:30:00;77.0
1071729215;2021-11-19 00:30:00;2021-11-19 01:00:00;80.0
1071729215;2021-11-19 01:00:00;2021-11-19 01:30:00;90.4
1071729215;2021-11-19 01:30:00;2021-11-19 02:00:00;100.63333333333334
1071729215;2021-11-19 02:00:00;2021-11-19 02:30:00;98.0
1071729215;2021-11-19 02:30:00;2021-11-19 03:00:00;92.83333333333333
1071729215;2021-11-19 03:00:00;2021-11-19 03:30:00;98.0
1071729215;2021-11-19 03:30:00;2021-11-19 04:00:00;98.0
1071729215;2021-11-19 04:00:00;2021-11-19 04:30:00;95.36666666666666
1071729215;2021-11-19 04:30:00;2021-11-19 05:00:00;93.93333333333334
1071729215;2021-11-19 05:00:00;2021-11-19 05:30:00;96.66666666666667
1071729215;2021-11-19 05:30:00;2021-11-19 06:00:00;99.83333333333333
1071729215;2021-11-19 06:00:00;2021-11-19 06:30:00;99.23333333333333
1071729215;2021-11-19 06:30:00;2021-11-19 07:00:00;93.5
1071729215;2021-11-19 07:00:00;2021-11-19 07:30:00;104.83333333333333
1071729215;2021-11-19 07:30:00;2021-11-19 08:00:00;99.33333333333333
1071729215;2021-11-19 08:00:00;2021-11-19 08:30:00;97.76666666666667
1071729215;2021-11-19 08:30:00;2021-11-19 09:00:00;100.6
1071729215;2021-11-19 09:00:00;2021-11-19 09:30:00;110.62068965517241
1071729215;2021-11-19 09:30:00;2021-11-19 10:00:00;100.63333333333334
1071729215;2021-11-19 10:00:00;2021-11-19 10:30:00;89.23333333333333
1071729215;2021-11-19 10:30:00;2021-11-19 11:00:00;89.83333333333333
1071729215;2021-11-19 11:00:00;2021-11-19 11:30:00;95.33333333333333
1071729215;2021-11-19 11:30:00;2021-11-19 12:00:00;103.96666666666667
1071729215;2021-11-19 12:00:00;2021-11-19 12:30:00;87.46666666666667
1071729215;2021-11-19 12:30:00;2021-11-19 13:00:00;91.36666666666666
1071729215;2021-11-19 13:00:00;2021-11-19 13:30:00;102.23333333333333
1071729215;2021-11-19 13:30:00;2021-11-19 14:00:00;105.6
1071729215;2021-11-19 14:00:00;2021-11-19 14:30:00;103.8
1071729215;2021-11-19 14:30:00;2021-11-19 15:00:00;97.36666666666666
1071729215;2021-11-19 15:00:00;2021-11-19 15:30:00;99.2
1071729215;2021-11-19 15:30:00;2021-11-19 16:00:00;97.36666666666666
1071729215;2021-11-19 16:00:00;2021-11-19 16:30:00;99.06666666666666
1071729215;2021-11-19 16:30:00;2021-11-19 17:00:00;98.0
1071729215;2021-11-19 17:00:00;2021-11-19 17:30:00;105.16666666666667
1071729215;2021-11-19 17:30:00;2021-11-19 18:00:00;102.5
1071729215;2021-11-19 18:00:00;2021-11-19 18:30:00;106.3
1071729215;2021-11-19 18:30:00;2021-11-19 19:00:00;111.36666666666666
1071729215;2021-11-19 19:00:00;2021-11-19 19:30:00;94.6
1071729215;2021-11-19 19:30:00;2021-11-19 20:00:00;96.2
1071729215;2021-11-19 20:00:00;2021-11-19 20:30:00;94.6
1071729215;2021-11-19 20:30:00;2021-11-19 21:00:00;105.9
1071729215;2021-11-19 21:00:00;2021-11-19 21:30:00;95.7
1071729215;2021-11-19 21:30:00;2021-11-19 22:00:00;99.56666666666666
1071729215;2021-11-19 22:00:00;2021-11-19 22:30:00;102.2
1071729215;2021-11-19 22:30:00;2021-11-19 23:00:00;97.5
1071729215;2021-11-19 23:00:00;2021-11-19 23:30:00;101.33333333333333
1071729215;2021-11-19 23:30:00;2021-11-19 23:59:59;98.0
1071729215;2021-11-20 00:00:00;2021-11-20 00:30:00;87.93333333333334
1071729215;2021-11-20 00:30:00;2021-11-20 01:00:00;97.53333333333333
1071729215;2021-11-20 01:00:00;2021-11-20 01:30:00;92.83333333333333
1071729215;2021-11-20 01:30:00;2021-11-20 02:00:00;97.13333333333334
1071729215;2021-11-20 02:00:00;2021-11-20 02:30:00;88.6
1071729215;2021-11-20 02:30:00;2021-11-20 03:00:00;86.46666666666667
1071729215;2021-11-20 03:00:00;2021-11-20 03:30:00;98.0
1071729215;2021-11-20 03:30:00;2021-11-20 04:00:00;98.0
1071729215;2021-11-20 04:00:00;2021-11-20 04:30:00;87.66666666666667
1071729215;2021-11-20 04:30:00;2021-11-20 05:00:00;89.93333333333334
1071729215;2021-11-20 05:00:00;2021-11-20 05:30:00;96.66666666666667
1071729215;2021-11-20 05:30:00;2021-11-20 06:00:00;86.86666666666666
1071729215;2021-11-20 06:00:00;2021-11-20 06:30:00;88.5
1071729215;2021-11-20 06:30:00;2021-11-20 07:00:00;86.9
1071729215;2021-11-20 07:00:00;2021-11-20 07:30:00;87.73333333333333
1071729215;2021-11-20 07:30:00;2021-11-20 08:00:00;101.8
1071729215;2021-11-20 08:00:00;2021-11-20 08:30:00;106.33333333333333
1071729215;2021-11-20 08:30:00;2021-11-20 09:00:00;109.83333333333333
1071729215;2021-11-20 09:00:00;2021-11-20 09:30:00;110.43333333333334
1071729215;2021-11-20 09:30:00;2021-11-20 10:00:00;102.16666666666667
1071729215;2021-11-20 10:00:00;2021-11-20 10:30:00;109.53333333333333
1071729215;2021-11-20 10:30:00;2021-11-20 11:00:00;101.56666666666666
1071729215;2021-11-20 11:00:00;2021-11-20 11:30:00;108.7
1071729215;2021-11-20 11:30:00;2021-11-20 12:00:00;111.86666666666666
1071729215;2021-11-20 12:00:00;2021-11-20 12:30:00;112.58620689655173
1071729215;2021-11-20 12:30:00;2021-11-20 13:00:00;97.9
1071729215;2021-11-20 13:00:00;2021-11-20 13:30:00;115.4
1071729215;2021-11-20 13:30:00;2021-11-20 14:00:00;108.73333333333333
1071729215;2021-11-20 14:00:00;2021-11-20 14:30:00;96.96666666666667
1071729215;2021-11-20 14:30:00;2021-11-20 15:00:00;103.36666666666666
1071729215;2021-11-20 15:00:00;2021-11-20 15:30:00;110.46666666666667
1071729215;2021-11-20 15:30:00;2021-11-20 16:00:00;103.53333333333333
1071729215;2021-11-20 16:00:00;2021-11-20 16:30:00;98.86666666666666
1071729215;2021-11-20 16:30:00;2021-11-20 17:00:00;108.06666666666666
1071729215;2021-11-20 17:00:00;2021-11-20 17:30:00;101.16666666666667
1071729215;2021-11-20 17:30:00;2021-11-20 18:00:00;88.8
1071729215;2021-11-20 18:00:00;2021-11-20 18:30:00;96.86666666666666
1071729215;2021-11-20 18:30:00;2021-11-20 19:00:00;96.83333333333333
1071729215;2021-11-20 19:00:00;2021-11-20 19:30:00;89.56666666666666
1071729215;2021-11-20 19:30:00;2021-11-20 20:00:00;101.9
1071729215;2021-11-20 20:00:00;2021-11-20 20:30:00;66.73333333333333
1071729215;2021-11-20 20:30:00;2021-11-20 21:00:00;90.0
1071729215;2021-11-20 21:00:00;2021-11-20 21:30:00;102.06666666666666
1071729215;2021-11-20 21:30:00;2021-11-20 22:00:00;100.93333333333334
1071729215;2021-11-20 22:00:00;2021-11-20 22:30:00;98.0
1071729215;2021-11-20 22:30:00;2021-11-20 23:00:00;97.96666666666667
1071729215;2021-11-20 23:00:00;2021-11-20 23:30:00;96.4
1071729215;2021-11-20 23:30:00;2021-11-20 23:59:59;97.56666666666666
1071729215;2021-11-21 00:00:00;2021-11-21 00:30:00;92.4
1071729215;2021-11-21 00:30:00;2021-11-21 01:00:00;98.0
1071729215;2021-11-21 01:00:00;2021-11-21 01:30:00;98.0
1071729215;2021-11-21 01:30:00;2021-11-21 02:00:00;98.0
1071729215;2021-11-21 02:00:00;2021-11-21 02:30:00;91.83333333333333
1071729215;2021-11-21 02:30:00;2021-11-21 03:00:00;98.0
1071729215;2021-11-21 03:00:00;2021-11-21 03:30:00;102.36666666666666
1071729215;2021-11-21 03:30:00;2021-11-21 04:00:00;98.0
1071729215;2021-11-21 04:00:00;2021-11-21 04:30:00;89.03333333333333
1071729215;2021-11-21 04:30:00;2021-11-21 05:00:00;92.03333333333333
1071729215;2021-11-21 05:00:00;2021-11-21 05:30:00;88.93333333333334
1071729215;2021-11-21 05:30:00;2021-11-21 06:00:00;86.0
1071729215;2021-11-21 06:00:00;2021-11-21 06:30:00;93.26666666666667
1071729215;2021-11-21 06:30:00;2021-11-21 07:00:00;93.4
1071729215;2021-11-21 07:00:00;2021-11-21 07:30:00;95.86666666666666
1071729215;2021-11-21 07:30:00;2021-11-21 08:00:00;98.76666666666667
1071729215;2021-11-21 08:00:00;2021-11-21 08:30:00;111.23333333333333
1071729215;2021-11-21 08:30:00;2021-11-21 09:00:00;107.73333333333333
1071729215;2021-11-21 09:00:00;2021-11-21 09:30:00;107.86666666666666
1071729215;2021-11-21 09:30:00;2021-11-21 10:00:00;111.2
1071729215;2021-11-21 10:00:00;2021-11-21 10:30:00;98.6
1071729215;2021-11-21 10:30:00;2021-11-21 11:00:00;98.3
1071729215;2021-11-21 11:00:00;2021-11-21 11:30:00;100.16666666666667
1071729215;2021-11-21 11:30:00;2021-11-21 12:00:00;94.66666666666667
1071729215;2021-11-21 12:00:00;2021-11-21 12:30:00;108.23333333333333
1071729215;2021-11-21 12:30:00;2021-11-21 13:00:00;101.5
1071729215;2021-11-21 13:00:00;2021-11-21 13:30:00;102.33333333333333
1071729215;2021-11-21 13:30:00;2021-11-21 14:00:00;114.2
1071729215;2021-11-21 14:00:00;2021-11-21 14:30:00;100.5
1071729215;2021-11-21 14:30:00;2021-11-21 15:00:00;94.46666666666667
1071729215;2021-11-21 15:00:00;2021-11-21 15:30:00;99.23333333333333
1071729215;2021-11-21 15:30:00;2021-11-21 16:00:00;92.96666666666667
1071729215;2021-11-21 16:00:00;2021-11-21 16:30:00;93.13333333333334
1071729215;2021-11-21 16:30:00;2021-11-21 17:00:00;95.53333333333333
1071729215;2021-11-21 17:00:00;2021-11-21 17:30:00;100.6
1071729215;2021-11-21 17:30:00;2021-11-21 18:00:00;95.3
1071729215;2021-11-21 18:00:00;2021-11-21 18:30:00;101.66666666666667
1071729215;2021-11-21 18:30:00;2021-11-21 19:00:00;92.63333333333334
1071729215;2021-11-21 19:00:00;2021-11-21 19:30:00;108.9
1071729215;2021-11-21 19:30:00;2021-11-21 20:00:00;115.26666666666667
1071729215;2021-11-21 20:00:00;2021-11-21 20:30:00;103.83333333333333
1071729215;2021-11-21 20:30:00;2021-11-21 21:00:00;108.76666666666667
1071729215;2021-11-21 21:00:00;2021-11-21 21:30:00;111.56666666666666
1071729215;2021-11-21 21:30:00;2021-11-21 22:00:00;98.0
1071729215;2021-11-21 22:00:00;2021-11-21 22:30:00;98.0
1071729215;2021-11-21 22:30:00;2021-11-21 23:00:00;105.8
1071729215;2021-11-21 23:00:00;2021-11-21 23:30:00;98.0
1071729215;2021-11-21 23:30:00;2021-11-21 23:59:59;98.0
1071729215;2021-11-22 00:00:00;2021-11-22 00:30:00;96.6
1071729215;2021-11-22 00:30:00;2021-11-22 01:00:00;96.73333333333333
1071729215;2021-11-22 01:00:00;2021-11-22 01:30:00;98.0
1071729215;2021-11-22 01:30:00;2021-11-22 02:00:00;98.0
1071729215;2021-11-22 02:00:00;2021-11-22 02:30:00;98.0
1071729215;2021-11-22 02:30:00;2021-11-22 03:00:00;108.76666666666667
1071729215;2021-11-22 03:00:00;2021-11-22 03:30:00;102.66666666666667
1071729215;2021-11-22 03:30:00;2021-11-22 04:00:00;106.2
1071729215;2021-11-22 04:00:00;2021-11-22 04:30:00;112.1
1071729215;2021-11-22 04:30:00;2021-11-22 05:00:00;97.03333333333333
1071729215;2021-11-22 05:00:00;2021-11-22 05:30:00;101.1
1071729215;2021-11-22 05:30:00;2021-11-22 06:00:00;94.23333333333333
1071729215;2021-11-22 06:00:00;2021-11-22 06:30:00;105.03333333333333
1071729215;2021-11-22 06:30:00;2021-11-22 07:00:00;98.16666666666667
1071729215;2021-11-22 07:00:00;2021-11-22 07:30:00;106.5
1071729215;2021-11-22 07:30:00;2021-11-22 08:00:00;105.33333333333333
1071729215;2021-11-22 08:00:00;2021-11-22 08:30:00;104.16666666666667
1071729215;2021-11-22 08:30:00;2021-11-22 09:00:00;95.875
1071729215;2021-11-22 09:00:00;2021-11-22 09:30:00;
1071729215;2021-11-22 09:30:00;2021-11-22 10:00:00;
1071729215;2021-11-22 10:00:00;2021-11-22 10:30:00;
1071729215;2021-11-22 10:30:00;2021-11-22 11:00:00;
1071729215;2021-11-22 11:00:00;2021-11-22 11:30:00;
1071729215;2021-11-22 11:30:00;2021-11-22 12:00:00;
1071729215;2021-11-22 12:00:00;2021-11-22 12:30:00;
1071729215;2021-11-22 12:30:00;2021-11-22 13:00:00;
1071729215;2021-11-22 13:00:00;2021-11-22 13:30:00;
1071729215;2021-11-22 13:30:00;2021-11-22 14:00:00;
1071729215;2021-11-22 14:00:00;2021-11-22 14:30:00;
1071729215;2021-11-22 14:30:00;2021-11-22 15:00:00;
1071729215;2021-11-22 15:00:00;2021-11-22 15:30:00;
1071729215;2021-11-22 15:30:00;2021-11-22 16:00:00;
1071729215;2021-11-22 16:00:00;2021-11-22 16:30:00;
1071729215;2021-11-22 16:30:00;2021-11-22 17:00:00;
1071729215;2021-11-22 17:00:00;2021-11-22 17:30:00;
1071729215;2021-11-22 17:30:00;2021-11-22 18:00:00;
1071729215;2021-11-22 18:00:00;2021-11-22 18:30:00;
1071729215;2021-11-22 18:30:00;2021-11-22 19:00:00;
1071729215;2021-11-22 19:00:00;2021-11-22 19:30:00;
1071729215;2021-11-22 19:30:00;2021-11-22 20:00:00;
1071729215;2021-11-22 20:00:00;2021-11-22 20:30:00;
1071729215;2021-11-22 20:30:00;2021-11-22 21:00:00;
1071729215;2021-11-22 21:00:00;2021-11-22 21:30:00;
1071729215;2021-11-22 21:30:00;2021-11-22 22:00:00;
1071729215;2021-11-22 22:00:00;2021-11-22 22:30:00;
1071729215;2021-11-22 22:30:00;2021-11-22 23:00:00;
1071729215;2021-11-22 23:00:00;2021-11-22 23:30:00;
1071729215;2021-11-22 23:30:00;2021-11-22 23:59:59;
